--------------------------------------------------------------------------------
CPU name:	AMD EPYC 9755 128-Core Processor               
CPU type:	AMD K1A (Zen5) architecture
CPU clock:	2.70 GHz
--------------------------------------------------------------------------------
Region bench, Group 1: FLOPS_DP
+-------------------+------------+------------+------------+------------+------------+------------+------------+------------+------------+------------+-------------+-------------+-------------+-------------+-------------+-------------+-------------+-------------+-------------+-------------+-------------+-------------+-------------+-------------+-------------+-------------+-------------+-------------+-------------+-------------+-------------+-------------+
|    Region Info    | HWThread 0 | HWThread 1 | HWThread 2 | HWThread 3 | HWThread 4 | HWThread 5 | HWThread 6 | HWThread 7 | HWThread 8 | HWThread 9 | HWThread 10 | HWThread 11 | HWThread 12 | HWThread 13 | HWThread 14 | HWThread 15 | HWThread 16 | HWThread 17 | HWThread 18 | HWThread 19 | HWThread 20 | HWThread 21 | HWThread 22 | HWThread 23 | HWThread 24 | HWThread 25 | HWThread 26 | HWThread 27 | HWThread 28 | HWThread 29 | HWThread 30 | HWThread 31 |
+-------------------+------------+------------+------------+------------+------------+------------+------------+------------+------------+------------+-------------+-------------+-------------+-------------+-------------+-------------+-------------+-------------+-------------+-------------+-------------+-------------+-------------+-------------+-------------+-------------+-------------+-------------+-------------+-------------+-------------+-------------+
| RDTSC Runtime [s] |   1.233203 |   1.233249 |   1.233287 |   1.233231 |   1.233265 |   1.233231 |   1.233202 |   1.233266 |   1.233279 |   1.233231 |    1.233218 |    1.233238 |    1.233230 |    1.233199 |    1.233219 |    1.233261 |    1.233265 |    1.233271 |    1.233199 |    1.233235 |    1.233199 |    1.233199 |    1.233199 |    1.233213 |    1.233265 |    1.233266 |    1.233247 |    1.233228 |    1.233225 |    1.233201 |    1.233240 |    1.233207 |
|     call count    |          1 |          1 |          1 |          1 |          1 |          1 |          1 |          1 |          1 |          1 |           1 |           1 |           1 |           1 |           1 |           1 |           1 |           1 |           1 |           1 |           1 |           1 |           1 |           1 |           1 |           1 |           1 |           1 |           1 |           1 |           1 |           1 |
+-------------------+------------+------------+------------+------------+------------+------------+------------+------------+------------+------------+-------------+-------------+-------------+-------------+-------------+-------------+-------------+-------------+-------------+-------------+-------------+-------------+-------------+-------------+-------------+-------------+-------------+-------------+-------------+-------------+-------------+-------------+
+-------------------------------------+---------+--------------+--------------+--------------+--------------+--------------+--------------+--------------+--------------+--------------+--------------+--------------+--------------+--------------+--------------+--------------+--------------+--------------+--------------+--------------+--------------+--------------+--------------+--------------+--------------+--------------+--------------+--------------+--------------+--------------+--------------+--------------+--------------+
|                Event                | Counter |  HWThread 0  |  HWThread 1  |  HWThread 2  |  HWThread 3  |  HWThread 4  |  HWThread 5  |  HWThread 6  |  HWThread 7  |  HWThread 8  |  HWThread 9  |  HWThread 10 |  HWThread 11 |  HWThread 12 |  HWThread 13 |  HWThread 14 |  HWThread 15 |  HWThread 16 |  HWThread 17 |  HWThread 18 |  HWThread 19 |  HWThread 20 |  HWThread 21 |  HWThread 22 |  HWThread 23 |  HWThread 24 |  HWThread 25 |  HWThread 26 |  HWThread 27 |  HWThread 28 |  HWThread 29 |  HWThread 30 |  HWThread 31 |
+-------------------------------------+---------+--------------+--------------+--------------+--------------+--------------+--------------+--------------+--------------+--------------+--------------+--------------+--------------+--------------+--------------+--------------+--------------+--------------+--------------+--------------+--------------+--------------+--------------+--------------+--------------+--------------+--------------+--------------+--------------+--------------+--------------+--------------+--------------+
|           ACTUAL_CPU_CLOCK          |  FIXC1  |   4419159000 |   4419437000 |   4419363000 |   4419537000 |   4419375000 |   4419205000 |   4419096000 |   4419437000 |   4402463000 |   4402655000 |   4402358000 |   4402451000 |   4402529000 |   4402472000 |   4402608000 |   4402445000 |   4411669000 |   4411675000 |   4411447000 |   4411554000 |   4411391000 |   4411358000 |   4411411000 |   4411442000 |   4409055000 |   4408982000 |   4408977000 |   4408794000 |   4408922000 |   4408742000 |   4408854000 |   4408734000 |
|            MAX_CPU_CLOCK            |  FIXC2  |   3324632000 |   3324942000 |   3324867000 |   3325007000 |   3324879000 |   3324761000 |   3324637000 |   3324846000 |   3324799000 |   3324840000 |   3324736000 |   3324698000 |   3324761000 |   3324701000 |   3324805000 |   3324776000 |   3324967000 |   3324882000 |   3324735000 |   3324873000 |   3324701000 |   3324609000 |   3324700000 |   3324758000 |   3324853000 |   3324904000 |   3324917000 |   3324725000 |   3324861000 |   3324667000 |   3324686000 |   3324692000 |
|         RETIRED_INSTRUCTIONS        |   PMC0  |  18259890000 |  18260490000 |  18260860000 |  18260740000 |  18260100000 |  18260360000 |  18260160000 |  18260180000 |  18257280000 |  18257100000 |  18257130000 |  18257600000 |  18256900000 |  18257380000 |  18257450000 |  18257450000 |  18258930000 |  18259540000 |  18258920000 |  18259070000 |  18259170000 |  18259210000 |  18259270000 |  18259380000 |  18258730000 |  18258750000 |  18258500000 |  18258690000 |  18259500000 |  18258950000 |  18258270000 |  18258600000 |
|         CPU_CLOCKS_UNHALTED         |   PMC1  |   4405092000 |   4410167000 |   4409547000 |   4410052000 |   4410086000 |   4409394000 |   4409715000 |   4409710000 |   4392006000 |   4391913000 |   4391316000 |   4391931000 |   4391701000 |   4391888000 |   4391628000 |   4392224000 |   4400915000 |   4401390000 |   4400577000 |   4400927000 |   4400768000 |   4400979000 |   4400512000 |   4400373000 |   4398736000 |   4398027000 |   4398584000 |   4398631000 |   4398081000 |   4398440000 |   4397999000 |   4398425000 |
|                MERGE                |   PMC3  |            0 |            0 |            0 |            0 |            0 |            0 |            0 |            0 |            0 |            0 |            0 |            0 |            0 |            0 |            0 |            0 |            0 |            0 |            0 |            0 |            0 |            0 |            0 |            0 |            0 |            0 |            0 |            0 |            0 |            0 |            0 |            0 |
| RETIRED_SSE_AVX_FLOPS_ALL_DP_SCALAR |   PMC2  |           12 |           12 |           12 |           12 |           12 |           12 |           12 |           12 |           12 |           12 |           12 |           12 |           12 |           12 |           12 |           12 |           12 |           12 |           12 |           12 |           12 |           12 |           12 |           12 |           12 |           12 |           12 |           12 |           12 |           12 |           12 |           12 |
|                MERGE                |   PMC5  |            0 |            0 |            0 |            0 |            0 |            0 |            0 |            0 |            0 |            0 |            0 |            0 |            0 |            0 |            0 |            0 |            0 |            0 |            0 |            0 |            0 |            0 |            0 |            0 |            0 |            0 |            0 |            0 |            0 |            0 |            0 |            0 |
| RETIRED_SSE_AVX_FLOPS_ALL_DP_PACKED |   PMC4  | 193273500000 | 193273500000 | 193273500000 | 193273500000 | 193273500000 | 193273500000 | 193273500000 | 193273500000 | 193273500000 | 193273500000 | 193273500000 | 193273500000 | 193273500000 | 193273500000 | 193273500000 | 193273500000 | 193273500000 | 193273500000 | 193273500000 | 193273500000 | 193273500000 | 193273500000 | 193273500000 | 193273500000 | 193273500000 | 193273500000 | 193273500000 | 193273500000 | 193273500000 | 193273500000 | 193273500000 | 193273500000 |
+-------------------------------------+---------+--------------+--------------+--------------+--------------+--------------+--------------+--------------+--------------+--------------+--------------+--------------+--------------+--------------+--------------+--------------+--------------+--------------+--------------+--------------+--------------+--------------+--------------+--------------+--------------+--------------+--------------+--------------+--------------+--------------+--------------+--------------+--------------+
+------------------------------------------+---------+---------------+--------------+--------------+--------------+
|                   Event                  | Counter |      Sum      |      Min     |      Max     |      Avg     |
+------------------------------------------+---------+---------------+--------------+--------------+--------------+
|           ACTUAL_CPU_CLOCK STAT          |  FIXC1  |  141137597000 |   4402358000 |   4419537000 | 4.410550e+09 |
|            MAX_CPU_CLOCK STAT            |  FIXC2  |  106393217000 |   3324609000 |   3325007000 | 3.324788e+09 |
|         RETIRED_INSTRUCTIONS STAT        |   PMC0  |  584284550000 |  18256900000 |  18260860000 | 1.825889e+10 |
|         CPU_CLOCKS_UNHALTED STAT         |   PMC1  |  140801734000 |   4391316000 |   4410167000 | 4.400054e+09 |
|                MERGE STAT                |   PMC3  |             0 |            0 |            0 |            0 |
| RETIRED_SSE_AVX_FLOPS_ALL_DP_SCALAR STAT |   PMC2  |           384 |           12 |           12 |           12 |
|                MERGE STAT                |   PMC5  |             0 |            0 |            0 |            0 |
| RETIRED_SSE_AVX_FLOPS_ALL_DP_PACKED STAT |   PMC4  | 6184752000000 | 193273500000 | 193273500000 | 193273500000 |
+------------------------------------------+---------+---------------+--------------+--------------+--------------+
+----------------------+-------------+-------------+-------------+-------------+-------------+-------------+-------------+-------------+-------------+-------------+-------------+-------------+-------------+-------------+-------------+-------------+-------------+-------------+-------------+-------------+-------------+-------------+-------------+-------------+-------------+-------------+-------------+-------------+-------------+-------------+-------------+-------------+
|        Metric        |  HWThread 0 |  HWThread 1 |  HWThread 2 |  HWThread 3 |  HWThread 4 |  HWThread 5 |  HWThread 6 |  HWThread 7 |  HWThread 8 |  HWThread 9 | HWThread 10 | HWThread 11 | HWThread 12 | HWThread 13 | HWThread 14 | HWThread 15 | HWThread 16 | HWThread 17 | HWThread 18 | HWThread 19 | HWThread 20 | HWThread 21 | HWThread 22 | HWThread 23 | HWThread 24 | HWThread 25 | HWThread 26 | HWThread 27 | HWThread 28 | HWThread 29 | HWThread 30 | HWThread 31 |
+----------------------+-------------+-------------+-------------+-------------+-------------+-------------+-------------+-------------+-------------+-------------+-------------+-------------+-------------+-------------+-------------+-------------+-------------+-------------+-------------+-------------+-------------+-------------+-------------+-------------+-------------+-------------+-------------+-------------+-------------+-------------+-------------+-------------+
|  Runtime (RDTSC) [s] |      1.2332 |      1.2332 |      1.2333 |      1.2332 |      1.2333 |      1.2332 |      1.2332 |      1.2333 |      1.2333 |      1.2332 |      1.2332 |      1.2332 |      1.2332 |      1.2332 |      1.2332 |      1.2333 |      1.2333 |      1.2333 |      1.2332 |      1.2332 |      1.2332 |      1.2332 |      1.2332 |      1.2332 |      1.2333 |      1.2333 |      1.2332 |      1.2332 |      1.2332 |      1.2332 |      1.2332 |      1.2332 |
| Runtime unhalted [s] |      1.6390 |      1.6391 |      1.6391 |      1.6391 |      1.6391 |      1.6390 |      1.6390 |      1.6391 |      1.6328 |      1.6329 |      1.6327 |      1.6328 |      1.6328 |      1.6328 |      1.6328 |      1.6328 |      1.6362 |      1.6362 |      1.6361 |      1.6362 |      1.6361 |      1.6361 |      1.6361 |      1.6361 |      1.6352 |      1.6352 |      1.6352 |      1.6351 |      1.6352 |      1.6351 |      1.6352 |      1.6351 |
|      Clock [MHz]     |   3583.9594 |   3583.8507 |   3583.8715 |   3583.8617 |   3583.8683 |   3583.8576 |   3583.9029 |   3583.9541 |   3570.2395 |   3570.3512 |   3570.2220 |   3570.3382 |   3570.3338 |   3570.3520 |   3570.3506 |   3570.2496 |   3577.5245 |   3577.6208 |   3577.5941 |   3577.5323 |   3577.5852 |   3577.6575 |   3577.6025 |   3577.5653 |   3575.5273 |   3575.4133 |   3575.3952 |   3575.4533 |   3575.4108 |   3575.4735 |   3575.5439 |   3575.4401 |
|          CPI         |      0.2412 |      0.2415 |      0.2415 |      0.2415 |      0.2415 |      0.2415 |      0.2415 |      0.2415 |      0.2406 |      0.2406 |      0.2405 |      0.2406 |      0.2406 |      0.2406 |      0.2405 |      0.2406 |      0.2410 |      0.2410 |      0.2410 |      0.2410 |      0.2410 |      0.2410 |      0.2410 |      0.2410 |      0.2409 |      0.2409 |      0.2409 |      0.2409 |      0.2409 |      0.2409 |      0.2409 |      0.2409 |
|     DP [MFLOP/s]     | 156724.8053 | 156718.9594 | 156714.1306 | 156721.2469 | 156716.9262 | 156721.2469 | 156724.9323 | 156716.7991 | 156715.1472 | 156721.2469 | 156722.8990 | 156720.3573 | 156721.3740 | 156725.3136 | 156722.7719 | 156717.4345 | 156716.9262 | 156716.1638 | 156725.3136 | 156720.7386 | 156725.3136 | 156725.3136 | 156725.3136 | 156723.5344 | 156716.9262 | 156716.7991 | 156719.2136 | 156721.6281 | 156722.0094 | 156725.0594 | 156720.1032 | 156724.2969 |
+----------------------+-------------+-------------+-------------+-------------+-------------+-------------+-------------+-------------+-------------+-------------+-------------+-------------+-------------+-------------+-------------+-------------+-------------+-------------+-------------+-------------+-------------+-------------+-------------+-------------+-------------+-------------+-------------+-------------+-------------+-------------+-------------+-------------+
+---------------------------+--------------+-------------+-------------+-------------+
|           Metric          |      Sum     |     Min     |     Max     |     Avg     |
+---------------------------+--------------+-------------+-------------+-------------+
|  Runtime (RDTSC) [s] STAT |      39.4633 |      1.2332 |      1.2333 |      1.2332 |
| Runtime unhalted [s] STAT |      52.3453 |      1.6327 |      1.6391 |      1.6358 |
|      Clock [MHz] STAT     |  114457.9027 |   3570.2220 |   3583.9594 |   3576.8095 |
|          CPI STAT         |       7.7115 |      0.2405 |      0.2415 |      0.2410 |
|     DP [MFLOP/s] STAT     | 5.015070e+06 | 156714.1306 | 156725.3136 | 156720.9451 |
+---------------------------+--------------+-------------+-------------+-------------+
