--------------------------------------------------------------------------------
CPU name:	AMD EPYC 9755 128-Core Processor               
CPU type:	AMD K1A (Zen5) architecture
CPU clock:	2.70 GHz
--------------------------------------------------------------------------------
Region bench, Group 1: FLOPS_DP
+-------------------+------------+------------+------------+------------+------------+------------+------------+------------+------------+------------+-------------+-------------+-------------+-------------+-------------+-------------+-------------+-------------+-------------+-------------+-------------+-------------+-------------+-------------+-------------+-------------+-------------+-------------+-------------+-------------+-------------+-------------+
|    Region Info    | HWThread 0 | HWThread 1 | HWThread 2 | HWThread 3 | HWThread 4 | HWThread 5 | HWThread 6 | HWThread 7 | HWThread 8 | HWThread 9 | HWThread 10 | HWThread 11 | HWThread 12 | HWThread 13 | HWThread 14 | HWThread 15 | HWThread 16 | HWThread 17 | HWThread 18 | HWThread 19 | HWThread 20 | HWThread 21 | HWThread 22 | HWThread 23 | HWThread 24 | HWThread 25 | HWThread 26 | HWThread 27 | HWThread 28 | HWThread 29 | HWThread 30 | HWThread 31 |
+-------------------+------------+------------+------------+------------+------------+------------+------------+------------+------------+------------+-------------+-------------+-------------+-------------+-------------+-------------+-------------+-------------+-------------+-------------+-------------+-------------+-------------+-------------+-------------+-------------+-------------+-------------+-------------+-------------+-------------+-------------+
| RDTSC Runtime [s] |   1.231384 |   1.231464 |   1.231417 |   1.231422 |   1.231424 |   1.231384 |   1.231413 |   1.231421 |   1.231378 |   1.231382 |    1.231423 |    1.231429 |    1.231383 |    1.231422 |    1.231450 |    1.231383 |    1.231431 |    1.231382 |    1.231413 |    1.231415 |    1.231427 |    1.231457 |    1.231382 |    1.231422 |    1.231409 |    1.231433 |    1.231409 |    1.231401 |    1.231417 |    1.231420 |    1.231409 |    1.231401 |
|     call count    |          1 |          1 |          1 |          1 |          1 |          1 |          1 |          1 |          1 |          1 |           1 |           1 |           1 |           1 |           1 |           1 |           1 |           1 |           1 |           1 |           1 |           1 |           1 |           1 |           1 |           1 |           1 |           1 |           1 |           1 |           1 |           1 |
+-------------------+------------+------------+------------+------------+------------+------------+------------+------------+------------+------------+-------------+-------------+-------------+-------------+-------------+-------------+-------------+-------------+-------------+-------------+-------------+-------------+-------------+-------------+-------------+-------------+-------------+-------------+-------------+-------------+-------------+-------------+
+-------------------------------------+---------+--------------+--------------+--------------+--------------+--------------+--------------+--------------+--------------+--------------+--------------+--------------+--------------+--------------+--------------+--------------+--------------+--------------+--------------+--------------+--------------+--------------+--------------+--------------+--------------+--------------+--------------+--------------+--------------+--------------+--------------+--------------+--------------+
|                Event                | Counter |  HWThread 0  |  HWThread 1  |  HWThread 2  |  HWThread 3  |  HWThread 4  |  HWThread 5  |  HWThread 6  |  HWThread 7  |  HWThread 8  |  HWThread 9  |  HWThread 10 |  HWThread 11 |  HWThread 12 |  HWThread 13 |  HWThread 14 |  HWThread 15 |  HWThread 16 |  HWThread 17 |  HWThread 18 |  HWThread 19 |  HWThread 20 |  HWThread 21 |  HWThread 22 |  HWThread 23 |  HWThread 24 |  HWThread 25 |  HWThread 26 |  HWThread 27 |  HWThread 28 |  HWThread 29 |  HWThread 30 |  HWThread 31 |
+-------------------------------------+---------+--------------+--------------+--------------+--------------+--------------+--------------+--------------+--------------+--------------+--------------+--------------+--------------+--------------+--------------+--------------+--------------+--------------+--------------+--------------+--------------+--------------+--------------+--------------+--------------+--------------+--------------+--------------+--------------+--------------+--------------+--------------+--------------+
|           ACTUAL_CPU_CLOCK          |  FIXC1  |   4413025000 |   4413371000 |   4413236000 |   4413183000 |   4413248000 |   4413186000 |   4413417000 |   4413378000 |   4398013000 |   4397893000 |   4397997000 |   4398013000 |   4398134000 |   4398015000 |   4398141000 |   4398070000 |   4406473000 |   4406363000 |   4406362000 |   4406419000 |   4406363000 |   4406532000 |   4406353000 |   4406467000 |   4403771000 |   4404079000 |   4403898000 |   4403888000 |   4403849000 |   4404047000 |   4403864000 |   4403917000 |
|            MAX_CPU_CLOCK            |  FIXC2  |   3319501000 |   3319878000 |   3319710000 |   3319600000 |   3319713000 |   3319598000 |   3319842000 |   3319766000 |   3319674000 |   3319629000 |   3319669000 |   3319704000 |   3319749000 |   3319690000 |   3319862000 |   3319671000 |   3319817000 |   3319694000 |   3319691000 |   3319705000 |   3319781000 |   3319778000 |   3319743000 |   3319754000 |   3319632000 |   3319854000 |   3319777000 |   3319794000 |   3319673000 |   3319832000 |   3319690000 |   3319697000 |
|         RETIRED_INSTRUCTIONS        |   PMC0  |  18258420000 |  18258900000 |  18258860000 |  18258680000 |  18258750000 |  18259150000 |  18259200000 |  18259080000 |  18257200000 |  18256900000 |  18257760000 |  18257160000 |  18257000000 |  18257120000 |  18257190000 |  18257380000 |  18258380000 |  18258550000 |  18258300000 |  18258340000 |  18258070000 |  18258340000 |  18258220000 |  18258100000 |  18257690000 |  18257640000 |  18257450000 |  18257900000 |  18257700000 |  18257950000 |  18257850000 |  18257760000 |
|         CPU_CLOCKS_UNHALTED         |   PMC1  |   4400182000 |   4403867000 |   4403469000 |   4403544000 |   4403665000 |   4403715000 |   4403475000 |   4403499000 |   4387420000 |   4387335000 |   4387647000 |   4387476000 |   4387189000 |   4387353000 |   4387306000 |   4387134000 |   4395993000 |   4395780000 |   4395864000 |   4395805000 |   4395859000 |   4395955000 |   4395759000 |   4395993000 |   4393325000 |   4393275000 |   4393106000 |   4393324000 |   4393045000 |   4392955000 |   4393437000 |   4393507000 |
|                MERGE                |   PMC3  |            0 |            0 |            0 |            0 |            0 |            0 |            0 |            0 |            0 |            0 |            0 |            0 |            0 |            0 |            0 |            0 |            0 |            0 |            0 |            0 |            0 |            0 |            0 |            0 |            0 |            0 |            0 |            0 |            0 |            0 |            0 |            0 |
| RETIRED_SSE_AVX_FLOPS_ALL_DP_SCALAR |   PMC2  |           12 |           12 |           12 |           12 |           12 |           12 |           12 |           12 |           12 |           12 |           12 |           12 |           12 |           12 |           12 |           12 |           12 |           12 |           12 |           12 |           12 |           12 |           12 |           12 |           12 |           12 |           12 |           12 |           12 |           12 |           12 |           12 |
|                MERGE                |   PMC5  |            0 |            0 |            0 |            0 |            0 |            0 |            0 |            0 |            0 |            0 |            0 |            0 |            0 |            0 |            0 |            0 |            0 |            0 |            0 |            0 |            0 |            0 |            0 |            0 |            0 |            0 |            0 |            0 |            0 |            0 |            0 |            0 |
| RETIRED_SSE_AVX_FLOPS_ALL_DP_PACKED |   PMC4  | 193273500000 | 193273500000 | 193273500000 | 193273500000 | 193273500000 | 193273500000 | 193273500000 | 193273500000 | 193273500000 | 193273500000 | 193273500000 | 193273500000 | 193273500000 | 193273500000 | 193273500000 | 193273500000 | 193273500000 | 193273500000 | 193273500000 | 193273500000 | 193273500000 | 193273500000 | 193273500000 | 193273500000 | 193273500000 | 193273500000 | 193273500000 | 193273500000 | 193273500000 | 193273500000 | 193273500000 | 193273500000 |
+-------------------------------------+---------+--------------+--------------+--------------+--------------+--------------+--------------+--------------+--------------+--------------+--------------+--------------+--------------+--------------+--------------+--------------+--------------+--------------+--------------+--------------+--------------+--------------+--------------+--------------+--------------+--------------+--------------+--------------+--------------+--------------+--------------+--------------+--------------+
+------------------------------------------+---------+---------------+--------------+--------------+--------------+
|                   Event                  | Counter |      Sum      |      Min     |      Max     |      Avg     |
+------------------------------------------+---------+---------------+--------------+--------------+--------------+
|           ACTUAL_CPU_CLOCK STAT          |  FIXC1  |  140972965000 |   4397893000 |   4413417000 | 4.405405e+09 |
|            MAX_CPU_CLOCK STAT            |  FIXC2  |  106231168000 |   3319501000 |   3319878000 |   3319724000 |
|         RETIRED_INSTRUCTIONS STAT        |   PMC0  |  584256990000 |  18256900000 |  18259200000 | 1.825803e+10 |
|         CPU_CLOCKS_UNHALTED STAT         |   PMC1  |  140637258000 |   4387134000 |   4403867000 | 4.394914e+09 |
|                MERGE STAT                |   PMC3  |             0 |            0 |            0 |            0 |
| RETIRED_SSE_AVX_FLOPS_ALL_DP_SCALAR STAT |   PMC2  |           384 |           12 |           12 |           12 |
|                MERGE STAT                |   PMC5  |             0 |            0 |            0 |            0 |
| RETIRED_SSE_AVX_FLOPS_ALL_DP_PACKED STAT |   PMC4  | 6184752000000 | 193273500000 | 193273500000 | 193273500000 |
+------------------------------------------+---------+---------------+--------------+--------------+--------------+
+----------------------+-------------+-------------+-------------+-------------+-------------+-------------+-------------+-------------+-------------+-------------+-------------+-------------+-------------+-------------+-------------+-------------+-------------+-------------+-------------+-------------+-------------+-------------+-------------+-------------+-------------+-------------+-------------+-------------+-------------+-------------+-------------+-------------+
|        Metric        |  HWThread 0 |  HWThread 1 |  HWThread 2 |  HWThread 3 |  HWThread 4 |  HWThread 5 |  HWThread 6 |  HWThread 7 |  HWThread 8 |  HWThread 9 | HWThread 10 | HWThread 11 | HWThread 12 | HWThread 13 | HWThread 14 | HWThread 15 | HWThread 16 | HWThread 17 | HWThread 18 | HWThread 19 | HWThread 20 | HWThread 21 | HWThread 22 | HWThread 23 | HWThread 24 | HWThread 25 | HWThread 26 | HWThread 27 | HWThread 28 | HWThread 29 | HWThread 30 | HWThread 31 |
+----------------------+-------------+-------------+-------------+-------------+-------------+-------------+-------------+-------------+-------------+-------------+-------------+-------------+-------------+-------------+-------------+-------------+-------------+-------------+-------------+-------------+-------------+-------------+-------------+-------------+-------------+-------------+-------------+-------------+-------------+-------------+-------------+-------------+
|  Runtime (RDTSC) [s] |      1.2314 |      1.2315 |      1.2314 |      1.2314 |      1.2314 |      1.2314 |      1.2314 |      1.2314 |      1.2314 |      1.2314 |      1.2314 |      1.2314 |      1.2314 |      1.2314 |      1.2314 |      1.2314 |      1.2314 |      1.2314 |      1.2314 |      1.2314 |      1.2314 |      1.2315 |      1.2314 |      1.2314 |      1.2314 |      1.2314 |      1.2314 |      1.2314 |      1.2314 |      1.2314 |      1.2314 |      1.2314 |
| Runtime unhalted [s] |      1.6374 |      1.6375 |      1.6375 |      1.6375 |      1.6375 |      1.6375 |      1.6376 |      1.6375 |      1.6318 |      1.6318 |      1.6318 |      1.6318 |      1.6319 |      1.6318 |      1.6319 |      1.6319 |      1.6350 |      1.6349 |      1.6349 |      1.6350 |      1.6349 |      1.6350 |      1.6349 |      1.6350 |      1.6340 |      1.6341 |      1.6340 |      1.6340 |      1.6340 |      1.6341 |      1.6340 |      1.6340 |
|      Clock [MHz]     |   3582.9482 |   3582.8222 |   3582.8939 |   3582.9696 |   3582.9004 |   3582.9742 |   3582.8984 |   3582.9488 |   3570.5738 |   3570.5248 |   3570.5662 |   3570.5415 |   3570.5914 |   3570.5582 |   3570.4755 |   3570.6233 |   3577.2881 |   3577.3313 |   3577.3337 |   3577.3649 |   3577.2375 |   3577.3780 |   3577.2704 |   3577.3511 |   3575.2937 |   3575.3047 |   3575.2407 |   3575.2143 |   3575.3129 |   3575.3024 |   3575.3068 |   3575.3423 |
|          CPI         |      0.2410 |      0.2412 |      0.2412 |      0.2412 |      0.2412 |      0.2412 |      0.2412 |      0.2412 |      0.2403 |      0.2403 |      0.2403 |      0.2403 |      0.2403 |      0.2403 |      0.2403 |      0.2403 |      0.2408 |      0.2408 |      0.2408 |      0.2408 |      0.2408 |      0.2408 |      0.2408 |      0.2408 |      0.2406 |      0.2406 |      0.2406 |      0.2406 |      0.2406 |      0.2406 |      0.2406 |      0.2406 |
|     DP [MFLOP/s]     | 156956.3191 | 156946.1227 | 156952.1129 | 156951.4756 | 156951.2207 | 156956.3191 | 156952.6227 | 156951.6031 | 156957.0839 | 156956.5740 | 156951.3482 | 156950.5834 | 156956.4465 | 156951.4756 | 156947.9069 | 156956.4465 | 156950.3285 | 156956.5740 | 156952.6227 | 156952.3678 | 156950.8383 | 156947.0148 | 156956.5740 | 156951.4756 | 156953.1326 | 156950.0736 | 156953.1326 | 156954.1522 | 156952.1129 | 156951.7305 | 156953.1326 | 156954.1522 |
+----------------------+-------------+-------------+-------------+-------------+-------------+-------------+-------------+-------------+-------------+-------------+-------------+-------------+-------------+-------------+-------------+-------------+-------------+-------------+-------------+-------------+-------------+-------------+-------------+-------------+-------------+-------------+-------------+-------------+-------------+-------------+-------------+-------------+
+---------------------------+--------------+-------------+-------------+-------------+
|           Metric          |      Sum     |     Min     |     Max     |     Avg     |
+---------------------------+--------------+-------------+-------------+-------------+
|  Runtime (RDTSC) [s] STAT |      39.4050 |      1.2314 |      1.2315 |      1.2314 |
| Runtime unhalted [s] STAT |      52.3065 |      1.6318 |      1.6376 |      1.6346 |
|      Clock [MHz] STAT     |  114448.6832 |   3570.4755 |   3582.9742 |   3576.5213 |
|          CPI STAT         |       7.7030 |      0.2403 |      0.2412 |      0.2407 |
|     DP [MFLOP/s] STAT     | 5.022485e+06 | 156946.1227 | 156957.0839 | 156952.6586 |
+---------------------------+--------------+-------------+-------------+-------------+
