--------------------------------------------------------------------------------
CPU name:	AMD EPYC 9755 128-Core Processor               
CPU type:	AMD K1A (Zen5) architecture
CPU clock:	2.70 GHz
--------------------------------------------------------------------------------
Region bench, Group 1: FLOPS_DP
+-------------------+------------+------------+------------+------------+------------+------------+------------+------------+------------+------------+-------------+-------------+-------------+-------------+-------------+-------------+-------------+-------------+-------------+-------------+-------------+-------------+-------------+-------------+-------------+-------------+-------------+-------------+-------------+-------------+-------------+-------------+-------------+-------------+-------------+-------------+-------------+-------------+-------------+-------------+-------------+-------------+-------------+-------------+-------------+-------------+-------------+-------------+-------------+-------------+-------------+-------------+-------------+-------------+-------------+-------------+-------------+-------------+-------------+-------------+-------------+-------------+-------------+-------------+-------------+-------------+-------------+-------------+-------------+-------------+-------------+-------------+-------------+-------------+-------------+-------------+-------------+-------------+-------------+-------------+-------------+-------------+-------------+-------------+-------------+-------------+-------------+-------------+-------------+-------------+-------------+-------------+-------------+-------------+-------------+-------------+-------------+-------------+-------------+-------------+--------------+--------------+--------------+--------------+--------------+--------------+--------------+--------------+--------------+--------------+--------------+--------------+--------------+--------------+--------------+--------------+--------------+--------------+--------------+--------------+--------------+--------------+--------------+--------------+--------------+--------------+--------------+--------------+
|    Region Info    | HWThread 0 | HWThread 1 | HWThread 2 | HWThread 3 | HWThread 4 | HWThread 5 | HWThread 6 | HWThread 7 | HWThread 8 | HWThread 9 | HWThread 10 | HWThread 11 | HWThread 12 | HWThread 13 | HWThread 14 | HWThread 15 | HWThread 16 | HWThread 17 | HWThread 18 | HWThread 19 | HWThread 20 | HWThread 21 | HWThread 22 | HWThread 23 | HWThread 24 | HWThread 25 | HWThread 26 | HWThread 27 | HWThread 28 | HWThread 29 | HWThread 30 | HWThread 31 | HWThread 32 | HWThread 33 | HWThread 34 | HWThread 35 | HWThread 36 | HWThread 37 | HWThread 38 | HWThread 39 | HWThread 40 | HWThread 41 | HWThread 42 | HWThread 43 | HWThread 44 | HWThread 45 | HWThread 46 | HWThread 47 | HWThread 48 | HWThread 49 | HWThread 50 | HWThread 51 | HWThread 52 | HWThread 53 | HWThread 54 | HWThread 55 | HWThread 56 | HWThread 57 | HWThread 58 | HWThread 59 | HWThread 60 | HWThread 61 | HWThread 62 | HWThread 63 | HWThread 64 | HWThread 65 | HWThread 66 | HWThread 67 | HWThread 68 | HWThread 69 | HWThread 70 | HWThread 71 | HWThread 72 | HWThread 73 | HWThread 74 | HWThread 75 | HWThread 76 | HWThread 77 | HWThread 78 | HWThread 79 | HWThread 80 | HWThread 81 | HWThread 82 | HWThread 83 | HWThread 84 | HWThread 85 | HWThread 86 | HWThread 87 | HWThread 88 | HWThread 89 | HWThread 90 | HWThread 91 | HWThread 92 | HWThread 93 | HWThread 94 | HWThread 95 | HWThread 96 | HWThread 97 | HWThread 98 | HWThread 99 | HWThread 100 | HWThread 101 | HWThread 102 | HWThread 103 | HWThread 104 | HWThread 105 | HWThread 106 | HWThread 107 | HWThread 108 | HWThread 109 | HWThread 110 | HWThread 111 | HWThread 112 | HWThread 113 | HWThread 114 | HWThread 115 | HWThread 116 | HWThread 117 | HWThread 118 | HWThread 119 | HWThread 120 | HWThread 121 | HWThread 122 | HWThread 123 | HWThread 124 | HWThread 125 | HWThread 126 | HWThread 127 |
+-------------------+------------+------------+------------+------------+------------+------------+------------+------------+------------+------------+-------------+-------------+-------------+-------------+-------------+-------------+-------------+-------------+-------------+-------------+-------------+-------------+-------------+-------------+-------------+-------------+-------------+-------------+-------------+-------------+-------------+-------------+-------------+-------------+-------------+-------------+-------------+-------------+-------------+-------------+-------------+-------------+-------------+-------------+-------------+-------------+-------------+-------------+-------------+-------------+-------------+-------------+-------------+-------------+-------------+-------------+-------------+-------------+-------------+-------------+-------------+-------------+-------------+-------------+-------------+-------------+-------------+-------------+-------------+-------------+-------------+-------------+-------------+-------------+-------------+-------------+-------------+-------------+-------------+-------------+-------------+-------------+-------------+-------------+-------------+-------------+-------------+-------------+-------------+-------------+-------------+-------------+-------------+-------------+-------------+-------------+-------------+-------------+-------------+-------------+--------------+--------------+--------------+--------------+--------------+--------------+--------------+--------------+--------------+--------------+--------------+--------------+--------------+--------------+--------------+--------------+--------------+--------------+--------------+--------------+--------------+--------------+--------------+--------------+--------------+--------------+--------------+--------------+
| RDTSC Runtime [s] |   1.664490 |   1.664355 |   1.664149 |   1.664432 |   1.664352 |   1.664367 |   1.664352 |   1.664592 |   1.664144 |   1.664396 |    1.664144 |    1.664189 |    1.664396 |    1.664396 |    1.664408 |    1.664408 |    1.664136 |    1.664482 |    1.664429 |    1.664157 |    1.664157 |    1.664136 |    1.664350 |    1.664351 |    1.664747 |    1.664494 |    1.664544 |    1.664336 |    1.664765 |    1.664101 |    1.664349 |    1.664598 |    1.664187 |    1.664140 |    1.664190 |    1.664140 |    1.664140 |    1.664190 |    1.664144 |    1.664139 |    1.664356 |    1.664367 |    1.664345 |    1.664742 |    1.664433 |    1.664355 |    1.664524 |    1.664352 |    1.664118 |    1.664367 |    1.664754 |    1.664357 |    1.664152 |    1.664329 |    1.664329 |    1.664329 |    1.664157 |    1.664409 |    1.664189 |    1.664397 |    1.664139 |    1.664340 |    1.664199 |    1.664142 |    1.664585 |    1.664599 |    1.664152 |    1.664118 |    1.664501 |    1.664117 |    1.664578 |    1.664690 |    1.664134 |    1.664757 |    1.664427 |    1.664187 |    1.664152 |    1.664135 |    1.664340 |    1.664197 |    1.664509 |    1.664593 |    1.664686 |    1.664495 |    1.664516 |    1.664573 |    1.664204 |    1.664094 |    1.664091 |    1.664354 |    1.664354 |    1.664368 |    1.664370 |    1.664523 |    1.664354 |    1.664189 |    1.664188 |    1.664206 |    1.664142 |    1.664141 |     1.664204 |     1.664158 |     1.664158 |     1.664142 |     1.664340 |     1.664496 |     1.664097 |     1.664390 |     1.664152 |     1.664678 |     1.664534 |     1.664534 |     1.664355 |     1.664355 |     1.664575 |     1.664355 |     1.664156 |     1.664574 |     1.664327 |     1.664355 |     1.664200 |     1.664141 |     1.664153 |     1.664189 |     1.664400 |     1.664527 |     1.664201 |     1.664352 |
|     call count    |          1 |          1 |          1 |          1 |          1 |          1 |          1 |          1 |          1 |          1 |           1 |           1 |           1 |           1 |           1 |           1 |           1 |           1 |           1 |           1 |           1 |           1 |           1 |           1 |           1 |           1 |           1 |           1 |           1 |           1 |           1 |           1 |           1 |           1 |           1 |           1 |           1 |           1 |           1 |           1 |           1 |           1 |           1 |           1 |           1 |           1 |           1 |           1 |           1 |           1 |           1 |           1 |           1 |           1 |           1 |           1 |           1 |           1 |           1 |           1 |           1 |           1 |           1 |           1 |           1 |           1 |           1 |           1 |           1 |           1 |           1 |           1 |           1 |           1 |           1 |           1 |           1 |           1 |           1 |           1 |           1 |           1 |           1 |           1 |           1 |           1 |           1 |           1 |           1 |           1 |           1 |           1 |           1 |           1 |           1 |           1 |           1 |           1 |           1 |           1 |            1 |            1 |            1 |            1 |            1 |            1 |            1 |            1 |            1 |            1 |            1 |            1 |            1 |            1 |            1 |            1 |            1 |            1 |            1 |            1 |            1 |            1 |            1 |            1 |            1 |            1 |            1 |            1 |
+-------------------+------------+------------+------------+------------+------------+------------+------------+------------+------------+------------+-------------+-------------+-------------+-------------+-------------+-------------+-------------+-------------+-------------+-------------+-------------+-------------+-------------+-------------+-------------+-------------+-------------+-------------+-------------+-------------+-------------+-------------+-------------+-------------+-------------+-------------+-------------+-------------+-------------+-------------+-------------+-------------+-------------+-------------+-------------+-------------+-------------+-------------+-------------+-------------+-------------+-------------+-------------+-------------+-------------+-------------+-------------+-------------+-------------+-------------+-------------+-------------+-------------+-------------+-------------+-------------+-------------+-------------+-------------+-------------+-------------+-------------+-------------+-------------+-------------+-------------+-------------+-------------+-------------+-------------+-------------+-------------+-------------+-------------+-------------+-------------+-------------+-------------+-------------+-------------+-------------+-------------+-------------+-------------+-------------+-------------+-------------+-------------+-------------+-------------+--------------+--------------+--------------+--------------+--------------+--------------+--------------+--------------+--------------+--------------+--------------+--------------+--------------+--------------+--------------+--------------+--------------+--------------+--------------+--------------+--------------+--------------+--------------+--------------+--------------+--------------+--------------+--------------+
+-------------------------------------+---------+--------------+--------------+--------------+--------------+--------------+--------------+--------------+--------------+--------------+--------------+--------------+--------------+--------------+--------------+--------------+--------------+--------------+--------------+--------------+--------------+--------------+--------------+--------------+--------------+--------------+--------------+--------------+--------------+--------------+--------------+--------------+--------------+--------------+--------------+--------------+--------------+--------------+--------------+--------------+--------------+--------------+--------------+--------------+--------------+--------------+--------------+--------------+--------------+--------------+--------------+--------------+--------------+--------------+--------------+--------------+--------------+--------------+--------------+--------------+--------------+--------------+--------------+--------------+--------------+--------------+--------------+--------------+--------------+--------------+--------------+--------------+--------------+--------------+--------------+--------------+--------------+--------------+--------------+--------------+--------------+--------------+--------------+--------------+--------------+--------------+--------------+--------------+--------------+--------------+--------------+--------------+--------------+--------------+--------------+--------------+--------------+--------------+--------------+--------------+--------------+--------------+--------------+--------------+--------------+--------------+--------------+--------------+--------------+--------------+--------------+--------------+--------------+--------------+--------------+--------------+--------------+--------------+--------------+--------------+--------------+--------------+--------------+--------------+--------------+--------------+--------------+--------------+--------------+
|                Event                | Counter |  HWThread 0  |  HWThread 1  |  HWThread 2  |  HWThread 3  |  HWThread 4  |  HWThread 5  |  HWThread 6  |  HWThread 7  |  HWThread 8  |  HWThread 9  |  HWThread 10 |  HWThread 11 |  HWThread 12 |  HWThread 13 |  HWThread 14 |  HWThread 15 |  HWThread 16 |  HWThread 17 |  HWThread 18 |  HWThread 19 |  HWThread 20 |  HWThread 21 |  HWThread 22 |  HWThread 23 |  HWThread 24 |  HWThread 25 |  HWThread 26 |  HWThread 27 |  HWThread 28 |  HWThread 29 |  HWThread 30 |  HWThread 31 |  HWThread 32 |  HWThread 33 |  HWThread 34 |  HWThread 35 |  HWThread 36 |  HWThread 37 |  HWThread 38 |  HWThread 39 |  HWThread 40 |  HWThread 41 |  HWThread 42 |  HWThread 43 |  HWThread 44 |  HWThread 45 |  HWThread 46 |  HWThread 47 |  HWThread 48 |  HWThread 49 |  HWThread 50 |  HWThread 51 |  HWThread 52 |  HWThread 53 |  HWThread 54 |  HWThread 55 |  HWThread 56 |  HWThread 57 |  HWThread 58 |  HWThread 59 |  HWThread 60 |  HWThread 61 |  HWThread 62 |  HWThread 63 |  HWThread 64 |  HWThread 65 |  HWThread 66 |  HWThread 67 |  HWThread 68 |  HWThread 69 |  HWThread 70 |  HWThread 71 |  HWThread 72 |  HWThread 73 |  HWThread 74 |  HWThread 75 |  HWThread 76 |  HWThread 77 |  HWThread 78 |  HWThread 79 |  HWThread 80 |  HWThread 81 |  HWThread 82 |  HWThread 83 |  HWThread 84 |  HWThread 85 |  HWThread 86 |  HWThread 87 |  HWThread 88 |  HWThread 89 |  HWThread 90 |  HWThread 91 |  HWThread 92 |  HWThread 93 |  HWThread 94 |  HWThread 95 |  HWThread 96 |  HWThread 97 |  HWThread 98 |  HWThread 99 | HWThread 100 | HWThread 101 | HWThread 102 | HWThread 103 | HWThread 104 | HWThread 105 | HWThread 106 | HWThread 107 | HWThread 108 | HWThread 109 | HWThread 110 | HWThread 111 | HWThread 112 | HWThread 113 | HWThread 114 | HWThread 115 | HWThread 116 | HWThread 117 | HWThread 118 | HWThread 119 | HWThread 120 | HWThread 121 | HWThread 122 | HWThread 123 | HWThread 124 | HWThread 125 | HWThread 126 | HWThread 127 |
+-------------------------------------+---------+--------------+--------------+--------------+--------------+--------------+--------------+--------------+--------------+--------------+--------------+--------------+--------------+--------------+--------------+--------------+--------------+--------------+--------------+--------------+--------------+--------------+--------------+--------------+--------------+--------------+--------------+--------------+--------------+--------------+--------------+--------------+--------------+--------------+--------------+--------------+--------------+--------------+--------------+--------------+--------------+--------------+--------------+--------------+--------------+--------------+--------------+--------------+--------------+--------------+--------------+--------------+--------------+--------------+--------------+--------------+--------------+--------------+--------------+--------------+--------------+--------------+--------------+--------------+--------------+--------------+--------------+--------------+--------------+--------------+--------------+--------------+--------------+--------------+--------------+--------------+--------------+--------------+--------------+--------------+--------------+--------------+--------------+--------------+--------------+--------------+--------------+--------------+--------------+--------------+--------------+--------------+--------------+--------------+--------------+--------------+--------------+--------------+--------------+--------------+--------------+--------------+--------------+--------------+--------------+--------------+--------------+--------------+--------------+--------------+--------------+--------------+--------------+--------------+--------------+--------------+--------------+--------------+--------------+--------------+--------------+--------------+--------------+--------------+--------------+--------------+--------------+--------------+--------------+
|           ACTUAL_CPU_CLOCK          |  FIXC1  |   4452781000 |   4452013000 |   4451407000 |   4452832000 |   4452130000 |   4452435000 |   4452209000 |   4452848000 |   4440021000 |   4441536000 |   4441134000 |   4441166000 |   4441735000 |   4441118000 |   4441172000 |   4440558000 |   4446106000 |   4448214000 |   4447372000 |   4446033000 |   4447208000 |   4446192000 |   4447704000 |   4447655000 |   4435513000 |   4435405000 |   4435453000 |   4435013000 |   4436149000 |   4434032000 |   4435048000 |   4436046000 |   4417456000 |   4417252000 |   4417277000 |   4417178000 |   4416804000 |   4417226000 |   4417192000 |   4417441000 |   4443077000 |   4442546000 |   4443052000 |   4442993000 |   4442410000 |   4442431000 |   4442949000 |   4442398000 |   4447295000 |   4448668000 |   4449052000 |   4448667000 |   4448032000 |   4448199000 |   4448215000 |   4447880000 |   4428237000 |   4428914000 |   4427782000 |   4428509000 |   4427377000 |   4428280000 |   4428654000 |   4427236000 |   4446252000 |   4445215000 |   4444790000 |   4443832000 |   4445834000 |   4443877000 |   4446226000 |   4446663000 |   4453150000 |   4454340000 |   4453413000 |   4452930000 |   4452842000 |   4452992000 |   4454863000 |   4452912000 |   4439774000 |   4439585000 |   4439571000 |   4440343000 |   4439796000 |   4440553000 |   4438552000 |   4439522000 |   4460409000 |   4460927000 |   4461596000 |   4460776000 |   4460940000 |   4461898000 |   4461649000 |   4460499000 |   4458433000 |   4458525000 |   4457768000 |   4457728000 |   4458190000 |   4458409000 |   4458441000 |   4458267000 |   4430269000 |   4430365000 |   4429716000 |   4430089000 |   4429148000 |   4430637000 |   4431165000 |   4431113000 |   4459401000 |   4459508000 |   4459590000 |   4459142000 |   4458189000 |   4459771000 |   4459449000 |   4459279000 |   4427611000 |   4427575000 |   4427943000 |   4427584000 |   4428551000 |   4429735000 |   4428313000 |   4429368000 |
|            MAX_CPU_CLOCK            |  FIXC2  |   4492306000 |   4491736000 |   4491339000 |   4492515000 |   4491663000 |   4491807000 |   4491623000 |   4492528000 |   4490791000 |   4491860000 |   4491214000 |   4491269000 |   4491725000 |   4491304000 |   4491543000 |   4491126000 |   4490784000 |   4492310000 |   4491114000 |   4490767000 |   4491344000 |   4490897000 |   4491627000 |   4491605000 |   4492008000 |   4491850000 |   4492008000 |   4491285000 |   4492531000 |   4490872000 |   4491290000 |   4492453000 |   4490147000 |   4490727000 |   4490757000 |   4490661000 |   4490023000 |   4490717000 |   4490672000 |   4490788000 |   4491680000 |   4491307000 |   4491651000 |   4492112000 |   4491215000 |   4491244000 |   4492003000 |   4491210000 |   4491276000 |   4491768000 |   4492468000 |   4491776000 |   4491218000 |   4491623000 |   4491646000 |   4491659000 |   4490770000 |   4491352000 |   4490778000 |   4490673000 |   4489919000 |   4490444000 |   4491374000 |   4490036000 |   4492565000 |   4491761000 |   4491378000 |   4490755000 |   4492441000 |   4490780000 |   4492516000 |   4492769000 |   4490753000 |   4491923000 |   4490660000 |   4490919000 |   4490308000 |   4490709000 |   4491678000 |   4490797000 |   4491811000 |   4491726000 |   4491498000 |   4492443000 |   4491814000 |   4492476000 |   4490523000 |   4491202000 |   4491199000 |   4491299000 |   4491710000 |   4491236000 |   4491303000 |   4492394000 |   4491780000 |   4491255000 |   4491258000 |   4491340000 |   4490800000 |   4490781000 |   4491332000 |   4491225000 |   4491222000 |   4490782000 |   4491263000 |   4491926000 |   4491235000 |   4491260000 |   4490890000 |   4492114000 |   4492403000 |   4492381000 |   4491668000 |   4491749000 |   4492454000 |   4491751000 |   4491375000 |   4492240000 |   4491703000 |   4492017000 |   4490856000 |   4490811000 |   4491343000 |   4490853000 |   4491385000 |   4492421000 |   4491354000 |   4491795000 |
|         RETIRED_INSTRUCTIONS        |   PMC0  |  18265900000 |  18266740000 |  18266630000 |  18267180000 |  18266890000 |  18267160000 |  18266670000 |  18266930000 |  18264800000 |  18264790000 |  18264820000 |  18265000000 |  18264940000 |  18264730000 |  18265000000 |  18264930000 |  18264720000 |  18264790000 |  18264510000 |  18264060000 |  18264700000 |  18264430000 |  18264500000 |  18264720000 |  18262230000 |  18262370000 |  18261800000 |  18262470000 |  18262600000 |  18261910000 |  18262060000 |  18262690000 |  18257340000 |  18257350000 |  18257160000 |  18257090000 |  18257160000 |  18257450000 |  18257110000 |  18256900000 |  18264760000 |  18264620000 |  18264100000 |  18264780000 |  18264270000 |  18264560000 |  18264190000 |  18264020000 |  18264000000 |  18264950000 |  18264220000 |  18264470000 |  18264330000 |  18264130000 |  18264460000 |  18264400000 |  18262220000 |  18262290000 |  18262030000 |  18262440000 |  18261800000 |  18262060000 |  18262030000 |  18262050000 |  18263970000 |  18264070000 |  18264410000 |  18263800000 |  18263940000 |  18264110000 |  18264200000 |  18264460000 |  18260640000 |  18265470000 |  18264720000 |  18265270000 |  18264520000 |  18264630000 |  18265150000 |  18265200000 |  18263480000 |  18263370000 |  18263560000 |  18263550000 |  18263720000 |  18263430000 |  18263410000 |  18263120000 |  18266020000 |  18266480000 |  18266590000 |  18266370000 |  18265800000 |  18265910000 |  18265960000 |  18266080000 |  18265730000 |  18266220000 |  18265330000 |  18266020000 |  18266050000 |  18265770000 |  18265330000 |  18265950000 |  18261510000 |  18261770000 |  18261480000 |  18262030000 |  18261690000 |  18262110000 |  18262220000 |  18261920000 |  18268730000 |  18268610000 |  18268790000 |  18268520000 |  18268520000 |  18268350000 |  18268310000 |  18268220000 |  18260690000 |  18260740000 |  18260640000 |  18261120000 |  18260490000 |  18260260000 |  18261180000 |  18260320000 |
|         CPU_CLOCKS_UNHALTED         |   PMC1  |   4426642000 |   4432313000 |   4430595000 |   4432553000 |   4431671000 |   4432171000 |   4431770000 |   4432658000 |   4417660000 |   4418522000 |   4417666000 |   4417632000 |   4418423000 |   4418348000 |   4418354000 |   4418196000 |   4424445000 |   4425812000 |   4424868000 |   4424409000 |   4424431000 |   4424582000 |   4424914000 |   4425070000 |   4413990000 |   4413172000 |   4413220000 |   4412844000 |   4413930000 |   4411734000 |   4412613000 |   4413304000 |   4396888000 |   4396772000 |   4396867000 |   4396435000 |   4396677000 |   4396967000 |   4396508000 |   4396786000 |   4419199000 |   4419760000 |   4418686000 |   4420954000 |   4419921000 |   4419722000 |   4419569000 |   4419585000 |   4424228000 |   4425108000 |   4426275000 |   4425203000 |   4424476000 |   4424894000 |   4424714000 |   4424897000 |   4405223000 |   4406415000 |   4405238000 |   4406162000 |   4405031000 |   4405688000 |   4405106000 |   4405181000 |   4423812000 |   4424065000 |   4422492000 |   4422061000 |   4423460000 |   4422153000 |   4423345000 |   4423672000 |   4430967000 |   4433140000 |   4431685000 |   4431214000 |   4430943000 |   4431059000 |   4431457000 |   4431054000 |   4418126000 |   4418306000 |   4418740000 |   4418136000 |   4418062000 |   4418235000 |   4417139000 |   4416631000 |   4438257000 |   4439137000 |   4438597000 |   4439015000 |   4438621000 |   4439527000 |   4438626000 |   4438363000 |   4437172000 |   4437498000 |   4437026000 |   4437059000 |   4437220000 |   4437107000 |   4437070000 |   4437092000 |   4408239000 |   4408738000 |   4407453000 |   4408190000 |   4407490000 |   4409324000 |   4408539000 |   4408703000 |   4437738000 |   4437776000 |   4437843000 |   4437704000 |   4436874000 |   4438311000 |   4437360000 |   4437163000 |   4406495000 |   4406435000 |   4406239000 |   4406532000 |   4406873000 |   4407409000 |   4406015000 |   4406872000 |
|                MERGE                |   PMC3  |            0 |            0 |            0 |            0 |            0 |            0 |            0 |            0 |            0 |            0 |            0 |            0 |            0 |            0 |            0 |            0 |            0 |            0 |            0 |            0 |            0 |            0 |            0 |            0 |            0 |            0 |            0 |            0 |            0 |            0 |            0 |            0 |            0 |            0 |            0 |            0 |            0 |            0 |            0 |            0 |            0 |            0 |            0 |            0 |            0 |            0 |            0 |            0 |            0 |            0 |            0 |            0 |            0 |            0 |            0 |            0 |            0 |            0 |            0 |            0 |            0 |            0 |            0 |            0 |            0 |            0 |            0 |            0 |            0 |            0 |            0 |            0 |            0 |            0 |            0 |            0 |            0 |            0 |            0 |            0 |            0 |            0 |            0 |            0 |            0 |            0 |            0 |            0 |            0 |            0 |            0 |            0 |            0 |            0 |            0 |            0 |            0 |            0 |            0 |            0 |            0 |            0 |            0 |            0 |            0 |            0 |            0 |            0 |            0 |            0 |            0 |            0 |            0 |            0 |            0 |            0 |            0 |            0 |            0 |            0 |            0 |            0 |            0 |            0 |            0 |            0 |            0 |            0 |
| RETIRED_SSE_AVX_FLOPS_ALL_DP_SCALAR |   PMC2  |           12 |           12 |           12 |           12 |           12 |           12 |           12 |           12 |           12 |           12 |           12 |           12 |           12 |           12 |           12 |           12 |           12 |           12 |           12 |           12 |           12 |           12 |           12 |           12 |           12 |           12 |           12 |           12 |           12 |           12 |           12 |           12 |           12 |           12 |           12 |           12 |           12 |           12 |           12 |           12 |           12 |           12 |           12 |           12 |           12 |           12 |           12 |           12 |           12 |           12 |           12 |           12 |           12 |           12 |           12 |           12 |           12 |           12 |           12 |           12 |           12 |           12 |           12 |           12 |           12 |           12 |           12 |           12 |           12 |           12 |           12 |           12 |           12 |           12 |           12 |           12 |           12 |           12 |           12 |           12 |           12 |           12 |           12 |           12 |           12 |           12 |           12 |           12 |           12 |           12 |           12 |           12 |           12 |           12 |           12 |           12 |           12 |           12 |           12 |           12 |           12 |           12 |           12 |           12 |           12 |           12 |           12 |           12 |           12 |           12 |           12 |           12 |           12 |           12 |           12 |           12 |           12 |           12 |           12 |           12 |           12 |           12 |           12 |           12 |           12 |           12 |           12 |           12 |
|                MERGE                |   PMC5  |            0 |            0 |            0 |            0 |            0 |            0 |            0 |            0 |            0 |            0 |            0 |            0 |            0 |            0 |            0 |            0 |            0 |            0 |            0 |            0 |            0 |            0 |            0 |            0 |            0 |            0 |            0 |            0 |            0 |            0 |            0 |            0 |            0 |            0 |            0 |            0 |            0 |            0 |            0 |            0 |            0 |            0 |            0 |            0 |            0 |            0 |            0 |            0 |            0 |            0 |            0 |            0 |            0 |            0 |            0 |            0 |            0 |            0 |            0 |            0 |            0 |            0 |            0 |            0 |            0 |            0 |            0 |            0 |            0 |            0 |            0 |            0 |            0 |            0 |            0 |            0 |            0 |            0 |            0 |            0 |            0 |            0 |            0 |            0 |            0 |            0 |            0 |            0 |            0 |            0 |            0 |            0 |            0 |            0 |            0 |            0 |            0 |            0 |            0 |            0 |            0 |            0 |            0 |            0 |            0 |            0 |            0 |            0 |            0 |            0 |            0 |            0 |            0 |            0 |            0 |            0 |            0 |            0 |            0 |            0 |            0 |            0 |            0 |            0 |            0 |            0 |            0 |            0 |
| RETIRED_SSE_AVX_FLOPS_ALL_DP_PACKED |   PMC4  | 193273500000 | 193273500000 | 193273500000 | 193273500000 | 193273500000 | 193273500000 | 193273500000 | 193273500000 | 193273500000 | 193273500000 | 193273500000 | 193273500000 | 193273500000 | 193273500000 | 193273500000 | 193273500000 | 193273500000 | 193273500000 | 193273500000 | 193273500000 | 193273500000 | 193273500000 | 193273500000 | 193273500000 | 193273500000 | 193273500000 | 193273500000 | 193273500000 | 193273500000 | 193273500000 | 193273500000 | 193273500000 | 193273500000 | 193273500000 | 193273500000 | 193273500000 | 193273500000 | 193273500000 | 193273500000 | 193273500000 | 193273500000 | 193273500000 | 193273500000 | 193273500000 | 193273500000 | 193273500000 | 193273500000 | 193273500000 | 193273500000 | 193273500000 | 193273500000 | 193273500000 | 193273500000 | 193273500000 | 193273500000 | 193273500000 | 193273500000 | 193273500000 | 193273500000 | 193273500000 | 193273500000 | 193273500000 | 193273500000 | 193273500000 | 193273500000 | 193273500000 | 193273500000 | 193273500000 | 193273500000 | 193273500000 | 193273500000 | 193273500000 | 193273500000 | 193273500000 | 193273500000 | 193273500000 | 193273500000 | 193273500000 | 193273500000 | 193273500000 | 193273500000 | 193273500000 | 193273500000 | 193273500000 | 193273500000 | 193273500000 | 193273500000 | 193273500000 | 193273500000 | 193273500000 | 193273500000 | 193273500000 | 193273500000 | 193273500000 | 193273500000 | 193273500000 | 193273500000 | 193273500000 | 193273500000 | 193273500000 | 193273500000 | 193273500000 | 193273500000 | 193273500000 | 193273500000 | 193273500000 | 193273500000 | 193273500000 | 193273500000 | 193273500000 | 193273500000 | 193273500000 | 193273500000 | 193273500000 | 193273500000 | 193273500000 | 193273500000 | 193273500000 | 193273500000 | 193273500000 | 193273500000 | 193273500000 | 193273500000 | 193273500000 | 193273500000 | 193273500000 | 193273500000 | 193273500000 |
+-------------------------------------+---------+--------------+--------------+--------------+--------------+--------------+--------------+--------------+--------------+--------------+--------------+--------------+--------------+--------------+--------------+--------------+--------------+--------------+--------------+--------------+--------------+--------------+--------------+--------------+--------------+--------------+--------------+--------------+--------------+--------------+--------------+--------------+--------------+--------------+--------------+--------------+--------------+--------------+--------------+--------------+--------------+--------------+--------------+--------------+--------------+--------------+--------------+--------------+--------------+--------------+--------------+--------------+--------------+--------------+--------------+--------------+--------------+--------------+--------------+--------------+--------------+--------------+--------------+--------------+--------------+--------------+--------------+--------------+--------------+--------------+--------------+--------------+--------------+--------------+--------------+--------------+--------------+--------------+--------------+--------------+--------------+--------------+--------------+--------------+--------------+--------------+--------------+--------------+--------------+--------------+--------------+--------------+--------------+--------------+--------------+--------------+--------------+--------------+--------------+--------------+--------------+--------------+--------------+--------------+--------------+--------------+--------------+--------------+--------------+--------------+--------------+--------------+--------------+--------------+--------------+--------------+--------------+--------------+--------------+--------------+--------------+--------------+--------------+--------------+--------------+--------------+--------------+--------------+--------------+
+------------------------------------------+---------+----------------+--------------+--------------+--------------+
|                   Event                  | Counter |       Sum      |      Min     |      Max     |      Avg     |
+------------------------------------------+---------+----------------+--------------+--------------+--------------+
|           ACTUAL_CPU_CLOCK STAT          |  FIXC1  |   568702710000 |   4416804000 |   4461898000 | 4.442990e+09 |
|            MAX_CPU_CLOCK STAT            |  FIXC2  |   574903156000 |   4489919000 |   4492769000 | 4.491431e+09 |
|         RETIRED_INSTRUCTIONS STAT        |   PMC0  |  2337772440000 |  18256900000 |  18268790000 | 1.826385e+10 |
|         CPU_CLOCKS_UNHALTED STAT         |   PMC1  |   565881303000 |   4396435000 |   4439527000 | 4.420948e+09 |
|                MERGE STAT                |   PMC3  |              0 |            0 |            0 |            0 |
| RETIRED_SSE_AVX_FLOPS_ALL_DP_SCALAR STAT |   PMC2  |           1536 |           12 |           12 |           12 |
|                MERGE STAT                |   PMC5  |              0 |            0 |            0 |            0 |
| RETIRED_SSE_AVX_FLOPS_ALL_DP_PACKED STAT |   PMC4  | 24739008000000 | 193273500000 | 193273500000 | 193273500000 |
+------------------------------------------+---------+----------------+--------------+--------------+--------------+
+----------------------+-------------+-------------+-------------+-------------+-------------+-------------+-------------+-------------+-------------+-------------+-------------+-------------+-------------+-------------+-------------+-------------+-------------+-------------+-------------+-------------+-------------+-------------+-------------+-------------+-------------+-------------+-------------+-------------+-------------+-------------+-------------+-------------+-------------+-------------+-------------+-------------+-------------+-------------+-------------+-------------+-------------+-------------+-------------+-------------+-------------+-------------+-------------+-------------+-------------+-------------+-------------+-------------+-------------+-------------+-------------+-------------+-------------+-------------+-------------+-------------+-------------+-------------+-------------+-------------+-------------+-------------+-------------+-------------+-------------+-------------+-------------+-------------+-------------+-------------+-------------+-------------+-------------+-------------+-------------+-------------+-------------+-------------+-------------+-------------+-------------+-------------+-------------+-------------+-------------+-------------+-------------+-------------+-------------+-------------+-------------+-------------+-------------+-------------+-------------+-------------+--------------+--------------+--------------+--------------+--------------+--------------+--------------+--------------+--------------+--------------+--------------+--------------+--------------+--------------+--------------+--------------+--------------+--------------+--------------+--------------+--------------+--------------+--------------+--------------+--------------+--------------+--------------+--------------+
|        Metric        |  HWThread 0 |  HWThread 1 |  HWThread 2 |  HWThread 3 |  HWThread 4 |  HWThread 5 |  HWThread 6 |  HWThread 7 |  HWThread 8 |  HWThread 9 | HWThread 10 | HWThread 11 | HWThread 12 | HWThread 13 | HWThread 14 | HWThread 15 | HWThread 16 | HWThread 17 | HWThread 18 | HWThread 19 | HWThread 20 | HWThread 21 | HWThread 22 | HWThread 23 | HWThread 24 | HWThread 25 | HWThread 26 | HWThread 27 | HWThread 28 | HWThread 29 | HWThread 30 | HWThread 31 | HWThread 32 | HWThread 33 | HWThread 34 | HWThread 35 | HWThread 36 | HWThread 37 | HWThread 38 | HWThread 39 | HWThread 40 | HWThread 41 | HWThread 42 | HWThread 43 | HWThread 44 | HWThread 45 | HWThread 46 | HWThread 47 | HWThread 48 | HWThread 49 | HWThread 50 | HWThread 51 | HWThread 52 | HWThread 53 | HWThread 54 | HWThread 55 | HWThread 56 | HWThread 57 | HWThread 58 | HWThread 59 | HWThread 60 | HWThread 61 | HWThread 62 | HWThread 63 | HWThread 64 | HWThread 65 | HWThread 66 | HWThread 67 | HWThread 68 | HWThread 69 | HWThread 70 | HWThread 71 | HWThread 72 | HWThread 73 | HWThread 74 | HWThread 75 | HWThread 76 | HWThread 77 | HWThread 78 | HWThread 79 | HWThread 80 | HWThread 81 | HWThread 82 | HWThread 83 | HWThread 84 | HWThread 85 | HWThread 86 | HWThread 87 | HWThread 88 | HWThread 89 | HWThread 90 | HWThread 91 | HWThread 92 | HWThread 93 | HWThread 94 | HWThread 95 | HWThread 96 | HWThread 97 | HWThread 98 | HWThread 99 | HWThread 100 | HWThread 101 | HWThread 102 | HWThread 103 | HWThread 104 | HWThread 105 | HWThread 106 | HWThread 107 | HWThread 108 | HWThread 109 | HWThread 110 | HWThread 111 | HWThread 112 | HWThread 113 | HWThread 114 | HWThread 115 | HWThread 116 | HWThread 117 | HWThread 118 | HWThread 119 | HWThread 120 | HWThread 121 | HWThread 122 | HWThread 123 | HWThread 124 | HWThread 125 | HWThread 126 | HWThread 127 |
+----------------------+-------------+-------------+-------------+-------------+-------------+-------------+-------------+-------------+-------------+-------------+-------------+-------------+-------------+-------------+-------------+-------------+-------------+-------------+-------------+-------------+-------------+-------------+-------------+-------------+-------------+-------------+-------------+-------------+-------------+-------------+-------------+-------------+-------------+-------------+-------------+-------------+-------------+-------------+-------------+-------------+-------------+-------------+-------------+-------------+-------------+-------------+-------------+-------------+-------------+-------------+-------------+-------------+-------------+-------------+-------------+-------------+-------------+-------------+-------------+-------------+-------------+-------------+-------------+-------------+-------------+-------------+-------------+-------------+-------------+-------------+-------------+-------------+-------------+-------------+-------------+-------------+-------------+-------------+-------------+-------------+-------------+-------------+-------------+-------------+-------------+-------------+-------------+-------------+-------------+-------------+-------------+-------------+-------------+-------------+-------------+-------------+-------------+-------------+-------------+-------------+--------------+--------------+--------------+--------------+--------------+--------------+--------------+--------------+--------------+--------------+--------------+--------------+--------------+--------------+--------------+--------------+--------------+--------------+--------------+--------------+--------------+--------------+--------------+--------------+--------------+--------------+--------------+--------------+
|  Runtime (RDTSC) [s] |      1.6645 |      1.6644 |      1.6641 |      1.6644 |      1.6644 |      1.6644 |      1.6644 |      1.6646 |      1.6641 |      1.6644 |      1.6641 |      1.6642 |      1.6644 |      1.6644 |      1.6644 |      1.6644 |      1.6641 |      1.6645 |      1.6644 |      1.6642 |      1.6642 |      1.6641 |      1.6643 |      1.6644 |      1.6647 |      1.6645 |      1.6645 |      1.6643 |      1.6648 |      1.6641 |      1.6643 |      1.6646 |      1.6642 |      1.6641 |      1.6642 |      1.6641 |      1.6641 |      1.6642 |      1.6641 |      1.6641 |      1.6644 |      1.6644 |      1.6643 |      1.6647 |      1.6644 |      1.6644 |      1.6645 |      1.6644 |      1.6641 |      1.6644 |      1.6648 |      1.6644 |      1.6642 |      1.6643 |      1.6643 |      1.6643 |      1.6642 |      1.6644 |      1.6642 |      1.6644 |      1.6641 |      1.6643 |      1.6642 |      1.6641 |      1.6646 |      1.6646 |      1.6642 |      1.6641 |      1.6645 |      1.6641 |      1.6646 |      1.6647 |      1.6641 |      1.6648 |      1.6644 |      1.6642 |      1.6642 |      1.6641 |      1.6643 |      1.6642 |      1.6645 |      1.6646 |      1.6647 |      1.6645 |      1.6645 |      1.6646 |      1.6642 |      1.6641 |      1.6641 |      1.6644 |      1.6644 |      1.6644 |      1.6644 |      1.6645 |      1.6644 |      1.6642 |      1.6642 |      1.6642 |      1.6641 |      1.6641 |       1.6642 |       1.6642 |       1.6642 |       1.6641 |       1.6643 |       1.6645 |       1.6641 |       1.6644 |       1.6642 |       1.6647 |       1.6645 |       1.6645 |       1.6644 |       1.6644 |       1.6646 |       1.6644 |       1.6642 |       1.6646 |       1.6643 |       1.6644 |       1.6642 |       1.6641 |       1.6642 |       1.6642 |       1.6644 |       1.6645 |       1.6642 |       1.6644 |
| Runtime unhalted [s] |      1.6515 |      1.6512 |      1.6509 |      1.6515 |      1.6512 |      1.6513 |      1.6512 |      1.6515 |      1.6467 |      1.6473 |      1.6471 |      1.6471 |      1.6474 |      1.6471 |      1.6471 |      1.6469 |      1.6490 |      1.6498 |      1.6494 |      1.6489 |      1.6494 |      1.6490 |      1.6496 |      1.6495 |      1.6450 |      1.6450 |      1.6450 |      1.6449 |      1.6453 |      1.6445 |      1.6449 |      1.6452 |      1.6383 |      1.6383 |      1.6383 |      1.6382 |      1.6381 |      1.6383 |      1.6383 |      1.6383 |      1.6479 |      1.6477 |      1.6478 |      1.6478 |      1.6476 |      1.6476 |      1.6478 |      1.6476 |      1.6494 |      1.6499 |      1.6501 |      1.6499 |      1.6497 |      1.6498 |      1.6498 |      1.6496 |      1.6423 |      1.6426 |      1.6422 |      1.6424 |      1.6420 |      1.6424 |      1.6425 |      1.6420 |      1.6490 |      1.6486 |      1.6485 |      1.6481 |      1.6489 |      1.6481 |      1.6490 |      1.6492 |      1.6516 |      1.6520 |      1.6517 |      1.6515 |      1.6515 |      1.6515 |      1.6522 |      1.6515 |      1.6466 |      1.6466 |      1.6466 |      1.6468 |      1.6466 |      1.6469 |      1.6462 |      1.6465 |      1.6543 |      1.6545 |      1.6547 |      1.6544 |      1.6545 |      1.6548 |      1.6547 |      1.6543 |      1.6535 |      1.6536 |      1.6533 |      1.6533 |       1.6535 |       1.6535 |       1.6535 |       1.6535 |       1.6431 |       1.6431 |       1.6429 |       1.6430 |       1.6427 |       1.6432 |       1.6434 |       1.6434 |       1.6539 |       1.6539 |       1.6540 |       1.6538 |       1.6535 |       1.6540 |       1.6539 |       1.6539 |       1.6421 |       1.6421 |       1.6422 |       1.6421 |       1.6425 |       1.6429 |       1.6424 |       1.6428 |
|      Clock [MHz]     |   2672.5619 |   2672.4400 |   2672.3124 |   2672.4682 |   2672.5537 |   2672.6511 |   2672.6249 |   2672.4700 |   2665.8023 |   2666.0773 |   2666.2195 |   2666.2060 |   2666.2769 |   2666.1564 |   2666.0470 |   2665.9259 |   2669.4600 |   2669.8184 |   2670.0239 |   2669.4262 |   2669.7887 |   2669.4444 |   2669.9182 |   2669.9019 |   2662.3742 |   2662.4031 |   2662.3382 |   2662.5026 |   2662.4460 |   2662.1585 |   2662.5207 |   2662.4304 |   2652.6347 |   2652.1696 |   2652.1669 |   2652.1641 |   2652.3164 |   2652.1599 |   2652.1660 |   2652.2470 |   2667.1092 |   2667.0119 |   2667.1114 |   2666.8023 |   2666.9849 |   2666.9803 |   2666.8406 |   2666.9807 |   2669.8813 |   2670.4131 |   2670.2274 |   2670.4077 |   2670.3583 |   2670.2177 |   2670.2137 |   2670.0048 |   2658.7396 |   2658.8015 |   2658.4617 |   2658.9604 |   2658.7271 |   2658.9585 |   2658.6324 |   2658.5732 |   2668.4893 |   2668.3445 |   2668.3169 |   2668.1119 |   2668.3121 |   2668.1240 |   2668.5028 |   2668.6148 |   2673.7077 |   2673.7256 |   2673.9209 |   2673.4768 |   2673.7877 |   2673.6390 |   2674.1853 |   2673.5386 |   2665.0487 |   2664.9857 |   2665.1126 |   2665.0153 |   2665.0602 |   2665.1218 |   2665.0794 |   2665.2588 |   2677.8001 |   2678.0514 |   2678.2080 |   2677.9983 |   2678.0569 |   2677.9815 |   2678.1981 |   2677.8207 |   2676.5786 |   2676.5850 |   2676.4523 |   2676.4396 |    2676.3887 |    2676.5839 |    2676.6049 |    2676.7627 |    2659.6677 |    2659.3327 |    2659.3523 |    2659.5614 |    2659.2155 |    2659.3847 |    2659.5305 |    2659.5123 |    2676.9154 |    2676.9313 |    2676.5605 |    2676.7105 |    2676.3624 |    2676.7966 |    2676.9233 |    2676.6342 |    2658.3129 |    2658.3179 |    2658.2239 |    2658.2984 |    2658.5641 |    2658.6616 |    2658.4395 |    2658.8118 |
|          CPI         |      0.2423 |      0.2426 |      0.2426 |      0.2427 |      0.2426 |      0.2426 |      0.2426 |      0.2427 |      0.2419 |      0.2419 |      0.2419 |      0.2419 |      0.2419 |      0.2419 |      0.2419 |      0.2419 |      0.2422 |      0.2423 |      0.2423 |      0.2422 |      0.2422 |      0.2423 |      0.2423 |      0.2423 |      0.2417 |      0.2417 |      0.2417 |      0.2416 |      0.2417 |      0.2416 |      0.2416 |      0.2417 |      0.2408 |      0.2408 |      0.2408 |      0.2408 |      0.2408 |      0.2408 |      0.2408 |      0.2408 |      0.2420 |      0.2420 |      0.2419 |      0.2420 |      0.2420 |      0.2420 |      0.2420 |      0.2420 |      0.2422 |      0.2423 |      0.2423 |      0.2423 |      0.2422 |      0.2423 |      0.2423 |      0.2423 |      0.2412 |      0.2413 |      0.2412 |      0.2413 |      0.2412 |      0.2412 |      0.2412 |      0.2412 |      0.2422 |      0.2422 |      0.2421 |      0.2421 |      0.2422 |      0.2421 |      0.2422 |      0.2422 |      0.2427 |      0.2427 |      0.2426 |      0.2426 |      0.2426 |      0.2426 |      0.2426 |      0.2426 |      0.2419 |      0.2419 |      0.2419 |      0.2419 |      0.2419 |      0.2419 |      0.2419 |      0.2418 |      0.2430 |      0.2430 |      0.2430 |      0.2430 |      0.2430 |      0.2430 |      0.2430 |      0.2430 |      0.2429 |      0.2429 |      0.2429 |      0.2429 |       0.2429 |       0.2429 |       0.2429 |       0.2429 |       0.2414 |       0.2414 |       0.2414 |       0.2414 |       0.2414 |       0.2414 |       0.2414 |       0.2414 |       0.2429 |       0.2429 |       0.2429 |       0.2429 |       0.2429 |       0.2430 |       0.2429 |       0.2429 |       0.2413 |       0.2413 |       0.2413 |       0.2413 |       0.2413 |       0.2414 |       0.2413 |       0.2413 |
|     DP [MFLOP/s]     | 116115.7472 | 116125.1656 | 116139.5404 | 116119.7934 | 116125.3749 | 116124.3284 | 116125.3749 | 116108.6320 | 116139.8893 | 116122.3050 | 116139.8893 | 116136.7489 | 116122.3050 | 116122.3050 | 116121.4678 | 116121.4678 | 116140.4477 | 116116.3053 | 116120.0027 | 116138.9821 | 116138.9821 | 116140.4477 | 116125.5145 | 116125.4447 | 116097.8215 | 116115.4681 | 116111.9802 | 116126.4913 | 116096.5662 | 116142.8904 | 116125.5842 | 116108.2135 | 116136.8885 | 116140.1685 | 116136.6791 | 116140.1685 | 116140.1685 | 116136.6791 | 116139.8893 | 116140.2383 | 116125.0958 | 116124.3284 | 116125.8633 | 116098.1702 | 116119.7237 | 116125.1656 | 116113.3754 | 116125.3749 | 116141.7039 | 116124.3284 | 116097.3333 | 116125.0261 | 116139.3310 | 116126.9797 | 116126.9797 | 116126.9797 | 116138.9821 | 116121.3981 | 116136.7489 | 116122.2353 | 116140.2383 | 116126.2122 | 116136.0510 | 116140.0289 | 116109.1203 | 116108.1438 | 116139.3310 | 116141.7039 | 116114.9798 | 116141.7737 | 116109.6086 | 116101.7967 | 116140.5872 | 116097.1241 | 116120.1423 | 116136.8885 | 116139.3310 | 116140.5175 | 116126.2122 | 116136.1906 | 116114.4217 | 116108.5623 | 116102.0757 | 116115.3984 | 116113.9334 | 116109.9573 | 116135.7021 | 116143.3789 | 116143.5883 | 116125.2354 | 116125.2354 | 116124.2586 | 116124.1190 | 116113.4451 | 116125.2354 | 116136.7489 | 116136.8187 | 116135.5626 | 116140.0289 | 116140.0987 |  116135.7021 |  116138.9123 |  116138.9123 |  116140.0289 |  116126.2122 |  116115.3286 |  116143.1695 |  116122.7236 |  116139.3310 |  116102.6337 |  116112.6778 |  116112.6778 |  116125.1656 |  116125.1656 |  116109.8178 |  116125.1656 |  116139.0519 |  116109.8876 |  116127.1193 |  116125.1656 |  116135.9813 |  116140.0987 |  116139.2612 |  116136.7489 |  116122.0260 |  116113.1661 |  116135.9115 |  116125.3749 |
+----------------------+-------------+-------------+-------------+-------------+-------------+-------------+-------------+-------------+-------------+-------------+-------------+-------------+-------------+-------------+-------------+-------------+-------------+-------------+-------------+-------------+-------------+-------------+-------------+-------------+-------------+-------------+-------------+-------------+-------------+-------------+-------------+-------------+-------------+-------------+-------------+-------------+-------------+-------------+-------------+-------------+-------------+-------------+-------------+-------------+-------------+-------------+-------------+-------------+-------------+-------------+-------------+-------------+-------------+-------------+-------------+-------------+-------------+-------------+-------------+-------------+-------------+-------------+-------------+-------------+-------------+-------------+-------------+-------------+-------------+-------------+-------------+-------------+-------------+-------------+-------------+-------------+-------------+-------------+-------------+-------------+-------------+-------------+-------------+-------------+-------------+-------------+-------------+-------------+-------------+-------------+-------------+-------------+-------------+-------------+-------------+-------------+-------------+-------------+-------------+-------------+--------------+--------------+--------------+--------------+--------------+--------------+--------------+--------------+--------------+--------------+--------------+--------------+--------------+--------------+--------------+--------------+--------------+--------------+--------------+--------------+--------------+--------------+--------------+--------------+--------------+--------------+--------------+--------------+
+---------------------------+--------------+-------------+-------------+-------------+
|           Metric          |      Sum     |     Min     |     Max     |     Avg     |
+---------------------------+--------------+-------------+-------------+-------------+
|  Runtime (RDTSC) [s] STAT |     213.0351 |      1.6641 |      1.6648 |      1.6643 |
| Runtime unhalted [s] STAT |     210.9203 |      1.6381 |      1.6548 |      1.6478 |
|      Clock [MHz] STAT     |  341402.1857 |   2652.1599 |   2678.2080 |   2667.2046 |
|          CPI STAT         |      30.9832 |      0.2408 |      0.2430 |      0.2421 |
|     DP [MFLOP/s] STAT     | 1.486420e+07 | 116096.5662 | 116143.5883 | 116126.5678 |
+---------------------------+--------------+-------------+-------------+-------------+
