--------------------------------------------------------------------------------
CPU name:	AMD EPYC 9755 128-Core Processor               
CPU type:	AMD K1A (Zen5) architecture
CPU clock:	2.70 GHz
--------------------------------------------------------------------------------
Region bench, Group 1: FLOPS_DP
+-------------------+------------+------------+------------+------------+------------+------------+------------+------------+------------+------------+-------------+-------------+-------------+-------------+-------------+-------------+-------------+-------------+-------------+-------------+-------------+-------------+-------------+-------------+-------------+-------------+-------------+-------------+-------------+-------------+-------------+-------------+-------------+-------------+-------------+-------------+-------------+-------------+-------------+-------------+-------------+-------------+-------------+-------------+-------------+-------------+-------------+-------------+-------------+-------------+-------------+-------------+-------------+-------------+-------------+-------------+-------------+-------------+-------------+-------------+-------------+-------------+-------------+-------------+-------------+-------------+-------------+-------------+-------------+-------------+-------------+-------------+-------------+-------------+-------------+-------------+-------------+-------------+-------------+-------------+-------------+-------------+-------------+-------------+-------------+-------------+-------------+-------------+-------------+-------------+-------------+-------------+-------------+-------------+-------------+-------------+-------------+-------------+-------------+-------------+--------------+--------------+--------------+--------------+--------------+--------------+--------------+--------------+--------------+--------------+--------------+--------------+--------------+--------------+--------------+--------------+--------------+--------------+--------------+--------------+--------------+--------------+--------------+--------------+--------------+--------------+--------------+--------------+
|    Region Info    | HWThread 0 | HWThread 1 | HWThread 2 | HWThread 3 | HWThread 4 | HWThread 5 | HWThread 6 | HWThread 7 | HWThread 8 | HWThread 9 | HWThread 10 | HWThread 11 | HWThread 12 | HWThread 13 | HWThread 14 | HWThread 15 | HWThread 16 | HWThread 17 | HWThread 18 | HWThread 19 | HWThread 20 | HWThread 21 | HWThread 22 | HWThread 23 | HWThread 24 | HWThread 25 | HWThread 26 | HWThread 27 | HWThread 28 | HWThread 29 | HWThread 30 | HWThread 31 | HWThread 32 | HWThread 33 | HWThread 34 | HWThread 35 | HWThread 36 | HWThread 37 | HWThread 38 | HWThread 39 | HWThread 40 | HWThread 41 | HWThread 42 | HWThread 43 | HWThread 44 | HWThread 45 | HWThread 46 | HWThread 47 | HWThread 48 | HWThread 49 | HWThread 50 | HWThread 51 | HWThread 52 | HWThread 53 | HWThread 54 | HWThread 55 | HWThread 56 | HWThread 57 | HWThread 58 | HWThread 59 | HWThread 60 | HWThread 61 | HWThread 62 | HWThread 63 | HWThread 64 | HWThread 65 | HWThread 66 | HWThread 67 | HWThread 68 | HWThread 69 | HWThread 70 | HWThread 71 | HWThread 72 | HWThread 73 | HWThread 74 | HWThread 75 | HWThread 76 | HWThread 77 | HWThread 78 | HWThread 79 | HWThread 80 | HWThread 81 | HWThread 82 | HWThread 83 | HWThread 84 | HWThread 85 | HWThread 86 | HWThread 87 | HWThread 88 | HWThread 89 | HWThread 90 | HWThread 91 | HWThread 92 | HWThread 93 | HWThread 94 | HWThread 95 | HWThread 96 | HWThread 97 | HWThread 98 | HWThread 99 | HWThread 100 | HWThread 101 | HWThread 102 | HWThread 103 | HWThread 104 | HWThread 105 | HWThread 106 | HWThread 107 | HWThread 108 | HWThread 109 | HWThread 110 | HWThread 111 | HWThread 112 | HWThread 113 | HWThread 114 | HWThread 115 | HWThread 116 | HWThread 117 | HWThread 118 | HWThread 119 | HWThread 120 | HWThread 121 | HWThread 122 | HWThread 123 | HWThread 124 | HWThread 125 | HWThread 126 | HWThread 127 |
+-------------------+------------+------------+------------+------------+------------+------------+------------+------------+------------+------------+-------------+-------------+-------------+-------------+-------------+-------------+-------------+-------------+-------------+-------------+-------------+-------------+-------------+-------------+-------------+-------------+-------------+-------------+-------------+-------------+-------------+-------------+-------------+-------------+-------------+-------------+-------------+-------------+-------------+-------------+-------------+-------------+-------------+-------------+-------------+-------------+-------------+-------------+-------------+-------------+-------------+-------------+-------------+-------------+-------------+-------------+-------------+-------------+-------------+-------------+-------------+-------------+-------------+-------------+-------------+-------------+-------------+-------------+-------------+-------------+-------------+-------------+-------------+-------------+-------------+-------------+-------------+-------------+-------------+-------------+-------------+-------------+-------------+-------------+-------------+-------------+-------------+-------------+-------------+-------------+-------------+-------------+-------------+-------------+-------------+-------------+-------------+-------------+-------------+-------------+--------------+--------------+--------------+--------------+--------------+--------------+--------------+--------------+--------------+--------------+--------------+--------------+--------------+--------------+--------------+--------------+--------------+--------------+--------------+--------------+--------------+--------------+--------------+--------------+--------------+--------------+--------------+--------------+
| RDTSC Runtime [s] |   2.623991 |   2.624215 |   2.624173 |   2.624216 |   2.623912 |   2.624234 |   2.624247 |   2.623956 |   2.623952 |   2.623966 |    2.624026 |    2.624071 |    2.624071 |    2.623966 |    2.624056 |    2.623905 |    2.623910 |    2.624005 |    2.623908 |    2.624218 |    2.624047 |    2.624005 |    2.624046 |    2.624001 |    2.623909 |    2.623997 |    2.623997 |    2.623998 |    2.623998 |    2.623954 |    2.623967 |    2.623967 |    2.624265 |    2.624579 |    2.624211 |    2.624699 |    2.623997 |    2.624878 |    2.624251 |    2.624204 |    2.623910 |    2.623910 |    2.623999 |    2.623997 |    2.624111 |    2.624125 |    2.624985 |    2.623908 |    2.623993 |    2.624000 |    2.624000 |    2.624000 |    2.624217 |    2.623998 |    2.624267 |    2.623937 |    2.623913 |    2.623995 |    2.624240 |    2.624045 |    2.623953 |    2.623995 |    2.624431 |    2.624183 |    2.624000 |    2.624072 |    2.624092 |    2.624125 |    2.623996 |    2.624126 |    2.623996 |    2.624000 |    2.624056 |    2.623907 |    2.624001 |    2.624000 |    2.624000 |    2.624001 |    2.624000 |    2.624112 |    2.624241 |    2.624220 |    2.624062 |    2.624218 |    2.624058 |    2.623908 |    2.623994 |    2.624250 |    2.624212 |    2.624218 |    2.624270 |    2.624218 |    2.623995 |    2.624000 |    2.624000 |    2.624259 |    2.624190 |    2.624191 |    2.624191 |    2.623992 |     2.624174 |     2.624212 |     2.623996 |     2.624212 |     2.623998 |     2.624333 |     2.623996 |     2.624227 |     2.624218 |     2.624231 |     2.624330 |     2.623965 |     2.624218 |     2.623911 |     2.623912 |     2.625116 |     2.623911 |     2.625149 |     2.624001 |     2.624206 |     2.623909 |     2.623912 |     2.623956 |     2.623956 |     2.624552 |     2.623956 |     2.623910 |     2.624005 |
|     call count    |          1 |          1 |          1 |          1 |          1 |          1 |          1 |          1 |          1 |          1 |           1 |           1 |           1 |           1 |           1 |           1 |           1 |           1 |           1 |           1 |           1 |           1 |           1 |           1 |           1 |           1 |           1 |           1 |           1 |           1 |           1 |           1 |           1 |           1 |           1 |           1 |           1 |           1 |           1 |           1 |           1 |           1 |           1 |           1 |           1 |           1 |           1 |           1 |           1 |           1 |           1 |           1 |           1 |           1 |           1 |           1 |           1 |           1 |           1 |           1 |           1 |           1 |           1 |           1 |           1 |           1 |           1 |           1 |           1 |           1 |           1 |           1 |           1 |           1 |           1 |           1 |           1 |           1 |           1 |           1 |           1 |           1 |           1 |           1 |           1 |           1 |           1 |           1 |           1 |           1 |           1 |           1 |           1 |           1 |           1 |           1 |           1 |           1 |           1 |           1 |            1 |            1 |            1 |            1 |            1 |            1 |            1 |            1 |            1 |            1 |            1 |            1 |            1 |            1 |            1 |            1 |            1 |            1 |            1 |            1 |            1 |            1 |            1 |            1 |            1 |            1 |            1 |            1 |
+-------------------+------------+------------+------------+------------+------------+------------+------------+------------+------------+------------+-------------+-------------+-------------+-------------+-------------+-------------+-------------+-------------+-------------+-------------+-------------+-------------+-------------+-------------+-------------+-------------+-------------+-------------+-------------+-------------+-------------+-------------+-------------+-------------+-------------+-------------+-------------+-------------+-------------+-------------+-------------+-------------+-------------+-------------+-------------+-------------+-------------+-------------+-------------+-------------+-------------+-------------+-------------+-------------+-------------+-------------+-------------+-------------+-------------+-------------+-------------+-------------+-------------+-------------+-------------+-------------+-------------+-------------+-------------+-------------+-------------+-------------+-------------+-------------+-------------+-------------+-------------+-------------+-------------+-------------+-------------+-------------+-------------+-------------+-------------+-------------+-------------+-------------+-------------+-------------+-------------+-------------+-------------+-------------+-------------+-------------+-------------+-------------+-------------+-------------+--------------+--------------+--------------+--------------+--------------+--------------+--------------+--------------+--------------+--------------+--------------+--------------+--------------+--------------+--------------+--------------+--------------+--------------+--------------+--------------+--------------+--------------+--------------+--------------+--------------+--------------+--------------+--------------+
+-------------------------------------+---------+--------------+--------------+--------------+--------------+--------------+--------------+--------------+--------------+--------------+--------------+--------------+--------------+--------------+--------------+--------------+--------------+--------------+--------------+--------------+--------------+--------------+--------------+--------------+--------------+--------------+--------------+--------------+--------------+--------------+--------------+--------------+--------------+--------------+--------------+--------------+--------------+--------------+--------------+--------------+--------------+--------------+--------------+--------------+--------------+--------------+--------------+--------------+--------------+--------------+--------------+--------------+--------------+--------------+--------------+--------------+--------------+--------------+--------------+--------------+--------------+--------------+--------------+--------------+--------------+--------------+--------------+--------------+--------------+--------------+--------------+--------------+--------------+--------------+--------------+--------------+--------------+--------------+--------------+--------------+--------------+--------------+--------------+--------------+--------------+--------------+--------------+--------------+--------------+--------------+--------------+--------------+--------------+--------------+--------------+--------------+--------------+--------------+--------------+--------------+--------------+--------------+--------------+--------------+--------------+--------------+--------------+--------------+--------------+--------------+--------------+--------------+--------------+--------------+--------------+--------------+--------------+--------------+--------------+--------------+--------------+--------------+--------------+--------------+--------------+--------------+--------------+--------------+--------------+
|                Event                | Counter |  HWThread 0  |  HWThread 1  |  HWThread 2  |  HWThread 3  |  HWThread 4  |  HWThread 5  |  HWThread 6  |  HWThread 7  |  HWThread 8  |  HWThread 9  |  HWThread 10 |  HWThread 11 |  HWThread 12 |  HWThread 13 |  HWThread 14 |  HWThread 15 |  HWThread 16 |  HWThread 17 |  HWThread 18 |  HWThread 19 |  HWThread 20 |  HWThread 21 |  HWThread 22 |  HWThread 23 |  HWThread 24 |  HWThread 25 |  HWThread 26 |  HWThread 27 |  HWThread 28 |  HWThread 29 |  HWThread 30 |  HWThread 31 |  HWThread 32 |  HWThread 33 |  HWThread 34 |  HWThread 35 |  HWThread 36 |  HWThread 37 |  HWThread 38 |  HWThread 39 |  HWThread 40 |  HWThread 41 |  HWThread 42 |  HWThread 43 |  HWThread 44 |  HWThread 45 |  HWThread 46 |  HWThread 47 |  HWThread 48 |  HWThread 49 |  HWThread 50 |  HWThread 51 |  HWThread 52 |  HWThread 53 |  HWThread 54 |  HWThread 55 |  HWThread 56 |  HWThread 57 |  HWThread 58 |  HWThread 59 |  HWThread 60 |  HWThread 61 |  HWThread 62 |  HWThread 63 |  HWThread 64 |  HWThread 65 |  HWThread 66 |  HWThread 67 |  HWThread 68 |  HWThread 69 |  HWThread 70 |  HWThread 71 |  HWThread 72 |  HWThread 73 |  HWThread 74 |  HWThread 75 |  HWThread 76 |  HWThread 77 |  HWThread 78 |  HWThread 79 |  HWThread 80 |  HWThread 81 |  HWThread 82 |  HWThread 83 |  HWThread 84 |  HWThread 85 |  HWThread 86 |  HWThread 87 |  HWThread 88 |  HWThread 89 |  HWThread 90 |  HWThread 91 |  HWThread 92 |  HWThread 93 |  HWThread 94 |  HWThread 95 |  HWThread 96 |  HWThread 97 |  HWThread 98 |  HWThread 99 | HWThread 100 | HWThread 101 | HWThread 102 | HWThread 103 | HWThread 104 | HWThread 105 | HWThread 106 | HWThread 107 | HWThread 108 | HWThread 109 | HWThread 110 | HWThread 111 | HWThread 112 | HWThread 113 | HWThread 114 | HWThread 115 | HWThread 116 | HWThread 117 | HWThread 118 | HWThread 119 | HWThread 120 | HWThread 121 | HWThread 122 | HWThread 123 | HWThread 124 | HWThread 125 | HWThread 126 | HWThread 127 |
+-------------------------------------+---------+--------------+--------------+--------------+--------------+--------------+--------------+--------------+--------------+--------------+--------------+--------------+--------------+--------------+--------------+--------------+--------------+--------------+--------------+--------------+--------------+--------------+--------------+--------------+--------------+--------------+--------------+--------------+--------------+--------------+--------------+--------------+--------------+--------------+--------------+--------------+--------------+--------------+--------------+--------------+--------------+--------------+--------------+--------------+--------------+--------------+--------------+--------------+--------------+--------------+--------------+--------------+--------------+--------------+--------------+--------------+--------------+--------------+--------------+--------------+--------------+--------------+--------------+--------------+--------------+--------------+--------------+--------------+--------------+--------------+--------------+--------------+--------------+--------------+--------------+--------------+--------------+--------------+--------------+--------------+--------------+--------------+--------------+--------------+--------------+--------------+--------------+--------------+--------------+--------------+--------------+--------------+--------------+--------------+--------------+--------------+--------------+--------------+--------------+--------------+--------------+--------------+--------------+--------------+--------------+--------------+--------------+--------------+--------------+--------------+--------------+--------------+--------------+--------------+--------------+--------------+--------------+--------------+--------------+--------------+--------------+--------------+--------------+--------------+--------------+--------------+--------------+--------------+--------------+
|           ACTUAL_CPU_CLOCK          |  FIXC1  |   8181362000 |   8181945000 |   8182051000 |   8182781000 |   8181941000 |   8182428000 |   8182636000 |   8181445000 |   8139674000 |   8139607000 |   8140375000 |   8139754000 |   8139786000 |   8139698000 |   8139680000 |   8139911000 |   8178624000 |   8178673000 |   8179846000 |   8178618000 |   8178753000 |   8178438000 |   8179428000 |   8178685000 |   8164267000 |   8165024000 |   8165041000 |   8164335000 |   8165509000 |   8164304000 |   8164032000 |   8164023000 |   8099995000 |   8100220000 |   8099782000 |   8101316000 |   8099316000 |   8099921000 |   8099652000 |   8100606000 |   8159894000 |   8160033000 |   8159910000 |   8160384000 |   8160052000 |   8160039000 |   8161011000 |   8160845000 |   8176584000 |   8176457000 |   8176289000 |   8176377000 |   8176945000 |   8176638000 |   8177012000 |   8176068000 |   8132423000 |   8132388000 |   8132437000 |   8131649000 |   8132644000 |   8131732000 |   8132647000 |   8132485000 |   8171219000 |   8171412000 |   8170465000 |   8170296000 |   8170606000 |   8171272000 |   8170162000 |   8171122000 |   8182990000 |   8182896000 |   8183378000 |   8183265000 |   8183435000 |   8183097000 |   8182921000 |   8183418000 |   8168315000 |   8168365000 |   8167874000 |   8168323000 |   8167871000 |   8166984000 |   8168209000 |   8167390000 |   8177586000 |   8177740000 |   8177714000 |   8177788000 |   8177252000 |   8177263000 |   8177249000 |   8177649000 |   8196595000 |   8195731000 |   8195692000 |   8196248000 |   8196436000 |   8195537000 |   8195611000 |   8196404000 |   8130969000 |   8131817000 |   8130909000 |   8131506000 |   8131486000 |   8131491000 |   8131413000 |   8130957000 |   8187643000 |   8187524000 |   8187133000 |   8188357000 |   8186411000 |   8187465000 |   8187263000 |   8187870000 |   8140516000 |   8141288000 |   8141715000 |   8140518000 |   8142375000 |   8141240000 |   8141587000 |   8140749000 |
|            MAX_CPU_CLOCK            |  FIXC2  |   7079042000 |   7079262000 |   7079305000 |   7079679000 |   7078730000 |   7079172000 |   7079549000 |   7079035000 |   7078978000 |   7078659000 |   7078997000 |   7079052000 |   7079092000 |   7078972000 |   7078906000 |   7078911000 |   7078986000 |   7079051000 |   7079109000 |   7078985000 |   7079104000 |   7078138000 |   7079094000 |   7079068000 |   7078925000 |   7079228000 |   7079365000 |   7078966000 |   7079252000 |   7078942000 |   7078970000 |   7078980000 |   7079285000 |   7079827000 |   7078921000 |   7080365000 |   7079005000 |   7078841000 |   7078238000 |   7079439000 |   7078971000 |   7078726000 |   7078976000 |   7078945000 |   7078847000 |   7079107000 |   7079983000 |   7079180000 |   7079273000 |   7079828000 |   7079467000 |   7079667000 |   7079387000 |   7079241000 |   7079442000 |   7079253000 |   7078748000 |   7078991000 |   7079266000 |   7078185000 |   7079093000 |   7077959000 |   7079699000 |   7079290000 |   7079452000 |   7079004000 |   7078885000 |   7078713000 |   7079077000 |   7079184000 |   7078308000 |   7079344000 |   7079286000 |   7079336000 |   7079356000 |   7079260000 |   7079365000 |   7078984000 |   7079156000 |   7079339000 |   7079522000 |   7079669000 |   7079223000 |   7079614000 |   7079129000 |   7078277000 |   7079314000 |   7079283000 |   7079535000 |   7079360000 |   7079651000 |   7079393000 |   7079290000 |   7079329000 |   7079223000 |   7079566000 |   7079451000 |   7079350000 |   7079339000 |   7079377000 |   7079652000 |   7079238000 |   7079031000 |   7079642000 |   7079403000 |   7080149000 |   7079264000 |   7079602000 |   7079488000 |   7079503000 |   7079663000 |   7079344000 |   7079370000 |   7079273000 |   7079361000 |   7080251000 |   7079024000 |   7080030000 |   7079513000 |   7079605000 |   7079010000 |   7079356000 |   7079345000 |   7078987000 |   7080001000 |   7079051000 |   7079346000 |   7079136000 |
|         RETIRED_INSTRUCTIONS        |   PMC0  |  20422050000 |  20424350000 |  20424220000 |  20424390000 |  20424130000 |  20424360000 |  20424280000 |  20424160000 |  20413770000 |  20413830000 |  20413810000 |  20413810000 |  20413800000 |  20413760000 |  20413790000 |  20413760000 |  20421830000 |  20421870000 |  20421630000 |  20421980000 |  20421850000 |  20421780000 |  20421810000 |  20421810000 |  20418090000 |  20418130000 |  20417870000 |  20418130000 |  20418100000 |  20418100000 |  20418020000 |  20418030000 |  20407880000 |  20408090000 |  20407760000 |  20407790000 |  20407690000 |  20408110000 |  20407660000 |  20407740000 |  20417620000 |  20417640000 |  20417630000 |  20417560000 |  20417680000 |  20417710000 |  20417970000 |  20417600000 |  20420110000 |  20420060000 |  20420060000 |  20420050000 |  20420230000 |  20420040000 |  20420180000 |  20419980000 |  20413080000 |  20413300000 |  20413460000 |  20413390000 |  20412510000 |  20412640000 |  20413530000 |  20413330000 |  20419960000 |  20420020000 |  20420000000 |  20420000000 |  20419930000 |  20420030000 |  20419970000 |  20419970000 |  20421900000 |  20421810000 |  20421810000 |  20421790000 |  20421810000 |  20421800000 |  20421780000 |  20421870000 |  20419540000 |  20419540000 |  20419430000 |  20419520000 |  20419450000 |  20419400000 |  20419390000 |  20419550000 |  20422030000 |  20422020000 |  20422020000 |  20422020000 |  20421180000 |  20421290000 |  20421100000 |  20421370000 |  20424430000 |  20424410000 |  20424400000 |  20424240000 |  20424390000 |  20424390000 |  20424320000 |  20424420000 |  20411420000 |  20411570000 |  20411390000 |  20411590000 |  20411500000 |  20411550000 |  20411530000 |  20411480000 |  20423980000 |  20423860000 |  20423710000 |  20424590000 |  20423770000 |  20424540000 |  20423810000 |  20423930000 |  20413560000 |  20413620000 |  20413540000 |  20413570000 |  20413280000 |  20412750000 |  20412870000 |  20412930000 |
|         CPU_CLOCKS_UNHALTED         |   PMC1  |   8137322000 |   8150408000 |   8149603000 |   8150562000 |   8149102000 |   8150358000 |   8150054000 |   8149272000 |   8101420000 |   8101838000 |   8101696000 |   8101759000 |   8101723000 |   8101328000 |   8101662000 |   8100882000 |   8140971000 |   8141343000 |   8139906000 |   8141921000 |   8141252000 |   8140772000 |   8141133000 |   8141013000 |   8125616000 |   8126027000 |   8125600000 |   8125994000 |   8125893000 |   8125717000 |   8125456000 |   8125513000 |   8065762000 |   8066904000 |   8065065000 |   8066169000 |   8064673000 |   8067541000 |   8064632000 |   8065042000 |   8120699000 |   8120783000 |   8120991000 |   8120592000 |   8121297000 |   8121375000 |   8122875000 |   8120695000 |   8137005000 |   8136831000 |   8136764000 |   8136735000 |   8137738000 |   8136647000 |   8137507000 |   8136640000 |   8092263000 |   8093556000 |   8094442000 |   8093957000 |   8092664000 |   8093357000 |   8094831000 |   8093688000 |   8133596000 |   8133990000 |   8133838000 |   8133767000 |   8133533000 |   8133999000 |   8133502000 |   8133664000 |   8144765000 |   8144187000 |   8144446000 |   8144368000 |   8144397000 |   8144310000 |   8144296000 |   8144635000 |   8131121000 |   8131113000 |   8130350000 |   8130979000 |   8130227000 |   8129893000 |   8130068000 |   8131043000 |   8140245000 |   8140242000 |   8140283000 |   8140158000 |   8139151000 |   8139595000 |   8138663000 |   8140095000 |   8160699000 |   8160921000 |   8160873000 |   8160091000 |   8160803000 |   8160793000 |   8160127000 |   8161042000 |   8093142000 |   8094253000 |   8093005000 |   8093992000 |   8093896000 |   8094072000 |   8094089000 |   8093438000 |   8151358000 |   8150486000 |   8149760000 |   8154788000 |   8150046000 |   8154448000 |   8150368000 |   8151156000 |   8103711000 |   8104009000 |   8103766000 |   8103833000 |   8105725000 |   8102862000 |   8103430000 |   8103839000 |
|                MERGE                |   PMC3  |            0 |            0 |            0 |            0 |            0 |            0 |            0 |            0 |            0 |            0 |            0 |            0 |            0 |            0 |            0 |            0 |            0 |            0 |            0 |            0 |            0 |            0 |            0 |            0 |            0 |            0 |            0 |            0 |            0 |            0 |            0 |            0 |            0 |            0 |            0 |            0 |            0 |            0 |            0 |            0 |            0 |            0 |            0 |            0 |            0 |            0 |            0 |            0 |            0 |            0 |            0 |            0 |            0 |            0 |            0 |            0 |            0 |            0 |            0 |            0 |            0 |            0 |            0 |            0 |            0 |            0 |            0 |            0 |            0 |            0 |            0 |            0 |            0 |            0 |            0 |            0 |            0 |            0 |            0 |            0 |            0 |            0 |            0 |            0 |            0 |            0 |            0 |            0 |            0 |            0 |            0 |            0 |            0 |            0 |            0 |            0 |            0 |            0 |            0 |            0 |            0 |            0 |            0 |            0 |            0 |            0 |            0 |            0 |            0 |            0 |            0 |            0 |            0 |            0 |            0 |            0 |            0 |            0 |            0 |            0 |            0 |            0 |            0 |            0 |            0 |            0 |            0 |            0 |
| RETIRED_SSE_AVX_FLOPS_ALL_DP_SCALAR |   PMC2  |           12 |           12 |           12 |           12 |           12 |           12 |           12 |           12 |           12 |           12 |           12 |           12 |           12 |           12 |           12 |           12 |           12 |           12 |           12 |           12 |           12 |           12 |           12 |           12 |           12 |           12 |           12 |           12 |           12 |           12 |           12 |           12 |           12 |           12 |           12 |           12 |           12 |           12 |           12 |           12 |           12 |           12 |           12 |           12 |           12 |           12 |           12 |           12 |           12 |           12 |           12 |           12 |           12 |           12 |           12 |           12 |           12 |           12 |           12 |           12 |           12 |           12 |           12 |           12 |           12 |           12 |           12 |           12 |           12 |           12 |           12 |           12 |           12 |           12 |           12 |           12 |           12 |           12 |           12 |           12 |           12 |           12 |           12 |           12 |           12 |           12 |           12 |           12 |           12 |           12 |           12 |           12 |           12 |           12 |           12 |           12 |           12 |           12 |           12 |           12 |           12 |           12 |           12 |           12 |           12 |           12 |           12 |           12 |           12 |           12 |           12 |           12 |           12 |           12 |           12 |           12 |           12 |           12 |           12 |           12 |           12 |           12 |           12 |           12 |           12 |           12 |           12 |           12 |
|                MERGE                |   PMC5  |            0 |            0 |            0 |            0 |            0 |            0 |            0 |            0 |            0 |            0 |            0 |            0 |            0 |            0 |            0 |            0 |            0 |            0 |            0 |            0 |            0 |            0 |            0 |            0 |            0 |            0 |            0 |            0 |            0 |            0 |            0 |            0 |            0 |            0 |            0 |            0 |            0 |            0 |            0 |            0 |            0 |            0 |            0 |            0 |            0 |            0 |            0 |            0 |            0 |            0 |            0 |            0 |            0 |            0 |            0 |            0 |            0 |            0 |            0 |            0 |            0 |            0 |            0 |            0 |            0 |            0 |            0 |            0 |            0 |            0 |            0 |            0 |            0 |            0 |            0 |            0 |            0 |            0 |            0 |            0 |            0 |            0 |            0 |            0 |            0 |            0 |            0 |            0 |            0 |            0 |            0 |            0 |            0 |            0 |            0 |            0 |            0 |            0 |            0 |            0 |            0 |            0 |            0 |            0 |            0 |            0 |            0 |            0 |            0 |            0 |            0 |            0 |            0 |            0 |            0 |            0 |            0 |            0 |            0 |            0 |            0 |            0 |            0 |            0 |            0 |            0 |            0 |            0 |
| RETIRED_SSE_AVX_FLOPS_ALL_DP_PACKED |   PMC4  | 257698000000 | 257698000000 | 257698000000 | 257698000000 | 257698000000 | 257698000000 | 257698000000 | 257698000000 | 257698000000 | 257698000000 | 257698000000 | 257698000000 | 257698000000 | 257698000000 | 257698000000 | 257698000000 | 257698000000 | 257698000000 | 257698000000 | 257698000000 | 257698000000 | 257698000000 | 257698000000 | 257698000000 | 257698000000 | 257698000000 | 257698000000 | 257698000000 | 257698000000 | 257698000000 | 257698000000 | 257698000000 | 257698000000 | 257698000000 | 257698000000 | 257698000000 | 257698000000 | 257698000000 | 257698000000 | 257698000000 | 257698000000 | 257698000000 | 257698000000 | 257698000000 | 257698000000 | 257698000000 | 257698000000 | 257698000000 | 257698000000 | 257698000000 | 257698000000 | 257698000000 | 257698000000 | 257698000000 | 257698000000 | 257698000000 | 257698000000 | 257698000000 | 257698000000 | 257698000000 | 257698000000 | 257698000000 | 257698000000 | 257698000000 | 257698000000 | 257698000000 | 257698000000 | 257698000000 | 257698000000 | 257698000000 | 257698000000 | 257698000000 | 257698000000 | 257698000000 | 257698000000 | 257698000000 | 257698000000 | 257698000000 | 257698000000 | 257698000000 | 257698000000 | 257698000000 | 257698000000 | 257698000000 | 257698000000 | 257698000000 | 257698000000 | 257698000000 | 257698000000 | 257698000000 | 257698000000 | 257698000000 | 257698000000 | 257698000000 | 257698000000 | 257698000000 | 257698000000 | 257698000000 | 257698000000 | 257698000000 | 257698000000 | 257698000000 | 257698000000 | 257698000000 | 257698000000 | 257698000000 | 257698000000 | 257698000000 | 257698000000 | 257698000000 | 257698000000 | 257698000000 | 257698000000 | 257698000000 | 257698000000 | 257698000000 | 257698000000 | 257698000000 | 257698000000 | 257698000000 | 257698000000 | 257698000000 | 257698000000 | 257698000000 | 257698000000 | 257698000000 | 257698000000 | 257698000000 |
+-------------------------------------+---------+--------------+--------------+--------------+--------------+--------------+--------------+--------------+--------------+--------------+--------------+--------------+--------------+--------------+--------------+--------------+--------------+--------------+--------------+--------------+--------------+--------------+--------------+--------------+--------------+--------------+--------------+--------------+--------------+--------------+--------------+--------------+--------------+--------------+--------------+--------------+--------------+--------------+--------------+--------------+--------------+--------------+--------------+--------------+--------------+--------------+--------------+--------------+--------------+--------------+--------------+--------------+--------------+--------------+--------------+--------------+--------------+--------------+--------------+--------------+--------------+--------------+--------------+--------------+--------------+--------------+--------------+--------------+--------------+--------------+--------------+--------------+--------------+--------------+--------------+--------------+--------------+--------------+--------------+--------------+--------------+--------------+--------------+--------------+--------------+--------------+--------------+--------------+--------------+--------------+--------------+--------------+--------------+--------------+--------------+--------------+--------------+--------------+--------------+--------------+--------------+--------------+--------------+--------------+--------------+--------------+--------------+--------------+--------------+--------------+--------------+--------------+--------------+--------------+--------------+--------------+--------------+--------------+--------------+--------------+--------------+--------------+--------------+--------------+--------------+--------------+--------------+--------------+--------------+
+------------------------------------------+---------+----------------+--------------+--------------+--------------+
|                   Event                  | Counter |       Sum      |      Min     |      Max     |      Avg     |
+------------------------------------------+---------+----------------+--------------+--------------+--------------+
|           ACTUAL_CPU_CLOCK STAT          |  FIXC1  |  1044720407000 |   8099316000 |   8196595000 | 8.161878e+09 |
|            MAX_CPU_CLOCK STAT            |  FIXC2  |   906140531000 |   7077959000 |   7080365000 | 7.079223e+09 |
|         RETIRED_INSTRUCTIONS STAT        |   PMC0  |  2613540020000 |  20407660000 |  20424590000 | 2.041828e+10 |
|         CPU_CLOCKS_UNHALTED STAT         |   PMC1  |  1039940176000 |   8064632000 |   8161042000 |   8124532625 |
|                MERGE STAT                |   PMC3  |              0 |            0 |            0 |            0 |
| RETIRED_SSE_AVX_FLOPS_ALL_DP_SCALAR STAT |   PMC2  |           1536 |           12 |           12 |           12 |
|                MERGE STAT                |   PMC5  |              0 |            0 |            0 |            0 |
| RETIRED_SSE_AVX_FLOPS_ALL_DP_PACKED STAT |   PMC4  | 32985344000000 | 257698000000 | 257698000000 | 257698000000 |
+------------------------------------------+---------+----------------+--------------+--------------+--------------+
+----------------------+------------+------------+------------+------------+------------+------------+------------+------------+------------+------------+-------------+-------------+-------------+-------------+-------------+-------------+-------------+-------------+-------------+-------------+-------------+-------------+-------------+-------------+-------------+-------------+-------------+-------------+-------------+-------------+-------------+-------------+-------------+-------------+-------------+-------------+-------------+-------------+-------------+-------------+-------------+-------------+-------------+-------------+-------------+-------------+-------------+-------------+-------------+-------------+-------------+-------------+-------------+-------------+-------------+-------------+-------------+-------------+-------------+-------------+-------------+-------------+-------------+-------------+-------------+-------------+-------------+-------------+-------------+-------------+-------------+-------------+-------------+-------------+-------------+-------------+-------------+-------------+-------------+-------------+-------------+-------------+-------------+-------------+-------------+-------------+-------------+-------------+-------------+-------------+-------------+-------------+-------------+-------------+-------------+-------------+-------------+-------------+-------------+-------------+--------------+--------------+--------------+--------------+--------------+--------------+--------------+--------------+--------------+--------------+--------------+--------------+--------------+--------------+--------------+--------------+--------------+--------------+--------------+--------------+--------------+--------------+--------------+--------------+--------------+--------------+--------------+--------------+
|        Metric        | HWThread 0 | HWThread 1 | HWThread 2 | HWThread 3 | HWThread 4 | HWThread 5 | HWThread 6 | HWThread 7 | HWThread 8 | HWThread 9 | HWThread 10 | HWThread 11 | HWThread 12 | HWThread 13 | HWThread 14 | HWThread 15 | HWThread 16 | HWThread 17 | HWThread 18 | HWThread 19 | HWThread 20 | HWThread 21 | HWThread 22 | HWThread 23 | HWThread 24 | HWThread 25 | HWThread 26 | HWThread 27 | HWThread 28 | HWThread 29 | HWThread 30 | HWThread 31 | HWThread 32 | HWThread 33 | HWThread 34 | HWThread 35 | HWThread 36 | HWThread 37 | HWThread 38 | HWThread 39 | HWThread 40 | HWThread 41 | HWThread 42 | HWThread 43 | HWThread 44 | HWThread 45 | HWThread 46 | HWThread 47 | HWThread 48 | HWThread 49 | HWThread 50 | HWThread 51 | HWThread 52 | HWThread 53 | HWThread 54 | HWThread 55 | HWThread 56 | HWThread 57 | HWThread 58 | HWThread 59 | HWThread 60 | HWThread 61 | HWThread 62 | HWThread 63 | HWThread 64 | HWThread 65 | HWThread 66 | HWThread 67 | HWThread 68 | HWThread 69 | HWThread 70 | HWThread 71 | HWThread 72 | HWThread 73 | HWThread 74 | HWThread 75 | HWThread 76 | HWThread 77 | HWThread 78 | HWThread 79 | HWThread 80 | HWThread 81 | HWThread 82 | HWThread 83 | HWThread 84 | HWThread 85 | HWThread 86 | HWThread 87 | HWThread 88 | HWThread 89 | HWThread 90 | HWThread 91 | HWThread 92 | HWThread 93 | HWThread 94 | HWThread 95 | HWThread 96 | HWThread 97 | HWThread 98 | HWThread 99 | HWThread 100 | HWThread 101 | HWThread 102 | HWThread 103 | HWThread 104 | HWThread 105 | HWThread 106 | HWThread 107 | HWThread 108 | HWThread 109 | HWThread 110 | HWThread 111 | HWThread 112 | HWThread 113 | HWThread 114 | HWThread 115 | HWThread 116 | HWThread 117 | HWThread 118 | HWThread 119 | HWThread 120 | HWThread 121 | HWThread 122 | HWThread 123 | HWThread 124 | HWThread 125 | HWThread 126 | HWThread 127 |
+----------------------+------------+------------+------------+------------+------------+------------+------------+------------+------------+------------+-------------+-------------+-------------+-------------+-------------+-------------+-------------+-------------+-------------+-------------+-------------+-------------+-------------+-------------+-------------+-------------+-------------+-------------+-------------+-------------+-------------+-------------+-------------+-------------+-------------+-------------+-------------+-------------+-------------+-------------+-------------+-------------+-------------+-------------+-------------+-------------+-------------+-------------+-------------+-------------+-------------+-------------+-------------+-------------+-------------+-------------+-------------+-------------+-------------+-------------+-------------+-------------+-------------+-------------+-------------+-------------+-------------+-------------+-------------+-------------+-------------+-------------+-------------+-------------+-------------+-------------+-------------+-------------+-------------+-------------+-------------+-------------+-------------+-------------+-------------+-------------+-------------+-------------+-------------+-------------+-------------+-------------+-------------+-------------+-------------+-------------+-------------+-------------+-------------+-------------+--------------+--------------+--------------+--------------+--------------+--------------+--------------+--------------+--------------+--------------+--------------+--------------+--------------+--------------+--------------+--------------+--------------+--------------+--------------+--------------+--------------+--------------+--------------+--------------+--------------+--------------+--------------+--------------+
|  Runtime (RDTSC) [s] |     2.6240 |     2.6242 |     2.6242 |     2.6242 |     2.6239 |     2.6242 |     2.6242 |     2.6240 |     2.6240 |     2.6240 |      2.6240 |      2.6241 |      2.6241 |      2.6240 |      2.6241 |      2.6239 |      2.6239 |      2.6240 |      2.6239 |      2.6242 |      2.6240 |      2.6240 |      2.6240 |      2.6240 |      2.6239 |      2.6240 |      2.6240 |      2.6240 |      2.6240 |      2.6240 |      2.6240 |      2.6240 |      2.6243 |      2.6246 |      2.6242 |      2.6247 |      2.6240 |      2.6249 |      2.6243 |      2.6242 |      2.6239 |      2.6239 |      2.6240 |      2.6240 |      2.6241 |      2.6241 |      2.6250 |      2.6239 |      2.6240 |      2.6240 |      2.6240 |      2.6240 |      2.6242 |      2.6240 |      2.6243 |      2.6239 |      2.6239 |      2.6240 |      2.6242 |      2.6240 |      2.6240 |      2.6240 |      2.6244 |      2.6242 |      2.6240 |      2.6241 |      2.6241 |      2.6241 |      2.6240 |      2.6241 |      2.6240 |      2.6240 |      2.6241 |      2.6239 |      2.6240 |      2.6240 |      2.6240 |      2.6240 |      2.6240 |      2.6241 |      2.6242 |      2.6242 |      2.6241 |      2.6242 |      2.6241 |      2.6239 |      2.6240 |      2.6242 |      2.6242 |      2.6242 |      2.6243 |      2.6242 |      2.6240 |      2.6240 |      2.6240 |      2.6243 |      2.6242 |      2.6242 |      2.6242 |      2.6240 |       2.6242 |       2.6242 |       2.6240 |       2.6242 |       2.6240 |       2.6243 |       2.6240 |       2.6242 |       2.6242 |       2.6242 |       2.6243 |       2.6240 |       2.6242 |       2.6239 |       2.6239 |       2.6251 |       2.6239 |       2.6251 |       2.6240 |       2.6242 |       2.6239 |       2.6239 |       2.6240 |       2.6240 |       2.6246 |       2.6240 |       2.6239 |       2.6240 |
| Runtime unhalted [s] |     3.0343 |     3.0345 |     3.0346 |     3.0348 |     3.0345 |     3.0347 |     3.0348 |     3.0343 |     3.0188 |     3.0188 |      3.0191 |      3.0189 |      3.0189 |      3.0189 |      3.0188 |      3.0189 |      3.0333 |      3.0333 |      3.0337 |      3.0333 |      3.0333 |      3.0332 |      3.0336 |      3.0333 |      3.0280 |      3.0282 |      3.0283 |      3.0280 |      3.0284 |      3.0280 |      3.0279 |      3.0279 |      3.0041 |      3.0042 |      3.0040 |      3.0046 |      3.0039 |      3.0041 |      3.0040 |      3.0044 |      3.0263 |      3.0264 |      3.0263 |      3.0265 |      3.0264 |      3.0264 |      3.0268 |      3.0267 |      3.0325 |      3.0325 |      3.0324 |      3.0325 |      3.0327 |      3.0326 |      3.0327 |      3.0323 |      3.0162 |      3.0161 |      3.0162 |      3.0159 |      3.0162 |      3.0159 |      3.0162 |      3.0162 |      3.0305 |      3.0306 |      3.0303 |      3.0302 |      3.0303 |      3.0306 |      3.0302 |      3.0305 |      3.0349 |      3.0349 |      3.0351 |      3.0350 |      3.0351 |      3.0349 |      3.0349 |      3.0351 |      3.0295 |      3.0295 |      3.0293 |      3.0295 |      3.0293 |      3.0290 |      3.0294 |      3.0291 |      3.0329 |      3.0330 |      3.0330 |      3.0330 |      3.0328 |      3.0328 |      3.0328 |      3.0329 |      3.0400 |      3.0396 |      3.0396 |      3.0398 |       3.0399 |       3.0396 |       3.0396 |       3.0399 |       3.0156 |       3.0159 |       3.0156 |       3.0158 |       3.0158 |       3.0158 |       3.0158 |       3.0156 |       3.0366 |       3.0366 |       3.0364 |       3.0369 |       3.0362 |       3.0366 |       3.0365 |       3.0367 |       3.0192 |       3.0194 |       3.0196 |       3.0192 |       3.0198 |       3.0194 |       3.0196 |       3.0192 |
|      Clock [MHz]     |  3116.1438 |  3116.2690 |  3116.2904 |  3116.4038 |  3116.5017 |  3116.4926 |  3116.4058 |  3116.1785 |  3100.2936 |  3100.4078 |   3100.5522 |   3100.2916 |   3100.2863 |   3100.3053 |   3100.3274 |   3100.4132 |   3115.1256 |   3115.1156 |   3115.5369 |   3115.1237 |   3115.1228 |   3115.4279 |   3115.3843 |   3115.1127 |   3109.6840 |   3109.8392 |   3109.7855 |   3109.6919 |   3110.0134 |   3109.6906 |   3109.5747 |   3109.5669 |   3085.0466 |   3084.8961 |   3085.1241 |   3085.0790 |   3084.9100 |   3085.2119 |   3085.3722 |   3085.2122 |   3107.9982 |   3108.1587 |   3108.0021 |   3108.1962 |   3108.1128 |   3107.9937 |   3107.9793 |   3108.2686 |   3114.2223 |   3113.9298 |   3114.0246 |   3113.9702 |   3114.3097 |   3114.2570 |   3114.3110 |   3114.0346 |   3097.6324 |   3097.5127 |   3097.4111 |   3097.5839 |   3097.5656 |   3097.7145 |   3097.3016 |   3097.4188 |   3112.1002 |   3112.3707 |   3112.0623 |   3112.0736 |   3112.0316 |   3112.2383 |   3112.2006 |   3112.1108 |   3116.6564 |   3116.5986 |   3116.7734 |   3116.7726 |   3116.7912 |   3116.8302 |   3116.6874 |   3116.7961 |   3110.9635 |   3110.9179 |   3110.9269 |   3110.9261 |   3110.9671 |   3111.0036 |   3111.0145 |   3110.7162 |   3114.4887 |   3114.6243 |   3114.4864 |   3114.6281 |   3114.4693 |   3114.4563 |   3114.4976 |   3114.4990 |   3121.7654 |   3121.4809 |   3121.4709 |   3121.6659 |    3121.6162 |    3121.4564 |    3121.5758 |    3121.6085 |    3096.7920 |    3096.7887 |    3096.8300 |    3096.9095 |    3096.9517 |    3096.9471 |    3096.8474 |    3096.8133 |    3118.3916 |    3118.3890 |    3118.2014 |    3118.2755 |    3118.0748 |    3118.0331 |    3118.1839 |    3118.3746 |    3100.6003 |    3100.7427 |    3100.9102 |    3100.6111 |    3100.8742 |    3100.8581 |    3100.8610 |    3100.6338 |
|          CPI         |     0.3985 |     0.3991 |     0.3990 |     0.3991 |     0.3990 |     0.3991 |     0.3990 |     0.3990 |     0.3969 |     0.3969 |      0.3969 |      0.3969 |      0.3969 |      0.3969 |      0.3969 |      0.3968 |      0.3986 |      0.3987 |      0.3986 |      0.3987 |      0.3987 |      0.3986 |      0.3986 |      0.3986 |      0.3980 |      0.3980 |      0.3980 |      0.3980 |      0.3980 |      0.3980 |      0.3980 |      0.3980 |      0.3952 |      0.3953 |      0.3952 |      0.3952 |      0.3952 |      0.3953 |      0.3952 |      0.3952 |      0.3977 |      0.3977 |      0.3977 |      0.3977 |      0.3978 |      0.3978 |      0.3978 |      0.3977 |      0.3985 |      0.3985 |      0.3985 |      0.3985 |      0.3985 |      0.3985 |      0.3985 |      0.3985 |      0.3964 |      0.3965 |      0.3965 |      0.3965 |      0.3965 |      0.3965 |      0.3965 |      0.3965 |      0.3983 |      0.3983 |      0.3983 |      0.3983 |      0.3983 |      0.3983 |      0.3983 |      0.3983 |      0.3988 |      0.3988 |      0.3988 |      0.3988 |      0.3988 |      0.3988 |      0.3988 |      0.3988 |      0.3982 |      0.3982 |      0.3982 |      0.3982 |      0.3982 |      0.3981 |      0.3982 |      0.3982 |      0.3986 |      0.3986 |      0.3986 |      0.3986 |      0.3986 |      0.3986 |      0.3985 |      0.3986 |      0.3996 |      0.3996 |      0.3996 |      0.3995 |       0.3996 |       0.3996 |       0.3995 |       0.3996 |       0.3965 |       0.3966 |       0.3965 |       0.3965 |       0.3965 |       0.3965 |       0.3965 |       0.3965 |       0.3991 |       0.3991 |       0.3990 |       0.3993 |       0.3990 |       0.3992 |       0.3991 |       0.3991 |       0.3970 |       0.3970 |       0.3970 |       0.3970 |       0.3971 |       0.3970 |       0.3970 |       0.3970 |
|     DP [MFLOP/s]     | 98208.4161 | 98200.0332 | 98201.6049 | 98199.9957 | 98211.3729 | 98199.3222 | 98198.8357 | 98209.7261 | 98209.8758 | 98209.3518 |  98207.1062 |  98205.4220 |  98205.4220 |  98209.3518 |  98205.9834 |  98211.6350 |  98211.4478 |  98207.8921 |  98211.5227 |  98199.9209 |  98206.3202 |  98207.8921 |  98206.3577 |  98208.0418 |  98211.4852 |  98208.1916 |  98208.1916 |  98208.1541 |  98208.1541 |  98209.8009 |  98209.3144 |  98209.3144 |  98198.1622 |  98186.4139 |  98200.1828 |  98181.9249 |  98208.1916 |  98175.2295 |  98198.6860 |  98200.4448 |  98211.4478 |  98211.4478 |  98208.1167 |  98208.1916 |  98203.9251 |  98203.4011 |  98171.2276 |  98211.5227 |  98208.3413 |  98208.0793 |  98208.0793 |  98208.0793 |  98199.9583 |  98208.1541 |  98198.0873 |  98210.4372 |  98211.3355 |  98208.2664 |  98199.0976 |  98206.3951 |  98209.8384 |  98208.2664 |  98191.9509 |  98201.2306 |  98208.0793 |  98205.3846 |  98204.6361 |  98203.4011 |  98208.2290 |  98203.3637 |  98208.2290 |  98208.0793 |  98205.9834 |  98211.5601 |  98208.0418 |  98208.0793 |  98208.0793 |  98208.0418 |  98208.0793 |  98203.8876 |  98199.0602 |  98199.8461 |  98205.7589 |  98199.9209 |  98205.9086 |  98211.5227 |  98208.3038 |  98198.7234 |  98200.1454 |  98199.9209 |  98197.9751 |  98199.9209 |  98208.2664 |  98208.0793 |  98208.0793 |  98198.3867 |  98200.9687 |  98200.9313 |  98200.9313 |  98208.3787 |   98201.5674 |   98200.1454 |   98208.2290 |   98200.1454 |   98208.1541 |   98195.6177 |   98208.2290 |   98199.5841 |   98199.9209 |   98199.4344 |   98195.7300 |   98209.3892 |   98199.9209 |   98211.4104 |   98211.3729 |   98166.3287 |   98211.4104 |   98165.0946 |   98208.0418 |   98200.3699 |   98211.4852 |   98211.3729 |   98209.7261 |   98209.7261 |   98187.4240 |   98209.7261 |   98211.4478 |   98207.8921 |
+----------------------+------------+------------+------------+------------+------------+------------+------------+------------+------------+------------+-------------+-------------+-------------+-------------+-------------+-------------+-------------+-------------+-------------+-------------+-------------+-------------+-------------+-------------+-------------+-------------+-------------+-------------+-------------+-------------+-------------+-------------+-------------+-------------+-------------+-------------+-------------+-------------+-------------+-------------+-------------+-------------+-------------+-------------+-------------+-------------+-------------+-------------+-------------+-------------+-------------+-------------+-------------+-------------+-------------+-------------+-------------+-------------+-------------+-------------+-------------+-------------+-------------+-------------+-------------+-------------+-------------+-------------+-------------+-------------+-------------+-------------+-------------+-------------+-------------+-------------+-------------+-------------+-------------+-------------+-------------+-------------+-------------+-------------+-------------+-------------+-------------+-------------+-------------+-------------+-------------+-------------+-------------+-------------+-------------+-------------+-------------+-------------+-------------+-------------+--------------+--------------+--------------+--------------+--------------+--------------+--------------+--------------+--------------+--------------+--------------+--------------+--------------+--------------+--------------+--------------+--------------+--------------+--------------+--------------+--------------+--------------+--------------+--------------+--------------+--------------+--------------+--------------+
+---------------------------+--------------+------------+------------+------------+
|           Metric          |      Sum     |     Min    |     Max    |     Avg    |
+---------------------------+--------------+------------+------------+------------+
|  Runtime (RDTSC) [s] STAT |     335.8858 |     2.6239 |     2.6251 |     2.6241 |
| Runtime unhalted [s] STAT |     387.4662 |     3.0039 |     3.0400 |     3.0271 |
|      Clock [MHz] STAT     |  397906.3347 |  3084.8961 |  3121.7654 |  3108.6432 |
|          CPI STAT         |      50.9323 |     0.3952 |     0.3996 |     0.3979 |
|     DP [MFLOP/s] STAT     | 1.257012e+07 | 98165.0946 | 98211.6350 | 98204.0676 |
+---------------------------+--------------+------------+------------+------------+
