--------------------------------------------------------------------------------
CPU name:	AMD EPYC 9755 128-Core Processor               
CPU type:	AMD K1A (Zen5) architecture
CPU clock:	2.70 GHz
--------------------------------------------------------------------------------
Region bench, Group 1: FLOPS_DP
+-------------------+------------+------------+------------+------------+------------+------------+------------+------------+------------+------------+-------------+-------------+-------------+-------------+-------------+-------------+-------------+-------------+-------------+-------------+-------------+-------------+-------------+-------------+-------------+-------------+-------------+-------------+-------------+-------------+-------------+-------------+-------------+-------------+-------------+-------------+-------------+-------------+-------------+-------------+-------------+-------------+-------------+-------------+-------------+-------------+-------------+-------------+-------------+-------------+-------------+-------------+-------------+-------------+-------------+-------------+-------------+-------------+-------------+-------------+-------------+-------------+-------------+-------------+-------------+-------------+-------------+-------------+-------------+-------------+-------------+-------------+-------------+-------------+-------------+-------------+-------------+-------------+-------------+-------------+-------------+-------------+-------------+-------------+-------------+-------------+-------------+-------------+-------------+-------------+-------------+-------------+-------------+-------------+-------------+-------------+-------------+-------------+-------------+-------------+--------------+--------------+--------------+--------------+--------------+--------------+--------------+--------------+--------------+--------------+--------------+--------------+--------------+--------------+--------------+--------------+--------------+--------------+--------------+--------------+--------------+--------------+--------------+--------------+--------------+--------------+--------------+--------------+
|    Region Info    | HWThread 0 | HWThread 1 | HWThread 2 | HWThread 3 | HWThread 4 | HWThread 5 | HWThread 6 | HWThread 7 | HWThread 8 | HWThread 9 | HWThread 10 | HWThread 11 | HWThread 12 | HWThread 13 | HWThread 14 | HWThread 15 | HWThread 16 | HWThread 17 | HWThread 18 | HWThread 19 | HWThread 20 | HWThread 21 | HWThread 22 | HWThread 23 | HWThread 24 | HWThread 25 | HWThread 26 | HWThread 27 | HWThread 28 | HWThread 29 | HWThread 30 | HWThread 31 | HWThread 32 | HWThread 33 | HWThread 34 | HWThread 35 | HWThread 36 | HWThread 37 | HWThread 38 | HWThread 39 | HWThread 40 | HWThread 41 | HWThread 42 | HWThread 43 | HWThread 44 | HWThread 45 | HWThread 46 | HWThread 47 | HWThread 48 | HWThread 49 | HWThread 50 | HWThread 51 | HWThread 52 | HWThread 53 | HWThread 54 | HWThread 55 | HWThread 56 | HWThread 57 | HWThread 58 | HWThread 59 | HWThread 60 | HWThread 61 | HWThread 62 | HWThread 63 | HWThread 64 | HWThread 65 | HWThread 66 | HWThread 67 | HWThread 68 | HWThread 69 | HWThread 70 | HWThread 71 | HWThread 72 | HWThread 73 | HWThread 74 | HWThread 75 | HWThread 76 | HWThread 77 | HWThread 78 | HWThread 79 | HWThread 80 | HWThread 81 | HWThread 82 | HWThread 83 | HWThread 84 | HWThread 85 | HWThread 86 | HWThread 87 | HWThread 88 | HWThread 89 | HWThread 90 | HWThread 91 | HWThread 92 | HWThread 93 | HWThread 94 | HWThread 95 | HWThread 96 | HWThread 97 | HWThread 98 | HWThread 99 | HWThread 100 | HWThread 101 | HWThread 102 | HWThread 103 | HWThread 104 | HWThread 105 | HWThread 106 | HWThread 107 | HWThread 108 | HWThread 109 | HWThread 110 | HWThread 111 | HWThread 112 | HWThread 113 | HWThread 114 | HWThread 115 | HWThread 116 | HWThread 117 | HWThread 118 | HWThread 119 | HWThread 120 | HWThread 121 | HWThread 122 | HWThread 123 | HWThread 124 | HWThread 125 | HWThread 126 | HWThread 127 |
+-------------------+------------+------------+------------+------------+------------+------------+------------+------------+------------+------------+-------------+-------------+-------------+-------------+-------------+-------------+-------------+-------------+-------------+-------------+-------------+-------------+-------------+-------------+-------------+-------------+-------------+-------------+-------------+-------------+-------------+-------------+-------------+-------------+-------------+-------------+-------------+-------------+-------------+-------------+-------------+-------------+-------------+-------------+-------------+-------------+-------------+-------------+-------------+-------------+-------------+-------------+-------------+-------------+-------------+-------------+-------------+-------------+-------------+-------------+-------------+-------------+-------------+-------------+-------------+-------------+-------------+-------------+-------------+-------------+-------------+-------------+-------------+-------------+-------------+-------------+-------------+-------------+-------------+-------------+-------------+-------------+-------------+-------------+-------------+-------------+-------------+-------------+-------------+-------------+-------------+-------------+-------------+-------------+-------------+-------------+-------------+-------------+-------------+-------------+--------------+--------------+--------------+--------------+--------------+--------------+--------------+--------------+--------------+--------------+--------------+--------------+--------------+--------------+--------------+--------------+--------------+--------------+--------------+--------------+--------------+--------------+--------------+--------------+--------------+--------------+--------------+--------------+
| RDTSC Runtime [s] |   2.626989 |   2.627176 |   2.627179 |   2.626994 |   2.626994 |   2.626957 |   2.627173 |   2.626994 |   2.626955 |   2.627233 |    2.626995 |    2.626994 |    2.627411 |    2.626993 |    2.627124 |    2.626992 |    2.627173 |    2.627172 |    2.627207 |    2.627207 |    2.627399 |    2.627176 |    2.626917 |    2.627172 |    2.627176 |    2.626988 |    2.626993 |    2.626956 |    2.626955 |    2.626985 |    2.626986 |    2.626990 |    2.627189 |    2.627178 |    2.626928 |    2.627273 |    2.627185 |    2.627185 |    2.627217 |    2.627273 |    2.626989 |    2.627176 |    2.626951 |    2.626991 |    2.626951 |    2.626986 |    2.627380 |    2.627415 |    2.627283 |    2.626991 |    2.626989 |    2.626990 |    2.626994 |    2.626955 |    2.626956 |    2.626982 |    2.627214 |    2.627040 |    2.626952 |    2.626990 |    2.627039 |    2.627244 |    2.627250 |    2.626992 |    2.627179 |    2.626928 |    2.626928 |    2.626937 |    2.627157 |    2.626958 |    2.627177 |    2.627174 |    2.626929 |    2.627248 |    2.627263 |    2.627173 |    2.626994 |    2.627173 |    2.627173 |    2.627262 |    2.627176 |    2.626928 |    2.627277 |    2.627287 |    2.627172 |    2.627176 |    2.627209 |    2.626928 |    2.627174 |    2.627180 |    2.627262 |    2.627180 |    2.627180 |    2.627179 |    2.627179 |    2.627179 |    2.627441 |    2.627420 |    2.627446 |    2.627172 |     2.627153 |     2.627433 |     2.626920 |     2.627441 |     2.627274 |     2.627218 |     2.627269 |     2.627274 |     2.627173 |     2.627219 |     2.627173 |     2.626933 |     2.626992 |     2.626989 |     2.627171 |     2.627159 |     2.626990 |     2.626989 |     2.627200 |     2.626989 |     2.626984 |     2.626995 |     2.627172 |     2.626991 |     2.626993 |     2.626985 |     2.626985 |     2.626952 |
|     call count    |          1 |          1 |          1 |          1 |          1 |          1 |          1 |          1 |          1 |          1 |           1 |           1 |           1 |           1 |           1 |           1 |           1 |           1 |           1 |           1 |           1 |           1 |           1 |           1 |           1 |           1 |           1 |           1 |           1 |           1 |           1 |           1 |           1 |           1 |           1 |           1 |           1 |           1 |           1 |           1 |           1 |           1 |           1 |           1 |           1 |           1 |           1 |           1 |           1 |           1 |           1 |           1 |           1 |           1 |           1 |           1 |           1 |           1 |           1 |           1 |           1 |           1 |           1 |           1 |           1 |           1 |           1 |           1 |           1 |           1 |           1 |           1 |           1 |           1 |           1 |           1 |           1 |           1 |           1 |           1 |           1 |           1 |           1 |           1 |           1 |           1 |           1 |           1 |           1 |           1 |           1 |           1 |           1 |           1 |           1 |           1 |           1 |           1 |           1 |           1 |            1 |            1 |            1 |            1 |            1 |            1 |            1 |            1 |            1 |            1 |            1 |            1 |            1 |            1 |            1 |            1 |            1 |            1 |            1 |            1 |            1 |            1 |            1 |            1 |            1 |            1 |            1 |            1 |
+-------------------+------------+------------+------------+------------+------------+------------+------------+------------+------------+------------+-------------+-------------+-------------+-------------+-------------+-------------+-------------+-------------+-------------+-------------+-------------+-------------+-------------+-------------+-------------+-------------+-------------+-------------+-------------+-------------+-------------+-------------+-------------+-------------+-------------+-------------+-------------+-------------+-------------+-------------+-------------+-------------+-------------+-------------+-------------+-------------+-------------+-------------+-------------+-------------+-------------+-------------+-------------+-------------+-------------+-------------+-------------+-------------+-------------+-------------+-------------+-------------+-------------+-------------+-------------+-------------+-------------+-------------+-------------+-------------+-------------+-------------+-------------+-------------+-------------+-------------+-------------+-------------+-------------+-------------+-------------+-------------+-------------+-------------+-------------+-------------+-------------+-------------+-------------+-------------+-------------+-------------+-------------+-------------+-------------+-------------+-------------+-------------+-------------+-------------+--------------+--------------+--------------+--------------+--------------+--------------+--------------+--------------+--------------+--------------+--------------+--------------+--------------+--------------+--------------+--------------+--------------+--------------+--------------+--------------+--------------+--------------+--------------+--------------+--------------+--------------+--------------+--------------+
+-------------------------------------+---------+--------------+--------------+--------------+--------------+--------------+--------------+--------------+--------------+--------------+--------------+--------------+--------------+--------------+--------------+--------------+--------------+--------------+--------------+--------------+--------------+--------------+--------------+--------------+--------------+--------------+--------------+--------------+--------------+--------------+--------------+--------------+--------------+--------------+--------------+--------------+--------------+--------------+--------------+--------------+--------------+--------------+--------------+--------------+--------------+--------------+--------------+--------------+--------------+--------------+--------------+--------------+--------------+--------------+--------------+--------------+--------------+--------------+--------------+--------------+--------------+--------------+--------------+--------------+--------------+--------------+--------------+--------------+--------------+--------------+--------------+--------------+--------------+--------------+--------------+--------------+--------------+--------------+--------------+--------------+--------------+--------------+--------------+--------------+--------------+--------------+--------------+--------------+--------------+--------------+--------------+--------------+--------------+--------------+--------------+--------------+--------------+--------------+--------------+--------------+--------------+--------------+--------------+--------------+--------------+--------------+--------------+--------------+--------------+--------------+--------------+--------------+--------------+--------------+--------------+--------------+--------------+--------------+--------------+--------------+--------------+--------------+--------------+--------------+--------------+--------------+--------------+--------------+--------------+
|                Event                | Counter |  HWThread 0  |  HWThread 1  |  HWThread 2  |  HWThread 3  |  HWThread 4  |  HWThread 5  |  HWThread 6  |  HWThread 7  |  HWThread 8  |  HWThread 9  |  HWThread 10 |  HWThread 11 |  HWThread 12 |  HWThread 13 |  HWThread 14 |  HWThread 15 |  HWThread 16 |  HWThread 17 |  HWThread 18 |  HWThread 19 |  HWThread 20 |  HWThread 21 |  HWThread 22 |  HWThread 23 |  HWThread 24 |  HWThread 25 |  HWThread 26 |  HWThread 27 |  HWThread 28 |  HWThread 29 |  HWThread 30 |  HWThread 31 |  HWThread 32 |  HWThread 33 |  HWThread 34 |  HWThread 35 |  HWThread 36 |  HWThread 37 |  HWThread 38 |  HWThread 39 |  HWThread 40 |  HWThread 41 |  HWThread 42 |  HWThread 43 |  HWThread 44 |  HWThread 45 |  HWThread 46 |  HWThread 47 |  HWThread 48 |  HWThread 49 |  HWThread 50 |  HWThread 51 |  HWThread 52 |  HWThread 53 |  HWThread 54 |  HWThread 55 |  HWThread 56 |  HWThread 57 |  HWThread 58 |  HWThread 59 |  HWThread 60 |  HWThread 61 |  HWThread 62 |  HWThread 63 |  HWThread 64 |  HWThread 65 |  HWThread 66 |  HWThread 67 |  HWThread 68 |  HWThread 69 |  HWThread 70 |  HWThread 71 |  HWThread 72 |  HWThread 73 |  HWThread 74 |  HWThread 75 |  HWThread 76 |  HWThread 77 |  HWThread 78 |  HWThread 79 |  HWThread 80 |  HWThread 81 |  HWThread 82 |  HWThread 83 |  HWThread 84 |  HWThread 85 |  HWThread 86 |  HWThread 87 |  HWThread 88 |  HWThread 89 |  HWThread 90 |  HWThread 91 |  HWThread 92 |  HWThread 93 |  HWThread 94 |  HWThread 95 |  HWThread 96 |  HWThread 97 |  HWThread 98 |  HWThread 99 | HWThread 100 | HWThread 101 | HWThread 102 | HWThread 103 | HWThread 104 | HWThread 105 | HWThread 106 | HWThread 107 | HWThread 108 | HWThread 109 | HWThread 110 | HWThread 111 | HWThread 112 | HWThread 113 | HWThread 114 | HWThread 115 | HWThread 116 | HWThread 117 | HWThread 118 | HWThread 119 | HWThread 120 | HWThread 121 | HWThread 122 | HWThread 123 | HWThread 124 | HWThread 125 | HWThread 126 | HWThread 127 |
+-------------------------------------+---------+--------------+--------------+--------------+--------------+--------------+--------------+--------------+--------------+--------------+--------------+--------------+--------------+--------------+--------------+--------------+--------------+--------------+--------------+--------------+--------------+--------------+--------------+--------------+--------------+--------------+--------------+--------------+--------------+--------------+--------------+--------------+--------------+--------------+--------------+--------------+--------------+--------------+--------------+--------------+--------------+--------------+--------------+--------------+--------------+--------------+--------------+--------------+--------------+--------------+--------------+--------------+--------------+--------------+--------------+--------------+--------------+--------------+--------------+--------------+--------------+--------------+--------------+--------------+--------------+--------------+--------------+--------------+--------------+--------------+--------------+--------------+--------------+--------------+--------------+--------------+--------------+--------------+--------------+--------------+--------------+--------------+--------------+--------------+--------------+--------------+--------------+--------------+--------------+--------------+--------------+--------------+--------------+--------------+--------------+--------------+--------------+--------------+--------------+--------------+--------------+--------------+--------------+--------------+--------------+--------------+--------------+--------------+--------------+--------------+--------------+--------------+--------------+--------------+--------------+--------------+--------------+--------------+--------------+--------------+--------------+--------------+--------------+--------------+--------------+--------------+--------------+--------------+--------------+
|           ACTUAL_CPU_CLOCK          |  FIXC1  |   8185994000 |   8186459000 |   8186977000 |   8185608000 |   8185729000 |   8185341000 |   8186781000 |   8185716000 |   8148663000 |   8149741000 |   8149167000 |   8148578000 |   8150254000 |   8148941000 |   8148748000 |   8148885000 |   8176253000 |   8176007000 |   8176293000 |   8176886000 |   8176373000 |   8176223000 |   8175165000 |   8176138000 |   8168764000 |   8168961000 |   8167951000 |   8167843000 |   8168875000 |   8168038000 |   8168041000 |   8168238000 |   8104053000 |   8104316000 |   8103190000 |   8104196000 |   8104806000 |   8104463000 |   8104231000 |   8105022000 |   8157766000 |   8157871000 |   8158052000 |   8157777000 |   8157997000 |   8157780000 |   8158831000 |   8158981000 |   8174688000 |   8174351000 |   8174324000 |   8174284000 |   8174448000 |   8174341000 |   8175178000 |   8174254000 |   8122533000 |   8121267000 |   8121370000 |   8120537000 |   8121043000 |   8121470000 |   8122609000 |   8120705000 |   8169934000 |   8168794000 |   8168864000 |   8169539000 |   8170402000 |   8169038000 |   8170044000 |   8169914000 |   8191266000 |   8192439000 |   8193722000 |   8192481000 |   8191420000 |   8192293000 |   8192513000 |   8192649000 |   8168179000 |   8167777000 |   8168231000 |   8168294000 |   8168146000 |   8168062000 |   8168570000 |   8167448000 |   8184490000 |   8184535000 |   8184047000 |   8184645000 |   8184525000 |   8184405000 |   8184346000 |   8184334000 |   8194882000 |   8194889000 |   8194869000 |   8194808000 |   8195725000 |   8195876000 |   8193714000 |   8194905000 |   8130987000 |   8130272000 |   8130927000 |   8130307000 |   8130333000 |   8130834000 |   8130866000 |   8130819000 |   8179323000 |   8179493000 |   8179811000 |   8179795000 |   8179532000 |   8178729000 |   8179615000 |   8179614000 |   8145805000 |   8145252000 |   8146276000 |   8144879000 |   8145729000 |   8145494000 |   8145781000 |   8145726000 |
|            MAX_CPU_CLOCK            |  FIXC2  |   7083738000 |   7084169000 |   7084556000 |   7083704000 |   7083788000 |   7083596000 |   7084144000 |   7083775000 |   7083890000 |   7084358000 |   7084155000 |   7083720000 |   7084949000 |   7083749000 |   7083967000 |   7083712000 |   7084198000 |   7084372000 |   7084183000 |   7084615000 |   7084891000 |   7084174000 |   7083966000 |   7084124000 |   7084427000 |   7084098000 |   7083904000 |   7083821000 |   7084034000 |   7083893000 |   7083858000 |   7083772000 |   7084279000 |   7084399000 |   7082765000 |   7083455000 |   7084484000 |   7084087000 |   7083599000 |   7084371000 |   7083915000 |   7083538000 |   7083714000 |   7083925000 |   7083669000 |   7083940000 |   7084332000 |   7084641000 |   7084288000 |   7083895000 |   7083845000 |   7083823000 |   7083710000 |   7083853000 |   7084368000 |   7083624000 |   7084605000 |   7083513000 |   7083701000 |   7083474000 |   7083735000 |   7083561000 |   7084649000 |   7083641000 |   7084078000 |   7083895000 |   7083898000 |   7083965000 |   7084318000 |   7084045000 |   7084167000 |   7084306000 |   7082850000 |   7083412000 |   7084714000 |   7084336000 |   7083068000 |   7084236000 |   7084346000 |   7084197000 |   7084342000 |   7083734000 |   7084015000 |   7084444000 |   7084308000 |   7084273000 |   7084520000 |   7083944000 |   7084383000 |   7084391000 |   7084265000 |   7084094000 |   7084403000 |   7084356000 |   7084343000 |   7084344000 |   7084944000 |   7084732000 |   7084778000 |   7084317000 |   7084471000 |   7084997000 |   7083907000 |   7084761000 |   7084543000 |   7084226000 |   7084489000 |   7084286000 |   7084263000 |   7084602000 |   7084628000 |   7084598000 |   7083964000 |   7083969000 |   7084248000 |   7084231000 |   7083697000 |   7082811000 |   7083212000 |   7083745000 |   7084089000 |   7083713000 |   7084536000 |   7083662000 |   7084337000 |   7084116000 |   7084077000 |   7084313000 |
|         RETIRED_INSTRUCTIONS        |   PMC0  |  20422190000 |  20424910000 |  20424780000 |  20424690000 |  20424720000 |  20424780000 |  20424790000 |  20424720000 |  20416030000 |  20416190000 |  20415930000 |  20416050000 |  20416210000 |  20416070000 |  20416090000 |  20415970000 |  20420920000 |  20420840000 |  20420830000 |  20420890000 |  20420980000 |  20420840000 |  20420730000 |  20420840000 |  20420870000 |  20420730000 |  20420700000 |  20420690000 |  20420630000 |  20420690000 |  20420630000 |  20420630000 |  20407850000 |  20407970000 |  20407810000 |  20407660000 |  20407900000 |  20407930000 |  20407700000 |  20407870000 |  20417540000 |  20417730000 |  20417520000 |  20417560000 |  20417520000 |  20417580000 |  20417560000 |  20417820000 |  20420970000 |  20420780000 |  20420750000 |  20420810000 |  20420750000 |  20420710000 |  20420670000 |  20420770000 |  20409500000 |  20409590000 |  20409540000 |  20409560000 |  20408910000 |  20409030000 |  20409050000 |  20408810000 |  20419760000 |  20419720000 |  20419640000 |  20419720000 |  20419810000 |  20419700000 |  20419800000 |  20419710000 |  20424450000 |  20424620000 |  20424450000 |  20424500000 |  20424460000 |  20424490000 |  20424460000 |  20424600000 |  20419960000 |  20419820000 |  20420000000 |  20419950000 |  20419940000 |  20419960000 |  20419930000 |  20419890000 |  20423070000 |  20423050000 |  20423170000 |  20423060000 |  20422360000 |  20422350000 |  20422380000 |  20422300000 |  20425240000 |  20425250000 |  20425200000 |  20425020000 |  20425050000 |  20425230000 |  20425020000 |  20425110000 |  20411240000 |  20411220000 |  20411250000 |  20411280000 |  20411180000 |  20411210000 |  20411190000 |  20411090000 |  20422120000 |  20422100000 |  20422150000 |  20422160000 |  20422080000 |  20422070000 |  20422110000 |  20422050000 |  20416700000 |  20416810000 |  20416780000 |  20416760000 |  20415990000 |  20416070000 |  20416040000 |  20415970000 |
|         CPU_CLOCKS_UNHALTED         |   PMC1  |   8142107000 |   8157241000 |   8156257000 |   8156188000 |   8156017000 |   8156157000 |   8156271000 |   8156044000 |   8112046000 |   8113086000 |   8111607000 |   8112287000 |   8113178000 |   8112380000 |   8112477000 |   8111933000 |   8139367000 |   8139249000 |   8139197000 |   8139535000 |   8140063000 |   8139234000 |   8138221000 |   8139224000 |   8132382000 |   8131749000 |   8131500000 |   8131585000 |   8131191000 |   8131556000 |   8131246000 |   8131385000 |   8068779000 |   8069507000 |   8068446000 |   8068702000 |   8069112000 |   8069206000 |   8068054000 |   8069114000 |   8120299000 |   8121347000 |   8120213000 |   8120506000 |   8120215000 |   8120529000 |   8120561000 |   8121626000 |   8138534000 |   8137623000 |   8137572000 |   8137685000 |   8137562000 |   8137198000 |   8136967000 |   8137548000 |   8083793000 |   8084310000 |   8083857000 |   8084092000 |   8084089000 |   8084692000 |   8084811000 |   8083518000 |   8135015000 |   8134378000 |   8134024000 |   8134519000 |   8134929000 |   8134280000 |   8135255000 |   8134774000 |   8156318000 |   8157609000 |   8156724000 |   8156857000 |   8156566000 |   8156925000 |   8156834000 |   8157428000 |   8132466000 |   8131245000 |   8132616000 |   8132273000 |   8132210000 |   8132353000 |   8132173000 |   8131555000 |   8149038000 |   8149010000 |   8149386000 |   8149092000 |   8148759000 |   8148745000 |   8148807000 |   8148516000 |   8162561000 |   8162667000 |   8162407000 |   8161448000 |   8161193000 |   8162539000 |   8160469000 |   8161951000 |   8094151000 |   8094018000 |   8094042000 |   8094217000 |   8093791000 |   8093941000 |   8093677000 |   8092867000 |   8145408000 |   8145498000 |   8145841000 |   8145853000 |   8145246000 |   8145318000 |   8145595000 |   8145318000 |   8110091000 |   8110575000 |   8110464000 |   8110497000 |   8109723000 |   8110239000 |   8110096000 |   8109573000 |
|                MERGE                |   PMC3  |            0 |            0 |            0 |            0 |            0 |            0 |            0 |            0 |            0 |            0 |            0 |            0 |            0 |            0 |            0 |            0 |            0 |            0 |            0 |            0 |            0 |            0 |            0 |            0 |            0 |            0 |            0 |            0 |            0 |            0 |            0 |            0 |            0 |            0 |            0 |            0 |            0 |            0 |            0 |            0 |            0 |            0 |            0 |            0 |            0 |            0 |            0 |            0 |            0 |            0 |            0 |            0 |            0 |            0 |            0 |            0 |            0 |            0 |            0 |            0 |            0 |            0 |            0 |            0 |            0 |            0 |            0 |            0 |            0 |            0 |            0 |            0 |            0 |            0 |            0 |            0 |            0 |            0 |            0 |            0 |            0 |            0 |            0 |            0 |            0 |            0 |            0 |            0 |            0 |            0 |            0 |            0 |            0 |            0 |            0 |            0 |            0 |            0 |            0 |            0 |            0 |            0 |            0 |            0 |            0 |            0 |            0 |            0 |            0 |            0 |            0 |            0 |            0 |            0 |            0 |            0 |            0 |            0 |            0 |            0 |            0 |            0 |            0 |            0 |            0 |            0 |            0 |            0 |
| RETIRED_SSE_AVX_FLOPS_ALL_DP_SCALAR |   PMC2  |           12 |           12 |           12 |           12 |           12 |           12 |           12 |           12 |           12 |           12 |           12 |           12 |           12 |           12 |           12 |           12 |           12 |           12 |           12 |           12 |           12 |           12 |           12 |           12 |           12 |           12 |           12 |           12 |           12 |           12 |           12 |           12 |           12 |           12 |           12 |           12 |           12 |           12 |           12 |           12 |           12 |           12 |           12 |           12 |           12 |           12 |           12 |           12 |           12 |           12 |           12 |           12 |           12 |           12 |           12 |           12 |           12 |           12 |           12 |           12 |           12 |           12 |           12 |           12 |           12 |           12 |           12 |           12 |           12 |           12 |           12 |           12 |           12 |           12 |           12 |           12 |           12 |           12 |           12 |           12 |           12 |           12 |           12 |           12 |           12 |           12 |           12 |           12 |           12 |           12 |           12 |           12 |           12 |           12 |           12 |           12 |           12 |           12 |           12 |           12 |           12 |           12 |           12 |           12 |           12 |           12 |           12 |           12 |           12 |           12 |           12 |           12 |           12 |           12 |           12 |           12 |           12 |           12 |           12 |           12 |           12 |           12 |           12 |           12 |           12 |           12 |           12 |           12 |
|                MERGE                |   PMC5  |            0 |            0 |            0 |            0 |            0 |            0 |            0 |            0 |            0 |            0 |            0 |            0 |            0 |            0 |            0 |            0 |            0 |            0 |            0 |            0 |            0 |            0 |            0 |            0 |            0 |            0 |            0 |            0 |            0 |            0 |            0 |            0 |            0 |            0 |            0 |            0 |            0 |            0 |            0 |            0 |            0 |            0 |            0 |            0 |            0 |            0 |            0 |            0 |            0 |            0 |            0 |            0 |            0 |            0 |            0 |            0 |            0 |            0 |            0 |            0 |            0 |            0 |            0 |            0 |            0 |            0 |            0 |            0 |            0 |            0 |            0 |            0 |            0 |            0 |            0 |            0 |            0 |            0 |            0 |            0 |            0 |            0 |            0 |            0 |            0 |            0 |            0 |            0 |            0 |            0 |            0 |            0 |            0 |            0 |            0 |            0 |            0 |            0 |            0 |            0 |            0 |            0 |            0 |            0 |            0 |            0 |            0 |            0 |            0 |            0 |            0 |            0 |            0 |            0 |            0 |            0 |            0 |            0 |            0 |            0 |            0 |            0 |            0 |            0 |            0 |            0 |            0 |            0 |
| RETIRED_SSE_AVX_FLOPS_ALL_DP_PACKED |   PMC4  | 257698000000 | 257698000000 | 257698000000 | 257698000000 | 257698000000 | 257698000000 | 257698000000 | 257698000000 | 257698000000 | 257698000000 | 257698000000 | 257698000000 | 257698000000 | 257698000000 | 257698000000 | 257698000000 | 257698000000 | 257698000000 | 257698000000 | 257698000000 | 257698000000 | 257698000000 | 257698000000 | 257698000000 | 257698000000 | 257698000000 | 257698000000 | 257698000000 | 257698000000 | 257698000000 | 257698000000 | 257698000000 | 257698000000 | 257698000000 | 257698000000 | 257698000000 | 257698000000 | 257698000000 | 257698000000 | 257698000000 | 257698000000 | 257698000000 | 257698000000 | 257698000000 | 257698000000 | 257698000000 | 257698000000 | 257698000000 | 257698000000 | 257698000000 | 257698000000 | 257698000000 | 257698000000 | 257698000000 | 257698000000 | 257698000000 | 257698000000 | 257698000000 | 257698000000 | 257698000000 | 257698000000 | 257698000000 | 257698000000 | 257698000000 | 257698000000 | 257698000000 | 257698000000 | 257698000000 | 257698000000 | 257698000000 | 257698000000 | 257698000000 | 257698000000 | 257698000000 | 257698000000 | 257698000000 | 257698000000 | 257698000000 | 257698000000 | 257698000000 | 257698000000 | 257698000000 | 257698000000 | 257698000000 | 257698000000 | 257698000000 | 257698000000 | 257698000000 | 257698000000 | 257698000000 | 257698000000 | 257698000000 | 257698000000 | 257698000000 | 257698000000 | 257698000000 | 257698000000 | 257698000000 | 257698000000 | 257698000000 | 257698000000 | 257698000000 | 257698000000 | 257698000000 | 257698000000 | 257698000000 | 257698000000 | 257698000000 | 257698000000 | 257698000000 | 257698000000 | 257698000000 | 257698000000 | 257698000000 | 257698000000 | 257698000000 | 257698000000 | 257698000000 | 257698000000 | 257698000000 | 257698000000 | 257698000000 | 257698000000 | 257698000000 | 257698000000 | 257698000000 | 257698000000 | 257698000000 |
+-------------------------------------+---------+--------------+--------------+--------------+--------------+--------------+--------------+--------------+--------------+--------------+--------------+--------------+--------------+--------------+--------------+--------------+--------------+--------------+--------------+--------------+--------------+--------------+--------------+--------------+--------------+--------------+--------------+--------------+--------------+--------------+--------------+--------------+--------------+--------------+--------------+--------------+--------------+--------------+--------------+--------------+--------------+--------------+--------------+--------------+--------------+--------------+--------------+--------------+--------------+--------------+--------------+--------------+--------------+--------------+--------------+--------------+--------------+--------------+--------------+--------------+--------------+--------------+--------------+--------------+--------------+--------------+--------------+--------------+--------------+--------------+--------------+--------------+--------------+--------------+--------------+--------------+--------------+--------------+--------------+--------------+--------------+--------------+--------------+--------------+--------------+--------------+--------------+--------------+--------------+--------------+--------------+--------------+--------------+--------------+--------------+--------------+--------------+--------------+--------------+--------------+--------------+--------------+--------------+--------------+--------------+--------------+--------------+--------------+--------------+--------------+--------------+--------------+--------------+--------------+--------------+--------------+--------------+--------------+--------------+--------------+--------------+--------------+--------------+--------------+--------------+--------------+--------------+--------------+--------------+
+------------------------------------------+---------+----------------+--------------+--------------+--------------+
|                   Event                  | Counter |       Sum      |      Min     |      Max     |      Avg     |
+------------------------------------------+---------+----------------+--------------+--------------+--------------+
|           ACTUAL_CPU_CLOCK STAT          |  FIXC1  |  1044825578000 |   8103190000 |   8195876000 | 8.162700e+09 |
|            MAX_CPU_CLOCK STAT            |  FIXC2  |   906762950000 |   7082765000 |   7084997000 | 7.084086e+09 |
|         RETIRED_INSTRUCTIONS STAT        |   PMC0  |  2613594100000 |  20407660000 |  20425250000 | 2.041870e+10 |
|         CPU_CLOCKS_UNHALTED STAT         |   PMC1  |  1040263980000 |   8068054000 |   8162667000 | 8.127062e+09 |
|                MERGE STAT                |   PMC3  |              0 |            0 |            0 |            0 |
| RETIRED_SSE_AVX_FLOPS_ALL_DP_SCALAR STAT |   PMC2  |           1536 |           12 |           12 |           12 |
|                MERGE STAT                |   PMC5  |              0 |            0 |            0 |            0 |
| RETIRED_SSE_AVX_FLOPS_ALL_DP_PACKED STAT |   PMC4  | 32985344000000 | 257698000000 | 257698000000 | 257698000000 |
+------------------------------------------+---------+----------------+--------------+--------------+--------------+
+----------------------+------------+------------+------------+------------+------------+------------+------------+------------+------------+------------+-------------+-------------+-------------+-------------+-------------+-------------+-------------+-------------+-------------+-------------+-------------+-------------+-------------+-------------+-------------+-------------+-------------+-------------+-------------+-------------+-------------+-------------+-------------+-------------+-------------+-------------+-------------+-------------+-------------+-------------+-------------+-------------+-------------+-------------+-------------+-------------+-------------+-------------+-------------+-------------+-------------+-------------+-------------+-------------+-------------+-------------+-------------+-------------+-------------+-------------+-------------+-------------+-------------+-------------+-------------+-------------+-------------+-------------+-------------+-------------+-------------+-------------+-------------+-------------+-------------+-------------+-------------+-------------+-------------+-------------+-------------+-------------+-------------+-------------+-------------+-------------+-------------+-------------+-------------+-------------+-------------+-------------+-------------+-------------+-------------+-------------+-------------+-------------+-------------+-------------+--------------+--------------+--------------+--------------+--------------+--------------+--------------+--------------+--------------+--------------+--------------+--------------+--------------+--------------+--------------+--------------+--------------+--------------+--------------+--------------+--------------+--------------+--------------+--------------+--------------+--------------+--------------+--------------+
|        Metric        | HWThread 0 | HWThread 1 | HWThread 2 | HWThread 3 | HWThread 4 | HWThread 5 | HWThread 6 | HWThread 7 | HWThread 8 | HWThread 9 | HWThread 10 | HWThread 11 | HWThread 12 | HWThread 13 | HWThread 14 | HWThread 15 | HWThread 16 | HWThread 17 | HWThread 18 | HWThread 19 | HWThread 20 | HWThread 21 | HWThread 22 | HWThread 23 | HWThread 24 | HWThread 25 | HWThread 26 | HWThread 27 | HWThread 28 | HWThread 29 | HWThread 30 | HWThread 31 | HWThread 32 | HWThread 33 | HWThread 34 | HWThread 35 | HWThread 36 | HWThread 37 | HWThread 38 | HWThread 39 | HWThread 40 | HWThread 41 | HWThread 42 | HWThread 43 | HWThread 44 | HWThread 45 | HWThread 46 | HWThread 47 | HWThread 48 | HWThread 49 | HWThread 50 | HWThread 51 | HWThread 52 | HWThread 53 | HWThread 54 | HWThread 55 | HWThread 56 | HWThread 57 | HWThread 58 | HWThread 59 | HWThread 60 | HWThread 61 | HWThread 62 | HWThread 63 | HWThread 64 | HWThread 65 | HWThread 66 | HWThread 67 | HWThread 68 | HWThread 69 | HWThread 70 | HWThread 71 | HWThread 72 | HWThread 73 | HWThread 74 | HWThread 75 | HWThread 76 | HWThread 77 | HWThread 78 | HWThread 79 | HWThread 80 | HWThread 81 | HWThread 82 | HWThread 83 | HWThread 84 | HWThread 85 | HWThread 86 | HWThread 87 | HWThread 88 | HWThread 89 | HWThread 90 | HWThread 91 | HWThread 92 | HWThread 93 | HWThread 94 | HWThread 95 | HWThread 96 | HWThread 97 | HWThread 98 | HWThread 99 | HWThread 100 | HWThread 101 | HWThread 102 | HWThread 103 | HWThread 104 | HWThread 105 | HWThread 106 | HWThread 107 | HWThread 108 | HWThread 109 | HWThread 110 | HWThread 111 | HWThread 112 | HWThread 113 | HWThread 114 | HWThread 115 | HWThread 116 | HWThread 117 | HWThread 118 | HWThread 119 | HWThread 120 | HWThread 121 | HWThread 122 | HWThread 123 | HWThread 124 | HWThread 125 | HWThread 126 | HWThread 127 |
+----------------------+------------+------------+------------+------------+------------+------------+------------+------------+------------+------------+-------------+-------------+-------------+-------------+-------------+-------------+-------------+-------------+-------------+-------------+-------------+-------------+-------------+-------------+-------------+-------------+-------------+-------------+-------------+-------------+-------------+-------------+-------------+-------------+-------------+-------------+-------------+-------------+-------------+-------------+-------------+-------------+-------------+-------------+-------------+-------------+-------------+-------------+-------------+-------------+-------------+-------------+-------------+-------------+-------------+-------------+-------------+-------------+-------------+-------------+-------------+-------------+-------------+-------------+-------------+-------------+-------------+-------------+-------------+-------------+-------------+-------------+-------------+-------------+-------------+-------------+-------------+-------------+-------------+-------------+-------------+-------------+-------------+-------------+-------------+-------------+-------------+-------------+-------------+-------------+-------------+-------------+-------------+-------------+-------------+-------------+-------------+-------------+-------------+-------------+--------------+--------------+--------------+--------------+--------------+--------------+--------------+--------------+--------------+--------------+--------------+--------------+--------------+--------------+--------------+--------------+--------------+--------------+--------------+--------------+--------------+--------------+--------------+--------------+--------------+--------------+--------------+--------------+
|  Runtime (RDTSC) [s] |     2.6270 |     2.6272 |     2.6272 |     2.6270 |     2.6270 |     2.6270 |     2.6272 |     2.6270 |     2.6270 |     2.6272 |      2.6270 |      2.6270 |      2.6274 |      2.6270 |      2.6271 |      2.6270 |      2.6272 |      2.6272 |      2.6272 |      2.6272 |      2.6274 |      2.6272 |      2.6269 |      2.6272 |      2.6272 |      2.6270 |      2.6270 |      2.6270 |      2.6270 |      2.6270 |      2.6270 |      2.6270 |      2.6272 |      2.6272 |      2.6269 |      2.6273 |      2.6272 |      2.6272 |      2.6272 |      2.6273 |      2.6270 |      2.6272 |      2.6270 |      2.6270 |      2.6270 |      2.6270 |      2.6274 |      2.6274 |      2.6273 |      2.6270 |      2.6270 |      2.6270 |      2.6270 |      2.6270 |      2.6270 |      2.6270 |      2.6272 |      2.6270 |      2.6270 |      2.6270 |      2.6270 |      2.6272 |      2.6273 |      2.6270 |      2.6272 |      2.6269 |      2.6269 |      2.6269 |      2.6272 |      2.6270 |      2.6272 |      2.6272 |      2.6269 |      2.6272 |      2.6273 |      2.6272 |      2.6270 |      2.6272 |      2.6272 |      2.6273 |      2.6272 |      2.6269 |      2.6273 |      2.6273 |      2.6272 |      2.6272 |      2.6272 |      2.6269 |      2.6272 |      2.6272 |      2.6273 |      2.6272 |      2.6272 |      2.6272 |      2.6272 |      2.6272 |      2.6274 |      2.6274 |      2.6274 |      2.6272 |       2.6272 |       2.6274 |       2.6269 |       2.6274 |       2.6273 |       2.6272 |       2.6273 |       2.6273 |       2.6272 |       2.6272 |       2.6272 |       2.6269 |       2.6270 |       2.6270 |       2.6272 |       2.6272 |       2.6270 |       2.6270 |       2.6272 |       2.6270 |       2.6270 |       2.6270 |       2.6272 |       2.6270 |       2.6270 |       2.6270 |       2.6270 |       2.6270 |
| Runtime unhalted [s] |     3.0360 |     3.0362 |     3.0364 |     3.0359 |     3.0359 |     3.0358 |     3.0363 |     3.0359 |     3.0222 |     3.0226 |      3.0224 |      3.0221 |      3.0228 |      3.0223 |      3.0222 |      3.0223 |      3.0324 |      3.0323 |      3.0324 |      3.0326 |      3.0325 |      3.0324 |      3.0320 |      3.0324 |      3.0296 |      3.0297 |      3.0293 |      3.0293 |      3.0297 |      3.0294 |      3.0294 |      3.0294 |      3.0056 |      3.0057 |      3.0053 |      3.0057 |      3.0059 |      3.0058 |      3.0057 |      3.0060 |      3.0256 |      3.0256 |      3.0257 |      3.0256 |      3.0256 |      3.0256 |      3.0259 |      3.0260 |      3.0318 |      3.0317 |      3.0317 |      3.0317 |      3.0317 |      3.0317 |      3.0320 |      3.0317 |      3.0125 |      3.0120 |      3.0121 |      3.0117 |      3.0119 |      3.0121 |      3.0125 |      3.0118 |      3.0301 |      3.0296 |      3.0297 |      3.0299 |      3.0302 |      3.0297 |      3.0301 |      3.0301 |      3.0380 |      3.0384 |      3.0389 |      3.0384 |      3.0380 |      3.0384 |      3.0384 |      3.0385 |      3.0294 |      3.0293 |      3.0294 |      3.0295 |      3.0294 |      3.0294 |      3.0296 |      3.0291 |      3.0355 |      3.0355 |      3.0353 |      3.0355 |      3.0355 |      3.0354 |      3.0354 |      3.0354 |      3.0393 |      3.0393 |      3.0393 |      3.0393 |       3.0396 |       3.0397 |       3.0389 |       3.0393 |       3.0156 |       3.0154 |       3.0156 |       3.0154 |       3.0154 |       3.0156 |       3.0156 |       3.0156 |       3.0335 |       3.0336 |       3.0337 |       3.0337 |       3.0336 |       3.0333 |       3.0337 |       3.0337 |       3.0211 |       3.0209 |       3.0213 |       3.0208 |       3.0211 |       3.0210 |       3.0211 |       3.0211 |
|      Clock [MHz]     |  3115.8424 |  3115.8298 |  3115.8567 |  3115.7104 |  3115.7195 |  3115.6563 |  3115.9633 |  3115.7203 |  3101.5665 |  3101.7719 |   3101.6423 |   3101.6085 |   3101.7084 |   3101.7340 |   3101.5651 |   3101.7289 |   3111.9325 |   3111.7625 |   3111.9544 |   3111.9903 |   3111.6738 |   3111.9317 |   3111.6204 |   3111.9213 |   3108.9817 |   3109.2011 |   3108.9018 |   3108.8971 |   3109.1964 |   3108.9397 |   3108.9562 |   3109.0689 |   3084.4175 |   3084.4654 |   3084.7483 |   3084.8307 |   3084.6148 |   3084.6572 |   3084.7814 |   3084.7463 |   3105.0203 |   3105.2255 |   3105.2173 |   3105.0201 |   3105.2161 |   3105.0147 |   3105.2429 |   3105.1645 |   3111.2974 |   3111.3417 |   3111.3534 |   3111.3478 |   3111.4599 |   3111.3564 |   3111.4487 |   3111.4238 |   3091.3088 |   3091.3034 |   3091.2606 |   3091.0426 |   3091.1213 |   3091.3598 |   3091.3185 |   3091.0337 |   3109.5802 |   3109.2266 |   3109.2519 |   3109.4794 |   3109.6529 |   3109.2536 |   3109.5830 |   3109.4725 |   3118.2399 |   3118.4390 |   3118.3542 |   3118.0483 |   3118.2026 |   3118.0207 |   3118.0561 |   3118.1734 |   3108.7963 |   3108.9102 |   3108.9596 |   3108.7953 |   3108.7987 |   3108.7821 |   3108.8670 |   3108.6928 |   3114.9863 |   3114.9999 |   3114.8695 |   3115.1723 |   3114.9908 |   3114.9658 |   3114.9490 |   3114.9440 |   3118.6944 |   3118.7904 |   3118.7626 |   3118.9423 |    3119.2235 |    3119.0494 |    3118.7064 |    3118.7838 |    3094.5533 |    3094.4197 |    3094.5541 |    3094.4068 |    3094.4267 |    3094.4693 |    3094.4701 |    3094.4654 |    3113.2038 |    3113.2663 |    3113.2648 |    3113.2662 |    3113.4007 |    3113.4845 |    3113.6455 |    3113.4109 |    3100.3916 |    3100.3456 |    3100.3752 |    3100.2260 |    3100.2541 |    3100.2614 |    3100.3877 |    3100.2635 |
|          CPI         |     0.3987 |     0.3994 |     0.3993 |     0.3993 |     0.3993 |     0.3993 |     0.3993 |     0.3993 |     0.3973 |     0.3974 |      0.3973 |      0.3973 |      0.3974 |      0.3974 |      0.3974 |      0.3973 |      0.3986 |      0.3986 |      0.3986 |      0.3986 |      0.3986 |      0.3986 |      0.3985 |      0.3986 |      0.3982 |      0.3982 |      0.3982 |      0.3982 |      0.3982 |      0.3982 |      0.3982 |      0.3982 |      0.3954 |      0.3954 |      0.3954 |      0.3954 |      0.3954 |      0.3954 |      0.3953 |      0.3954 |      0.3977 |      0.3978 |      0.3977 |      0.3977 |      0.3977 |      0.3977 |      0.3977 |      0.3978 |      0.3985 |      0.3985 |      0.3985 |      0.3985 |      0.3985 |      0.3985 |      0.3985 |      0.3985 |      0.3961 |      0.3961 |      0.3961 |      0.3961 |      0.3961 |      0.3961 |      0.3961 |      0.3961 |      0.3984 |      0.3984 |      0.3983 |      0.3984 |      0.3984 |      0.3984 |      0.3984 |      0.3984 |      0.3993 |      0.3994 |      0.3994 |      0.3994 |      0.3994 |      0.3994 |      0.3994 |      0.3994 |      0.3983 |      0.3982 |      0.3983 |      0.3983 |      0.3982 |      0.3983 |      0.3982 |      0.3982 |      0.3990 |      0.3990 |      0.3990 |      0.3990 |      0.3990 |      0.3990 |      0.3990 |      0.3990 |      0.3996 |      0.3996 |      0.3996 |      0.3996 |       0.3996 |       0.3996 |       0.3995 |       0.3996 |       0.3966 |       0.3965 |       0.3965 |       0.3966 |       0.3965 |       0.3965 |       0.3965 |       0.3965 |       0.3989 |       0.3989 |       0.3989 |       0.3989 |       0.3988 |       0.3988 |       0.3989 |       0.3988 |       0.3972 |       0.3972 |       0.3972 |       0.3972 |       0.3972 |       0.3972 |       0.3972 |       0.3972 |
|     DP [MFLOP/s]     | 98096.3377 | 98089.3553 | 98089.2433 | 98096.1510 | 98096.1510 | 98097.5326 | 98089.4673 | 98096.1510 | 98097.6073 | 98087.2271 |  98096.1136 |  98096.1510 |  98080.5820 |  98096.1883 |  98091.2968 |  98096.2256 |  98089.4673 |  98089.5046 |  98088.1979 |  98088.1979 |  98081.0300 |  98089.3553 |  98099.0264 |  98089.5046 |  98089.3553 |  98096.3750 |  98096.1883 |  98097.5700 |  98097.6073 |  98096.4870 |  98096.4497 |  98096.3003 |  98088.8699 |  98089.2806 |  98098.6156 |  98085.7338 |  98089.0192 |  98089.0192 |  98087.8245 |  98085.7338 |  98096.3377 |  98089.3553 |  98097.7567 |  98096.2630 |  98097.7567 |  98096.4497 |  98081.7392 |  98080.4327 |  98085.3604 |  98096.2630 |  98096.3377 |  98096.3003 |  98096.1510 |  98097.6073 |  98097.5700 |  98096.5991 |  98087.9365 |  98094.4333 |  98097.7193 |  98096.3003 |  98094.4706 |  98086.8165 |  98086.5924 |  98096.2256 |  98089.2433 |  98098.6156 |  98098.6156 |  98098.2795 |  98090.0647 |  98097.4953 |  98089.3179 |  98089.4299 |  98098.5782 |  98086.6671 |  98086.1071 |  98089.4673 |  98096.1510 |  98089.4673 |  98089.4673 |  98086.1444 |  98089.3553 |  98098.6156 |  98085.5844 |  98085.2111 |  98089.5046 |  98089.3553 |  98088.1232 |  98098.6156 |  98089.4299 |  98089.2059 |  98086.1444 |  98089.2059 |  98089.2059 |  98089.2433 |  98089.2433 |  98089.2433 |  98079.4621 |  98080.2460 |  98079.2755 |  98089.5046 |   98090.2140 |   98079.7607 |   98098.9143 |   98079.4621 |   98085.6964 |   98087.7872 |   98085.8831 |   98085.6964 |   98089.4673 |   98087.7498 |   98089.4673 |   98098.4289 |   98096.2256 |   98096.3377 |   98089.5419 |   98089.9900 |   98096.3003 |   98096.3377 |   98088.4592 |   98096.3377 |   98096.5244 |   98096.1136 |   98089.5046 |   98096.2630 |   98096.1883 |   98096.4870 |   98096.4870 |   98097.7193 |
+----------------------+------------+------------+------------+------------+------------+------------+------------+------------+------------+------------+-------------+-------------+-------------+-------------+-------------+-------------+-------------+-------------+-------------+-------------+-------------+-------------+-------------+-------------+-------------+-------------+-------------+-------------+-------------+-------------+-------------+-------------+-------------+-------------+-------------+-------------+-------------+-------------+-------------+-------------+-------------+-------------+-------------+-------------+-------------+-------------+-------------+-------------+-------------+-------------+-------------+-------------+-------------+-------------+-------------+-------------+-------------+-------------+-------------+-------------+-------------+-------------+-------------+-------------+-------------+-------------+-------------+-------------+-------------+-------------+-------------+-------------+-------------+-------------+-------------+-------------+-------------+-------------+-------------+-------------+-------------+-------------+-------------+-------------+-------------+-------------+-------------+-------------+-------------+-------------+-------------+-------------+-------------+-------------+-------------+-------------+-------------+-------------+-------------+-------------+--------------+--------------+--------------+--------------+--------------+--------------+--------------+--------------+--------------+--------------+--------------+--------------+--------------+--------------+--------------+--------------+--------------+--------------+--------------+--------------+--------------+--------------+--------------+--------------+--------------+--------------+--------------+--------------+
+---------------------------+--------------+------------+------------+------------+
|           Metric          |      Sum     |     Min    |     Max    |     Avg    |
+---------------------------+--------------+------------+------------+------------+
|  Runtime (RDTSC) [s] STAT |     336.2719 |     2.6269 |     2.6274 |     2.6271 |
| Runtime unhalted [s] STAT |     387.5051 |     3.0053 |     3.0397 |     3.0274 |
|      Clock [MHz] STAT     |  397673.3948 |  3084.4175 |  3119.2235 |  3106.8234 |
|          CPI STAT         |      50.9463 |     0.3953 |     0.3996 |     0.3980 |
|     DP [MFLOP/s] STAT     | 1.255574e+07 | 98079.2755 | 98099.0264 | 98091.6836 |
+---------------------------+--------------+------------+------------+------------+
