--------------------------------------------------------------------------------
CPU name:	AMD EPYC 9755 128-Core Processor               
CPU type:	AMD K1A (Zen5) architecture
CPU clock:	2.70 GHz
--------------------------------------------------------------------------------
Region bench, Group 1: FLOPS_DP
+-------------------+------------+------------+------------+------------+------------+------------+------------+------------+------------+------------+-------------+-------------+-------------+-------------+-------------+-------------+-------------+-------------+-------------+-------------+-------------+-------------+-------------+-------------+-------------+-------------+-------------+-------------+-------------+-------------+-------------+-------------+-------------+-------------+-------------+-------------+-------------+-------------+-------------+-------------+-------------+-------------+-------------+-------------+-------------+-------------+-------------+-------------+-------------+-------------+-------------+-------------+-------------+-------------+-------------+-------------+-------------+-------------+-------------+-------------+-------------+-------------+-------------+-------------+-------------+-------------+-------------+-------------+-------------+-------------+-------------+-------------+-------------+-------------+-------------+-------------+-------------+-------------+-------------+-------------+-------------+-------------+-------------+-------------+-------------+-------------+-------------+-------------+-------------+-------------+-------------+-------------+-------------+-------------+-------------+-------------+-------------+-------------+-------------+-------------+--------------+--------------+--------------+--------------+--------------+--------------+--------------+--------------+--------------+--------------+--------------+--------------+--------------+--------------+--------------+--------------+--------------+--------------+--------------+--------------+--------------+--------------+--------------+--------------+--------------+--------------+--------------+--------------+
|    Region Info    | HWThread 0 | HWThread 1 | HWThread 2 | HWThread 3 | HWThread 4 | HWThread 5 | HWThread 6 | HWThread 7 | HWThread 8 | HWThread 9 | HWThread 10 | HWThread 11 | HWThread 12 | HWThread 13 | HWThread 14 | HWThread 15 | HWThread 16 | HWThread 17 | HWThread 18 | HWThread 19 | HWThread 20 | HWThread 21 | HWThread 22 | HWThread 23 | HWThread 24 | HWThread 25 | HWThread 26 | HWThread 27 | HWThread 28 | HWThread 29 | HWThread 30 | HWThread 31 | HWThread 32 | HWThread 33 | HWThread 34 | HWThread 35 | HWThread 36 | HWThread 37 | HWThread 38 | HWThread 39 | HWThread 40 | HWThread 41 | HWThread 42 | HWThread 43 | HWThread 44 | HWThread 45 | HWThread 46 | HWThread 47 | HWThread 48 | HWThread 49 | HWThread 50 | HWThread 51 | HWThread 52 | HWThread 53 | HWThread 54 | HWThread 55 | HWThread 56 | HWThread 57 | HWThread 58 | HWThread 59 | HWThread 60 | HWThread 61 | HWThread 62 | HWThread 63 | HWThread 64 | HWThread 65 | HWThread 66 | HWThread 67 | HWThread 68 | HWThread 69 | HWThread 70 | HWThread 71 | HWThread 72 | HWThread 73 | HWThread 74 | HWThread 75 | HWThread 76 | HWThread 77 | HWThread 78 | HWThread 79 | HWThread 80 | HWThread 81 | HWThread 82 | HWThread 83 | HWThread 84 | HWThread 85 | HWThread 86 | HWThread 87 | HWThread 88 | HWThread 89 | HWThread 90 | HWThread 91 | HWThread 92 | HWThread 93 | HWThread 94 | HWThread 95 | HWThread 96 | HWThread 97 | HWThread 98 | HWThread 99 | HWThread 100 | HWThread 101 | HWThread 102 | HWThread 103 | HWThread 104 | HWThread 105 | HWThread 106 | HWThread 107 | HWThread 108 | HWThread 109 | HWThread 110 | HWThread 111 | HWThread 112 | HWThread 113 | HWThread 114 | HWThread 115 | HWThread 116 | HWThread 117 | HWThread 118 | HWThread 119 | HWThread 120 | HWThread 121 | HWThread 122 | HWThread 123 | HWThread 124 | HWThread 125 | HWThread 126 | HWThread 127 |
+-------------------+------------+------------+------------+------------+------------+------------+------------+------------+------------+------------+-------------+-------------+-------------+-------------+-------------+-------------+-------------+-------------+-------------+-------------+-------------+-------------+-------------+-------------+-------------+-------------+-------------+-------------+-------------+-------------+-------------+-------------+-------------+-------------+-------------+-------------+-------------+-------------+-------------+-------------+-------------+-------------+-------------+-------------+-------------+-------------+-------------+-------------+-------------+-------------+-------------+-------------+-------------+-------------+-------------+-------------+-------------+-------------+-------------+-------------+-------------+-------------+-------------+-------------+-------------+-------------+-------------+-------------+-------------+-------------+-------------+-------------+-------------+-------------+-------------+-------------+-------------+-------------+-------------+-------------+-------------+-------------+-------------+-------------+-------------+-------------+-------------+-------------+-------------+-------------+-------------+-------------+-------------+-------------+-------------+-------------+-------------+-------------+-------------+-------------+--------------+--------------+--------------+--------------+--------------+--------------+--------------+--------------+--------------+--------------+--------------+--------------+--------------+--------------+--------------+--------------+--------------+--------------+--------------+--------------+--------------+--------------+--------------+--------------+--------------+--------------+--------------+--------------+
| RDTSC Runtime [s] |   1.663312 |   1.663378 |   1.663328 |   1.663127 |   1.663297 |   1.663127 |   1.663127 |   1.663309 |   1.663128 |   1.663125 |    1.663125 |    1.663054 |    1.663126 |    1.663055 |    1.663126 |    1.663056 |    1.663351 |    1.663127 |    1.663329 |    1.663308 |    1.663309 |    1.663287 |    1.663029 |    1.663330 |    1.663130 |    1.663128 |    1.663130 |    1.663053 |    1.663537 |    1.663130 |    1.663518 |    1.663128 |    1.663349 |    1.663386 |    1.663128 |    1.663348 |    1.663130 |    1.663330 |    1.663127 |    1.663296 |    1.663174 |    1.663028 |    1.663176 |    1.663042 |    1.663126 |    1.663030 |    1.663030 |    1.663328 |    1.663127 |    1.663124 |    1.663124 |    1.663127 |    1.663127 |    1.663327 |    1.663356 |    1.663031 |    1.663286 |    1.663310 |    1.663346 |    1.663123 |    1.663383 |    1.663394 |    1.663027 |    1.663383 |    1.663121 |    1.663123 |    1.663296 |    1.663295 |    1.663389 |    1.663033 |    1.663397 |    1.663390 |    1.663125 |    1.663124 |    1.663331 |    1.663055 |    1.663126 |    1.663375 |    1.663124 |    1.663329 |    1.663285 |    1.663520 |    1.664115 |    1.664515 |    1.664114 |    1.664504 |    1.664504 |    1.663463 |    1.663029 |    1.663393 |    1.663103 |    1.663125 |    1.663327 |    1.663297 |    1.663297 |    1.663287 |    1.663375 |    1.663309 |    1.663028 |    1.663121 |     1.663329 |     1.663307 |     1.663375 |     1.663383 |     1.663314 |     1.663122 |     1.663122 |     1.663126 |     1.663023 |     1.663126 |     1.663127 |     1.663127 |     1.663056 |     1.663391 |     1.663057 |     1.663173 |     1.663226 |     1.663032 |     1.663033 |     1.663359 |     1.663841 |     1.664139 |     1.663393 |     1.663289 |     1.663289 |     1.663288 |     1.663287 |     1.663379 |
|     call count    |          1 |          1 |          1 |          1 |          1 |          1 |          1 |          1 |          1 |          1 |           1 |           1 |           1 |           1 |           1 |           1 |           1 |           1 |           1 |           1 |           1 |           1 |           1 |           1 |           1 |           1 |           1 |           1 |           1 |           1 |           1 |           1 |           1 |           1 |           1 |           1 |           1 |           1 |           1 |           1 |           1 |           1 |           1 |           1 |           1 |           1 |           1 |           1 |           1 |           1 |           1 |           1 |           1 |           1 |           1 |           1 |           1 |           1 |           1 |           1 |           1 |           1 |           1 |           1 |           1 |           1 |           1 |           1 |           1 |           1 |           1 |           1 |           1 |           1 |           1 |           1 |           1 |           1 |           1 |           1 |           1 |           1 |           1 |           1 |           1 |           1 |           1 |           1 |           1 |           1 |           1 |           1 |           1 |           1 |           1 |           1 |           1 |           1 |           1 |           1 |            1 |            1 |            1 |            1 |            1 |            1 |            1 |            1 |            1 |            1 |            1 |            1 |            1 |            1 |            1 |            1 |            1 |            1 |            1 |            1 |            1 |            1 |            1 |            1 |            1 |            1 |            1 |            1 |
+-------------------+------------+------------+------------+------------+------------+------------+------------+------------+------------+------------+-------------+-------------+-------------+-------------+-------------+-------------+-------------+-------------+-------------+-------------+-------------+-------------+-------------+-------------+-------------+-------------+-------------+-------------+-------------+-------------+-------------+-------------+-------------+-------------+-------------+-------------+-------------+-------------+-------------+-------------+-------------+-------------+-------------+-------------+-------------+-------------+-------------+-------------+-------------+-------------+-------------+-------------+-------------+-------------+-------------+-------------+-------------+-------------+-------------+-------------+-------------+-------------+-------------+-------------+-------------+-------------+-------------+-------------+-------------+-------------+-------------+-------------+-------------+-------------+-------------+-------------+-------------+-------------+-------------+-------------+-------------+-------------+-------------+-------------+-------------+-------------+-------------+-------------+-------------+-------------+-------------+-------------+-------------+-------------+-------------+-------------+-------------+-------------+-------------+-------------+--------------+--------------+--------------+--------------+--------------+--------------+--------------+--------------+--------------+--------------+--------------+--------------+--------------+--------------+--------------+--------------+--------------+--------------+--------------+--------------+--------------+--------------+--------------+--------------+--------------+--------------+--------------+--------------+
+-------------------------------------+---------+--------------+--------------+--------------+--------------+--------------+--------------+--------------+--------------+--------------+--------------+--------------+--------------+--------------+--------------+--------------+--------------+--------------+--------------+--------------+--------------+--------------+--------------+--------------+--------------+--------------+--------------+--------------+--------------+--------------+--------------+--------------+--------------+--------------+--------------+--------------+--------------+--------------+--------------+--------------+--------------+--------------+--------------+--------------+--------------+--------------+--------------+--------------+--------------+--------------+--------------+--------------+--------------+--------------+--------------+--------------+--------------+--------------+--------------+--------------+--------------+--------------+--------------+--------------+--------------+--------------+--------------+--------------+--------------+--------------+--------------+--------------+--------------+--------------+--------------+--------------+--------------+--------------+--------------+--------------+--------------+--------------+--------------+--------------+--------------+--------------+--------------+--------------+--------------+--------------+--------------+--------------+--------------+--------------+--------------+--------------+--------------+--------------+--------------+--------------+--------------+--------------+--------------+--------------+--------------+--------------+--------------+--------------+--------------+--------------+--------------+--------------+--------------+--------------+--------------+--------------+--------------+--------------+--------------+--------------+--------------+--------------+--------------+--------------+--------------+--------------+--------------+--------------+--------------+
|                Event                | Counter |  HWThread 0  |  HWThread 1  |  HWThread 2  |  HWThread 3  |  HWThread 4  |  HWThread 5  |  HWThread 6  |  HWThread 7  |  HWThread 8  |  HWThread 9  |  HWThread 10 |  HWThread 11 |  HWThread 12 |  HWThread 13 |  HWThread 14 |  HWThread 15 |  HWThread 16 |  HWThread 17 |  HWThread 18 |  HWThread 19 |  HWThread 20 |  HWThread 21 |  HWThread 22 |  HWThread 23 |  HWThread 24 |  HWThread 25 |  HWThread 26 |  HWThread 27 |  HWThread 28 |  HWThread 29 |  HWThread 30 |  HWThread 31 |  HWThread 32 |  HWThread 33 |  HWThread 34 |  HWThread 35 |  HWThread 36 |  HWThread 37 |  HWThread 38 |  HWThread 39 |  HWThread 40 |  HWThread 41 |  HWThread 42 |  HWThread 43 |  HWThread 44 |  HWThread 45 |  HWThread 46 |  HWThread 47 |  HWThread 48 |  HWThread 49 |  HWThread 50 |  HWThread 51 |  HWThread 52 |  HWThread 53 |  HWThread 54 |  HWThread 55 |  HWThread 56 |  HWThread 57 |  HWThread 58 |  HWThread 59 |  HWThread 60 |  HWThread 61 |  HWThread 62 |  HWThread 63 |  HWThread 64 |  HWThread 65 |  HWThread 66 |  HWThread 67 |  HWThread 68 |  HWThread 69 |  HWThread 70 |  HWThread 71 |  HWThread 72 |  HWThread 73 |  HWThread 74 |  HWThread 75 |  HWThread 76 |  HWThread 77 |  HWThread 78 |  HWThread 79 |  HWThread 80 |  HWThread 81 |  HWThread 82 |  HWThread 83 |  HWThread 84 |  HWThread 85 |  HWThread 86 |  HWThread 87 |  HWThread 88 |  HWThread 89 |  HWThread 90 |  HWThread 91 |  HWThread 92 |  HWThread 93 |  HWThread 94 |  HWThread 95 |  HWThread 96 |  HWThread 97 |  HWThread 98 |  HWThread 99 | HWThread 100 | HWThread 101 | HWThread 102 | HWThread 103 | HWThread 104 | HWThread 105 | HWThread 106 | HWThread 107 | HWThread 108 | HWThread 109 | HWThread 110 | HWThread 111 | HWThread 112 | HWThread 113 | HWThread 114 | HWThread 115 | HWThread 116 | HWThread 117 | HWThread 118 | HWThread 119 | HWThread 120 | HWThread 121 | HWThread 122 | HWThread 123 | HWThread 124 | HWThread 125 | HWThread 126 | HWThread 127 |
+-------------------------------------+---------+--------------+--------------+--------------+--------------+--------------+--------------+--------------+--------------+--------------+--------------+--------------+--------------+--------------+--------------+--------------+--------------+--------------+--------------+--------------+--------------+--------------+--------------+--------------+--------------+--------------+--------------+--------------+--------------+--------------+--------------+--------------+--------------+--------------+--------------+--------------+--------------+--------------+--------------+--------------+--------------+--------------+--------------+--------------+--------------+--------------+--------------+--------------+--------------+--------------+--------------+--------------+--------------+--------------+--------------+--------------+--------------+--------------+--------------+--------------+--------------+--------------+--------------+--------------+--------------+--------------+--------------+--------------+--------------+--------------+--------------+--------------+--------------+--------------+--------------+--------------+--------------+--------------+--------------+--------------+--------------+--------------+--------------+--------------+--------------+--------------+--------------+--------------+--------------+--------------+--------------+--------------+--------------+--------------+--------------+--------------+--------------+--------------+--------------+--------------+--------------+--------------+--------------+--------------+--------------+--------------+--------------+--------------+--------------+--------------+--------------+--------------+--------------+--------------+--------------+--------------+--------------+--------------+--------------+--------------+--------------+--------------+--------------+--------------+--------------+--------------+--------------+--------------+--------------+
|           ACTUAL_CPU_CLOCK          |  FIXC1  |   4448706000 |   4449059000 |   4449171000 |   4448445000 |   4449212000 |   4448512000 |   4448444000 |   4449165000 |   4424433000 |   4424829000 |   4424737000 |   4425297000 |   4425224000 |   4424496000 |   4425096000 |   4424626000 |   4450138000 |   4448828000 |   4449489000 |   4450071000 |   4450220000 |   4449478000 |   4449525000 |   4450011000 |   4430531000 |   4430371000 |   4430717000 |   4430318000 |   4431265000 |   4430386000 |   4431047000 |   4430392000 |   4423583000 |   4423595000 |   4422604000 |   4423248000 |   4423247000 |   4423759000 |   4422410000 |   4423487000 |   4431614000 |   4431527000 |   4431594000 |   4431889000 |   4431564000 |   4431763000 |   4431538000 |   4431819000 |   4448574000 |   4448782000 |   4448619000 |   4448586000 |   4448747000 |   4449131000 |   4449131000 |   4448782000 |   4420562000 |   4419826000 |   4420657000 |   4419552000 |   4420090000 |   4420209000 |   4419660000 |   4420228000 |   4440406000 |   4440520000 |   4440984000 |   4441677000 |   4440840000 |   4440169000 |   4441117000 |   4440998000 |   4458159000 |   4458120000 |   4457909000 |   4457964000 |   4457677000 |   4458505000 |   4458134000 |   4457684000 |   4444362000 |   4444027000 |   4444256000 |   4444787000 |   4444250000 |   4444591000 |   4444144000 |   4444138000 |   4455501000 |   4456468000 |   4455803000 |   4455212000 |   4455820000 |   4456633000 |   4456531000 |   4456012000 |   4456906000 |   4456802000 |   4456369000 |   4456377000 |   4457088000 |   4456823000 |   4456902000 |   4457005000 |   4423550000 |   4423031000 |   4423148000 |   4422940000 |   4423468000 |   4423110000 |   4423736000 |   4423598000 |   4453097000 |   4454226000 |   4453217000 |   4453371000 |   4453676000 |   4453124000 |   4453194000 |   4453710000 |   4432987000 |   4433044000 |   4432629000 |   4432648000 |   4432639000 |   4432655000 |   4432613000 |   4432534000 |
|            MAX_CPU_CLOCK            |  FIXC2  |   4488180000 |   4488410000 |   4488432000 |   4488020000 |   4488569000 |   4488122000 |   4488028000 |   4488551000 |   4487632000 |   4487760000 |   4487747000 |   4488500000 |   4488138000 |   4487666000 |   4487936000 |   4487697000 |   4488496000 |   4487096000 |   4487609000 |   4488443000 |   4488555000 |   4487650000 |   4488145000 |   4488508000 |   4488087000 |   4488010000 |   4488018000 |   4488049000 |   4488928000 |   4487900000 |   4488702000 |   4487903000 |   4488541000 |   4488570000 |   4488026000 |   4488177000 |   4488191000 |   4488518000 |   4487739000 |   4488438000 |   4487883000 |   4488061000 |   4488115000 |   4487985000 |   4487917000 |   4488153000 |   4488071000 |   4488137000 |   4487629000 |   4487707000 |   4487676000 |   4487632000 |   4487645000 |   4488065000 |   4488069000 |   4487716000 |   4488522000 |   4488081000 |   4488470000 |   4487633000 |   4488133000 |   4488154000 |   4487759000 |   4488145000 |   4487534000 |   4487606000 |   4488061000 |   4488564000 |   4487665000 |   4486819000 |   4488120000 |   4487974000 |   4488188000 |   4488135000 |   4488049000 |   4488010000 |   4487707000 |   4488500000 |   4488143000 |   4487746000 |   4488645000 |   4488572000 |   4488859000 |   4489340000 |   4488863000 |   4489210000 |   4488825000 |   4488445000 |   4487696000 |   4488368000 |   4487994000 |   4487647000 |   4488061000 |   4488479000 |   4488369000 |   4488159000 |   4488092000 |   4488029000 |   4487709000 |   4487539000 |   4488138000 |   4488074000 |   4488089000 |   4488062000 |   4488092000 |   4487704000 |   4487675000 |   4487622000 |   4487838000 |   4487609000 |   4487894000 |   4487937000 |   4487490000 |   4488458000 |   4487709000 |   4487920000 |   4488063000 |   4487842000 |   4487627000 |   4488095000 |   4489249000 |   4489278000 |   4488371000 |   4488382000 |   4488386000 |   4488387000 |   4488559000 |   4488358000 |
|         RETIRED_INSTRUCTIONS        |   PMC0  |  18264240000 |  18265390000 |  18265170000 |  18265220000 |  18265160000 |  18265240000 |  18265240000 |  18265420000 |  18257940000 |  18257760000 |  18258070000 |  18257330000 |  18257710000 |  18257600000 |  18257860000 |  18257950000 |  18265320000 |  18264940000 |  18265070000 |  18265210000 |  18265230000 |  18264660000 |  18264620000 |  18265130000 |  18259540000 |  18259630000 |  18259140000 |  18259560000 |  18260510000 |  18259830000 |  18260350000 |  18259630000 |  18262460000 |  18262540000 |  18262450000 |  18262250000 |  18261990000 |  18262180000 |  18262100000 |  18262400000 |  18260350000 |  18260440000 |  18260630000 |  18260920000 |  18260850000 |  18260730000 |  18260450000 |  18260410000 |  18265130000 |  18265000000 |  18265410000 |  18264750000 |  18264920000 |  18265630000 |  18265020000 |  18264890000 |  18257450000 |  18257840000 |  18257780000 |  18257370000 |  18257230000 |  18257450000 |  18257030000 |  18256900000 |  18263220000 |  18262840000 |  18262560000 |  18263270000 |  18263100000 |  18262840000 |  18262750000 |  18263510000 |  18266930000 |  18267520000 |  18267130000 |  18267040000 |  18267310000 |  18267570000 |  18267300000 |  18267130000 |  18266370000 |  18266520000 |  18267110000 |  18267490000 |  18266680000 |  18267360000 |  18267210000 |  18266690000 |  18265120000 |  18264760000 |  18264740000 |  18264550000 |  18264210000 |  18264280000 |  18264370000 |  18264720000 |  18265980000 |  18265800000 |  18265590000 |  18265900000 |  18265720000 |  18265790000 |  18265680000 |  18265800000 |  18258050000 |  18257490000 |  18257430000 |  18258050000 |  18257610000 |  18257040000 |  18257670000 |  18257580000 |  18266430000 |  18266980000 |  18266480000 |  18266310000 |  18266440000 |  18266400000 |  18266490000 |  18266890000 |  18263180000 |  18264130000 |  18262900000 |  18262920000 |  18262880000 |  18262990000 |  18262720000 |  18263070000 |
|         CPU_CLOCKS_UNHALTED         |   PMC1  |   4423560000 |   4429697000 |   4428606000 |   4428770000 |   4428353000 |   4428583000 |   4428476000 |   4429353000 |   4402663000 |   4402690000 |   4402407000 |   4402407000 |   4402520000 |   4402346000 |   4402466000 |   4402178000 |   4427871000 |   4427181000 |   4427118000 |   4427764000 |   4427342000 |   4427683000 |   4426495000 |   4427624000 |   4407925000 |   4408176000 |   4407914000 |   4407762000 |   4409363000 |   4407895000 |   4409151000 |   4407831000 |   4403070000 |   4403248000 |   4401636000 |   4402564000 |   4402038000 |   4402608000 |   4401492000 |   4402580000 |   4408854000 |   4408538000 |   4408914000 |   4408604000 |   4408740000 |   4408387000 |   4407845000 |   4409292000 |   4426334000 |   4426591000 |   4426657000 |   4426441000 |   4426338000 |   4427266000 |   4427083000 |   4425896000 |   4397652000 |   4398359000 |   4398245000 |   4397508000 |   4398096000 |   4398588000 |   4397203000 |   4397478000 |   4419328000 |   4419351000 |   4419573000 |   4419770000 |   4419796000 |   4418947000 |   4419997000 |   4419939000 |   4435588000 |   4435741000 |   4436267000 |   4435152000 |   4435280000 |   4436194000 |   4435332000 |   4436171000 |   4422853000 |   4423274000 |   4425869000 |   4426961000 |   4425711000 |   4427322000 |   4426956000 |   4423317000 |   4433647000 |   4434771000 |   4433869000 |   4433687000 |   4433615000 |   4433968000 |   4433694000 |   4433891000 |   4437059000 |   4436649000 |   4435931000 |   4436163000 |   4436395000 |   4436630000 |   4436702000 |   4436795000 |   4402556000 |   4401800000 |   4401930000 |   4401941000 |   4401291000 |   4401588000 |   4401520000 |   4401849000 |   4432344000 |   4433574000 |   4432320000 |   4432558000 |   4432503000 |   4432152000 |   4432121000 |   4433300000 |   4412625000 |   4413898000 |   4410742000 |   4410524000 |   4410339000 |   4410397000 |   4410056000 |   4410692000 |
|                MERGE                |   PMC3  |            0 |            0 |            0 |            0 |            0 |            0 |            0 |            0 |            0 |            0 |            0 |            0 |            0 |            0 |            0 |            0 |            0 |            0 |            0 |            0 |            0 |            0 |            0 |            0 |            0 |            0 |            0 |            0 |            0 |            0 |            0 |            0 |            0 |            0 |            0 |            0 |            0 |            0 |            0 |            0 |            0 |            0 |            0 |            0 |            0 |            0 |            0 |            0 |            0 |            0 |            0 |            0 |            0 |            0 |            0 |            0 |            0 |            0 |            0 |            0 |            0 |            0 |            0 |            0 |            0 |            0 |            0 |            0 |            0 |            0 |            0 |            0 |            0 |            0 |            0 |            0 |            0 |            0 |            0 |            0 |            0 |            0 |            0 |            0 |            0 |            0 |            0 |            0 |            0 |            0 |            0 |            0 |            0 |            0 |            0 |            0 |            0 |            0 |            0 |            0 |            0 |            0 |            0 |            0 |            0 |            0 |            0 |            0 |            0 |            0 |            0 |            0 |            0 |            0 |            0 |            0 |            0 |            0 |            0 |            0 |            0 |            0 |            0 |            0 |            0 |            0 |            0 |            0 |
| RETIRED_SSE_AVX_FLOPS_ALL_DP_SCALAR |   PMC2  |           12 |           12 |           12 |           12 |           12 |           12 |           12 |           12 |           12 |           12 |           12 |           12 |           12 |           12 |           12 |           12 |           12 |           12 |           12 |           12 |           12 |           12 |           12 |           12 |           12 |           12 |           12 |           12 |           12 |           12 |           12 |           12 |           12 |           12 |           12 |           12 |           12 |           12 |           12 |           12 |           12 |           12 |           12 |           12 |           12 |           12 |           12 |           12 |           12 |           12 |           12 |           12 |           12 |           12 |           12 |           12 |           12 |           12 |           12 |           12 |           12 |           12 |           12 |           12 |           12 |           12 |           12 |           12 |           12 |           12 |           12 |           12 |           12 |           12 |           12 |           12 |           12 |           12 |           12 |           12 |           12 |           12 |           12 |           12 |           12 |           12 |           12 |           12 |           12 |           12 |           12 |           12 |           12 |           12 |           12 |           12 |           12 |           12 |           12 |           12 |           12 |           12 |           12 |           12 |           12 |           12 |           12 |           12 |           12 |           12 |           12 |           12 |           12 |           12 |           12 |           12 |           12 |           12 |           12 |           12 |           12 |           12 |           12 |           12 |           12 |           12 |           12 |           12 |
|                MERGE                |   PMC5  |            0 |            0 |            0 |            0 |            0 |            0 |            0 |            0 |            0 |            0 |            0 |            0 |            0 |            0 |            0 |            0 |            0 |            0 |            0 |            0 |            0 |            0 |            0 |            0 |            0 |            0 |            0 |            0 |            0 |            0 |            0 |            0 |            0 |            0 |            0 |            0 |            0 |            0 |            0 |            0 |            0 |            0 |            0 |            0 |            0 |            0 |            0 |            0 |            0 |            0 |            0 |            0 |            0 |            0 |            0 |            0 |            0 |            0 |            0 |            0 |            0 |            0 |            0 |            0 |            0 |            0 |            0 |            0 |            0 |            0 |            0 |            0 |            0 |            0 |            0 |            0 |            0 |            0 |            0 |            0 |            0 |            0 |            0 |            0 |            0 |            0 |            0 |            0 |            0 |            0 |            0 |            0 |            0 |            0 |            0 |            0 |            0 |            0 |            0 |            0 |            0 |            0 |            0 |            0 |            0 |            0 |            0 |            0 |            0 |            0 |            0 |            0 |            0 |            0 |            0 |            0 |            0 |            0 |            0 |            0 |            0 |            0 |            0 |            0 |            0 |            0 |            0 |            0 |
| RETIRED_SSE_AVX_FLOPS_ALL_DP_PACKED |   PMC4  | 193273500000 | 193273500000 | 193273500000 | 193273500000 | 193273500000 | 193273500000 | 193273500000 | 193273500000 | 193273500000 | 193273500000 | 193273500000 | 193273500000 | 193273500000 | 193273500000 | 193273500000 | 193273500000 | 193273500000 | 193273500000 | 193273500000 | 193273500000 | 193273500000 | 193273500000 | 193273500000 | 193273500000 | 193273500000 | 193273500000 | 193273500000 | 193273500000 | 193273500000 | 193273500000 | 193273500000 | 193273500000 | 193273500000 | 193273500000 | 193273500000 | 193273500000 | 193273500000 | 193273500000 | 193273500000 | 193273500000 | 193273500000 | 193273500000 | 193273500000 | 193273500000 | 193273500000 | 193273500000 | 193273500000 | 193273500000 | 193273500000 | 193273500000 | 193273500000 | 193273500000 | 193273500000 | 193273500000 | 193273500000 | 193273500000 | 193273500000 | 193273500000 | 193273500000 | 193273500000 | 193273500000 | 193273500000 | 193273500000 | 193273500000 | 193273500000 | 193273500000 | 193273500000 | 193273500000 | 193273500000 | 193273500000 | 193273500000 | 193273500000 | 193273500000 | 193273500000 | 193273500000 | 193273500000 | 193273500000 | 193273500000 | 193273500000 | 193273500000 | 193273500000 | 193273500000 | 193273500000 | 193273500000 | 193273500000 | 193273500000 | 193273500000 | 193273500000 | 193273500000 | 193273500000 | 193273500000 | 193273500000 | 193273500000 | 193273500000 | 193273500000 | 193273500000 | 193273500000 | 193273500000 | 193273500000 | 193273500000 | 193273500000 | 193273500000 | 193273500000 | 193273500000 | 193273500000 | 193273500000 | 193273500000 | 193273500000 | 193273500000 | 193273500000 | 193273500000 | 193273500000 | 193273500000 | 193273500000 | 193273500000 | 193273500000 | 193273500000 | 193273500000 | 193273500000 | 193273500000 | 193273500000 | 193273500000 | 193273500000 | 193273500000 | 193273500000 | 193273500000 | 193273500000 | 193273500000 |
+-------------------------------------+---------+--------------+--------------+--------------+--------------+--------------+--------------+--------------+--------------+--------------+--------------+--------------+--------------+--------------+--------------+--------------+--------------+--------------+--------------+--------------+--------------+--------------+--------------+--------------+--------------+--------------+--------------+--------------+--------------+--------------+--------------+--------------+--------------+--------------+--------------+--------------+--------------+--------------+--------------+--------------+--------------+--------------+--------------+--------------+--------------+--------------+--------------+--------------+--------------+--------------+--------------+--------------+--------------+--------------+--------------+--------------+--------------+--------------+--------------+--------------+--------------+--------------+--------------+--------------+--------------+--------------+--------------+--------------+--------------+--------------+--------------+--------------+--------------+--------------+--------------+--------------+--------------+--------------+--------------+--------------+--------------+--------------+--------------+--------------+--------------+--------------+--------------+--------------+--------------+--------------+--------------+--------------+--------------+--------------+--------------+--------------+--------------+--------------+--------------+--------------+--------------+--------------+--------------+--------------+--------------+--------------+--------------+--------------+--------------+--------------+--------------+--------------+--------------+--------------+--------------+--------------+--------------+--------------+--------------+--------------+--------------+--------------+--------------+--------------+--------------+--------------+--------------+--------------+--------------+
+------------------------------------------+---------+----------------+--------------+--------------+--------------+
|                   Event                  | Counter |       Sum      |      Min     |      Max     |      Avg     |
+------------------------------------------+---------+----------------+--------------+--------------+--------------+
|           ACTUAL_CPU_CLOCK STAT          |  FIXC1  |   568346231000 |   4419552000 |   4458505000 | 4.440205e+09 |
|            MAX_CPU_CLOCK STAT            |  FIXC2  |   574477675000 |   4486819000 |   4489340000 | 4.488107e+09 |
|         RETIRED_INSTRUCTIONS STAT        |   PMC0  |  2337663210000 |  18256900000 |  18267570000 | 1.826299e+10 |
|         CPU_CLOCKS_UNHALTED STAT         |   PMC1  |   565587090000 |   4397203000 |   4437059000 | 4.418649e+09 |
|                MERGE STAT                |   PMC3  |              0 |            0 |            0 |            0 |
| RETIRED_SSE_AVX_FLOPS_ALL_DP_SCALAR STAT |   PMC2  |           1536 |           12 |           12 |           12 |
|                MERGE STAT                |   PMC5  |              0 |            0 |            0 |            0 |
| RETIRED_SSE_AVX_FLOPS_ALL_DP_PACKED STAT |   PMC4  | 24739008000000 | 193273500000 | 193273500000 | 193273500000 |
+------------------------------------------+---------+----------------+--------------+--------------+--------------+
+----------------------+-------------+-------------+-------------+-------------+-------------+-------------+-------------+-------------+-------------+-------------+-------------+-------------+-------------+-------------+-------------+-------------+-------------+-------------+-------------+-------------+-------------+-------------+-------------+-------------+-------------+-------------+-------------+-------------+-------------+-------------+-------------+-------------+-------------+-------------+-------------+-------------+-------------+-------------+-------------+-------------+-------------+-------------+-------------+-------------+-------------+-------------+-------------+-------------+-------------+-------------+-------------+-------------+-------------+-------------+-------------+-------------+-------------+-------------+-------------+-------------+-------------+-------------+-------------+-------------+-------------+-------------+-------------+-------------+-------------+-------------+-------------+-------------+-------------+-------------+-------------+-------------+-------------+-------------+-------------+-------------+-------------+-------------+-------------+-------------+-------------+-------------+-------------+-------------+-------------+-------------+-------------+-------------+-------------+-------------+-------------+-------------+-------------+-------------+-------------+-------------+--------------+--------------+--------------+--------------+--------------+--------------+--------------+--------------+--------------+--------------+--------------+--------------+--------------+--------------+--------------+--------------+--------------+--------------+--------------+--------------+--------------+--------------+--------------+--------------+--------------+--------------+--------------+--------------+
|        Metric        |  HWThread 0 |  HWThread 1 |  HWThread 2 |  HWThread 3 |  HWThread 4 |  HWThread 5 |  HWThread 6 |  HWThread 7 |  HWThread 8 |  HWThread 9 | HWThread 10 | HWThread 11 | HWThread 12 | HWThread 13 | HWThread 14 | HWThread 15 | HWThread 16 | HWThread 17 | HWThread 18 | HWThread 19 | HWThread 20 | HWThread 21 | HWThread 22 | HWThread 23 | HWThread 24 | HWThread 25 | HWThread 26 | HWThread 27 | HWThread 28 | HWThread 29 | HWThread 30 | HWThread 31 | HWThread 32 | HWThread 33 | HWThread 34 | HWThread 35 | HWThread 36 | HWThread 37 | HWThread 38 | HWThread 39 | HWThread 40 | HWThread 41 | HWThread 42 | HWThread 43 | HWThread 44 | HWThread 45 | HWThread 46 | HWThread 47 | HWThread 48 | HWThread 49 | HWThread 50 | HWThread 51 | HWThread 52 | HWThread 53 | HWThread 54 | HWThread 55 | HWThread 56 | HWThread 57 | HWThread 58 | HWThread 59 | HWThread 60 | HWThread 61 | HWThread 62 | HWThread 63 | HWThread 64 | HWThread 65 | HWThread 66 | HWThread 67 | HWThread 68 | HWThread 69 | HWThread 70 | HWThread 71 | HWThread 72 | HWThread 73 | HWThread 74 | HWThread 75 | HWThread 76 | HWThread 77 | HWThread 78 | HWThread 79 | HWThread 80 | HWThread 81 | HWThread 82 | HWThread 83 | HWThread 84 | HWThread 85 | HWThread 86 | HWThread 87 | HWThread 88 | HWThread 89 | HWThread 90 | HWThread 91 | HWThread 92 | HWThread 93 | HWThread 94 | HWThread 95 | HWThread 96 | HWThread 97 | HWThread 98 | HWThread 99 | HWThread 100 | HWThread 101 | HWThread 102 | HWThread 103 | HWThread 104 | HWThread 105 | HWThread 106 | HWThread 107 | HWThread 108 | HWThread 109 | HWThread 110 | HWThread 111 | HWThread 112 | HWThread 113 | HWThread 114 | HWThread 115 | HWThread 116 | HWThread 117 | HWThread 118 | HWThread 119 | HWThread 120 | HWThread 121 | HWThread 122 | HWThread 123 | HWThread 124 | HWThread 125 | HWThread 126 | HWThread 127 |
+----------------------+-------------+-------------+-------------+-------------+-------------+-------------+-------------+-------------+-------------+-------------+-------------+-------------+-------------+-------------+-------------+-------------+-------------+-------------+-------------+-------------+-------------+-------------+-------------+-------------+-------------+-------------+-------------+-------------+-------------+-------------+-------------+-------------+-------------+-------------+-------------+-------------+-------------+-------------+-------------+-------------+-------------+-------------+-------------+-------------+-------------+-------------+-------------+-------------+-------------+-------------+-------------+-------------+-------------+-------------+-------------+-------------+-------------+-------------+-------------+-------------+-------------+-------------+-------------+-------------+-------------+-------------+-------------+-------------+-------------+-------------+-------------+-------------+-------------+-------------+-------------+-------------+-------------+-------------+-------------+-------------+-------------+-------------+-------------+-------------+-------------+-------------+-------------+-------------+-------------+-------------+-------------+-------------+-------------+-------------+-------------+-------------+-------------+-------------+-------------+-------------+--------------+--------------+--------------+--------------+--------------+--------------+--------------+--------------+--------------+--------------+--------------+--------------+--------------+--------------+--------------+--------------+--------------+--------------+--------------+--------------+--------------+--------------+--------------+--------------+--------------+--------------+--------------+--------------+
|  Runtime (RDTSC) [s] |      1.6633 |      1.6634 |      1.6633 |      1.6631 |      1.6633 |      1.6631 |      1.6631 |      1.6633 |      1.6631 |      1.6631 |      1.6631 |      1.6631 |      1.6631 |      1.6631 |      1.6631 |      1.6631 |      1.6634 |      1.6631 |      1.6633 |      1.6633 |      1.6633 |      1.6633 |      1.6630 |      1.6633 |      1.6631 |      1.6631 |      1.6631 |      1.6631 |      1.6635 |      1.6631 |      1.6635 |      1.6631 |      1.6633 |      1.6634 |      1.6631 |      1.6633 |      1.6631 |      1.6633 |      1.6631 |      1.6633 |      1.6632 |      1.6630 |      1.6632 |      1.6630 |      1.6631 |      1.6630 |      1.6630 |      1.6633 |      1.6631 |      1.6631 |      1.6631 |      1.6631 |      1.6631 |      1.6633 |      1.6634 |      1.6630 |      1.6633 |      1.6633 |      1.6633 |      1.6631 |      1.6634 |      1.6634 |      1.6630 |      1.6634 |      1.6631 |      1.6631 |      1.6633 |      1.6633 |      1.6634 |      1.6630 |      1.6634 |      1.6634 |      1.6631 |      1.6631 |      1.6633 |      1.6631 |      1.6631 |      1.6634 |      1.6631 |      1.6633 |      1.6633 |      1.6635 |      1.6641 |      1.6645 |      1.6641 |      1.6645 |      1.6645 |      1.6635 |      1.6630 |      1.6634 |      1.6631 |      1.6631 |      1.6633 |      1.6633 |      1.6633 |      1.6633 |      1.6634 |      1.6633 |      1.6630 |      1.6631 |       1.6633 |       1.6633 |       1.6634 |       1.6634 |       1.6633 |       1.6631 |       1.6631 |       1.6631 |       1.6630 |       1.6631 |       1.6631 |       1.6631 |       1.6631 |       1.6634 |       1.6631 |       1.6632 |       1.6632 |       1.6630 |       1.6630 |       1.6634 |       1.6638 |       1.6641 |       1.6634 |       1.6633 |       1.6633 |       1.6633 |       1.6633 |       1.6634 |
| Runtime unhalted [s] |      1.6499 |      1.6501 |      1.6501 |      1.6498 |      1.6501 |      1.6499 |      1.6498 |      1.6501 |      1.6409 |      1.6411 |      1.6410 |      1.6413 |      1.6412 |      1.6410 |      1.6412 |      1.6410 |      1.6505 |      1.6500 |      1.6502 |      1.6504 |      1.6505 |      1.6502 |      1.6502 |      1.6504 |      1.6432 |      1.6431 |      1.6433 |      1.6431 |      1.6435 |      1.6431 |      1.6434 |      1.6431 |      1.6406 |      1.6406 |      1.6403 |      1.6405 |      1.6405 |      1.6407 |      1.6402 |      1.6406 |      1.6436 |      1.6436 |      1.6436 |      1.6437 |      1.6436 |      1.6437 |      1.6436 |      1.6437 |      1.6499 |      1.6500 |      1.6499 |      1.6499 |      1.6500 |      1.6501 |      1.6501 |      1.6500 |      1.6395 |      1.6392 |      1.6395 |      1.6391 |      1.6393 |      1.6394 |      1.6392 |      1.6394 |      1.6469 |      1.6469 |      1.6471 |      1.6473 |      1.6470 |      1.6468 |      1.6471 |      1.6471 |      1.6534 |      1.6534 |      1.6534 |      1.6534 |      1.6533 |      1.6536 |      1.6534 |      1.6533 |      1.6483 |      1.6482 |      1.6483 |      1.6485 |      1.6483 |      1.6484 |      1.6482 |      1.6482 |      1.6525 |      1.6528 |      1.6526 |      1.6524 |      1.6526 |      1.6529 |      1.6528 |      1.6526 |      1.6530 |      1.6529 |      1.6528 |      1.6528 |       1.6530 |       1.6529 |       1.6530 |       1.6530 |       1.6406 |       1.6404 |       1.6405 |       1.6404 |       1.6406 |       1.6404 |       1.6407 |       1.6406 |       1.6516 |       1.6520 |       1.6516 |       1.6517 |       1.6518 |       1.6516 |       1.6516 |       1.6518 |       1.6441 |       1.6441 |       1.6440 |       1.6440 |       1.6440 |       1.6440 |       1.6440 |       1.6439 |
|      Clock [MHz]     |   2672.5739 |   2672.6490 |   2672.7032 |   2672.5124 |   2672.6463 |   2672.4919 |   2672.5070 |   2672.6288 |   2658.3164 |   2658.4785 |   2658.4310 |   2658.3214 |   2658.4919 |   2658.3341 |   2658.5347 |   2658.3939 |   2673.2460 |   2673.2929 |   2673.3844 |   2673.2373 |   2673.2601 |   2673.3534 |   2673.0868 |   2673.1626 |   2661.7104 |   2661.6599 |   2661.8631 |   2661.6050 |   2661.6526 |   2661.7342 |   2661.6557 |   2661.7360 |   2657.2675 |   2657.2575 |   2656.9842 |   2657.2817 |   2657.2728 |   2657.3868 |   2657.0376 |   2657.2708 |   2662.4820 |   2662.3242 |   2662.3324 |   2662.5867 |   2662.4318 |   2662.4114 |   2662.3249 |   2662.4545 |   2672.8228 |   2672.9013 |   2672.8218 |   2672.8282 |   2672.9172 |   2672.8977 |   2672.8954 |   2672.8959 |   2655.4640 |   2655.2827 |   2655.5518 |   2655.3832 |   2655.4106 |   2655.4697 |   2655.3735 |   2655.4864 |   2667.9717 |   2667.9974 |   2668.0057 |   2668.1230 |   2668.1546 |   2668.2544 |   2668.0505 |   2668.0658 |   2678.2481 |   2678.2563 |   2678.1808 |   2678.2371 |   2678.2455 |   2678.2698 |   2678.2599 |   2678.2265 |   2669.6877 |   2669.5298 |   2669.4967 |   2669.5296 |   2669.4907 |   2669.4892 |   2669.4497 |   2669.6721 |   2676.9447 |   2677.1248 |   2676.9484 |   2676.8003 |   2676.9187 |   2677.1577 |   2677.1621 |   2676.9756 |   2677.5526 |   2677.5277 |   2677.4585 |   2677.5647 |    2677.6345 |    2677.5135 |    2677.5520 |    2677.6300 |    2657.5135 |    2657.4314 |    2657.5189 |    2657.4253 |    2657.6146 |    2657.5352 |    2657.7425 |    2657.6341 |    2675.6232 |    2675.7244 |    2675.5647 |    2675.5314 |    2675.6294 |    2675.4295 |    2675.5998 |    2675.6308 |    2662.4965 |    2662.5136 |    2662.8023 |    2662.8072 |    2662.7994 |    2662.8084 |    2662.6812 |    2662.7529 |
|          CPI         |      0.2422 |      0.2425 |      0.2425 |      0.2425 |      0.2424 |      0.2425 |      0.2425 |      0.2425 |      0.2411 |      0.2411 |      0.2411 |      0.2411 |      0.2411 |      0.2411 |      0.2411 |      0.2411 |      0.2424 |      0.2424 |      0.2424 |      0.2424 |      0.2424 |      0.2424 |      0.2424 |      0.2424 |      0.2414 |      0.2414 |      0.2414 |      0.2414 |      0.2415 |      0.2414 |      0.2415 |      0.2414 |      0.2411 |      0.2411 |      0.2410 |      0.2411 |      0.2410 |      0.2411 |      0.2410 |      0.2411 |      0.2414 |      0.2414 |      0.2414 |      0.2414 |      0.2414 |      0.2414 |      0.2414 |      0.2415 |      0.2423 |      0.2424 |      0.2424 |      0.2423 |      0.2423 |      0.2424 |      0.2424 |      0.2423 |      0.2409 |      0.2409 |      0.2409 |      0.2409 |      0.2409 |      0.2409 |      0.2408 |      0.2409 |      0.2420 |      0.2420 |      0.2420 |      0.2420 |      0.2420 |      0.2420 |      0.2420 |      0.2420 |      0.2428 |      0.2428 |      0.2429 |      0.2428 |      0.2428 |      0.2428 |      0.2428 |      0.2428 |      0.2421 |      0.2422 |      0.2423 |      0.2423 |      0.2423 |      0.2424 |      0.2423 |      0.2422 |      0.2427 |      0.2428 |      0.2428 |      0.2427 |      0.2427 |      0.2428 |      0.2428 |      0.2428 |      0.2429 |      0.2429 |      0.2429 |      0.2429 |       0.2429 |       0.2429 |       0.2429 |       0.2429 |       0.2411 |       0.2411 |       0.2411 |       0.2411 |       0.2411 |       0.2411 |       0.2411 |       0.2411 |       0.2426 |       0.2427 |       0.2426 |       0.2427 |       0.2427 |       0.2426 |       0.2426 |       0.2427 |       0.2416 |       0.2417 |       0.2415 |       0.2415 |       0.2415 |       0.2415 |       0.2415 |       0.2415 |
|     DP [MFLOP/s]     | 116197.9833 | 116193.3728 | 116196.8656 | 116210.9087 | 116199.0312 | 116210.9087 | 116210.9087 | 116198.1929 | 116210.8389 | 116211.0485 | 116211.0485 | 116216.0098 | 116210.9786 | 116215.9399 | 116210.9786 | 116215.8701 | 116195.2589 | 116210.9087 | 116196.7957 | 116198.2627 | 116198.1929 | 116199.7298 | 116217.7569 | 116196.7259 | 116210.6991 | 116210.8389 | 116210.6991 | 116216.0797 | 116182.2671 | 116210.6991 | 116183.5941 | 116210.8389 | 116195.3986 | 116192.8139 | 116210.8389 | 116195.4684 | 116210.6991 | 116196.7259 | 116210.9087 | 116199.1011 | 116207.6247 | 116217.8268 | 116207.4850 | 116216.8484 | 116210.9786 | 116217.6870 | 116217.6870 | 116196.8656 | 116210.9087 | 116211.1184 | 116211.1184 | 116210.9087 | 116210.9087 | 116196.9354 | 116194.9096 | 116217.6171 | 116199.7997 | 116198.1230 | 116195.6081 | 116211.1882 | 116193.0235 | 116192.2551 | 116217.8966 | 116193.0235 | 116211.3280 | 116211.1882 | 116199.1011 | 116199.1709 | 116192.6044 | 116217.4774 | 116192.0456 | 116192.5345 | 116211.0485 | 116211.1184 | 116196.6560 | 116215.9399 | 116210.9786 | 116193.5823 | 116211.1184 | 116196.7957 | 116199.8695 | 116183.4544 | 116141.9133 | 116114.0032 | 116141.9831 | 116114.7705 | 116114.7705 | 116187.4355 | 116217.7569 | 116192.3250 | 116212.5858 | 116211.0485 | 116196.9354 | 116199.0312 | 116199.0312 | 116199.7298 | 116193.5823 | 116198.1929 | 116217.8268 | 116211.3280 |  116196.7957 |  116198.3326 |  116193.5823 |  116193.0235 |  116197.8436 |  116211.2581 |  116211.2581 |  116210.9786 |  116218.1762 |  116210.9786 |  116210.9087 |  116210.9087 |  116215.8701 |  116192.4647 |  116215.8002 |  116207.6946 |  116203.9915 |  116217.5472 |  116217.4774 |  116194.7000 |  116161.0394 |  116140.2383 |  116192.3250 |  116199.5901 |  116199.5901 |  116199.6600 |  116199.7298 |  116193.3029 |
+----------------------+-------------+-------------+-------------+-------------+-------------+-------------+-------------+-------------+-------------+-------------+-------------+-------------+-------------+-------------+-------------+-------------+-------------+-------------+-------------+-------------+-------------+-------------+-------------+-------------+-------------+-------------+-------------+-------------+-------------+-------------+-------------+-------------+-------------+-------------+-------------+-------------+-------------+-------------+-------------+-------------+-------------+-------------+-------------+-------------+-------------+-------------+-------------+-------------+-------------+-------------+-------------+-------------+-------------+-------------+-------------+-------------+-------------+-------------+-------------+-------------+-------------+-------------+-------------+-------------+-------------+-------------+-------------+-------------+-------------+-------------+-------------+-------------+-------------+-------------+-------------+-------------+-------------+-------------+-------------+-------------+-------------+-------------+-------------+-------------+-------------+-------------+-------------+-------------+-------------+-------------+-------------+-------------+-------------+-------------+-------------+-------------+-------------+-------------+-------------+-------------+--------------+--------------+--------------+--------------+--------------+--------------+--------------+--------------+--------------+--------------+--------------+--------------+--------------+--------------+--------------+--------------+--------------+--------------+--------------+--------------+--------------+--------------+--------------+--------------+--------------+--------------+--------------+--------------+
+---------------------------+--------------+-------------+-------------+-------------+
|           Metric          |      Sum     |     Min     |     Max     |     Avg     |
+---------------------------+--------------+-------------+-------------+-------------+
|  Runtime (RDTSC) [s] STAT |     212.8981 |      1.6630 |      1.6645 |      1.6633 |
| Runtime unhalted [s] STAT |     210.7887 |      1.6391 |      1.6536 |      1.6468 |
|      Clock [MHz] STAT     |  341441.3324 |   2655.2827 |   2678.2698 |   2667.5104 |
|          CPI STAT         |      30.9689 |      0.2408 |      0.2429 |      0.2419 |
|     DP [MFLOP/s] STAT     | 1.487367e+07 | 116114.0032 | 116218.1762 | 116200.5145 |
+---------------------------+--------------+-------------+-------------+-------------+
