--------------------------------------------------------------------------------
CPU name:	AMD EPYC 9755 128-Core Processor               
CPU type:	AMD K1A (Zen5) architecture
CPU clock:	2.70 GHz
--------------------------------------------------------------------------------
Region bench, Group 1: L2BW
+-------------------+------------+------------+------------+------------+------------+------------+------------+------------+------------+------------+-------------+-------------+-------------+-------------+-------------+-------------+-------------+-------------+-------------+-------------+-------------+-------------+-------------+-------------+-------------+-------------+-------------+-------------+-------------+-------------+-------------+-------------+-------------+-------------+-------------+-------------+-------------+-------------+-------------+-------------+-------------+-------------+-------------+-------------+-------------+-------------+-------------+-------------+-------------+-------------+-------------+-------------+-------------+-------------+-------------+-------------+-------------+-------------+-------------+-------------+-------------+-------------+-------------+-------------+-------------+-------------+-------------+-------------+-------------+-------------+-------------+-------------+-------------+-------------+-------------+-------------+-------------+-------------+-------------+-------------+-------------+-------------+-------------+-------------+-------------+-------------+-------------+-------------+-------------+-------------+-------------+-------------+-------------+-------------+-------------+-------------+-------------+-------------+-------------+-------------+--------------+--------------+--------------+--------------+--------------+--------------+--------------+--------------+--------------+--------------+--------------+--------------+--------------+--------------+--------------+--------------+--------------+--------------+--------------+--------------+--------------+--------------+--------------+--------------+--------------+--------------+--------------+--------------+
|    Region Info    | HWThread 0 | HWThread 1 | HWThread 2 | HWThread 3 | HWThread 4 | HWThread 5 | HWThread 6 | HWThread 7 | HWThread 8 | HWThread 9 | HWThread 10 | HWThread 11 | HWThread 12 | HWThread 13 | HWThread 14 | HWThread 15 | HWThread 16 | HWThread 17 | HWThread 18 | HWThread 19 | HWThread 20 | HWThread 21 | HWThread 22 | HWThread 23 | HWThread 24 | HWThread 25 | HWThread 26 | HWThread 27 | HWThread 28 | HWThread 29 | HWThread 30 | HWThread 31 | HWThread 32 | HWThread 33 | HWThread 34 | HWThread 35 | HWThread 36 | HWThread 37 | HWThread 38 | HWThread 39 | HWThread 40 | HWThread 41 | HWThread 42 | HWThread 43 | HWThread 44 | HWThread 45 | HWThread 46 | HWThread 47 | HWThread 48 | HWThread 49 | HWThread 50 | HWThread 51 | HWThread 52 | HWThread 53 | HWThread 54 | HWThread 55 | HWThread 56 | HWThread 57 | HWThread 58 | HWThread 59 | HWThread 60 | HWThread 61 | HWThread 62 | HWThread 63 | HWThread 64 | HWThread 65 | HWThread 66 | HWThread 67 | HWThread 68 | HWThread 69 | HWThread 70 | HWThread 71 | HWThread 72 | HWThread 73 | HWThread 74 | HWThread 75 | HWThread 76 | HWThread 77 | HWThread 78 | HWThread 79 | HWThread 80 | HWThread 81 | HWThread 82 | HWThread 83 | HWThread 84 | HWThread 85 | HWThread 86 | HWThread 87 | HWThread 88 | HWThread 89 | HWThread 90 | HWThread 91 | HWThread 92 | HWThread 93 | HWThread 94 | HWThread 95 | HWThread 96 | HWThread 97 | HWThread 98 | HWThread 99 | HWThread 100 | HWThread 101 | HWThread 102 | HWThread 103 | HWThread 104 | HWThread 105 | HWThread 106 | HWThread 107 | HWThread 108 | HWThread 109 | HWThread 110 | HWThread 111 | HWThread 112 | HWThread 113 | HWThread 114 | HWThread 115 | HWThread 116 | HWThread 117 | HWThread 118 | HWThread 119 | HWThread 120 | HWThread 121 | HWThread 122 | HWThread 123 | HWThread 124 | HWThread 125 | HWThread 126 | HWThread 127 |
+-------------------+------------+------------+------------+------------+------------+------------+------------+------------+------------+------------+-------------+-------------+-------------+-------------+-------------+-------------+-------------+-------------+-------------+-------------+-------------+-------------+-------------+-------------+-------------+-------------+-------------+-------------+-------------+-------------+-------------+-------------+-------------+-------------+-------------+-------------+-------------+-------------+-------------+-------------+-------------+-------------+-------------+-------------+-------------+-------------+-------------+-------------+-------------+-------------+-------------+-------------+-------------+-------------+-------------+-------------+-------------+-------------+-------------+-------------+-------------+-------------+-------------+-------------+-------------+-------------+-------------+-------------+-------------+-------------+-------------+-------------+-------------+-------------+-------------+-------------+-------------+-------------+-------------+-------------+-------------+-------------+-------------+-------------+-------------+-------------+-------------+-------------+-------------+-------------+-------------+-------------+-------------+-------------+-------------+-------------+-------------+-------------+-------------+-------------+--------------+--------------+--------------+--------------+--------------+--------------+--------------+--------------+--------------+--------------+--------------+--------------+--------------+--------------+--------------+--------------+--------------+--------------+--------------+--------------+--------------+--------------+--------------+--------------+--------------+--------------+--------------+--------------+
| RDTSC Runtime [s] |   1.536424 |   1.536582 |   1.536583 |   1.536583 |   1.536425 |   1.536552 |   1.536435 |   1.536477 |   1.536538 |   1.536528 |    1.536437 |    1.536427 |    1.536456 |    1.536428 |    1.536582 |    1.536478 |    1.536539 |    1.536471 |    1.536425 |    1.536517 |    1.536425 |    1.536527 |    1.536494 |    1.536423 |    1.536427 |    1.536428 |    1.536428 |    1.536427 |    1.536758 |    1.536442 |    1.536442 |    1.537234 |    1.536425 |    1.536430 |    1.536585 |    1.536438 |    1.536428 |    1.536558 |    1.537233 |    1.536526 |    1.536635 |    1.536496 |    1.536603 |    1.536609 |    1.536541 |    1.536570 |    1.536549 |    1.536609 |    1.536667 |    1.536424 |    1.536618 |    1.536424 |    1.536618 |    1.536594 |    1.537239 |    1.536618 |    1.537108 |    1.537234 |    1.536442 |    1.536440 |    1.536736 |    1.536439 |    1.536624 |    1.536736 |    1.536437 |    1.536468 |    1.536736 |    1.536726 |    1.536741 |    1.536477 |    1.536452 |    1.536767 |    1.536575 |    1.536441 |    1.536441 |    1.536566 |    1.536580 |    1.536426 |    1.536437 |    1.536548 |    1.536499 |    1.536427 |    1.536499 |    1.536440 |    1.536440 |    1.536453 |    1.536472 |    1.536531 |    1.537235 |    1.536425 |    1.536746 |    1.536492 |    1.536540 |    1.536523 |    1.536424 |    1.536448 |    1.536548 |    1.536496 |    1.536480 |    1.536456 |     1.536495 |     1.536438 |     1.536609 |     1.536438 |     1.536525 |     1.536441 |     1.536452 |     1.536525 |     1.536437 |     1.536445 |     1.536442 |     1.536426 |     1.536666 |     1.536666 |     1.536424 |     1.536666 |     1.536430 |     1.536496 |     1.536624 |     1.536432 |     1.536427 |     1.536438 |     1.536523 |     1.536548 |     1.536454 |     1.536426 |     1.536479 |     1.536443 |
|     call count    |          1 |          1 |          1 |          1 |          1 |          1 |          1 |          1 |          1 |          1 |           1 |           1 |           1 |           1 |           1 |           1 |           1 |           1 |           1 |           1 |           1 |           1 |           1 |           1 |           1 |           1 |           1 |           1 |           1 |           1 |           1 |           1 |           1 |           1 |           1 |           1 |           1 |           1 |           1 |           1 |           1 |           1 |           1 |           1 |           1 |           1 |           1 |           1 |           1 |           1 |           1 |           1 |           1 |           1 |           1 |           1 |           1 |           1 |           1 |           1 |           1 |           1 |           1 |           1 |           1 |           1 |           1 |           1 |           1 |           1 |           1 |           1 |           1 |           1 |           1 |           1 |           1 |           1 |           1 |           1 |           1 |           1 |           1 |           1 |           1 |           1 |           1 |           1 |           1 |           1 |           1 |           1 |           1 |           1 |           1 |           1 |           1 |           1 |           1 |           1 |            1 |            1 |            1 |            1 |            1 |            1 |            1 |            1 |            1 |            1 |            1 |            1 |            1 |            1 |            1 |            1 |            1 |            1 |            1 |            1 |            1 |            1 |            1 |            1 |            1 |            1 |            1 |            1 |
+-------------------+------------+------------+------------+------------+------------+------------+------------+------------+------------+------------+-------------+-------------+-------------+-------------+-------------+-------------+-------------+-------------+-------------+-------------+-------------+-------------+-------------+-------------+-------------+-------------+-------------+-------------+-------------+-------------+-------------+-------------+-------------+-------------+-------------+-------------+-------------+-------------+-------------+-------------+-------------+-------------+-------------+-------------+-------------+-------------+-------------+-------------+-------------+-------------+-------------+-------------+-------------+-------------+-------------+-------------+-------------+-------------+-------------+-------------+-------------+-------------+-------------+-------------+-------------+-------------+-------------+-------------+-------------+-------------+-------------+-------------+-------------+-------------+-------------+-------------+-------------+-------------+-------------+-------------+-------------+-------------+-------------+-------------+-------------+-------------+-------------+-------------+-------------+-------------+-------------+-------------+-------------+-------------+-------------+-------------+-------------+-------------+-------------+-------------+--------------+--------------+--------------+--------------+--------------+--------------+--------------+--------------+--------------+--------------+--------------+--------------+--------------+--------------+--------------+--------------+--------------+--------------+--------------+--------------+--------------+--------------+--------------+--------------+--------------+--------------+--------------+--------------+
+----------------------------+---------+-------------+-------------+-------------+-------------+-------------+-------------+-------------+-------------+-------------+-------------+-------------+-------------+-------------+-------------+-------------+-------------+-------------+-------------+-------------+-------------+-------------+-------------+-------------+-------------+-------------+-------------+-------------+-------------+-------------+-------------+-------------+-------------+-------------+-------------+-------------+-------------+-------------+-------------+-------------+-------------+-------------+-------------+-------------+-------------+-------------+-------------+-------------+-------------+-------------+-------------+-------------+-------------+-------------+-------------+-------------+-------------+-------------+-------------+-------------+-------------+-------------+-------------+-------------+-------------+-------------+-------------+-------------+-------------+-------------+-------------+-------------+-------------+-------------+-------------+-------------+-------------+-------------+-------------+-------------+-------------+-------------+-------------+-------------+-------------+-------------+-------------+-------------+-------------+-------------+-------------+-------------+-------------+-------------+-------------+-------------+-------------+-------------+-------------+-------------+-------------+--------------+--------------+--------------+--------------+--------------+--------------+--------------+--------------+--------------+--------------+--------------+--------------+--------------+--------------+--------------+--------------+--------------+--------------+--------------+--------------+--------------+--------------+--------------+--------------+--------------+--------------+--------------+--------------+
|            Event           | Counter |  HWThread 0 |  HWThread 1 |  HWThread 2 |  HWThread 3 |  HWThread 4 |  HWThread 5 |  HWThread 6 |  HWThread 7 |  HWThread 8 |  HWThread 9 | HWThread 10 | HWThread 11 | HWThread 12 | HWThread 13 | HWThread 14 | HWThread 15 | HWThread 16 | HWThread 17 | HWThread 18 | HWThread 19 | HWThread 20 | HWThread 21 | HWThread 22 | HWThread 23 | HWThread 24 | HWThread 25 | HWThread 26 | HWThread 27 | HWThread 28 | HWThread 29 | HWThread 30 | HWThread 31 | HWThread 32 | HWThread 33 | HWThread 34 | HWThread 35 | HWThread 36 | HWThread 37 | HWThread 38 | HWThread 39 | HWThread 40 | HWThread 41 | HWThread 42 | HWThread 43 | HWThread 44 | HWThread 45 | HWThread 46 | HWThread 47 | HWThread 48 | HWThread 49 | HWThread 50 | HWThread 51 | HWThread 52 | HWThread 53 | HWThread 54 | HWThread 55 | HWThread 56 | HWThread 57 | HWThread 58 | HWThread 59 | HWThread 60 | HWThread 61 | HWThread 62 | HWThread 63 | HWThread 64 | HWThread 65 | HWThread 66 | HWThread 67 | HWThread 68 | HWThread 69 | HWThread 70 | HWThread 71 | HWThread 72 | HWThread 73 | HWThread 74 | HWThread 75 | HWThread 76 | HWThread 77 | HWThread 78 | HWThread 79 | HWThread 80 | HWThread 81 | HWThread 82 | HWThread 83 | HWThread 84 | HWThread 85 | HWThread 86 | HWThread 87 | HWThread 88 | HWThread 89 | HWThread 90 | HWThread 91 | HWThread 92 | HWThread 93 | HWThread 94 | HWThread 95 | HWThread 96 | HWThread 97 | HWThread 98 | HWThread 99 | HWThread 100 | HWThread 101 | HWThread 102 | HWThread 103 | HWThread 104 | HWThread 105 | HWThread 106 | HWThread 107 | HWThread 108 | HWThread 109 | HWThread 110 | HWThread 111 | HWThread 112 | HWThread 113 | HWThread 114 | HWThread 115 | HWThread 116 | HWThread 117 | HWThread 118 | HWThread 119 | HWThread 120 | HWThread 121 | HWThread 122 | HWThread 123 | HWThread 124 | HWThread 125 | HWThread 126 | HWThread 127 |
+----------------------------+---------+-------------+-------------+-------------+-------------+-------------+-------------+-------------+-------------+-------------+-------------+-------------+-------------+-------------+-------------+-------------+-------------+-------------+-------------+-------------+-------------+-------------+-------------+-------------+-------------+-------------+-------------+-------------+-------------+-------------+-------------+-------------+-------------+-------------+-------------+-------------+-------------+-------------+-------------+-------------+-------------+-------------+-------------+-------------+-------------+-------------+-------------+-------------+-------------+-------------+-------------+-------------+-------------+-------------+-------------+-------------+-------------+-------------+-------------+-------------+-------------+-------------+-------------+-------------+-------------+-------------+-------------+-------------+-------------+-------------+-------------+-------------+-------------+-------------+-------------+-------------+-------------+-------------+-------------+-------------+-------------+-------------+-------------+-------------+-------------+-------------+-------------+-------------+-------------+-------------+-------------+-------------+-------------+-------------+-------------+-------------+-------------+-------------+-------------+-------------+-------------+--------------+--------------+--------------+--------------+--------------+--------------+--------------+--------------+--------------+--------------+--------------+--------------+--------------+--------------+--------------+--------------+--------------+--------------+--------------+--------------+--------------+--------------+--------------+--------------+--------------+--------------+--------------+--------------+
|      ACTUAL_CPU_CLOCK      |  FIXC1  |  4581974000 |  4582615000 |  4583598000 |  4582829000 |  4583085000 |  4583153000 |  4583166000 |  4583167000 |  4512519000 |  4512459000 |  4512358000 |  4512795000 |  4512352000 |  4512215000 |  4513527000 |  4512383000 |  4547535000 |  4547950000 |  4546451000 |  4546962000 |  4546452000 |  4546980000 |  4547396000 |  4546700000 |  4552963000 |  4553053000 |  4553122000 |  4553183000 |  4554109000 |  4553102000 |  4553206000 |  4554216000 |  4540899000 |  4540887000 |  4541587000 |  4541089000 |  4541513000 |  4541392000 |  4542694000 |  4541317000 |  4569493000 |  4569034000 |  4569464000 |  4569472000 |  4569369000 |  4569317000 |  4569438000 |  4569474000 |  4578985000 |  4578797000 |  4579331000 |  4578597000 |  4579134000 |  4579092000 |  4579817000 |  4580035000 |  4570448000 |  4570797000 |  4569742000 |  4569562000 |  4570299000 |  4569285000 |  4570926000 |  4570318000 |  4531059000 |  4531050000 |  4531997000 |  4532055000 |  4532983000 |  4532271000 |  4531607000 |  4532405000 |  4570049000 |  4569077000 |  4569632000 |  4570045000 |  4570107000 |  4569433000 |  4569595000 |  4570149000 |  4545183000 |  4544977000 |  4544565000 |  4544311000 |  4544425000 |  4544387000 |  4544381000 |  4544614000 |  4572403000 |  4570906000 |  4571509000 |  4571405000 |  4571034000 |  4570820000 |  4570624000 |  4570773000 |  4573099000 |  4573319000 |  4572506000 |  4573182000 |   4572585000 |   4573114000 |   4572871000 |   4572468000 |   4563438000 |   4563406000 |   4563350000 |   4563492000 |   4564031000 |   4563489000 |   4563481000 |   4563185000 |   4573031000 |   4573657000 |   4572207000 |   4573043000 |   4572511000 |   4572811000 |   4573053000 |   4572344000 |   4547238000 |   4547330000 |   4546869000 |   4547211000 |   4547296000 |   4546615000 |   4546444000 |   4547389000 |
|        MAX_CPU_CLOCK       |  FIXC2  |  4142948000 |  4143107000 |  4144044000 |  4143604000 |  4143892000 |  4143711000 |  4143946000 |  4143942000 |  4143546000 |  4143516000 |  4143468000 |  4143763000 |  4143496000 |  4143409000 |  4144060000 |  4143500000 |  4143182000 |  4143882000 |  4142557000 |  4142855000 |  4142558000 |  4142843000 |  4143551000 |  4142709000 |  4143339000 |  4143407000 |  4143425000 |  4143470000 |  4144268000 |  4143429000 |  4143509000 |  4144439000 |  4143459000 |  4143454000 |  4143703000 |  4143555000 |  4143827000 |  4143655000 |  4144885000 |  4143650000 |  4144113000 |  4143995000 |  4144078000 |  4144089000 |  4144091000 |  4144037000 |  4144101000 |  4144088000 |  4143148000 |  4143522000 |  4143677000 |  4143452000 |  4143753000 |  4143306000 |  4144526000 |  4144108000 |  4144354000 |  4144549000 |  4143558000 |  4143491000 |  4144080000 |  4143080000 |  4144123000 |  4144094000 |  4142824000 |  4142823000 |  4143666000 |  4143716000 |  4144602000 |  4143981000 |  4143566000 |  4144279000 |  4144039000 |  4143583000 |  4143947000 |  4144025000 |  4144082000 |  4143812000 |  4143921000 |  4144087000 |  4143980000 |  4143865000 |  4143607000 |  4143481000 |  4143530000 |  4143507000 |  4143518000 |  4143609000 |  4144922000 |  4143626000 |  4144223000 |  4143994000 |  4143666000 |  4143608000 |  4143475000 |  4143594000 |  4143684000 |  4144009000 |  4143524000 |  4143943000 |   4143562000 |   4143889000 |   4143288000 |   4143497000 |   4143733000 |   4143444000 |   4143636000 |   4143697000 |   4143820000 |   4143487000 |   4143466000 |   4143540000 |   4143762000 |   4144407000 |   4143399000 |   4143769000 |   4143561000 |   4143597000 |   4143694000 |   4143476000 |   4143856000 |   4143921000 |   4143614000 |   4143677000 |   4144160000 |   4143458000 |   4143160000 |   4143956000 |
|    RETIRED_INSTRUCTIONS    |   PMC0  | 11852420000 | 11853210000 | 11852920000 | 11852800000 | 11852270000 | 11852590000 | 11852430000 | 11853170000 | 11830510000 | 11831140000 | 11831180000 | 11831570000 | 11830270000 | 11831590000 | 11831010000 | 11831510000 | 11845140000 | 11844790000 | 11845260000 | 11844890000 | 11844160000 | 11844760000 | 11844730000 | 11844650000 | 11847660000 | 11849020000 | 11848810000 | 11845980000 | 11848000000 | 11848480000 | 11848800000 | 11849780000 | 11845030000 | 11846680000 | 11846620000 | 11845960000 | 11844270000 | 11847560000 | 11846770000 | 11846160000 | 11847390000 | 11850870000 | 11850810000 | 11850090000 | 11847670000 | 11850020000 | 11849630000 | 11849920000 | 11850810000 | 11853200000 | 11853360000 | 11854120000 | 11850780000 | 11854040000 | 11855020000 | 11852940000 | 11848630000 | 11849650000 | 11847990000 | 11847850000 | 11847990000 | 11848680000 | 11848000000 | 11829970000 | 11833430000 | 11833510000 | 11833520000 | 11834770000 | 11829570000 | 11833420000 | 11833370000 | 11833210000 | 11846890000 | 11850500000 | 11849720000 | 11849700000 | 11846130000 | 11849500000 | 11849530000 | 11850770000 | 11842790000 | 11845660000 | 11845970000 | 11846040000 | 11841880000 | 11845540000 | 11845470000 | 11845310000 | 11845650000 | 11847220000 | 11848560000 | 11846990000 | 11842290000 | 11847240000 | 11847330000 | 11823390000 | 11838810000 | 11843530000 | 11843400000 | 11843680000 |  11838650000 |  11843470000 |  11843570000 |  11843360000 |  11844380000 |  11848570000 |  11848950000 |  11848700000 |  11843910000 |  11849880000 |  11849840000 |  11848480000 |  11839050000 |  11843560000 |  11844990000 |  11843570000 |  11838460000 |  11843370000 |  11843250000 |  11843280000 |  11828940000 |  11832600000 |  11832660000 |  11833200000 |  11828140000 |  11832550000 |  11832570000 |  11811680000 |
|     CPU_CLOCKS_UNHALTED    |   PMC1  |  4555540000 |  4560792000 |  4560272000 |  4560680000 |  4560422000 |  4560712000 |  4559061000 |  4560253000 |  4488550000 |  4489055000 |  4487588000 |  4488505000 |  4488260000 |  4488354000 |  4488424000 |  4488368000 |  4525722000 |  4525062000 |  4524082000 |  4525408000 |  4523732000 |  4524308000 |  4523789000 |  4524082000 |  4528970000 |  4529233000 |  4529248000 |  4529148000 |  4529869000 |  4529013000 |  4528858000 |  4531350000 |  4520089000 |  4519928000 |  4520439000 |  4518593000 |  4519866000 |  4519984000 |  4521024000 |  4519888000 |  4543962000 |  4544401000 |  4544488000 |  4544292000 |  4544426000 |  4543965000 |  4542788000 |  4544502000 |  4555682000 |  4554338000 |  4555176000 |  4554569000 |  4554257000 |  4554796000 |  4555863000 |  4554194000 |  4545915000 |  4547569000 |  4544744000 |  4543975000 |  4545317000 |  4544615000 |  4544745000 |  4544839000 |  4506464000 |  4506587000 |  4507448000 |  4507369000 |  4507146000 |  4506235000 |  4505910000 |  4507081000 |  4544475000 |  4543876000 |  4543572000 |  4544385000 |  4544281000 |  4543660000 |  4543694000 |  4543965000 |  4520816000 |  4519991000 |  4520707000 |  4520524000 |  4520100000 |  4520114000 |  4520222000 |  4519509000 |  4547248000 |  4543633000 |  4545136000 |  4544226000 |  4544251000 |  4544078000 |  4543683000 |  4543559000 |  4549903000 |  4548534000 |  4548423000 |  4549974000 |   4549683000 |   4549319000 |   4549982000 |   4548710000 |   4540634000 |   4539404000 |   4541053000 |   4540687000 |   4539919000 |   4540048000 |   4539278000 |   4539622000 |   4550782000 |   4551035000 |   4550623000 |   4551046000 |   4549703000 |   4550195000 |   4549649000 |   4549144000 |   4521879000 |   4522670000 |   4522705000 |   4522785000 |   4521932000 |   4522760000 |   4522371000 |   4522121000 |
| REQUESTS_TO_L2_GRP1_RD_ANY |   PMC2  |  1074181000 |  1074244000 |  1074245000 |  1074211000 |  1074318000 |  1074225000 |  1074191000 |  1074166000 |  1074328000 |  1074184000 |  1074189000 |  1074208000 |  1074382000 |  1074213000 |  1074221000 |  1074242000 |  1074350000 |  1074162000 |  1074198000 |  1074207000 |  1074324000 |  1074160000 |  1074195000 |  1074198000 |  1074369000 |  1074216000 |  1074209000 |  1074250000 |  1074320000 |  1074183000 |  1074182000 |  1074219000 |  1074624000 |  1074220000 |  1074244000 |  1074254000 |  1074728000 |  1074250000 |  1074239000 |  1074262000 |  1074693000 |  1074230000 |  1074218000 |  1074236000 |  1074692000 |  1074233000 |  1074209000 |  1074236000 |  1074681000 |  1074220000 |  1074243000 |  1074236000 |  1074697000 |  1074243000 |  1074222000 |  1074270000 |  1074753000 |  1074247000 |  1074247000 |  1074250000 |  1074725000 |  1074241000 |  1074282000 |  1074266000 |  1074235000 |  1074238000 |  1074225000 |  1074260000 |  1074983000 |  1074257000 |  1074245000 |  1074248000 |  1074682000 |  1074242000 |  1074238000 |  1074254000 |  1074958000 |  1074208000 |  1074231000 |  1074246000 |  1074802000 |  1074251000 |  1074208000 |  1074239000 |  1074973000 |  1074238000 |  1074207000 |  1074204000 |  1074770000 |  1074242000 |  1074250000 |  1074271000 |  1075046000 |  1074258000 |  1074257000 |  1074432000 |  1074945000 |  1074262000 |  1074221000 |  1074255000 |   1075201000 |   1074242000 |   1074245000 |   1074225000 |   1074898000 |   1074246000 |   1074216000 |   1074242000 |   1075228000 |   1074248000 |   1074216000 |   1074262000 |   1075075000 |   1074222000 |   1074250000 |   1074247000 |   1075269000 |   1074260000 |   1074240000 |   1074234000 |   1074877000 |   1074266000 |   1074263000 |   1074244000 |   1075149000 |   1074238000 |   1074249000 |   1074403000 |
|     L2_PF_HIT_IN_L2_ALL    |   PMC3  |  2286966000 |  2275438000 |  2303283000 |  2121361000 |  2295270000 |  2324197000 |  2307110000 |  2267574000 |  2299852000 |  2197144000 |  2307570000 |  2297762000 |  2302845000 |  2265666000 |  2311034000 |  2302090000 |  2294942000 |  2285140000 |  2269856000 |  2276616000 |  2297957000 |  2328943000 |  2305689000 |  2278089000 |  2298535000 |  2285124000 |  2296431000 |  2295636000 |  2297169000 |  2300694000 |  2267689000 |  2316585000 |  2264702000 |  2297323000 |  2310796000 |  2275713000 |  2239269000 |  2296710000 |  2308709000 |  2307459000 |  2298066000 |  2277125000 |  2291086000 |  2290098000 |  2201147000 |  2309493000 |  2282397000 |  2299730000 |  2292790000 |  2283850000 |  2297128000 |  2281172000 |  2268140000 |  2273340000 |  2273014000 |  2306579000 |  2260286000 |  2279654000 |  2283416000 |  2305638000 |  2263226000 |  2251260000 |  2288616000 |  1552616000 |  2299634000 |  2268616000 |  2306791000 |  2271381000 |  2270167000 |  2313717000 |  2300293000 |  2290263000 |  2203877000 |  2292564000 |  2299079000 |  2301685000 |  2287535000 |  2312586000 |  2259458000 |  2257427000 |  2273290000 |  2258822000 |  2289650000 |  2261719000 |  2272538000 |  2305982000 |  2310855000 |  2191079000 |  2282191000 |  2280465000 |  2265237000 |  2280061000 |  2236992000 |  2127616000 |  2191065000 |  1554928000 |  2249384000 |  2290467000 |  2303940000 |  2303435000 |   2296973000 |   2186902000 |   2294534000 |   2292557000 |   2284307000 |   2307160000 |   2298700000 |   2300669000 |   2265520000 |   2277816000 |   2279298000 |   2283974000 |   2268842000 |   2298613000 |   2228806000 |   2301353000 |   2254835000 |   2308404000 |   2200931000 |   2271027000 |   2197666000 |   2286366000 |   2312533000 |   2198266000 |   2269470000 |   2301010000 |   2303880000 |   1582592000 |
+----------------------------+---------+-------------+-------------+-------------+-------------+-------------+-------------+-------------+-------------+-------------+-------------+-------------+-------------+-------------+-------------+-------------+-------------+-------------+-------------+-------------+-------------+-------------+-------------+-------------+-------------+-------------+-------------+-------------+-------------+-------------+-------------+-------------+-------------+-------------+-------------+-------------+-------------+-------------+-------------+-------------+-------------+-------------+-------------+-------------+-------------+-------------+-------------+-------------+-------------+-------------+-------------+-------------+-------------+-------------+-------------+-------------+-------------+-------------+-------------+-------------+-------------+-------------+-------------+-------------+-------------+-------------+-------------+-------------+-------------+-------------+-------------+-------------+-------------+-------------+-------------+-------------+-------------+-------------+-------------+-------------+-------------+-------------+-------------+-------------+-------------+-------------+-------------+-------------+-------------+-------------+-------------+-------------+-------------+-------------+-------------+-------------+-------------+-------------+-------------+-------------+-------------+--------------+--------------+--------------+--------------+--------------+--------------+--------------+--------------+--------------+--------------+--------------+--------------+--------------+--------------+--------------+--------------+--------------+--------------+--------------+--------------+--------------+--------------+--------------+--------------+--------------+--------------+--------------+--------------+
+---------------------------------+---------+---------------+-------------+-------------+--------------+
|              Event              | Counter |      Sum      |     Min     |     Max     |      Avg     |
+---------------------------------+---------+---------------+-------------+-------------+--------------+
|      ACTUAL_CPU_CLOCK STAT      |  FIXC1  |  583439075000 |  4512215000 |  4583598000 | 4.558118e+09 |
|        MAX_CPU_CLOCK STAT       |  FIXC2  |  530393820000 |  4142557000 |  4144922000 | 4.143702e+09 |
|    RETIRED_INSTRUCTIONS STAT    |   PMC0  | 1516031900000 | 11811680000 | 11855020000 | 1.184400e+10 |
|     CPU_CLOCKS_UNHALTED STAT    |   PMC1  |  580350457000 |  4487588000 |  4560792000 | 4.533988e+09 |
| REQUESTS_TO_L2_GRP1_RD_ANY STAT |   PMC2  |  137517917000 |  1074160000 |  1075269000 | 1.074359e+09 |
|     L2_PF_HIT_IN_L2_ALL STAT    |   PMC3  |  289488598000 |  1552616000 |  2328943000 | 2.261630e+09 |
+---------------------------------+---------+---------------+-------------+-------------+--------------+
+-------------------------------+------------+------------+------------+------------+------------+------------+------------+------------+------------+------------+-------------+-------------+-------------+-------------+-------------+-------------+-------------+-------------+-------------+-------------+-------------+-------------+-------------+-------------+-------------+-------------+-------------+-------------+-------------+-------------+-------------+-------------+-------------+-------------+-------------+-------------+-------------+-------------+-------------+-------------+-------------+-------------+-------------+-------------+-------------+-------------+-------------+-------------+-------------+-------------+-------------+-------------+-------------+-------------+-------------+-------------+-------------+-------------+-------------+-------------+-------------+-------------+-------------+-------------+-------------+-------------+-------------+-------------+-------------+-------------+-------------+-------------+-------------+-------------+-------------+-------------+-------------+-------------+-------------+-------------+-------------+-------------+-------------+-------------+-------------+-------------+-------------+-------------+-------------+-------------+-------------+-------------+-------------+-------------+-------------+-------------+-------------+-------------+-------------+-------------+--------------+--------------+--------------+--------------+--------------+--------------+--------------+--------------+--------------+--------------+--------------+--------------+--------------+--------------+--------------+--------------+--------------+--------------+--------------+--------------+--------------+--------------+--------------+--------------+--------------+--------------+--------------+--------------+
|             Metric            | HWThread 0 | HWThread 1 | HWThread 2 | HWThread 3 | HWThread 4 | HWThread 5 | HWThread 6 | HWThread 7 | HWThread 8 | HWThread 9 | HWThread 10 | HWThread 11 | HWThread 12 | HWThread 13 | HWThread 14 | HWThread 15 | HWThread 16 | HWThread 17 | HWThread 18 | HWThread 19 | HWThread 20 | HWThread 21 | HWThread 22 | HWThread 23 | HWThread 24 | HWThread 25 | HWThread 26 | HWThread 27 | HWThread 28 | HWThread 29 | HWThread 30 | HWThread 31 | HWThread 32 | HWThread 33 | HWThread 34 | HWThread 35 | HWThread 36 | HWThread 37 | HWThread 38 | HWThread 39 | HWThread 40 | HWThread 41 | HWThread 42 | HWThread 43 | HWThread 44 | HWThread 45 | HWThread 46 | HWThread 47 | HWThread 48 | HWThread 49 | HWThread 50 | HWThread 51 | HWThread 52 | HWThread 53 | HWThread 54 | HWThread 55 | HWThread 56 | HWThread 57 | HWThread 58 | HWThread 59 | HWThread 60 | HWThread 61 | HWThread 62 | HWThread 63 | HWThread 64 | HWThread 65 | HWThread 66 | HWThread 67 | HWThread 68 | HWThread 69 | HWThread 70 | HWThread 71 | HWThread 72 | HWThread 73 | HWThread 74 | HWThread 75 | HWThread 76 | HWThread 77 | HWThread 78 | HWThread 79 | HWThread 80 | HWThread 81 | HWThread 82 | HWThread 83 | HWThread 84 | HWThread 85 | HWThread 86 | HWThread 87 | HWThread 88 | HWThread 89 | HWThread 90 | HWThread 91 | HWThread 92 | HWThread 93 | HWThread 94 | HWThread 95 | HWThread 96 | HWThread 97 | HWThread 98 | HWThread 99 | HWThread 100 | HWThread 101 | HWThread 102 | HWThread 103 | HWThread 104 | HWThread 105 | HWThread 106 | HWThread 107 | HWThread 108 | HWThread 109 | HWThread 110 | HWThread 111 | HWThread 112 | HWThread 113 | HWThread 114 | HWThread 115 | HWThread 116 | HWThread 117 | HWThread 118 | HWThread 119 | HWThread 120 | HWThread 121 | HWThread 122 | HWThread 123 | HWThread 124 | HWThread 125 | HWThread 126 | HWThread 127 |
+-------------------------------+------------+------------+------------+------------+------------+------------+------------+------------+------------+------------+-------------+-------------+-------------+-------------+-------------+-------------+-------------+-------------+-------------+-------------+-------------+-------------+-------------+-------------+-------------+-------------+-------------+-------------+-------------+-------------+-------------+-------------+-------------+-------------+-------------+-------------+-------------+-------------+-------------+-------------+-------------+-------------+-------------+-------------+-------------+-------------+-------------+-------------+-------------+-------------+-------------+-------------+-------------+-------------+-------------+-------------+-------------+-------------+-------------+-------------+-------------+-------------+-------------+-------------+-------------+-------------+-------------+-------------+-------------+-------------+-------------+-------------+-------------+-------------+-------------+-------------+-------------+-------------+-------------+-------------+-------------+-------------+-------------+-------------+-------------+-------------+-------------+-------------+-------------+-------------+-------------+-------------+-------------+-------------+-------------+-------------+-------------+-------------+-------------+-------------+--------------+--------------+--------------+--------------+--------------+--------------+--------------+--------------+--------------+--------------+--------------+--------------+--------------+--------------+--------------+--------------+--------------+--------------+--------------+--------------+--------------+--------------+--------------+--------------+--------------+--------------+--------------+--------------+
|      Runtime (RDTSC) [s]      |     1.5364 |     1.5366 |     1.5366 |     1.5366 |     1.5364 |     1.5366 |     1.5364 |     1.5365 |     1.5365 |     1.5365 |      1.5364 |      1.5364 |      1.5365 |      1.5364 |      1.5366 |      1.5365 |      1.5365 |      1.5365 |      1.5364 |      1.5365 |      1.5364 |      1.5365 |      1.5365 |      1.5364 |      1.5364 |      1.5364 |      1.5364 |      1.5364 |      1.5368 |      1.5364 |      1.5364 |      1.5372 |      1.5364 |      1.5364 |      1.5366 |      1.5364 |      1.5364 |      1.5366 |      1.5372 |      1.5365 |      1.5366 |      1.5365 |      1.5366 |      1.5366 |      1.5365 |      1.5366 |      1.5365 |      1.5366 |      1.5367 |      1.5364 |      1.5366 |      1.5364 |      1.5366 |      1.5366 |      1.5372 |      1.5366 |      1.5371 |      1.5372 |      1.5364 |      1.5364 |      1.5367 |      1.5364 |      1.5366 |      1.5367 |      1.5364 |      1.5365 |      1.5367 |      1.5367 |      1.5367 |      1.5365 |      1.5365 |      1.5368 |      1.5366 |      1.5364 |      1.5364 |      1.5366 |      1.5366 |      1.5364 |      1.5364 |      1.5365 |      1.5365 |      1.5364 |      1.5365 |      1.5364 |      1.5364 |      1.5365 |      1.5365 |      1.5365 |      1.5372 |      1.5364 |      1.5367 |      1.5365 |      1.5365 |      1.5365 |      1.5364 |      1.5364 |      1.5365 |      1.5365 |      1.5365 |      1.5365 |       1.5365 |       1.5364 |       1.5366 |       1.5364 |       1.5365 |       1.5364 |       1.5365 |       1.5365 |       1.5364 |       1.5364 |       1.5364 |       1.5364 |       1.5367 |       1.5367 |       1.5364 |       1.5367 |       1.5364 |       1.5365 |       1.5366 |       1.5364 |       1.5364 |       1.5364 |       1.5365 |       1.5365 |       1.5365 |       1.5364 |       1.5365 |       1.5364 |
|      Runtime unhalted [s]     |     1.6994 |     1.6996 |     1.7000 |     1.6997 |     1.6998 |     1.6998 |     1.6998 |     1.6998 |     1.6736 |     1.6736 |      1.6735 |      1.6737 |      1.6735 |      1.6735 |      1.6740 |      1.6735 |      1.6866 |      1.6867 |      1.6862 |      1.6864 |      1.6862 |      1.6864 |      1.6865 |      1.6863 |      1.6886 |      1.6886 |      1.6887 |      1.6887 |      1.6890 |      1.6887 |      1.6887 |      1.6891 |      1.6841 |      1.6841 |      1.6844 |      1.6842 |      1.6844 |      1.6843 |      1.6848 |      1.6843 |      1.6947 |      1.6946 |      1.6947 |      1.6947 |      1.6947 |      1.6947 |      1.6947 |      1.6947 |      1.6983 |      1.6982 |      1.6984 |      1.6981 |      1.6983 |      1.6983 |      1.6986 |      1.6986 |      1.6951 |      1.6952 |      1.6948 |      1.6948 |      1.6950 |      1.6947 |      1.6953 |      1.6950 |      1.6805 |      1.6805 |      1.6808 |      1.6808 |      1.6812 |      1.6809 |      1.6807 |      1.6810 |      1.6949 |      1.6946 |      1.6948 |      1.6949 |      1.6950 |      1.6947 |      1.6948 |      1.6950 |      1.6857 |      1.6856 |      1.6855 |      1.6854 |      1.6854 |      1.6854 |      1.6854 |      1.6855 |      1.6958 |      1.6953 |      1.6955 |      1.6954 |      1.6953 |      1.6952 |      1.6952 |      1.6952 |      1.6961 |      1.6961 |      1.6958 |      1.6961 |       1.6959 |       1.6961 |       1.6960 |       1.6958 |       1.6925 |       1.6925 |       1.6925 |       1.6925 |       1.6927 |       1.6925 |       1.6925 |       1.6924 |       1.6960 |       1.6963 |       1.6957 |       1.6960 |       1.6959 |       1.6960 |       1.6961 |       1.6958 |       1.6865 |       1.6865 |       1.6863 |       1.6865 |       1.6865 |       1.6862 |       1.6862 |       1.6865 |
|          Clock [MHz]          |  2982.0194 |  2982.3221 |  2982.2873 |  2982.1036 |  2982.0629 |  2982.2374 |  2982.0768 |  2982.0803 |  2936.3931 |  2936.3753 |   2936.3436 |   2936.4189 |   2936.3199 |   2936.2924 |   2936.6848 |   2936.3372 |   2959.4388 |   2959.2089 |   2959.1797 |   2959.2994 |   2959.1797 |   2959.3197 |   2959.0848 |   2959.2332 |   2962.8589 |   2962.8689 |   2962.9009 |   2962.9084 |   2962.9404 |   2962.8850 |   2962.8955 |   2962.8877 |   2954.9226 |   2954.9184 |   2955.1963 |   2954.9778 |   2955.0597 |   2955.1037 |   2955.0737 |   2955.0584 |   2973.0605 |   2972.8465 |   2973.0667 |   2973.0641 |   2972.9956 |   2973.0005 |   2973.0333 |   2973.0661 |   2979.9302 |   2979.5389 |   2979.7749 |   2979.4591 |   2979.5921 |   2979.8862 |   2979.4807 |   2979.9231 |   2973.5089 |   2973.5961 |   2973.6208 |   2973.5517 |   2973.6086 |   2973.6664 |   2973.9857 |   2973.6109 |   2948.9714 |   2948.9662 |   2948.9825 |   2948.9846 |   2948.9579 |   2948.9366 |   2948.7999 |   2948.8117 |   2973.4753 |   2973.1701 |   2973.2700 |   2973.4828 |   2973.4822 |   2973.2374 |   2973.2646 |   2973.5060 |   2957.3385 |   2957.2866 |   2957.2026 |   2957.1273 |   2957.1665 |   2957.1582 |   2957.1464 |   2957.2331 |   2974.3732 |   2974.3294 |   2974.2932 |   2974.3899 |   2974.3840 |   2974.2863 |   2974.2543 |   2974.2658 |   2975.7147 |   2975.6245 |   2975.4438 |   2975.5827 |    2975.4679 |    2975.5773 |    2975.8508 |    2975.4384 |    2969.3932 |    2969.5795 |    2969.4055 |    2969.4541 |    2969.7167 |    2969.6027 |    2969.6125 |    2969.3669 |    2975.6145 |    2975.5586 |    2975.3389 |    2975.6173 |    2975.4204 |    2975.5898 |    2975.6776 |    2975.3728 |    2958.7642 |    2958.7776 |    2958.6969 |    2958.8744 |    2958.5849 |    2958.6430 |    2958.7445 |    2958.7910 |
|              CPI              |     0.3844 |     0.3848 |     0.3847 |     0.3848 |     0.3848 |     0.3848 |     0.3847 |     0.3847 |     0.3794 |     0.3794 |      0.3793 |      0.3794 |      0.3794 |      0.3794 |      0.3794 |      0.3794 |      0.3821 |      0.3820 |      0.3819 |      0.3821 |      0.3819 |      0.3820 |      0.3819 |      0.3820 |      0.3823 |      0.3822 |      0.3823 |      0.3823 |      0.3823 |      0.3822 |      0.3822 |      0.3824 |      0.3816 |      0.3815 |      0.3816 |      0.3814 |      0.3816 |      0.3815 |      0.3816 |      0.3815 |      0.3835 |      0.3835 |      0.3835 |      0.3835 |      0.3836 |      0.3835 |      0.3834 |      0.3835 |      0.3844 |      0.3842 |      0.3843 |      0.3842 |      0.3843 |      0.3842 |      0.3843 |      0.3842 |      0.3837 |      0.3838 |      0.3836 |      0.3835 |      0.3836 |      0.3836 |      0.3836 |      0.3842 |      0.3808 |      0.3808 |      0.3809 |      0.3809 |      0.3810 |      0.3808 |      0.3808 |      0.3809 |      0.3836 |      0.3834 |      0.3834 |      0.3835 |      0.3836 |      0.3834 |      0.3834 |      0.3834 |      0.3817 |      0.3816 |      0.3816 |      0.3816 |      0.3817 |      0.3816 |      0.3816 |      0.3815 |      0.3839 |      0.3835 |      0.3836 |      0.3836 |      0.3837 |      0.3836 |      0.3835 |      0.3843 |      0.3843 |      0.3841 |      0.3840 |      0.3842 |       0.3843 |       0.3841 |       0.3842 |       0.3841 |       0.3834 |       0.3831 |       0.3832 |       0.3832 |       0.3833 |       0.3831 |       0.3831 |       0.3831 |       0.3844 |       0.3843 |       0.3842 |       0.3843 |       0.3843 |       0.3842 |       0.3842 |       0.3841 |       0.3823 |       0.3822 |       0.3822 |       0.3822 |       0.3823 |       0.3822 |       0.3822 |       0.3829 |
|    L2 bandwidth [MBytes/s]    | 44745.1901 | 44743.2132 | 44743.2257 | 44741.8096 | 44750.8678 | 44743.2954 | 44745.2863 | 44743.0219 | 44747.9932 | 44742.2865 |  44745.1448 |  44746.2274 |  44752.6307 |  44746.4066 |  44742.2552 |  44746.1584 |  44748.8804 |  44743.0300 |  44745.8691 |  44743.5648 |  44751.1177 |  44741.3160 |  44743.7348 |  44745.9274 |  44752.9339 |  44746.5316 |  44746.2400 |  44747.9770 |  44741.2540 |  44744.7492 |  44744.7076 |  44723.1950 |  44763.6142 |  44746.6399 |  44743.1258 |  44747.8232 |  44767.8590 |  44744.1620 |  44724.0568 |  44745.5936 |  44760.3705 |  44745.1344 |  44741.5188 |  44742.0938 |  44763.0672 |  44743.1044 |  44742.7163 |  44742.0938 |  44758.9387 |  44746.8147 |  44742.1233 |  44747.4812 |  44761.0323 |  44742.8221 |  44723.1745 |  44743.2478 |  44749.0951 |  44724.3608 |  44747.4151 |  44747.5983 |  44758.7614 |  44747.2526 |  44743.5729 |  44739.6456 |  44747.0609 |  44746.2830 |  44737.9381 |  44739.6868 |  44769.3606 |  44746.8124 |  44747.0406 |  44737.9935 |  44761.6602 |  44747.2360 |  44747.0694 |  44744.0956 |  44773.0102 |  44746.2566 |  44746.8943 |  44744.2865 |  44768.8726 |  44748.0186 |  44744.1307 |  44747.1401 |  44777.7147 |  44746.7199 |  44744.8753 |  44743.0322 |  44746.1058 |  44747.7020 |  44738.6881 |  44746.9587 |  44777.8411 |  44745.5144 |  44748.3559 |  44754.9465 |  44773.4012 |  44746.4673 |  44745.2255 |  44747.3406 |   44785.6088 |   44747.3234 |   44742.4686 |   44746.6152 |   44772.1137 |   44747.4026 |   44745.8326 |   44744.7897 |   44788.4241 |   44747.3694 |   44746.1238 |   44748.5059 |   44775.3773 |   44739.8511 |   44748.0643 |   44740.8923 |   44790.3360 |   44746.3840 |   44741.8236 |   44747.1649 |   44774.0947 |   44748.3231 |   44745.7226 |   44744.2032 |   44784.6379 |   44747.5062 |   44746.4209 |   44753.8841 |
|    L2 data volume [GBytes]    |    68.7476 |    68.7516 |    68.7517 |    68.7495 |    68.7564 |    68.7504 |    68.7482 |    68.7466 |    68.7570 |    68.7478 |     68.7481 |     68.7493 |     68.7604 |     68.7496 |     68.7501 |     68.7515 |     68.7584 |     68.7464 |     68.7487 |     68.7492 |     68.7567 |     68.7462 |     68.7485 |     68.7487 |     68.7596 |     68.7498 |     68.7494 |     68.7520 |     68.7565 |     68.7477 |     68.7476 |     68.7500 |     68.7759 |     68.7501 |     68.7516 |     68.7523 |     68.7826 |     68.7520 |     68.7513 |     68.7528 |     68.7804 |     68.7507 |     68.7500 |     68.7511 |     68.7803 |     68.7509 |     68.7494 |     68.7511 |     68.7796 |     68.7501 |     68.7516 |     68.7511 |     68.7806 |     68.7516 |     68.7502 |     68.7533 |     68.7842 |     68.7518 |     68.7518 |     68.7520 |     68.7824 |     68.7514 |     68.7540 |     68.7530 |     68.7510 |     68.7512 |     68.7504 |     68.7526 |     68.7989 |     68.7524 |     68.7517 |     68.7519 |     68.7796 |     68.7515 |     68.7512 |     68.7523 |     68.7973 |     68.7493 |     68.7508 |     68.7517 |     68.7873 |     68.7521 |     68.7493 |     68.7513 |     68.7983 |     68.7512 |     68.7492 |     68.7491 |     68.7853 |     68.7515 |     68.7520 |     68.7533 |     68.8029 |     68.7525 |     68.7524 |     68.7636 |     68.7965 |     68.7528 |     68.7501 |     68.7523 |      68.8129 |      68.7515 |      68.7517 |      68.7504 |      68.7935 |      68.7517 |      68.7498 |      68.7515 |      68.8146 |      68.7519 |      68.7498 |      68.7528 |      68.8048 |      68.7502 |      68.7520 |      68.7518 |      68.8172 |      68.7526 |      68.7514 |      68.7510 |      68.7921 |      68.7530 |      68.7528 |      68.7516 |      68.8095 |      68.7512 |      68.7519 |      68.7618 |
| Prefetch bandwidth [MBytes/s] | 95263.9532 | 94774.0062 | 95933.7127 | 88356.5053 | 95609.7955 | 96806.7517 | 96102.3668 | 94452.9179 | 95793.6140 | 91516.2080 |  96121.4030 |  95713.4755 |  95923.3977 |  94376.4524 |  96256.6111 |  95890.5757 |  95589.0400 |  95184.9791 |  94551.1717 |  94827.0823 |  95721.7228 |  97006.0090 |  96039.4873 |  94894.2420 |  95745.6749 |  95186.9765 |  95657.9703 |  95624.9168 |  95668.1638 |  95834.6726 |  94459.8599 |  96446.8910 |  94336.4811 |  95695.0021 |  96246.5103 |  94794.3438 |  93276.8838 |  95661.4980 |  96119.0503 |  96111.2119 |  95713.1811 |  94849.5798 |  95424.4551 |  95382.9322 |  91682.1666 |  96193.1783 |  95065.8964 |  95784.1064 |  95491.4500 |  95134.1557 |  95675.1724 |  95022.6031 |  94467.8248 |  94685.8832 |  94632.5822 |  96068.8056 |  94110.6962 |  94909.3346 |  95114.9630 |  96040.7383 |  94255.9190 |  93775.6982 |  95320.2761 |  64661.3498 |  95790.8303 |  94496.8747 |  96070.2580 |  94596.1635 |  94544.6812 |  96374.9461 |  95817.3454 |  95379.9971 |  91793.8454 |  95496.0822 |  95767.4626 |  95868.2152 |  95277.9810 |  96331.0332 |  94117.3065 |  94025.9126 |  94689.6549 |  94091.4264 |  95371.1001 |  94211.3041 |  94661.9666 |  96054.2548 |  96256.0463 |  91263.4083 |  95014.8962 |  94993.0911 |  94339.0567 |  94972.1209 |  93175.2431 |  88620.4919 |  91269.1809 |  64769.7755 |  93690.9072 |  95405.3170 |  95967.5102 |  95947.9738 |   95676.3751 |   91094.9404 |   95567.6922 |   95495.9771 |   95146.9374 |   96104.0743 |   95750.9899 |   95828.4545 |   94369.8180 |   94881.5115 |   94943.4290 |   95139.1971 |   94494.1113 |   95734.0320 |   92841.2886 |   95848.1492 |   93925.1642 |   96152.4508 |   91668.2181 |   94599.5189 |   91543.9679 |   95238.0923 |   96322.7443 |   91561.7501 |   94533.3085 |   95848.8336 |   95965.0734 |   65922.3206 |
| Prefetch data volume [GBytes] |   146.3658 |   145.6280 |   147.4101 |   135.7671 |   146.8973 |   148.7486 |   147.6550 |   145.1247 |   147.1905 |   140.6172 |    147.6845 |    147.0568 |    147.3821 |    145.0026 |    147.9062 |    147.3338 |    146.8763 |    146.2490 |    145.2708 |    145.7034 |    147.0692 |    149.0524 |    147.5641 |    145.7977 |    147.1062 |    146.2479 |    146.9716 |    146.9207 |    147.0188 |    147.2444 |    145.1321 |    148.2614 |    144.9409 |    147.0287 |    147.8909 |    145.6456 |    143.3132 |    146.9894 |    147.7574 |    147.6774 |    147.0762 |    145.7360 |    146.6295 |    146.5663 |    140.8734 |    147.8076 |    146.0734 |    147.1827 |    146.7386 |    146.1664 |    147.0162 |    145.9950 |    145.1610 |    145.4938 |    145.4729 |    147.6211 |    144.6583 |    145.8979 |    146.1386 |    147.5608 |    144.8465 |    144.0806 |    146.4714 |     99.3674 |    147.1766 |    145.1914 |    147.6346 |    145.3684 |    145.2907 |    148.0779 |    147.2188 |    146.5768 |    141.0481 |    146.7241 |    147.1411 |    147.3078 |    146.4022 |    148.0055 |    144.6053 |    144.4753 |    145.4906 |    144.5646 |    146.5376 |    144.7500 |    145.4424 |    147.5828 |    147.8947 |    140.2291 |    146.0602 |    145.9498 |    144.9752 |    145.9239 |    143.1675 |    136.1674 |    140.2282 |     99.5154 |    143.9606 |    146.5899 |    147.4522 |    147.4198 |     147.0063 |     139.9617 |     146.8502 |     146.7236 |     146.1956 |     147.6582 |     147.1168 |     147.2428 |     144.9933 |     145.7802 |     145.8751 |     146.1743 |     145.2059 |     147.1112 |     142.6436 |     147.2866 |     144.3094 |     147.7379 |     140.8596 |     145.3457 |     140.6506 |     146.3274 |     148.0021 |     140.6890 |     145.2461 |     147.2646 |     147.4483 |     101.2859 |
+-------------------------------+------------+------------+------------+------------+------------+------------+------------+------------+------------+------------+-------------+-------------+-------------+-------------+-------------+-------------+-------------+-------------+-------------+-------------+-------------+-------------+-------------+-------------+-------------+-------------+-------------+-------------+-------------+-------------+-------------+-------------+-------------+-------------+-------------+-------------+-------------+-------------+-------------+-------------+-------------+-------------+-------------+-------------+-------------+-------------+-------------+-------------+-------------+-------------+-------------+-------------+-------------+-------------+-------------+-------------+-------------+-------------+-------------+-------------+-------------+-------------+-------------+-------------+-------------+-------------+-------------+-------------+-------------+-------------+-------------+-------------+-------------+-------------+-------------+-------------+-------------+-------------+-------------+-------------+-------------+-------------+-------------+-------------+-------------+-------------+-------------+-------------+-------------+-------------+-------------+-------------+-------------+-------------+-------------+-------------+-------------+-------------+-------------+-------------+--------------+--------------+--------------+--------------+--------------+--------------+--------------+--------------+--------------+--------------+--------------+--------------+--------------+--------------+--------------+--------------+--------------+--------------+--------------+--------------+--------------+--------------+--------------+--------------+--------------+--------------+--------------+--------------+
+------------------------------------+--------------+------------+------------+------------+
|               Metric               |      Sum     |     Min    |     Max    |     Avg    |
+------------------------------------+--------------+------------+------------+------------+
|      Runtime (RDTSC) [s] STAT      |     196.6760 |     1.5364 |     1.5372 |     1.5365 |
|      Runtime unhalted [s] STAT     |     216.3859 |     1.6735 |     1.7000 |     1.6905 |
|          Clock [MHz] STAT          |  379642.0552 |  2936.2924 |  2982.3221 |  2965.9536 |
|              CPI STAT              |      48.9994 |     0.3793 |     0.3848 |     0.3828 |
|    L2 bandwidth [MBytes/s] STAT    | 5.727881e+06 | 44723.1745 | 44790.3360 | 44749.0731 |
|    L2 data volume [GBytes] STAT    |    8801.1462 |    68.7462 |    68.8172 |    68.7590 |
| Prefetch bandwidth [MBytes/s] STAT | 1.205775e+07 | 64661.3498 | 97006.0090 | 94201.1454 |
| Prefetch data volume [GBytes] STAT |   18527.2699 |    99.3674 |   149.0524 |   144.7443 |
+------------------------------------+--------------+------------+------------+------------+
