--------------------------------------------------------------------------------
CPU name:	AMD EPYC 9755 128-Core Processor               
CPU type:	AMD K1A (Zen5) architecture
CPU clock:	2.70 GHz
--------------------------------------------------------------------------------
Region bench, Group 1: L2BW
+-------------------+------------+------------+------------+------------+------------+------------+------------+------------+------------+------------+-------------+-------------+-------------+-------------+-------------+-------------+-------------+-------------+-------------+-------------+-------------+-------------+-------------+-------------+-------------+-------------+-------------+-------------+-------------+-------------+-------------+-------------+-------------+-------------+-------------+-------------+-------------+-------------+-------------+-------------+-------------+-------------+-------------+-------------+-------------+-------------+-------------+-------------+-------------+-------------+-------------+-------------+-------------+-------------+-------------+-------------+-------------+-------------+-------------+-------------+-------------+-------------+-------------+-------------+-------------+-------------+-------------+-------------+-------------+-------------+-------------+-------------+-------------+-------------+-------------+-------------+-------------+-------------+-------------+-------------+-------------+-------------+-------------+-------------+-------------+-------------+-------------+-------------+-------------+-------------+-------------+-------------+-------------+-------------+-------------+-------------+-------------+-------------+-------------+-------------+--------------+--------------+--------------+--------------+--------------+--------------+--------------+--------------+--------------+--------------+--------------+--------------+--------------+--------------+--------------+--------------+--------------+--------------+--------------+--------------+--------------+--------------+--------------+--------------+--------------+--------------+--------------+--------------+
|    Region Info    | HWThread 0 | HWThread 1 | HWThread 2 | HWThread 3 | HWThread 4 | HWThread 5 | HWThread 6 | HWThread 7 | HWThread 8 | HWThread 9 | HWThread 10 | HWThread 11 | HWThread 12 | HWThread 13 | HWThread 14 | HWThread 15 | HWThread 16 | HWThread 17 | HWThread 18 | HWThread 19 | HWThread 20 | HWThread 21 | HWThread 22 | HWThread 23 | HWThread 24 | HWThread 25 | HWThread 26 | HWThread 27 | HWThread 28 | HWThread 29 | HWThread 30 | HWThread 31 | HWThread 32 | HWThread 33 | HWThread 34 | HWThread 35 | HWThread 36 | HWThread 37 | HWThread 38 | HWThread 39 | HWThread 40 | HWThread 41 | HWThread 42 | HWThread 43 | HWThread 44 | HWThread 45 | HWThread 46 | HWThread 47 | HWThread 48 | HWThread 49 | HWThread 50 | HWThread 51 | HWThread 52 | HWThread 53 | HWThread 54 | HWThread 55 | HWThread 56 | HWThread 57 | HWThread 58 | HWThread 59 | HWThread 60 | HWThread 61 | HWThread 62 | HWThread 63 | HWThread 64 | HWThread 65 | HWThread 66 | HWThread 67 | HWThread 68 | HWThread 69 | HWThread 70 | HWThread 71 | HWThread 72 | HWThread 73 | HWThread 74 | HWThread 75 | HWThread 76 | HWThread 77 | HWThread 78 | HWThread 79 | HWThread 80 | HWThread 81 | HWThread 82 | HWThread 83 | HWThread 84 | HWThread 85 | HWThread 86 | HWThread 87 | HWThread 88 | HWThread 89 | HWThread 90 | HWThread 91 | HWThread 92 | HWThread 93 | HWThread 94 | HWThread 95 | HWThread 96 | HWThread 97 | HWThread 98 | HWThread 99 | HWThread 100 | HWThread 101 | HWThread 102 | HWThread 103 | HWThread 104 | HWThread 105 | HWThread 106 | HWThread 107 | HWThread 108 | HWThread 109 | HWThread 110 | HWThread 111 | HWThread 112 | HWThread 113 | HWThread 114 | HWThread 115 | HWThread 116 | HWThread 117 | HWThread 118 | HWThread 119 | HWThread 120 | HWThread 121 | HWThread 122 | HWThread 123 | HWThread 124 | HWThread 125 | HWThread 126 | HWThread 127 |
+-------------------+------------+------------+------------+------------+------------+------------+------------+------------+------------+------------+-------------+-------------+-------------+-------------+-------------+-------------+-------------+-------------+-------------+-------------+-------------+-------------+-------------+-------------+-------------+-------------+-------------+-------------+-------------+-------------+-------------+-------------+-------------+-------------+-------------+-------------+-------------+-------------+-------------+-------------+-------------+-------------+-------------+-------------+-------------+-------------+-------------+-------------+-------------+-------------+-------------+-------------+-------------+-------------+-------------+-------------+-------------+-------------+-------------+-------------+-------------+-------------+-------------+-------------+-------------+-------------+-------------+-------------+-------------+-------------+-------------+-------------+-------------+-------------+-------------+-------------+-------------+-------------+-------------+-------------+-------------+-------------+-------------+-------------+-------------+-------------+-------------+-------------+-------------+-------------+-------------+-------------+-------------+-------------+-------------+-------------+-------------+-------------+-------------+-------------+--------------+--------------+--------------+--------------+--------------+--------------+--------------+--------------+--------------+--------------+--------------+--------------+--------------+--------------+--------------+--------------+--------------+--------------+--------------+--------------+--------------+--------------+--------------+--------------+--------------+--------------+--------------+--------------+
| RDTSC Runtime [s] |   1.523809 |   1.523897 |   1.523599 |   1.523998 |   1.523669 |   1.523630 |   1.523910 |   1.523897 |   1.523781 |   1.523663 |    1.523667 |    1.523627 |    1.523956 |    1.523660 |    1.523666 |    1.523660 |    1.523685 |    1.523931 |    1.523734 |    1.523596 |    1.523889 |    1.523625 |    1.523672 |    1.523798 |    1.523596 |    1.523656 |    1.523801 |    1.523626 |    1.523661 |    1.523660 |    1.523660 |    1.523800 |    1.523597 |    1.523798 |    1.523728 |    1.523737 |    1.523662 |    1.523689 |    1.523627 |    1.523677 |    1.524290 |    1.523969 |    1.523608 |    1.523666 |    1.523653 |    1.523666 |    1.523796 |    1.523610 |    1.523662 |    1.523660 |    1.524171 |    1.523660 |    1.523658 |    1.523628 |    1.523688 |    1.523662 |    1.523656 |    1.523596 |    1.523659 |    1.524094 |    1.523793 |    1.523658 |    1.524189 |    1.524177 |    1.523900 |    1.523594 |    1.524756 |    1.524565 |    1.523960 |    1.523594 |    1.523964 |    1.523944 |    1.523658 |    1.523662 |    1.523795 |    1.524564 |    1.523656 |    1.523719 |    1.523607 |    1.523608 |    1.523776 |    1.523596 |    1.523776 |    1.523656 |    1.523685 |    1.523660 |    1.523746 |    1.523596 |    1.523664 |    1.523683 |    1.523966 |    1.523627 |    1.523627 |    1.523594 |    1.523663 |    1.523912 |    1.523662 |    1.523661 |    1.523666 |    1.523664 |     1.523626 |     1.523654 |     1.523655 |     1.523661 |     1.523731 |     1.523658 |     1.523658 |     1.523657 |     1.523773 |     1.523683 |     1.523752 |     1.523594 |     1.524000 |     1.523674 |     1.523997 |     1.524007 |     1.523714 |     1.523914 |     1.523683 |     1.523606 |     1.523597 |     1.523664 |     1.523666 |     1.523660 |     1.523659 |     1.523929 |     1.523965 |     1.523660 |
|     call count    |          1 |          1 |          1 |          1 |          1 |          1 |          1 |          1 |          1 |          1 |           1 |           1 |           1 |           1 |           1 |           1 |           1 |           1 |           1 |           1 |           1 |           1 |           1 |           1 |           1 |           1 |           1 |           1 |           1 |           1 |           1 |           1 |           1 |           1 |           1 |           1 |           1 |           1 |           1 |           1 |           1 |           1 |           1 |           1 |           1 |           1 |           1 |           1 |           1 |           1 |           1 |           1 |           1 |           1 |           1 |           1 |           1 |           1 |           1 |           1 |           1 |           1 |           1 |           1 |           1 |           1 |           1 |           1 |           1 |           1 |           1 |           1 |           1 |           1 |           1 |           1 |           1 |           1 |           1 |           1 |           1 |           1 |           1 |           1 |           1 |           1 |           1 |           1 |           1 |           1 |           1 |           1 |           1 |           1 |           1 |           1 |           1 |           1 |           1 |           1 |            1 |            1 |            1 |            1 |            1 |            1 |            1 |            1 |            1 |            1 |            1 |            1 |            1 |            1 |            1 |            1 |            1 |            1 |            1 |            1 |            1 |            1 |            1 |            1 |            1 |            1 |            1 |            1 |
+-------------------+------------+------------+------------+------------+------------+------------+------------+------------+------------+------------+-------------+-------------+-------------+-------------+-------------+-------------+-------------+-------------+-------------+-------------+-------------+-------------+-------------+-------------+-------------+-------------+-------------+-------------+-------------+-------------+-------------+-------------+-------------+-------------+-------------+-------------+-------------+-------------+-------------+-------------+-------------+-------------+-------------+-------------+-------------+-------------+-------------+-------------+-------------+-------------+-------------+-------------+-------------+-------------+-------------+-------------+-------------+-------------+-------------+-------------+-------------+-------------+-------------+-------------+-------------+-------------+-------------+-------------+-------------+-------------+-------------+-------------+-------------+-------------+-------------+-------------+-------------+-------------+-------------+-------------+-------------+-------------+-------------+-------------+-------------+-------------+-------------+-------------+-------------+-------------+-------------+-------------+-------------+-------------+-------------+-------------+-------------+-------------+-------------+-------------+--------------+--------------+--------------+--------------+--------------+--------------+--------------+--------------+--------------+--------------+--------------+--------------+--------------+--------------+--------------+--------------+--------------+--------------+--------------+--------------+--------------+--------------+--------------+--------------+--------------+--------------+--------------+--------------+
+----------------------------+---------+-------------+-------------+-------------+-------------+-------------+-------------+-------------+-------------+-------------+-------------+-------------+-------------+-------------+-------------+-------------+-------------+-------------+-------------+-------------+-------------+-------------+-------------+-------------+-------------+-------------+-------------+-------------+-------------+-------------+-------------+-------------+-------------+-------------+-------------+-------------+-------------+-------------+-------------+-------------+-------------+-------------+-------------+-------------+-------------+-------------+-------------+-------------+-------------+-------------+-------------+-------------+-------------+-------------+-------------+-------------+-------------+-------------+-------------+-------------+-------------+-------------+-------------+-------------+-------------+-------------+-------------+-------------+-------------+-------------+-------------+-------------+-------------+-------------+-------------+-------------+-------------+-------------+-------------+-------------+-------------+-------------+-------------+-------------+-------------+-------------+-------------+-------------+-------------+-------------+-------------+-------------+-------------+-------------+-------------+-------------+-------------+-------------+-------------+-------------+-------------+--------------+--------------+--------------+--------------+--------------+--------------+--------------+--------------+--------------+--------------+--------------+--------------+--------------+--------------+--------------+--------------+--------------+--------------+--------------+--------------+--------------+--------------+--------------+--------------+--------------+--------------+--------------+--------------+
|            Event           | Counter |  HWThread 0 |  HWThread 1 |  HWThread 2 |  HWThread 3 |  HWThread 4 |  HWThread 5 |  HWThread 6 |  HWThread 7 |  HWThread 8 |  HWThread 9 | HWThread 10 | HWThread 11 | HWThread 12 | HWThread 13 | HWThread 14 | HWThread 15 | HWThread 16 | HWThread 17 | HWThread 18 | HWThread 19 | HWThread 20 | HWThread 21 | HWThread 22 | HWThread 23 | HWThread 24 | HWThread 25 | HWThread 26 | HWThread 27 | HWThread 28 | HWThread 29 | HWThread 30 | HWThread 31 | HWThread 32 | HWThread 33 | HWThread 34 | HWThread 35 | HWThread 36 | HWThread 37 | HWThread 38 | HWThread 39 | HWThread 40 | HWThread 41 | HWThread 42 | HWThread 43 | HWThread 44 | HWThread 45 | HWThread 46 | HWThread 47 | HWThread 48 | HWThread 49 | HWThread 50 | HWThread 51 | HWThread 52 | HWThread 53 | HWThread 54 | HWThread 55 | HWThread 56 | HWThread 57 | HWThread 58 | HWThread 59 | HWThread 60 | HWThread 61 | HWThread 62 | HWThread 63 | HWThread 64 | HWThread 65 | HWThread 66 | HWThread 67 | HWThread 68 | HWThread 69 | HWThread 70 | HWThread 71 | HWThread 72 | HWThread 73 | HWThread 74 | HWThread 75 | HWThread 76 | HWThread 77 | HWThread 78 | HWThread 79 | HWThread 80 | HWThread 81 | HWThread 82 | HWThread 83 | HWThread 84 | HWThread 85 | HWThread 86 | HWThread 87 | HWThread 88 | HWThread 89 | HWThread 90 | HWThread 91 | HWThread 92 | HWThread 93 | HWThread 94 | HWThread 95 | HWThread 96 | HWThread 97 | HWThread 98 | HWThread 99 | HWThread 100 | HWThread 101 | HWThread 102 | HWThread 103 | HWThread 104 | HWThread 105 | HWThread 106 | HWThread 107 | HWThread 108 | HWThread 109 | HWThread 110 | HWThread 111 | HWThread 112 | HWThread 113 | HWThread 114 | HWThread 115 | HWThread 116 | HWThread 117 | HWThread 118 | HWThread 119 | HWThread 120 | HWThread 121 | HWThread 122 | HWThread 123 | HWThread 124 | HWThread 125 | HWThread 126 | HWThread 127 |
+----------------------------+---------+-------------+-------------+-------------+-------------+-------------+-------------+-------------+-------------+-------------+-------------+-------------+-------------+-------------+-------------+-------------+-------------+-------------+-------------+-------------+-------------+-------------+-------------+-------------+-------------+-------------+-------------+-------------+-------------+-------------+-------------+-------------+-------------+-------------+-------------+-------------+-------------+-------------+-------------+-------------+-------------+-------------+-------------+-------------+-------------+-------------+-------------+-------------+-------------+-------------+-------------+-------------+-------------+-------------+-------------+-------------+-------------+-------------+-------------+-------------+-------------+-------------+-------------+-------------+-------------+-------------+-------------+-------------+-------------+-------------+-------------+-------------+-------------+-------------+-------------+-------------+-------------+-------------+-------------+-------------+-------------+-------------+-------------+-------------+-------------+-------------+-------------+-------------+-------------+-------------+-------------+-------------+-------------+-------------+-------------+-------------+-------------+-------------+-------------+-------------+-------------+--------------+--------------+--------------+--------------+--------------+--------------+--------------+--------------+--------------+--------------+--------------+--------------+--------------+--------------+--------------+--------------+--------------+--------------+--------------+--------------+--------------+--------------+--------------+--------------+--------------+--------------+--------------+--------------+
|      ACTUAL_CPU_CLOCK      |  FIXC1  |  4504341000 |  4504880000 |  4504199000 |  4504843000 |  4504239000 |  4504073000 |  4504850000 |  4504834000 |  4487965000 |  4488159000 |  4487841000 |  4488109000 |  4488597000 |  4488135000 |  4488201000 |  4488157000 |  4482201000 |  4482882000 |  4482249000 |  4482162000 |  4482885000 |  4482074000 |  4482220000 |  4482341000 |  4471946000 |  4472227000 |  4471965000 |  4471946000 |  4472307000 |  4472313000 |  4471980000 |  4472146000 |  4465541000 |  4465584000 |  4466121000 |  4465763000 |  4466137000 |  4465667000 |  4466080000 |  4465722000 |  4526966000 |  4526818000 |  4526342000 |  4525979000 |  4525651000 |  4526011000 |  4526088000 |  4525866000 |  4517545000 |  4517317000 |  4517211000 |  4516969000 |  4517148000 |  4517237000 |  4517004000 |  4516900000 |  4514481000 |  4515245000 |  4514871000 |  4515128000 |  4515184000 |  4514465000 |  4515123000 |  4515269000 |  4511916000 |  4510524000 |  4511646000 |  4511963000 |  4511297000 |  4510512000 |  4511335000 |  4511120000 |  4515508000 |  4515756000 |  4515527000 |  4516330000 |  4515395000 |  4515487000 |  4515481000 |  4515352000 |  4490792000 |  4490602000 |  4490780000 |  4490659000 |  4490725000 |  4491444000 |  4491214000 |  4490601000 |  4508261000 |  4508525000 |  4509008000 |  4508377000 |  4508733000 |  4508539000 |  4509048000 |  4509055000 |  4521195000 |  4521166000 |  4521237000 |  4521364000 |   4521165000 |   4521143000 |   4521169000 |   4521161000 |   4498001000 |   4497899000 |   4497958000 |   4497935000 |   4498637000 |   4497923000 |   4497838000 |   4498806000 |   4542634000 |   4541753000 |   4542503000 |   4542404000 |   4541847000 |   4542338000 |   4541862000 |   4541955000 |   4527557000 |   4526980000 |   4527038000 |   4527688000 |   4526947000 |   4528107000 |   4527793000 |   4527055000 |
|        MAX_CPU_CLOCK       |  FIXC2  |  4110127000 |  4110775000 |  4110195000 |  4110555000 |  4110309000 |  4110073000 |  4110539000 |  4110620000 |  4109801000 |  4109649000 |  4109677000 |  4109869000 |  4110025000 |  4109610000 |  4109704000 |  4109658000 |  4110320000 |  4110685000 |  4110346000 |  4110183000 |  4110774000 |  4110116000 |  4110294000 |  4110433000 |  4110171000 |  4110187000 |  4110216000 |  4110168000 |  4110230000 |  4110292000 |  4110203000 |  4110178000 |  4109307000 |  4109522000 |  4109720000 |  4109716000 |  4109702000 |  4109675000 |  4109818000 |  4109667000 |  4111168000 |  4110394000 |  4110257000 |  4109725000 |  4109653000 |  4109738000 |  4110072000 |  4110055000 |  4110083000 |  4110184000 |  4110391000 |  4109975000 |  4110283000 |  4110102000 |  4110235000 |  4109684000 |  4109527000 |  4110081000 |  4109547000 |  4109701000 |  4110326000 |  4108909000 |  4109623000 |  4110340000 |  4110395000 |  4109546000 |  4110614000 |  4111060000 |  4109941000 |  4109529000 |  4109952000 |  4109920000 |  4109279000 |  4109538000 |  4110061000 |  4110649000 |  4109497000 |  4109842000 |  4109524000 |  4109442000 |  4109511000 |  4109531000 |  4109776000 |  4109604000 |  4109691000 |  4110179000 |  4110294000 |  4109576000 |  4109047000 |  4109403000 |  4109488000 |  4109033000 |  4109578000 |  4109340000 |  4109714000 |  4109634000 |  4110249000 |  4110180000 |  4110330000 |  4110080000 |   4110172000 |   4110172000 |   4110180000 |   4110208000 |   4109801000 |   4109666000 |   4109694000 |   4109654000 |   4110210000 |   4109755000 |   4109571000 |   4110058000 |   4110386000 |   4110215000 |   4110626000 |   4110668000 |   4110309000 |   4110480000 |   4110325000 |   4109981000 |   4109994000 |   4109193000 |   4109784000 |   4110228000 |   4109642000 |   4110713000 |   4110036000 |   4109710000 |
|    RETIRED_INSTRUCTIONS    |   PMC0  | 11829690000 | 11831070000 | 11830820000 | 11831260000 | 11829960000 | 11830940000 | 11830730000 | 11831170000 | 11835480000 | 11836810000 | 11836750000 | 11836470000 | 11837090000 | 11836680000 | 11836690000 | 11836230000 | 11827120000 | 11828690000 | 11828430000 | 11828120000 | 11827550000 | 11827950000 | 11828040000 | 11828000000 | 11823080000 | 11824090000 | 11823970000 | 11824390000 | 11823720000 | 11823750000 | 11824090000 | 11823780000 | 11823660000 | 11825970000 | 11825900000 | 11825740000 | 11823330000 | 11825730000 | 11825570000 | 11824910000 | 11843030000 | 11843870000 | 11843860000 | 11843720000 | 11840990000 | 11844100000 | 11843930000 | 11843950000 | 11833810000 | 11836620000 | 11836750000 | 11836480000 | 11834330000 | 11836800000 | 11836320000 | 11836450000 | 11836760000 | 11837380000 | 11837660000 | 11838690000 | 11836950000 | 11837260000 | 11837850000 | 11811680000 | 11836310000 | 11841110000 | 11842720000 | 11842760000 | 11838140000 | 11841110000 | 11840770000 | 11840820000 | 11837990000 | 11841650000 | 11842120000 | 11843320000 | 11837640000 | 11841660000 | 11841890000 | 11841850000 | 11832270000 | 11835890000 | 11836310000 | 11836080000 | 11832020000 | 11835940000 | 11835840000 | 11835820000 | 11834680000 | 11834920000 | 11836380000 | 11835390000 | 11835020000 | 11834970000 | 11835020000 | 11812490000 | 11828700000 | 11835070000 | 11834600000 | 11834480000 |  11830390000 |  11835160000 |  11834480000 |  11834370000 |  11827680000 |  11832710000 |  11833000000 |  11832720000 |  11827990000 |  11832900000 |  11832630000 |  11832560000 |  11841550000 |  11845870000 |  11846620000 |  11846000000 |  11841850000 |  11845660000 |  11845640000 |  11845940000 |  11836610000 |  11840730000 |  11840240000 |  11840190000 |  11836190000 |  11840990000 |  11841690000 |  11819930000 |
|     CPU_CLOCKS_UNHALTED    |   PMC1  |  4476100000 |  4481130000 |  4479545000 |  4481507000 |  4479880000 |  4480023000 |  4480583000 |  4480858000 |  4463189000 |  4462915000 |  4462927000 |  4462974000 |  4463677000 |  4462301000 |  4462184000 |  4462295000 |  4456450000 |  4458709000 |  4457839000 |  4457265000 |  4457899000 |  4457033000 |  4456769000 |  4457150000 |  4445946000 |  4446468000 |  4447058000 |  4446176000 |  4445964000 |  4446091000 |  4446263000 |  4446387000 |  4443509000 |  4444115000 |  4443936000 |  4442556000 |  4443537000 |  4443085000 |  4442586000 |  4442556000 |  4502185000 |  4499309000 |  4499687000 |  4499887000 |  4499754000 |  4499662000 |  4499089000 |  4499224000 |  4490704000 |  4490632000 |  4492587000 |  4490919000 |  4491008000 |  4490798000 |  4490768000 |  4490801000 |  4486807000 |  4487460000 |  4487302000 |  4488937000 |  4487770000 |  4487201000 |  4489314000 |  4488481000 |  4484026000 |  4484056000 |  4487736000 |  4487800000 |  4485362000 |  4483574000 |  4484890000 |  4484993000 |  4490068000 |  4490098000 |  4490242000 |  4492323000 |  4489617000 |  4489964000 |  4489306000 |  4489402000 |  4464684000 |  4464177000 |  4464760000 |  4464234000 |  4464491000 |  4463880000 |  4464196000 |  4464079000 |  4481381000 |  4480474000 |  4481860000 |  4481156000 |  4480980000 |  4480900000 |  4481168000 |  4482019000 |  4496088000 |  4496197000 |  4496308000 |  4495833000 |   4495681000 |   4495870000 |   4495677000 |   4495904000 |   4473651000 |   4473148000 |   4473263000 |   4473293000 |   4471848000 |   4472957000 |   4472896000 |   4472492000 |   4519178000 |   4517349000 |   4518918000 |   4519142000 |   4517701000 |   4518187000 |   4517689000 |   4517262000 |   4501366000 |   4501283000 |   4500904000 |   4501016000 |   4501321000 |   4502377000 |   4501937000 |   4500826000 |
| REQUESTS_TO_L2_GRP1_RD_ANY |   PMC2  |  1074351000 |  1074194000 |  1074214000 |  1074253000 |  1074324000 |  1074173000 |  1074209000 |  1074206000 |  1074342000 |  1074233000 |  1074220000 |  1074234000 |  1074382000 |  1074177000 |  1074245000 |  1074213000 |  1074314000 |  1074206000 |  1074243000 |  1074226000 |  1074388000 |  1074208000 |  1074217000 |  1074166000 |  1074337000 |  1074217000 |  1074194000 |  1074201000 |  1074174000 |  1074186000 |  1074172000 |  1074238000 |  1074668000 |  1074240000 |  1074256000 |  1074253000 |  1074717000 |  1074217000 |  1074250000 |  1074264000 |  1074728000 |  1074240000 |  1074265000 |  1074243000 |  1074655000 |  1074216000 |  1074235000 |  1074263000 |  1074695000 |  1074258000 |  1074260000 |  1074234000 |  1074691000 |  1074241000 |  1074206000 |  1074240000 |  1074577000 |  1074272000 |  1074250000 |  1074244000 |  1074643000 |  1074227000 |  1074253000 |  1074451000 |  1075015000 |  1074225000 |  1074256000 |  1074246000 |  1074765000 |  1074235000 |  1074260000 |  1074255000 |  1074992000 |  1074264000 |  1074228000 |  1074237000 |  1074849000 |  1074241000 |  1074252000 |  1074236000 |  1074963000 |  1074235000 |  1074239000 |  1074239000 |  1074908000 |  1074207000 |  1074260000 |  1074232000 |  1074792000 |  1074221000 |  1074266000 |  1074265000 |  1074247000 |  1074215000 |  1074248000 |  1074483000 |  1075166000 |  1074251000 |  1074237000 |  1074261000 |   1074863000 |   1074252000 |   1074261000 |   1074271000 |   1075176000 |   1074238000 |   1074257000 |   1074258000 |   1074989000 |   1074240000 |   1074242000 |   1074251000 |   1075132000 |   1074252000 |   1074249000 |   1074265000 |   1074872000 |   1074246000 |   1074223000 |   1074240000 |   1075190000 |   1074254000 |   1074261000 |   1074285000 |   1074918000 |   1074264000 |   1074257000 |   1074412000 |
|     L2_PF_HIT_IN_L2_ALL    |   PMC3  |  2295915000 |  2279625000 |  2304444000 |  2316617000 |  2294005000 |  2315366000 |  2315035000 |  2318355000 |  2283426000 |  2321312000 |  2312651000 |  2319191000 |  2280655000 |  2325079000 |  2311598000 |  2311189000 |  2299265000 |  2315516000 |  2323812000 |  2322268000 |  2310270000 |  2316003000 |  2314096000 |  2320173000 |  2289975000 |  2299712000 |  2292965000 |  2312684000 |  2289646000 |  2313285000 |  2287610000 |  2273802000 |  2282762000 |  2310446000 |  2302709000 |  2301266000 |  2289445000 |  2305949000 |  2307462000 |  2283186000 |  2232262000 |  2084159000 |  2271650000 |  2289412000 |  2298005000 |  2285987000 |  2299785000 |  2264522000 |  2275853000 |  2315548000 |  2307736000 |  2289111000 |  2295429000 |  2305239000 |  2314395000 |  2314332000 |  2274023000 |  2256631000 |  2266850000 |  2279708000 |  2278934000 |  2291549000 |  2292385000 |  1582408000 |  2270506000 |  2293251000 |  2281181000 |  2292532000 |  2279772000 |  2289095000 |  2305809000 |  2295952000 |  2250441000 |  2311683000 |  2297469000 |  2261475000 |  2289717000 |  2308287000 |  2292887000 |  2292140000 |  2260697000 |  2294068000 |  2304800000 |  2303366000 |  2283572000 |  2298424000 |  2320039000 |  2305210000 |  2290070000 |  2226730000 |  2314801000 |  2302654000 |  2286892000 |  2326211000 |  2292876000 |  1580800000 |  2234566000 |  2308471000 |  2315782000 |  2300607000 |   2277085000 |   2308698000 |   2312930000 |   2301366000 |   2253882000 |   2303200000 |   2292469000 |   2301234000 |   2279335000 |   2307295000 |   2304200000 |   2301706000 |   2263958000 |   2318216000 |   2314080000 |   2310469000 |   2300486000 |   2276289000 |   2312842000 |   2299385000 |   2047585000 |   2117581000 |   2305144000 |   2262510000 |   2288747000 |   2315430000 |   2158228000 |   1540793000 |
+----------------------------+---------+-------------+-------------+-------------+-------------+-------------+-------------+-------------+-------------+-------------+-------------+-------------+-------------+-------------+-------------+-------------+-------------+-------------+-------------+-------------+-------------+-------------+-------------+-------------+-------------+-------------+-------------+-------------+-------------+-------------+-------------+-------------+-------------+-------------+-------------+-------------+-------------+-------------+-------------+-------------+-------------+-------------+-------------+-------------+-------------+-------------+-------------+-------------+-------------+-------------+-------------+-------------+-------------+-------------+-------------+-------------+-------------+-------------+-------------+-------------+-------------+-------------+-------------+-------------+-------------+-------------+-------------+-------------+-------------+-------------+-------------+-------------+-------------+-------------+-------------+-------------+-------------+-------------+-------------+-------------+-------------+-------------+-------------+-------------+-------------+-------------+-------------+-------------+-------------+-------------+-------------+-------------+-------------+-------------+-------------+-------------+-------------+-------------+-------------+-------------+-------------+--------------+--------------+--------------+--------------+--------------+--------------+--------------+--------------+--------------+--------------+--------------+--------------+--------------+--------------+--------------+--------------+--------------+--------------+--------------+--------------+--------------+--------------+--------------+--------------+--------------+--------------+--------------+--------------+
+---------------------------------+---------+---------------+-------------+-------------+--------------+
|              Event              | Counter |      Sum      |     Min     |     Max     |      Avg     |
+---------------------------------+---------+---------------+-------------+-------------+--------------+
|      ACTUAL_CPU_CLOCK STAT      |  FIXC1  |  576693270000 |  4465541000 |  4542634000 | 4.505416e+09 |
|        MAX_CPU_CLOCK STAT       |  FIXC2  |  526077620000 |  4108909000 |  4111168000 | 4.109981e+09 |
|    RETIRED_INSTRUCTIONS STAT    |   PMC0  | 1514828700000 | 11811680000 | 11846620000 | 1.183460e+10 |
|     CPU_CLOCKS_UNHALTED STAT    |   PMC1  |  573423179000 |  4442556000 |  4519178000 | 4.479869e+09 |
| REQUESTS_TO_L2_GRP1_RD_ANY STAT |   PMC2  |  137518218000 |  1074166000 |  1075190000 | 1.074361e+09 |
|     L2_PF_HIT_IN_L2_ALL STAT    |   PMC3  |  290872659000 |  1540793000 |  2326211000 | 2.272443e+09 |
+---------------------------------+---------+---------------+-------------+-------------+--------------+
+-------------------------------+------------+------------+------------+------------+------------+------------+------------+------------+------------+------------+-------------+-------------+-------------+-------------+-------------+-------------+-------------+-------------+-------------+-------------+-------------+-------------+-------------+-------------+-------------+-------------+-------------+-------------+-------------+-------------+-------------+-------------+-------------+-------------+-------------+-------------+-------------+-------------+-------------+-------------+-------------+-------------+-------------+-------------+-------------+-------------+-------------+-------------+-------------+-------------+-------------+-------------+-------------+-------------+-------------+-------------+-------------+-------------+-------------+-------------+-------------+-------------+-------------+-------------+-------------+-------------+-------------+-------------+-------------+-------------+-------------+-------------+-------------+-------------+-------------+-------------+-------------+-------------+-------------+-------------+-------------+-------------+-------------+-------------+-------------+-------------+-------------+-------------+-------------+-------------+-------------+-------------+-------------+-------------+-------------+-------------+-------------+-------------+-------------+-------------+--------------+--------------+--------------+--------------+--------------+--------------+--------------+--------------+--------------+--------------+--------------+--------------+--------------+--------------+--------------+--------------+--------------+--------------+--------------+--------------+--------------+--------------+--------------+--------------+--------------+--------------+--------------+--------------+
|             Metric            | HWThread 0 | HWThread 1 | HWThread 2 | HWThread 3 | HWThread 4 | HWThread 5 | HWThread 6 | HWThread 7 | HWThread 8 | HWThread 9 | HWThread 10 | HWThread 11 | HWThread 12 | HWThread 13 | HWThread 14 | HWThread 15 | HWThread 16 | HWThread 17 | HWThread 18 | HWThread 19 | HWThread 20 | HWThread 21 | HWThread 22 | HWThread 23 | HWThread 24 | HWThread 25 | HWThread 26 | HWThread 27 | HWThread 28 | HWThread 29 | HWThread 30 | HWThread 31 | HWThread 32 | HWThread 33 | HWThread 34 | HWThread 35 | HWThread 36 | HWThread 37 | HWThread 38 | HWThread 39 | HWThread 40 | HWThread 41 | HWThread 42 | HWThread 43 | HWThread 44 | HWThread 45 | HWThread 46 | HWThread 47 | HWThread 48 | HWThread 49 | HWThread 50 | HWThread 51 | HWThread 52 | HWThread 53 | HWThread 54 | HWThread 55 | HWThread 56 | HWThread 57 | HWThread 58 | HWThread 59 | HWThread 60 | HWThread 61 | HWThread 62 | HWThread 63 | HWThread 64 | HWThread 65 | HWThread 66 | HWThread 67 | HWThread 68 | HWThread 69 | HWThread 70 | HWThread 71 | HWThread 72 | HWThread 73 | HWThread 74 | HWThread 75 | HWThread 76 | HWThread 77 | HWThread 78 | HWThread 79 | HWThread 80 | HWThread 81 | HWThread 82 | HWThread 83 | HWThread 84 | HWThread 85 | HWThread 86 | HWThread 87 | HWThread 88 | HWThread 89 | HWThread 90 | HWThread 91 | HWThread 92 | HWThread 93 | HWThread 94 | HWThread 95 | HWThread 96 | HWThread 97 | HWThread 98 | HWThread 99 | HWThread 100 | HWThread 101 | HWThread 102 | HWThread 103 | HWThread 104 | HWThread 105 | HWThread 106 | HWThread 107 | HWThread 108 | HWThread 109 | HWThread 110 | HWThread 111 | HWThread 112 | HWThread 113 | HWThread 114 | HWThread 115 | HWThread 116 | HWThread 117 | HWThread 118 | HWThread 119 | HWThread 120 | HWThread 121 | HWThread 122 | HWThread 123 | HWThread 124 | HWThread 125 | HWThread 126 | HWThread 127 |
+-------------------------------+------------+------------+------------+------------+------------+------------+------------+------------+------------+------------+-------------+-------------+-------------+-------------+-------------+-------------+-------------+-------------+-------------+-------------+-------------+-------------+-------------+-------------+-------------+-------------+-------------+-------------+-------------+-------------+-------------+-------------+-------------+-------------+-------------+-------------+-------------+-------------+-------------+-------------+-------------+-------------+-------------+-------------+-------------+-------------+-------------+-------------+-------------+-------------+-------------+-------------+-------------+-------------+-------------+-------------+-------------+-------------+-------------+-------------+-------------+-------------+-------------+-------------+-------------+-------------+-------------+-------------+-------------+-------------+-------------+-------------+-------------+-------------+-------------+-------------+-------------+-------------+-------------+-------------+-------------+-------------+-------------+-------------+-------------+-------------+-------------+-------------+-------------+-------------+-------------+-------------+-------------+-------------+-------------+-------------+-------------+-------------+-------------+-------------+--------------+--------------+--------------+--------------+--------------+--------------+--------------+--------------+--------------+--------------+--------------+--------------+--------------+--------------+--------------+--------------+--------------+--------------+--------------+--------------+--------------+--------------+--------------+--------------+--------------+--------------+--------------+--------------+
|      Runtime (RDTSC) [s]      |     1.5238 |     1.5239 |     1.5236 |     1.5240 |     1.5237 |     1.5236 |     1.5239 |     1.5239 |     1.5238 |     1.5237 |      1.5237 |      1.5236 |      1.5240 |      1.5237 |      1.5237 |      1.5237 |      1.5237 |      1.5239 |      1.5237 |      1.5236 |      1.5239 |      1.5236 |      1.5237 |      1.5238 |      1.5236 |      1.5237 |      1.5238 |      1.5236 |      1.5237 |      1.5237 |      1.5237 |      1.5238 |      1.5236 |      1.5238 |      1.5237 |      1.5237 |      1.5237 |      1.5237 |      1.5236 |      1.5237 |      1.5243 |      1.5240 |      1.5236 |      1.5237 |      1.5237 |      1.5237 |      1.5238 |      1.5236 |      1.5237 |      1.5237 |      1.5242 |      1.5237 |      1.5237 |      1.5236 |      1.5237 |      1.5237 |      1.5237 |      1.5236 |      1.5237 |      1.5241 |      1.5238 |      1.5237 |      1.5242 |      1.5242 |      1.5239 |      1.5236 |      1.5248 |      1.5246 |      1.5240 |      1.5236 |      1.5240 |      1.5239 |      1.5237 |      1.5237 |      1.5238 |      1.5246 |      1.5237 |      1.5237 |      1.5236 |      1.5236 |      1.5238 |      1.5236 |      1.5238 |      1.5237 |      1.5237 |      1.5237 |      1.5237 |      1.5236 |      1.5237 |      1.5237 |      1.5240 |      1.5236 |      1.5236 |      1.5236 |      1.5237 |      1.5239 |      1.5237 |      1.5237 |      1.5237 |      1.5237 |       1.5236 |       1.5237 |       1.5237 |       1.5237 |       1.5237 |       1.5237 |       1.5237 |       1.5237 |       1.5238 |       1.5237 |       1.5238 |       1.5236 |       1.5240 |       1.5237 |       1.5240 |       1.5240 |       1.5237 |       1.5239 |       1.5237 |       1.5236 |       1.5236 |       1.5237 |       1.5237 |       1.5237 |       1.5237 |       1.5239 |       1.5240 |       1.5237 |
|      Runtime unhalted [s]     |     1.6712 |     1.6714 |     1.6712 |     1.6714 |     1.6712 |     1.6711 |     1.6714 |     1.6714 |     1.6651 |     1.6652 |      1.6651 |      1.6652 |      1.6654 |      1.6652 |      1.6652 |      1.6652 |      1.6630 |      1.6633 |      1.6630 |      1.6630 |      1.6633 |      1.6630 |      1.6630 |      1.6631 |      1.6592 |      1.6593 |      1.6592 |      1.6592 |      1.6593 |      1.6593 |      1.6592 |      1.6593 |      1.6568 |      1.6568 |      1.6570 |      1.6569 |      1.6570 |      1.6569 |      1.6570 |      1.6569 |      1.6796 |      1.6796 |      1.6794 |      1.6792 |      1.6791 |      1.6793 |      1.6793 |      1.6792 |      1.6761 |      1.6760 |      1.6760 |      1.6759 |      1.6760 |      1.6760 |      1.6759 |      1.6759 |      1.6750 |      1.6753 |      1.6751 |      1.6752 |      1.6752 |      1.6750 |      1.6752 |      1.6753 |      1.6740 |      1.6735 |      1.6739 |      1.6740 |      1.6738 |      1.6735 |      1.6738 |      1.6737 |      1.6754 |      1.6755 |      1.6754 |      1.6757 |      1.6753 |      1.6754 |      1.6753 |      1.6753 |      1.6662 |      1.6661 |      1.6662 |      1.6661 |      1.6662 |      1.6664 |      1.6663 |      1.6661 |      1.6727 |      1.6728 |      1.6729 |      1.6727 |      1.6728 |      1.6728 |      1.6730 |      1.6730 |      1.6775 |      1.6775 |      1.6775 |      1.6775 |       1.6775 |       1.6774 |       1.6775 |       1.6775 |       1.6689 |       1.6688 |       1.6688 |       1.6688 |       1.6691 |       1.6688 |       1.6688 |       1.6692 |       1.6854 |       1.6851 |       1.6854 |       1.6853 |       1.6851 |       1.6853 |       1.6851 |       1.6852 |       1.6798 |       1.6796 |       1.6796 |       1.6799 |       1.6796 |       1.6800 |       1.6799 |       1.6796 |
|          Clock [MHz]          |  2953.7570 |  2953.6447 |  2953.6150 |  2953.7786 |  2953.5593 |  2953.6200 |  2953.7947 |  2953.7260 |  2943.2517 |  2943.4878 |   2943.2592 |   2943.2975 |   2943.5058 |   2943.5000 |   2943.4760 |   2943.4801 |   2939.1005 |   2939.2860 |   2939.1134 |   2939.1729 |   2939.2243 |   2939.1631 |   2939.1315 |   2939.1115 |   2932.4823 |   2932.6551 |   2932.4627 |   2932.4844 |   2932.6769 |   2932.6366 |   2932.4818 |   2932.6085 |   2928.8979 |   2928.7729 |   2928.9839 |   2928.7520 |   2929.0073 |   2928.7183 |   2928.8872 |   2928.7600 |   2967.8418 |   2968.3036 |   2968.0904 |   2968.2366 |   2968.0735 |   2968.2482 |   2968.0574 |   2967.9241 |   2962.4473 |   2962.2250 |   2962.0063 |   2962.1474 |   2962.0428 |   2962.2316 |   2961.9830 |   2962.3119 |   2960.8386 |   2960.9405 |   2961.0799 |   2961.1375 |   2960.7240 |   2961.2734 |   2961.1905 |   2960.7697 |   2958.5314 |   2958.2297 |   2958.1968 |   2958.0837 |   2958.4523 |   2958.2341 |   2958.4693 |   2958.3513 |   2961.6909 |   2961.6669 |   2961.1398 |   2961.2428 |   2961.4596 |   2961.2714 |   2961.4966 |   2961.4711 |   2945.3135 |   2945.1746 |   2945.1157 |   2945.1596 |   2945.1406 |   2945.2624 |   2945.0292 |   2945.1417 |   2957.1046 |   2957.0215 |   2957.2772 |   2957.1907 |   2957.0320 |   2957.0761 |   2957.1408 |   2957.2029 |   2964.7211 |   2964.7519 |   2964.6902 |   2964.9538 |    2964.7570 |    2964.7425 |    2964.7538 |    2964.7284 |    2949.8334 |    2949.8634 |    2949.8820 |    2949.8957 |    2949.9570 |    2949.8153 |    2949.8916 |    2950.1769 |    2978.6802 |    2978.2264 |    2978.4204 |    2978.3251 |    2978.2199 |    2978.4180 |    2978.2182 |    2978.5284 |    2969.0771 |    2969.2774 |    2968.8885 |    2968.9940 |    2968.9314 |    2968.9184 |    2969.2015 |    2968.9531 |
|              CPI              |     0.3784 |     0.3788 |     0.3786 |     0.3788 |     0.3787 |     0.3787 |     0.3787 |     0.3787 |     0.3771 |     0.3770 |      0.3770 |      0.3771 |      0.3771 |      0.3770 |      0.3770 |      0.3770 |      0.3768 |      0.3769 |      0.3769 |      0.3768 |      0.3769 |      0.3768 |      0.3768 |      0.3768 |      0.3760 |      0.3761 |      0.3761 |      0.3760 |      0.3760 |      0.3760 |      0.3760 |      0.3761 |      0.3758 |      0.3758 |      0.3758 |      0.3757 |      0.3758 |      0.3757 |      0.3757 |      0.3757 |      0.3802 |      0.3799 |      0.3799 |      0.3799 |      0.3800 |      0.3799 |      0.3799 |      0.3799 |      0.3795 |      0.3794 |      0.3795 |      0.3794 |      0.3795 |      0.3794 |      0.3794 |      0.3794 |      0.3791 |      0.3791 |      0.3791 |      0.3792 |      0.3791 |      0.3791 |      0.3792 |      0.3800 |      0.3788 |      0.3787 |      0.3789 |      0.3789 |      0.3789 |      0.3786 |      0.3788 |      0.3788 |      0.3793 |      0.3792 |      0.3792 |      0.3793 |      0.3793 |      0.3792 |      0.3791 |      0.3791 |      0.3773 |      0.3772 |      0.3772 |      0.3772 |      0.3773 |      0.3771 |      0.3772 |      0.3772 |      0.3787 |      0.3786 |      0.3787 |      0.3786 |      0.3786 |      0.3786 |      0.3786 |      0.3794 |      0.3801 |      0.3799 |      0.3799 |      0.3799 |       0.3800 |       0.3799 |       0.3799 |       0.3799 |       0.3782 |       0.3780 |       0.3780 |       0.3780 |       0.3781 |       0.3780 |       0.3780 |       0.3780 |       0.3816 |       0.3813 |       0.3815 |       0.3815 |       0.3815 |       0.3814 |       0.3814 |       0.3813 |       0.3803 |       0.3802 |       0.3801 |       0.3801 |       0.3803 |       0.3802 |       0.3802 |       0.3808 |
|    L2 bandwidth [MBytes/s]    | 45122.7575 | 45113.5582 | 45123.2221 | 45113.0461 | 45125.7694 | 45120.5818 | 45113.8033 | 45114.0622 | 45123.2087 | 45122.1248 |  45121.4603 |  45123.2329 |  45119.7069 |  45119.8614 |  45122.5400 |  45121.3735 |  45124.8755 |  45113.0556 |  45120.4423 |  45123.8150 |  45121.9426 |  45122.2000 |  45121.1862 |  45115.3132 |  45128.4776 |  45121.6600 |  45116.4004 |  45121.8764 |  45119.7058 |  45120.2394 |  45119.6514 |  45118.2780 |  45142.3519 |  45118.4212 |  45121.1660 |  45120.7735 |  45142.4844 |  45120.6828 |  45123.9050 |  45123.0123 |  45124.3477 |  45113.3586 |  45125.0978 |  45122.4560 |  45140.1467 |  45121.3219 |  45118.2704 |  45124.9545 |  45141.5603 |  45123.2637 |  45108.2195 |  45122.2556 |  45141.5108 |  45123.4973 |  45120.2503 |  45122.4484 |  45136.7815 |  45125.7472 |  45122.9573 |  45109.8266 |  45135.4954 |  45122.0208 |  45107.3928 |  45116.0620 |  45147.9493 |  45123.8322 |  45090.7450 |  45095.9743 |  45135.6729 |  45124.2523 |  45114.3465 |  45114.7286 |  45154.1540 |  45123.4565 |  45118.0060 |  45095.6260 |  45148.2067 |  45120.8025 |  45124.5813 |  45123.8796 |  45149.4393 |  45124.1930 |  45119.0306 |  45122.5841 |  45149.8256 |  45121.1215 |  45120.8010 |  45124.0670 |  45145.5754 |  45121.0285 |  45114.5393 |  45124.5351 |  45123.7790 |  45123.4121 |  45122.7548 |  45125.2513 |  45161.3442 |  45122.9401 |  45122.2039 |  45123.2713 |   45149.6837 |   45123.1894 |   45123.5378 |   45123.7802 |   45159.7191 |   45122.4829 |   45123.2809 |   45123.3526 |   45150.6202 |   45121.8265 |   45119.8673 |   45124.9244 |   45149.9003 |   45122.5971 |   45112.9077 |   45113.2836 |   45147.4542 |   45115.2388 |   45121.1125 |   45124.1069 |   45164.2790 |   45122.9772 |   45123.2120 |   45124.3978 |   45151.0161 |   45115.5507 |   45114.1909 |   45129.7324 |
|    L2 data volume [GBytes]    |    68.7585 |    68.7484 |    68.7497 |    68.7522 |    68.7567 |    68.7471 |    68.7494 |    68.7492 |    68.7579 |    68.7509 |     68.7501 |     68.7510 |     68.7604 |     68.7473 |     68.7517 |     68.7496 |     68.7561 |     68.7492 |     68.7516 |     68.7505 |     68.7608 |     68.7493 |     68.7499 |     68.7466 |     68.7576 |     68.7499 |     68.7484 |     68.7489 |     68.7471 |     68.7479 |     68.7470 |     68.7512 |     68.7788 |     68.7514 |     68.7524 |     68.7522 |     68.7819 |     68.7499 |     68.7520 |     68.7529 |     68.7826 |     68.7514 |     68.7530 |     68.7516 |     68.7779 |     68.7498 |     68.7510 |     68.7528 |     68.7805 |     68.7525 |     68.7526 |     68.7510 |     68.7802 |     68.7514 |     68.7492 |     68.7514 |     68.7729 |     68.7534 |     68.7520 |     68.7516 |     68.7772 |     68.7505 |     68.7522 |     68.7649 |     68.8010 |     68.7504 |     68.7524 |     68.7517 |     68.7850 |     68.7510 |     68.7526 |     68.7523 |     68.7995 |     68.7529 |     68.7506 |     68.7512 |     68.7903 |     68.7514 |     68.7521 |     68.7511 |     68.7976 |     68.7510 |     68.7513 |     68.7513 |     68.7941 |     68.7492 |     68.7526 |     68.7508 |     68.7867 |     68.7501 |     68.7530 |     68.7530 |     68.7518 |     68.7498 |     68.7519 |     68.7669 |     68.8106 |     68.7521 |     68.7512 |     68.7527 |      68.7912 |      68.7521 |      68.7527 |      68.7533 |      68.8113 |      68.7512 |      68.7524 |      68.7525 |      68.7993 |      68.7514 |      68.7515 |      68.7521 |      68.8084 |      68.7521 |      68.7519 |      68.7530 |      68.7918 |      68.7517 |      68.7503 |      68.7514 |      68.8122 |      68.7523 |      68.7527 |      68.7542 |      68.7948 |      68.7529 |      68.7524 |      68.7624 |
| Prefetch bandwidth [MBytes/s] | 96428.4631 | 95738.7540 | 96800.0215 | 97285.8810 | 96357.0959 | 97256.8301 | 97225.0592 | 97365.3206 | 95905.6872 | 97504.4797 |  97140.4277 |  97417.6908 |  95778.3033 |  97662.9012 |  97096.2613 |  97079.4639 |  96577.0222 |  97243.9198 |  97604.9415 |  97548.9250 |  97026.2795 |  97283.9065 |  97200.8044 |  97448.0030 |  96192.4290 |  96597.6362 |  96305.0687 |  97144.4278 |  96174.5060 |  97167.5046 |  96089.0487 |  95500.2809 |  95889.3776 |  97039.4659 |  96718.9525 |  96657.7723 |  96166.0001 |  96857.5188 |  96925.0138 |  95902.1525 |  93725.4512 |  87525.5179 |  95421.9195 |  96164.3615 |  96526.1250 |  96020.4979 |  96591.8273 |  95122.3791 |  95595.0808 |  97262.5599 |  96901.9250 |  96152.0969 |  96417.6055 |  96831.5731 |  97212.3427 |  97211.3553 |  95518.5895 |  94791.7847 |  95217.1057 |  95729.8644 |  95716.2659 |  96254.6293 |  96256.1992 |  66445.1123 |  95355.5903 |  96330.1667 |  95750.1292 |  96238.6307 |  95740.9696 |  96155.5900 |  96834.1614 |  96421.4748 |  94527.9216 |  97100.0865 |  96494.6177 |  94934.9453 |  96177.8039 |  96953.8137 |  96314.0547 |  96282.6134 |  94951.3629 |  96364.3591 |  96803.7297 |  96751.1197 |  95917.8623 |  96543.2813 |  97445.7003 |  96832.3886 |  96192.1263 |  93530.4259 |  97211.6596 |  96723.0536 |  96060.9703 |  97714.6825 |  96310.0528 |  66389.1353 |  93860.8589 |  96965.2331 |  97272.0058 |  96634.7226 |   95649.0897 |   96975.2135 |   97152.9119 |   96666.7940 |   94667.9224 |   96744.0200 |   96293.2732 |   96661.5032 |   95734.3646 |   96914.4369 |   96780.0534 |   96685.3269 |   95074.3517 |   97373.7322 |   97179.4039 |   97027.1239 |   96626.4693 |   95597.5836 |   97147.4303 |   96587.0704 |   86010.5658 |   88946.8964 |   96825.1677 |   95034.7453 |   96136.8705 |   97240.4357 |   90636.3283 |   64719.6566 |
| Prefetch data volume [GBytes] |   146.9386 |   145.8960 |   147.4844 |   148.2635 |   146.8163 |   148.1834 |   148.1622 |   148.3747 |   146.1393 |   148.5640 |    148.0097 |    148.4282 |    145.9619 |    148.8051 |    147.9423 |    147.9161 |    147.1530 |    148.1930 |    148.7240 |    148.6252 |    147.8573 |    148.2242 |    148.1021 |    148.4911 |    146.5584 |    147.1816 |    146.7498 |    148.0118 |    146.5373 |    148.0502 |    146.4070 |    145.5233 |    146.0968 |    147.8685 |    147.3734 |    147.2810 |    146.5245 |    147.5807 |    147.6776 |    146.1239 |    142.8648 |    133.3862 |    145.3856 |    146.5224 |    147.0723 |    146.3032 |    147.1862 |    144.9294 |    145.6546 |    148.1951 |    147.6951 |    146.5031 |    146.9075 |    147.5353 |    148.1213 |    148.1172 |    145.5375 |    144.4244 |    145.0784 |    145.9013 |    145.8518 |    146.6591 |    146.7126 |    101.2741 |    145.3124 |    146.7681 |    145.9956 |    146.7220 |    145.9054 |    146.5021 |    147.5718 |    146.9409 |    144.0282 |    147.9477 |    147.0380 |    144.7344 |    146.5419 |    147.7304 |    146.7448 |    146.6970 |    144.6846 |    146.8204 |    147.5072 |    147.4154 |    146.1486 |    147.0991 |    148.4825 |    147.5334 |    146.5645 |    142.5107 |    148.1473 |    147.3699 |    146.3611 |    148.8775 |    146.7441 |    101.1712 |    143.0122 |    147.7421 |    148.2100 |    147.2388 |     145.7334 |     147.7567 |     148.0275 |     147.2874 |     144.2484 |     147.4048 |     146.7180 |     147.2790 |     145.8774 |     147.6669 |     147.4688 |     147.3092 |     144.8933 |     148.3658 |     148.1011 |     147.8700 |     147.2311 |     145.6825 |     148.0219 |     147.1606 |     131.0454 |     135.5252 |     147.5292 |     144.8006 |     146.4798 |     148.1875 |     138.1266 |      98.6108 |
+-------------------------------+------------+------------+------------+------------+------------+------------+------------+------------+------------+------------+-------------+-------------+-------------+-------------+-------------+-------------+-------------+-------------+-------------+-------------+-------------+-------------+-------------+-------------+-------------+-------------+-------------+-------------+-------------+-------------+-------------+-------------+-------------+-------------+-------------+-------------+-------------+-------------+-------------+-------------+-------------+-------------+-------------+-------------+-------------+-------------+-------------+-------------+-------------+-------------+-------------+-------------+-------------+-------------+-------------+-------------+-------------+-------------+-------------+-------------+-------------+-------------+-------------+-------------+-------------+-------------+-------------+-------------+-------------+-------------+-------------+-------------+-------------+-------------+-------------+-------------+-------------+-------------+-------------+-------------+-------------+-------------+-------------+-------------+-------------+-------------+-------------+-------------+-------------+-------------+-------------+-------------+-------------+-------------+-------------+-------------+-------------+-------------+-------------+-------------+--------------+--------------+--------------+--------------+--------------+--------------+--------------+--------------+--------------+--------------+--------------+--------------+--------------+--------------+--------------+--------------+--------------+--------------+--------------+--------------+--------------+--------------+--------------+--------------+--------------+--------------+--------------+--------------+
+------------------------------------+--------------+------------+------------+------------+
|               Metric               |      Sum     |     Min    |     Max    |     Avg    |
+------------------------------------+--------------+------------+------------+------------+
|      Runtime (RDTSC) [s] STAT      |     195.0427 |     1.5236 |     1.5248 |     1.5238 |
|      Runtime unhalted [s] STAT     |     213.9665 |     1.6568 |     1.6854 |     1.6716 |
|          Clock [MHz] STAT          |  378184.5122 |  2928.7183 |  2978.6802 |  2954.5665 |
|              CPI STAT              |      48.4528 |     0.3757 |     0.3816 |     0.3785 |
|    L2 bandwidth [MBytes/s] STAT    | 5.775968e+06 | 45090.7450 | 45164.2790 | 45124.7469 |
|    L2 data volume [GBytes] STAT    |    8801.1659 |    68.7466 |    68.8122 |    68.7591 |
| Prefetch bandwidth [MBytes/s] STAT | 1.221709e+07 | 64719.6566 | 97714.6825 | 95446.0298 |
| Prefetch data volume [GBytes] STAT |   18615.8501 |    98.6108 |   148.8775 |   145.4363 |
+------------------------------------+--------------+------------+------------+------------+
