--------------------------------------------------------------------------------
CPU name:	AMD EPYC 9755 128-Core Processor               
CPU type:	AMD K1A (Zen5) architecture
CPU clock:	2.70 GHz
--------------------------------------------------------------------------------
Region bench, Group 1: L2BW
+-------------------+------------+------------+------------+------------+------------+------------+------------+------------+------------+------------+-------------+-------------+-------------+-------------+-------------+-------------+-------------+-------------+-------------+-------------+-------------+-------------+-------------+-------------+-------------+-------------+-------------+-------------+-------------+-------------+-------------+-------------+
|    Region Info    | HWThread 0 | HWThread 1 | HWThread 2 | HWThread 3 | HWThread 4 | HWThread 5 | HWThread 6 | HWThread 7 | HWThread 8 | HWThread 9 | HWThread 10 | HWThread 11 | HWThread 12 | HWThread 13 | HWThread 14 | HWThread 15 | HWThread 16 | HWThread 17 | HWThread 18 | HWThread 19 | HWThread 20 | HWThread 21 | HWThread 22 | HWThread 23 | HWThread 24 | HWThread 25 | HWThread 26 | HWThread 27 | HWThread 28 | HWThread 29 | HWThread 30 | HWThread 31 |
+-------------------+------------+------------+------------+------------+------------+------------+------------+------------+------------+------------+-------------+-------------+-------------+-------------+-------------+-------------+-------------+-------------+-------------+-------------+-------------+-------------+-------------+-------------+-------------+-------------+-------------+-------------+-------------+-------------+-------------+-------------+
| RDTSC Runtime [s] |   1.186419 |   1.186417 |   1.186392 |   1.186462 |   1.186393 |   1.186397 |   1.186412 |   1.186464 |   1.186406 |   1.186391 |    1.186399 |    1.186398 |    1.186407 |    1.186415 |    1.186419 |    1.186401 |    1.186386 |    1.186385 |    1.186393 |    1.186396 |    1.186396 |    1.186397 |    1.186397 |    1.186385 |    1.186392 |    1.186393 |    1.186415 |    1.186402 |    1.186409 |    1.186407 |    1.186432 |    1.186414 |
|     call count    |          1 |          1 |          1 |          1 |          1 |          1 |          1 |          1 |          1 |          1 |           1 |           1 |           1 |           1 |           1 |           1 |           1 |           1 |           1 |           1 |           1 |           1 |           1 |           1 |           1 |           1 |           1 |           1 |           1 |           1 |           1 |           1 |
+-------------------+------------+------------+------------+------------+------------+------------+------------+------------+------------+------------+-------------+-------------+-------------+-------------+-------------+-------------+-------------+-------------+-------------+-------------+-------------+-------------+-------------+-------------+-------------+-------------+-------------+-------------+-------------+-------------+-------------+-------------+
+----------------------------+---------+-------------+-------------+-------------+-------------+-------------+-------------+-------------+-------------+-------------+-------------+-------------+-------------+-------------+-------------+-------------+-------------+-------------+-------------+-------------+-------------+-------------+-------------+-------------+-------------+-------------+-------------+-------------+-------------+-------------+-------------+-------------+-------------+
|            Event           | Counter |  HWThread 0 |  HWThread 1 |  HWThread 2 |  HWThread 3 |  HWThread 4 |  HWThread 5 |  HWThread 6 |  HWThread 7 |  HWThread 8 |  HWThread 9 | HWThread 10 | HWThread 11 | HWThread 12 | HWThread 13 | HWThread 14 | HWThread 15 | HWThread 16 | HWThread 17 | HWThread 18 | HWThread 19 | HWThread 20 | HWThread 21 | HWThread 22 | HWThread 23 | HWThread 24 | HWThread 25 | HWThread 26 | HWThread 27 | HWThread 28 | HWThread 29 | HWThread 30 | HWThread 31 |
+----------------------------+---------+-------------+-------------+-------------+-------------+-------------+-------------+-------------+-------------+-------------+-------------+-------------+-------------+-------------+-------------+-------------+-------------+-------------+-------------+-------------+-------------+-------------+-------------+-------------+-------------+-------------+-------------+-------------+-------------+-------------+-------------+-------------+-------------+
|      ACTUAL_CPU_CLOCK      |  FIXC1  |  4366342000 |  4366411000 |  4366362000 |  4366429000 |  4366309000 |  4366315000 |  4366241000 |  4366381000 |  4344023000 |  4343893000 |  4344024000 |  4344016000 |  4344036000 |  4344044000 |  4344077000 |  4344021000 |  4340542000 |  4340581000 |  4340618000 |  4340513000 |  4340548000 |  4340604000 |  4340523000 |  4340500000 |  4352709000 |  4352909000 |  4352887000 |  4352871000 |  4352849000 |  4352857000 |  4352886000 |  4352852000 |
|        MAX_CPU_CLOCK       |  FIXC2  |  3199521000 |  3199625000 |  3199536000 |  3199659000 |  3199569000 |  3199573000 |  3199525000 |  3199644000 |  3199734000 |  3199544000 |  3199739000 |  3199731000 |  3199743000 |  3199699000 |  3199623000 |  3199737000 |  3199484000 |  3199489000 |  3199480000 |  3199385000 |  3199484000 |  3199467000 |  3199339000 |  3199356000 |  3199568000 |  3199748000 |  3199617000 |  3199601000 |  3199665000 |  3199671000 |  3199618000 |  3199626000 |
|    RETIRED_INSTRUCTIONS    |   PMC0  | 11814350000 | 11815920000 | 11815990000 | 11815920000 | 11815160000 | 11815830000 | 11816060000 | 11815820000 | 11812290000 | 11813290000 | 11813490000 | 11813290000 | 11812440000 | 11813100000 | 11813180000 | 11813230000 | 11811680000 | 11812830000 | 11812630000 | 11812520000 | 11811680000 | 11812330000 | 11812260000 | 11812600000 | 11814680000 | 11815300000 | 11815120000 | 11815300000 | 11814580000 | 11815230000 | 11814810000 | 11815120000 |
|     CPU_CLOCKS_UNHALTED    |   PMC1  |  4349673000 |  4354462000 |  4353883000 |  4354871000 |  4354391000 |  4354778000 |  4354512000 |  4354198000 |  4331175000 |  4331092000 |  4331570000 |  4330799000 |  4330997000 |  4330759000 |  4331450000 |  4330987000 |  4327924000 |  4327958000 |  4328296000 |  4328102000 |  4327966000 |  4327918000 |  4327536000 |  4327942000 |  4340192000 |  4340190000 |  4340312000 |  4340127000 |  4340455000 |  4339985000 |  4340338000 |  4339927000 |
| REQUESTS_TO_L2_GRP1_RD_ANY |   PMC2  |  1074296000 |  1074201000 |  1074211000 |  1074192000 |  1074383000 |  1074195000 |  1074175000 |  1074223000 |  1074336000 |  1074174000 |  1074234000 |  1074256000 |  1074384000 |  1074183000 |  1074179000 |  1074243000 |  1074265000 |  1074177000 |  1074218000 |  1074216000 |  1074367000 |  1074200000 |  1074261000 |  1074153000 |  1074346000 |  1074191000 |  1074202000 |  1074167000 |  1074370000 |  1074224000 |  1074181000 |  1074152000 |
|     L2_PF_HIT_IN_L2_ALL    |   PMC3  |  2266020000 |  2305551000 |  2292207000 |  2293423000 |  2307581000 |  2303056000 |  2311398000 |  2301058000 |  2290645000 |  2306769000 |  2269558000 |  2303872000 |  2281671000 |  2316002000 |  2315521000 |  2316272000 |  2299624000 |  2297572000 |  2307535000 |  2317524000 |  2292494000 |  2307025000 |  2313656000 |  2326203000 |  2204869000 |  2300321000 |  2291363000 |  2296427000 |  2297037000 |  2315048000 |  2303441000 |  2315563000 |
+----------------------------+---------+-------------+-------------+-------------+-------------+-------------+-------------+-------------+-------------+-------------+-------------+-------------+-------------+-------------+-------------+-------------+-------------+-------------+-------------+-------------+-------------+-------------+-------------+-------------+-------------+-------------+-------------+-------------+-------------+-------------+-------------+-------------+-------------+
+---------------------------------+---------+--------------+-------------+-------------+--------------+
|              Event              | Counter |      Sum     |     Min     |     Max     |      Avg     |
+---------------------------------+---------+--------------+-------------+-------------+--------------+
|      ACTUAL_CPU_CLOCK STAT      |  FIXC1  | 139230173000 |  4340500000 |  4366429000 | 4.350943e+09 |
|        MAX_CPU_CLOCK STAT       |  FIXC2  | 102386800000 |  3199339000 |  3199748000 |   3199587500 |
|    RETIRED_INSTRUCTIONS STAT    |   PMC0  | 378048030000 | 11811680000 | 11816060000 | 1.181400e+10 |
|     CPU_CLOCKS_UNHALTED STAT    |   PMC1  | 138824765000 |  4327536000 |  4354871000 | 4.338274e+09 |
| REQUESTS_TO_L2_GRP1_RD_ANY STAT |   PMC2  |  34375555000 |  1074152000 |  1074384000 | 1.074236e+09 |
|     L2_PF_HIT_IN_L2_ALL STAT    |   PMC3  |  73566306000 |  2204869000 |  2326203000 | 2.298947e+09 |
+---------------------------------+---------+--------------+-------------+-------------+--------------+
+-------------------------------+-------------+-------------+-------------+-------------+-------------+-------------+-------------+-------------+-------------+-------------+-------------+-------------+-------------+-------------+-------------+-------------+-------------+-------------+-------------+-------------+-------------+-------------+-------------+-------------+-------------+-------------+-------------+-------------+-------------+-------------+-------------+-------------+
|             Metric            |  HWThread 0 |  HWThread 1 |  HWThread 2 |  HWThread 3 |  HWThread 4 |  HWThread 5 |  HWThread 6 |  HWThread 7 |  HWThread 8 |  HWThread 9 | HWThread 10 | HWThread 11 | HWThread 12 | HWThread 13 | HWThread 14 | HWThread 15 | HWThread 16 | HWThread 17 | HWThread 18 | HWThread 19 | HWThread 20 | HWThread 21 | HWThread 22 | HWThread 23 | HWThread 24 | HWThread 25 | HWThread 26 | HWThread 27 | HWThread 28 | HWThread 29 | HWThread 30 | HWThread 31 |
+-------------------------------+-------------+-------------+-------------+-------------+-------------+-------------+-------------+-------------+-------------+-------------+-------------+-------------+-------------+-------------+-------------+-------------+-------------+-------------+-------------+-------------+-------------+-------------+-------------+-------------+-------------+-------------+-------------+-------------+-------------+-------------+-------------+-------------+
|      Runtime (RDTSC) [s]      |      1.1864 |      1.1864 |      1.1864 |      1.1865 |      1.1864 |      1.1864 |      1.1864 |      1.1865 |      1.1864 |      1.1864 |      1.1864 |      1.1864 |      1.1864 |      1.1864 |      1.1864 |      1.1864 |      1.1864 |      1.1864 |      1.1864 |      1.1864 |      1.1864 |      1.1864 |      1.1864 |      1.1864 |      1.1864 |      1.1864 |      1.1864 |      1.1864 |      1.1864 |      1.1864 |      1.1864 |      1.1864 |
|      Runtime unhalted [s]     |      1.6194 |      1.6194 |      1.6194 |      1.6194 |      1.6194 |      1.6194 |      1.6193 |      1.6194 |      1.6111 |      1.6111 |      1.6111 |      1.6111 |      1.6111 |      1.6111 |      1.6111 |      1.6111 |      1.6098 |      1.6098 |      1.6098 |      1.6098 |      1.6098 |      1.6098 |      1.6098 |      1.6098 |      1.6143 |      1.6144 |      1.6144 |      1.6144 |      1.6144 |      1.6144 |      1.6144 |      1.6144 |
|          Clock [MHz]          |   3679.6038 |   3679.5423 |   3679.6034 |   3679.5184 |   3679.5208 |   3679.5212 |   3679.5141 |   3679.4952 |   3660.5514 |   3660.6592 |   3660.5465 |   3660.5490 |   3660.5521 |   3660.6092 |   3660.7239 |   3660.5463 |   3657.9039 |   3657.9311 |   3657.9725 |   3657.9927 |   3657.9090 |   3657.9756 |   3658.0537 |   3658.0149 |   3668.0611 |   3668.0233 |   3668.1549 |   3668.1598 |   3668.0679 |   3668.0677 |   3668.1529 |   3668.1151 |
|              CPI              |      0.3682 |      0.3685 |      0.3685 |      0.3686 |      0.3685 |      0.3686 |      0.3685 |      0.3685 |      0.3667 |      0.3666 |      0.3667 |      0.3666 |      0.3666 |      0.3666 |      0.3667 |      0.3666 |      0.3664 |      0.3664 |      0.3664 |      0.3664 |      0.3664 |      0.3664 |      0.3664 |      0.3664 |      0.3674 |      0.3673 |      0.3674 |      0.3673 |      0.3674 |      0.3673 |      0.3674 |      0.3673 |
|    L2 bandwidth [MBytes/s]    |  57951.6545 |  57946.6275 |  57948.3881 |  57943.9443 |  57957.6178 |  57947.2807 |  57945.4692 |  57945.5188 |  57954.4473 |  57946.4409 |  57949.2869 |  57950.5225 |  57956.9878 |  57945.7542 |  57945.3431 |  57949.6747 |  57951.5942 |  57946.8958 |  57948.7168 |  57948.4624 |  57956.6081 |  57947.5504 |  57950.8411 |  57945.6011 |  57955.6706 |  57947.2603 |  57946.7792 |  57945.5261 |  57956.1349 |  57948.3567 |  57944.8161 |  57944.1308 |
|    L2 data volume [GBytes]    |     68.7549 |     68.7489 |     68.7495 |     68.7483 |     68.7605 |     68.7485 |     68.7472 |     68.7503 |     68.7575 |     68.7471 |     68.7510 |     68.7524 |     68.7606 |     68.7477 |     68.7475 |     68.7516 |     68.7530 |     68.7473 |     68.7500 |     68.7498 |     68.7595 |     68.7488 |     68.7527 |     68.7458 |     68.7581 |     68.7482 |     68.7489 |     68.7467 |     68.7597 |     68.7503 |     68.7476 |     68.7457 |
| Prefetch bandwidth [MBytes/s] | 122237.8266 | 124370.4903 | 123653.2681 | 123711.5660 | 124482.5146 | 124237.9945 | 124686.4260 | 124123.2031 | 123567.5477 | 124438.9211 | 122430.7438 | 124281.9088 | 123083.3466 | 124934.4690 | 124908.1008 | 124950.5083 | 124054.0060 | 123943.4147 | 124480.0332 | 125018.5739 | 123668.3333 | 124452.1016 | 124809.8099 | 125487.9251 | 118941.8135 | 124090.8738 | 123605.3421 | 123879.8721 | 123912.0472 | 124883.8485 | 124255.0976 | 124910.8928 |
| Prefetch data volume [GBytes] |    145.0253 |    147.5553 |    146.7012 |    146.7791 |    147.6852 |    147.3956 |    147.9295 |    147.2677 |    146.6013 |    147.6332 |    145.2517 |    147.4478 |    146.0269 |    148.2241 |    148.1933 |    148.2414 |    147.1759 |    147.0446 |    147.6822 |    148.3215 |    146.7196 |    147.6496 |    148.0740 |    148.8770 |    141.1116 |    147.2205 |    146.6472 |    146.9713 |    147.0104 |    148.1631 |    147.4202 |    148.1960 |
+-------------------------------+-------------+-------------+-------------+-------------+-------------+-------------+-------------+-------------+-------------+-------------+-------------+-------------+-------------+-------------+-------------+-------------+-------------+-------------+-------------+-------------+-------------+-------------+-------------+-------------+-------------+-------------+-------------+-------------+-------------+-------------+-------------+-------------+
+------------------------------------+--------------+-------------+-------------+-------------+
|               Metric               |      Sum     |     Min     |     Max     |     Avg     |
+------------------------------------+--------------+-------------+-------------+-------------+
|      Runtime (RDTSC) [s] STAT      |      37.9650 |      1.1864 |      1.1865 |      1.1864 |
|      Runtime unhalted [s] STAT     |      51.6374 |      1.6098 |      1.6194 |      1.6137 |
|          Clock [MHz] STAT          |  117329.6129 |   3657.9039 |   3679.6038 |   3666.5504 |
|              CPI STAT              |      11.7510 |      0.3664 |      0.3686 |      0.3672 |
|    L2 bandwidth [MBytes/s] STAT    | 1.854370e+06 |  57943.9443 |  57957.6178 |  57949.0595 |
|    L2 data volume [GBytes] STAT    |    2200.0356 |     68.7457 |     68.7606 |     68.7511 |
| Prefetch bandwidth [MBytes/s] STAT | 3.968493e+06 | 118941.8135 | 125487.9251 | 124015.4006 |
| Prefetch data volume [GBytes] STAT |    4708.2433 |    141.1116 |    148.8770 |    147.1326 |
+------------------------------------+--------------+-------------+-------------+-------------+
