--------------------------------------------------------------------------------
CPU name:	AMD EPYC 9755 128-Core Processor               
CPU type:	AMD K1A (Zen5) architecture
CPU clock:	2.70 GHz
--------------------------------------------------------------------------------
Region bench, Group 1: L2BW
+-------------------+------------+------------+------------+------------+------------+------------+------------+------------+------------+------------+-------------+-------------+-------------+-------------+-------------+-------------+-------------+-------------+-------------+-------------+-------------+-------------+-------------+-------------+-------------+-------------+-------------+-------------+-------------+-------------+-------------+-------------+-------------+-------------+-------------+-------------+-------------+-------------+-------------+-------------+-------------+-------------+-------------+-------------+-------------+-------------+-------------+-------------+-------------+-------------+-------------+-------------+-------------+-------------+-------------+-------------+-------------+-------------+-------------+-------------+-------------+-------------+-------------+-------------+-------------+-------------+-------------+-------------+-------------+-------------+-------------+-------------+-------------+-------------+-------------+-------------+-------------+-------------+-------------+-------------+-------------+-------------+-------------+-------------+-------------+-------------+-------------+-------------+-------------+-------------+-------------+-------------+-------------+-------------+-------------+-------------+-------------+-------------+-------------+-------------+--------------+--------------+--------------+--------------+--------------+--------------+--------------+--------------+--------------+--------------+--------------+--------------+--------------+--------------+--------------+--------------+--------------+--------------+--------------+--------------+--------------+--------------+--------------+--------------+--------------+--------------+--------------+--------------+
|    Region Info    | HWThread 0 | HWThread 1 | HWThread 2 | HWThread 3 | HWThread 4 | HWThread 5 | HWThread 6 | HWThread 7 | HWThread 8 | HWThread 9 | HWThread 10 | HWThread 11 | HWThread 12 | HWThread 13 | HWThread 14 | HWThread 15 | HWThread 16 | HWThread 17 | HWThread 18 | HWThread 19 | HWThread 20 | HWThread 21 | HWThread 22 | HWThread 23 | HWThread 24 | HWThread 25 | HWThread 26 | HWThread 27 | HWThread 28 | HWThread 29 | HWThread 30 | HWThread 31 | HWThread 32 | HWThread 33 | HWThread 34 | HWThread 35 | HWThread 36 | HWThread 37 | HWThread 38 | HWThread 39 | HWThread 40 | HWThread 41 | HWThread 42 | HWThread 43 | HWThread 44 | HWThread 45 | HWThread 46 | HWThread 47 | HWThread 48 | HWThread 49 | HWThread 50 | HWThread 51 | HWThread 52 | HWThread 53 | HWThread 54 | HWThread 55 | HWThread 56 | HWThread 57 | HWThread 58 | HWThread 59 | HWThread 60 | HWThread 61 | HWThread 62 | HWThread 63 | HWThread 64 | HWThread 65 | HWThread 66 | HWThread 67 | HWThread 68 | HWThread 69 | HWThread 70 | HWThread 71 | HWThread 72 | HWThread 73 | HWThread 74 | HWThread 75 | HWThread 76 | HWThread 77 | HWThread 78 | HWThread 79 | HWThread 80 | HWThread 81 | HWThread 82 | HWThread 83 | HWThread 84 | HWThread 85 | HWThread 86 | HWThread 87 | HWThread 88 | HWThread 89 | HWThread 90 | HWThread 91 | HWThread 92 | HWThread 93 | HWThread 94 | HWThread 95 | HWThread 96 | HWThread 97 | HWThread 98 | HWThread 99 | HWThread 100 | HWThread 101 | HWThread 102 | HWThread 103 | HWThread 104 | HWThread 105 | HWThread 106 | HWThread 107 | HWThread 108 | HWThread 109 | HWThread 110 | HWThread 111 | HWThread 112 | HWThread 113 | HWThread 114 | HWThread 115 | HWThread 116 | HWThread 117 | HWThread 118 | HWThread 119 | HWThread 120 | HWThread 121 | HWThread 122 | HWThread 123 | HWThread 124 | HWThread 125 | HWThread 126 | HWThread 127 |
+-------------------+------------+------------+------------+------------+------------+------------+------------+------------+------------+------------+-------------+-------------+-------------+-------------+-------------+-------------+-------------+-------------+-------------+-------------+-------------+-------------+-------------+-------------+-------------+-------------+-------------+-------------+-------------+-------------+-------------+-------------+-------------+-------------+-------------+-------------+-------------+-------------+-------------+-------------+-------------+-------------+-------------+-------------+-------------+-------------+-------------+-------------+-------------+-------------+-------------+-------------+-------------+-------------+-------------+-------------+-------------+-------------+-------------+-------------+-------------+-------------+-------------+-------------+-------------+-------------+-------------+-------------+-------------+-------------+-------------+-------------+-------------+-------------+-------------+-------------+-------------+-------------+-------------+-------------+-------------+-------------+-------------+-------------+-------------+-------------+-------------+-------------+-------------+-------------+-------------+-------------+-------------+-------------+-------------+-------------+-------------+-------------+-------------+-------------+--------------+--------------+--------------+--------------+--------------+--------------+--------------+--------------+--------------+--------------+--------------+--------------+--------------+--------------+--------------+--------------+--------------+--------------+--------------+--------------+--------------+--------------+--------------+--------------+--------------+--------------+--------------+--------------+
| RDTSC Runtime [s] |   2.123613 |   2.123630 |   2.123630 |   2.123918 |   2.123503 |   2.123833 |   2.123609 |   2.123706 |   2.123719 |   2.123505 |    2.123554 |    2.123554 |    2.123722 |    2.123698 |    2.123722 |    2.123628 |    2.123673 |    2.123455 |    2.123673 |    2.123668 |    2.123673 |    2.123451 |    2.123557 |    2.123500 |    2.123563 |    2.123673 |    2.123455 |    2.123455 |    2.123788 |    2.123668 |    2.123670 |    2.123517 |    2.123502 |    2.123569 |    2.123502 |    2.123477 |    2.123653 |    2.123503 |    2.123503 |    2.123449 |    2.123450 |    2.123450 |    2.123569 |    2.123503 |    2.123667 |    2.123518 |    2.123503 |    2.123503 |    2.123794 |    2.123448 |    2.123928 |    2.123794 |    2.123704 |    2.123833 |    2.123932 |    2.123497 |    2.123638 |    2.123555 |    2.123501 |    2.123669 |    2.123706 |    2.123507 |    2.123738 |    2.123706 |    2.123824 |    2.123644 |    2.123670 |    2.123824 |    2.123936 |    2.123796 |    2.123798 |    2.123944 |    2.123505 |    2.123505 |    2.123505 |    2.123504 |    2.123467 |    2.123468 |    2.123501 |    2.123504 |    2.123623 |    2.123469 |    2.123805 |    2.123627 |    2.123668 |    2.123505 |    2.123716 |    2.123645 |    2.123503 |    2.123502 |    2.123502 |    2.123644 |    2.123502 |    2.123644 |    2.123467 |    2.123566 |    2.123452 |    2.123505 |    2.123452 |    2.123451 |     2.123475 |     2.123474 |     2.123503 |     2.123451 |     2.123623 |     2.123797 |     2.123451 |     2.123781 |     2.123570 |     2.123798 |     2.123705 |     2.123623 |     2.123504 |     2.123451 |     2.123506 |     2.123624 |     2.123625 |     2.123504 |     2.123561 |     2.123620 |     2.123473 |     2.123450 |     2.123504 |     2.123504 |     2.123504 |     2.123450 |     2.123451 |     2.123625 |
|     call count    |          1 |          1 |          1 |          1 |          1 |          1 |          1 |          1 |          1 |          1 |           1 |           1 |           1 |           1 |           1 |           1 |           1 |           1 |           1 |           1 |           1 |           1 |           1 |           1 |           1 |           1 |           1 |           1 |           1 |           1 |           1 |           1 |           1 |           1 |           1 |           1 |           1 |           1 |           1 |           1 |           1 |           1 |           1 |           1 |           1 |           1 |           1 |           1 |           1 |           1 |           1 |           1 |           1 |           1 |           1 |           1 |           1 |           1 |           1 |           1 |           1 |           1 |           1 |           1 |           1 |           1 |           1 |           1 |           1 |           1 |           1 |           1 |           1 |           1 |           1 |           1 |           1 |           1 |           1 |           1 |           1 |           1 |           1 |           1 |           1 |           1 |           1 |           1 |           1 |           1 |           1 |           1 |           1 |           1 |           1 |           1 |           1 |           1 |           1 |           1 |            1 |            1 |            1 |            1 |            1 |            1 |            1 |            1 |            1 |            1 |            1 |            1 |            1 |            1 |            1 |            1 |            1 |            1 |            1 |            1 |            1 |            1 |            1 |            1 |            1 |            1 |            1 |            1 |
+-------------------+------------+------------+------------+------------+------------+------------+------------+------------+------------+------------+-------------+-------------+-------------+-------------+-------------+-------------+-------------+-------------+-------------+-------------+-------------+-------------+-------------+-------------+-------------+-------------+-------------+-------------+-------------+-------------+-------------+-------------+-------------+-------------+-------------+-------------+-------------+-------------+-------------+-------------+-------------+-------------+-------------+-------------+-------------+-------------+-------------+-------------+-------------+-------------+-------------+-------------+-------------+-------------+-------------+-------------+-------------+-------------+-------------+-------------+-------------+-------------+-------------+-------------+-------------+-------------+-------------+-------------+-------------+-------------+-------------+-------------+-------------+-------------+-------------+-------------+-------------+-------------+-------------+-------------+-------------+-------------+-------------+-------------+-------------+-------------+-------------+-------------+-------------+-------------+-------------+-------------+-------------+-------------+-------------+-------------+-------------+-------------+-------------+-------------+--------------+--------------+--------------+--------------+--------------+--------------+--------------+--------------+--------------+--------------+--------------+--------------+--------------+--------------+--------------+--------------+--------------+--------------+--------------+--------------+--------------+--------------+--------------+--------------+--------------+--------------+--------------+--------------+
+----------------------------+---------+------------+------------+------------+------------+------------+------------+------------+------------+------------+------------+-------------+-------------+-------------+-------------+-------------+-------------+-------------+-------------+-------------+-------------+-------------+-------------+-------------+-------------+-------------+-------------+-------------+-------------+-------------+-------------+-------------+-------------+-------------+-------------+-------------+-------------+-------------+-------------+-------------+-------------+-------------+-------------+-------------+-------------+-------------+-------------+-------------+-------------+-------------+-------------+-------------+-------------+-------------+-------------+-------------+-------------+-------------+-------------+-------------+-------------+-------------+-------------+-------------+-------------+-------------+-------------+-------------+-------------+-------------+-------------+-------------+-------------+-------------+-------------+-------------+-------------+-------------+-------------+-------------+-------------+-------------+-------------+-------------+-------------+-------------+-------------+-------------+-------------+-------------+-------------+-------------+-------------+-------------+-------------+-------------+-------------+-------------+-------------+-------------+-------------+--------------+--------------+--------------+--------------+--------------+--------------+--------------+--------------+--------------+--------------+--------------+--------------+--------------+--------------+--------------+--------------+--------------+--------------+--------------+--------------+--------------+--------------+--------------+--------------+--------------+--------------+--------------+--------------+
|            Event           | Counter | HWThread 0 | HWThread 1 | HWThread 2 | HWThread 3 | HWThread 4 | HWThread 5 | HWThread 6 | HWThread 7 | HWThread 8 | HWThread 9 | HWThread 10 | HWThread 11 | HWThread 12 | HWThread 13 | HWThread 14 | HWThread 15 | HWThread 16 | HWThread 17 | HWThread 18 | HWThread 19 | HWThread 20 | HWThread 21 | HWThread 22 | HWThread 23 | HWThread 24 | HWThread 25 | HWThread 26 | HWThread 27 | HWThread 28 | HWThread 29 | HWThread 30 | HWThread 31 | HWThread 32 | HWThread 33 | HWThread 34 | HWThread 35 | HWThread 36 | HWThread 37 | HWThread 38 | HWThread 39 | HWThread 40 | HWThread 41 | HWThread 42 | HWThread 43 | HWThread 44 | HWThread 45 | HWThread 46 | HWThread 47 | HWThread 48 | HWThread 49 | HWThread 50 | HWThread 51 | HWThread 52 | HWThread 53 | HWThread 54 | HWThread 55 | HWThread 56 | HWThread 57 | HWThread 58 | HWThread 59 | HWThread 60 | HWThread 61 | HWThread 62 | HWThread 63 | HWThread 64 | HWThread 65 | HWThread 66 | HWThread 67 | HWThread 68 | HWThread 69 | HWThread 70 | HWThread 71 | HWThread 72 | HWThread 73 | HWThread 74 | HWThread 75 | HWThread 76 | HWThread 77 | HWThread 78 | HWThread 79 | HWThread 80 | HWThread 81 | HWThread 82 | HWThread 83 | HWThread 84 | HWThread 85 | HWThread 86 | HWThread 87 | HWThread 88 | HWThread 89 | HWThread 90 | HWThread 91 | HWThread 92 | HWThread 93 | HWThread 94 | HWThread 95 | HWThread 96 | HWThread 97 | HWThread 98 | HWThread 99 | HWThread 100 | HWThread 101 | HWThread 102 | HWThread 103 | HWThread 104 | HWThread 105 | HWThread 106 | HWThread 107 | HWThread 108 | HWThread 109 | HWThread 110 | HWThread 111 | HWThread 112 | HWThread 113 | HWThread 114 | HWThread 115 | HWThread 116 | HWThread 117 | HWThread 118 | HWThread 119 | HWThread 120 | HWThread 121 | HWThread 122 | HWThread 123 | HWThread 124 | HWThread 125 | HWThread 126 | HWThread 127 |
+----------------------------+---------+------------+------------+------------+------------+------------+------------+------------+------------+------------+------------+-------------+-------------+-------------+-------------+-------------+-------------+-------------+-------------+-------------+-------------+-------------+-------------+-------------+-------------+-------------+-------------+-------------+-------------+-------------+-------------+-------------+-------------+-------------+-------------+-------------+-------------+-------------+-------------+-------------+-------------+-------------+-------------+-------------+-------------+-------------+-------------+-------------+-------------+-------------+-------------+-------------+-------------+-------------+-------------+-------------+-------------+-------------+-------------+-------------+-------------+-------------+-------------+-------------+-------------+-------------+-------------+-------------+-------------+-------------+-------------+-------------+-------------+-------------+-------------+-------------+-------------+-------------+-------------+-------------+-------------+-------------+-------------+-------------+-------------+-------------+-------------+-------------+-------------+-------------+-------------+-------------+-------------+-------------+-------------+-------------+-------------+-------------+-------------+-------------+-------------+--------------+--------------+--------------+--------------+--------------+--------------+--------------+--------------+--------------+--------------+--------------+--------------+--------------+--------------+--------------+--------------+--------------+--------------+--------------+--------------+--------------+--------------+--------------+--------------+--------------+--------------+--------------+--------------+
|      ACTUAL_CPU_CLOCK      |  FIXC1  | 5633374000 | 5633151000 | 5633346000 | 5633840000 | 5632531000 | 5633863000 | 5632253000 | 5632881000 | 5551582000 | 5551631000 |  5551664000 |  5551579000 |  5551551000 |  5551607000 |  5551592000 |  5551379000 |  5582353000 |  5581873000 |  5582150000 |  5582527000 |  5582361000 |  5581169000 |  5582497000 |  5581895000 |  5568751000 |  5569171000 |  5568154000 |  5567603000 |  5568804000 |  5568846000 |  5568346000 |  5568237000 |  5489805000 |  5490580000 |  5490424000 |  5490394000 |  5490117000 |  5489651000 |  5490651000 |  5489467000 |  5525554000 |  5526682000 |  5526516000 |  5525791000 |  5526519000 |  5525976000 |  5525558000 |  5525848000 |  5561982000 |  5560633000 |  5562154000 |  5562003000 |  5561708000 |  5561915000 |  5562066000 |  5560826000 |  5586484000 |  5585769000 |  5584738000 |  5586581000 |  5585657000 |  5585658000 |  5586994000 |  5585654000 |  5609556000 |  5608064000 |  5608776000 |  5608552000 |  5608487000 |  5609521000 |  5609379000 |  5609329000 |  5588777000 |  5588441000 |  5590099000 |  5588682000 |  5588581000 |  5588544000 |  5588751000 |  5589836000 |  5595779000 |  5593739000 |  5596261000 |  5595696000 |  5595073000 |  5595378000 |  5596117000 |  5595816000 |  5574326000 |  5574052000 |  5574341000 |  5574739000 |  5574038000 |  5574922000 |  5573996000 |  5575472000 |  5566747000 |  5566874000 |  5565734000 |  5565781000 |   5565806000 |   5565779000 |   5565803000 |   5566647000 |   5582419000 |   5583715000 |   5581628000 |   5583176000 |   5582454000 |   5583725000 |   5582499000 |   5582634000 |   5566257000 |   5566169000 |   5566558000 |   5566957000 |   5566942000 |   5566548000 |   5566728000 |   5566956000 |   5552313000 |   5551665000 |   5552432000 |   5552415000 |   5552617000 |   5552327000 |   5552238000 |   5553330000 |
|        MAX_CPU_CLOCK       |  FIXC2  | 5728885000 | 5729034000 | 5728852000 | 5729591000 | 5728529000 | 5729458000 | 5728302000 | 5728571000 | 5729145000 | 5728752000 |  5728817000 |  5728737000 |  5729131000 |  5729157000 |  5729150000 |  5728911000 |  5728476000 |  5728631000 |  5728418000 |  5728583000 |  5728471000 |  5727860000 |  5728213000 |  5728664000 |  5728956000 |  5729012000 |  5728432000 |  5727999000 |  5728847000 |  5729102000 |  5728369000 |  5728381000 |  5728025000 |  5728091000 |  5728472000 |  5728472000 |  5727565000 |  5727979000 |  5728645000 |  5727819000 |  5728088000 |  5728477000 |  5727370000 |  5728130000 |  5728607000 |  5728116000 |  5727230000 |  5727929000 |  5729095000 |  5727993000 |  5729036000 |  5729102000 |  5728020000 |  5728445000 |  5729191000 |  5727322000 |  5728941000 |  5728130000 |  5727960000 |  5729091000 |  5728474000 |  5728100000 |  5729570000 |  5728481000 |  5729491000 |  5728278000 |  5728902000 |  5728823000 |  5729192000 |  5729414000 |  5729344000 |  5729812000 |  5727313000 |  5727168000 |  5728711000 |  5727841000 |  5727761000 |  5727906000 |  5727896000 |  5728612000 |  5728923000 |  5727333000 |  5729480000 |  5728861000 |  5728407000 |  5728771000 |  5729165000 |  5728964000 |  5728106000 |  5728007000 |  5728088000 |  5728269000 |  5728002000 |  5728332000 |  5727927000 |  5728424000 |  5728489000 |  5728576000 |  5727821000 |  5727861000 |   5727884000 |   5727865000 |   5727870000 |   5728435000 |   5728237000 |   5729342000 |   5727904000 |   5728789000 |   5728240000 |   5729338000 |   5728391000 |   5728290000 |   5727308000 |   5727865000 |   5728425000 |   5728187000 |   5728557000 |   5728041000 |   5728523000 |   5728707000 |   5728406000 |   5727900000 |   5728500000 |   5728493000 |   5728603000 |   5728423000 |   5728641000 |   5728897000 |
|    RETIRED_INSTRUCTIONS    |   PMC0  | 7584182000 | 7584606000 | 7581965000 | 7582439000 | 7584474000 | 7581858000 | 7587412000 | 7584873000 | 7547528000 | 7547017000 |  7559230000 |  7546279000 |  7547031000 |  7545075000 |  7548507000 |  7549212000 |  7550743000 |  7548893000 |  7555522000 |  7550267000 |  7552718000 |  7548310000 |  7555211000 |  7552094000 |  7550980000 |  7549408000 |  7561623000 |  7548365000 |  7555065000 |  7548298000 |  7558794000 |  7551737000 |  7522266000 |  7524193000 |  7530232000 |  7523990000 |  7523260000 |  7521475000 |  7525212000 |  7521952000 |  7535408000 |  7536850000 |  7537516000 |  7533064000 |  7538716000 |  7533138000 |  7540491000 |  7535145000 |  7553379000 |  7551982000 |  7554080000 |  7551389000 |  7554267000 |  7553324000 |  7558284000 |  7552895000 |  7572751000 |  7570228000 |  7576293000 |  7572872000 |  7572004000 |  7570884000 |  7574650000 |  7547088000 |  7577665000 |  7577281000 |  7580453000 |  7576268000 |  7580859000 |  7575752000 |  7586309000 |  7575797000 |  7553677000 |  7552691000 |  7553327000 |  7551474000 |  7558205000 |  7550920000 |  7557204000 |  7552820000 |  7572850000 |  7573102000 |  7575387000 |  7572177000 |  7573246000 |  7570898000 |  7579541000 |  7572636000 |  7548947000 |  7549802000 |  7553051000 |  7548331000 |  7557666000 |  7549323000 |  7555041000 |  7522497000 |  7551892000 |  7550612000 |  7546906000 |  7547695000 |   7551563000 |   7547294000 |   7555204000 |   7548405000 |   7573240000 |   7571358000 |   7574509000 |   7571536000 |   7574628000 |   7572993000 |   7578162000 |   7572385000 |   7546675000 |   7544925000 |   7547771000 |   7544468000 |   7544314000 |   7543384000 |   7552250000 |   7544194000 |   7545260000 |   7543665000 |   7543677000 |   7542440000 |   7549365000 |   7542624000 |   7549766000 |   7517219000 |
|     CPU_CLOCKS_UNHALTED    |   PMC1  | 5598063000 | 5602393000 | 5602296000 | 5603707000 | 5601535000 | 5603455000 | 5602546000 | 5602913000 | 5520582000 | 5519647000 |  5520489000 |  5520515000 |  5520966000 |  5521022000 |  5521235000 |  5520319000 |  5551803000 |  5551412000 |  5551599000 |  5552397000 |  5552120000 |  5551649000 |  5551697000 |  5551415000 |  5536817000 |  5537610000 |  5536668000 |  5536734000 |  5537519000 |  5537635000 |  5537170000 |  5536342000 |  5459440000 |  5460214000 |  5459703000 |  5458749000 |  5460554000 |  5460066000 |  5458504000 |  5459184000 |  5494348000 |  5494520000 |  5495057000 |  5495040000 |  5495254000 |  5495085000 |  5493844000 |  5494627000 |  5533629000 |  5528053000 |  5534158000 |  5533494000 |  5533020000 |  5533633000 |  5534145000 |  5532206000 |  5551343000 |  5552207000 |  5551815000 |  5552280000 |  5552590000 |  5552042000 |  5552530000 |  5551797000 |  5575191000 |  5575679000 |  5575805000 |  5576620000 |  5576932000 |  5576231000 |  5576081000 |  5577000000 |  5555151000 |  5554223000 |  5555445000 |  5555223000 |  5555352000 |  5554952000 |  5555470000 |  5555202000 |  5561851000 |  5561513000 |  5562718000 |  5562235000 |  5561474000 |  5561560000 |  5562148000 |  5561728000 |  5538678000 |  5538692000 |  5538607000 |  5538445000 |  5538744000 |  5539476000 |  5538582000 |  5539137000 |  5534048000 |  5534493000 |  5534551000 |  5534179000 |   5534251000 |   5534305000 |   5532835000 |   5534254000 |   5550217000 |   5550792000 |   5549929000 |   5550923000 |   5549993000 |   5551049000 |   5550227000 |   5550115000 |   5534475000 |   5534466000 |   5534641000 |   5535410000 |   5535202000 |   5534797000 |   5534850000 |   5534444000 |   5518265000 |   5518326000 |   5517888000 |   5518705000 |   5517693000 |   5518004000 |   5517484000 |   5518039000 |
| REQUESTS_TO_L2_GRP1_RD_ANY |   PMC2  | 2148128000 | 2148116000 | 2148238000 | 2148297000 | 2148033000 | 2148096000 | 2148151000 | 2148081000 | 2148030000 | 2148079000 |  2148103000 |  2148140000 |  2148109000 |  2148090000 |  2148124000 |  2148095000 |  2148121000 |  2148137000 |  2148108000 |  2148151000 |  2148066000 |  2148108000 |  2148118000 |  2148056000 |  2148013000 |  2148061000 |  2148076000 |  2148161000 |  2148081000 |  2148057000 |  2148109000 |  2148079000 |  2148100000 |  2148099000 |  2148045000 |  2148541000 |  2148057000 |  2148113000 |  2148094000 |  2148112000 |  2148047000 |  2148127000 |  2148114000 |  2148148000 |  2148081000 |  2148104000 |  2148108000 |  2148076000 |  2148042000 |  2148090000 |  2148101000 |  2148138000 |  2148117000 |  2148040000 |  2148138000 |  2148095000 |  2148093000 |  2148169000 |  2148150000 |  2148208000 |  2148144000 |  2148043000 |  2148260000 |  2154054000 |  2148001000 |  2148011000 |  2148027000 |  2148081000 |  2148072000 |  2148083000 |  2148036000 |  2148051000 |  2147993000 |  2148049000 |  2148055000 |  2148132000 |  2148073000 |  2148106000 |  2148112000 |  2148037000 |  2148049000 |  2148046000 |  2148028000 |  2148076000 |  2148066000 |  2148108000 |  2148112000 |  2148080000 |  2148149000 |  2148216000 |  2148184000 |  2148190000 |  2148115000 |  2148129000 |  2148096000 |  2153512000 |  2148044000 |  2148053000 |  2148136000 |  2148098000 |   2148058000 |   2148082000 |   2148079000 |   2148051000 |   2148050000 |   2148120000 |   2148079000 |   2148092000 |   2148062000 |   2148178000 |   2148026000 |   2148109000 |   2148051000 |   2148151000 |   2148128000 |   2148166000 |   2148141000 |   2148051000 |   2148095000 |   2148233000 |   2148132000 |   2148210000 |   2148166000 |   2148154000 |   2148124000 |   2148288000 |   2148160000 |   2157088000 |
|     L2_PF_HIT_IN_L2_ALL    |   PMC3  | 1223326000 | 1233636000 | 1220751000 | 1239106000 | 1233515000 | 1231831000 | 1223631000 | 1228069000 | 1222683000 | 1230247000 |  1227833000 |  1238915000 |  1230616000 |  1227668000 |  1212690000 |  1226481000 |  1223865000 |  1229761000 |  1225975000 |  1238713000 |  1231507000 |  1229024000 |  1220996000 |  1220066000 |  1220333000 |  1226558000 |  1222858000 |  1237267000 |  1229190000 |  1230097000 |  1219977000 |  1223170000 |  1206346000 |  1221715000 |  1224885000 |  1200923000 |  1222489000 |  1220870000 |  1208616000 |  1217420000 |  1213154000 |  1221256000 |  1217230000 |  1234611000 |  1227480000 |  1226257000 |  1218265000 |  1218774000 |  1218649000 |  1229523000 |  1219965000 |  1237979000 |  1224917000 |  1231902000 |  1223620000 |  1223705000 |  1229017000 |  1238456000 |  1234372000 |  1252248000 |  1238663000 |  1242803000 |  1233753000 |   949958200 |  1218276000 |  1215467000 |  1218646000 |  1226012000 |  1225884000 |  1224967000 |  1214809000 |  1224373000 |  1211570000 |  1222601000 |  1215366000 |  1230343000 |  1224977000 |  1224911000 |  1221504000 |  1217036000 |  1215414000 |  1216282000 |  1223832000 |  1235949000 |  1227119000 |  1223656000 |  1174332000 |  1230688000 |  1224135000 |  1232720000 |  1230852000 |  1241042000 |  1231253000 |  1234284000 |  1226795000 |   952935800 |  1205470000 |  1211127000 |  1219471000 |  1236465000 |   1233356000 |   1218562000 |   1215055000 |   1211955000 |   1221877000 |   1223886000 |   1221213000 |   1236935000 |   1229379000 |   1230187000 |   1197924000 |   1202998000 |   1203733000 |   1211428000 |   1218931000 |   1220446000 |   1225868000 |   1221340000 |   1210929000 |   1219790000 |   1210050000 |   1226667000 |   1217583000 |   1242829000 |   1226886000 |   1232834000 |   1225031000 |    972463900 |
+----------------------------+---------+------------+------------+------------+------------+------------+------------+------------+------------+------------+------------+-------------+-------------+-------------+-------------+-------------+-------------+-------------+-------------+-------------+-------------+-------------+-------------+-------------+-------------+-------------+-------------+-------------+-------------+-------------+-------------+-------------+-------------+-------------+-------------+-------------+-------------+-------------+-------------+-------------+-------------+-------------+-------------+-------------+-------------+-------------+-------------+-------------+-------------+-------------+-------------+-------------+-------------+-------------+-------------+-------------+-------------+-------------+-------------+-------------+-------------+-------------+-------------+-------------+-------------+-------------+-------------+-------------+-------------+-------------+-------------+-------------+-------------+-------------+-------------+-------------+-------------+-------------+-------------+-------------+-------------+-------------+-------------+-------------+-------------+-------------+-------------+-------------+-------------+-------------+-------------+-------------+-------------+-------------+-------------+-------------+-------------+-------------+-------------+-------------+-------------+--------------+--------------+--------------+--------------+--------------+--------------+--------------+--------------+--------------+--------------+--------------+--------------+--------------+--------------+--------------+--------------+--------------+--------------+--------------+--------------+--------------+--------------+--------------+--------------+--------------+--------------+--------------+--------------+
+---------------------------------+---------+--------------+------------+------------+--------------+
|              Event              | Counter |      Sum     |     Min    |     Max    |      Avg     |
+---------------------------------+---------+--------------+------------+------------+--------------+
|      ACTUAL_CPU_CLOCK STAT      |  FIXC1  | 713079909000 | 5489467000 | 5633863000 | 5.570937e+09 |
|        MAX_CPU_CLOCK STAT       |  FIXC2  | 733243733000 | 5727168000 | 5729812000 | 5.728467e+09 |
|    RETIRED_INSTRUCTIONS STAT    |   PMC0  | 967094570000 | 7517219000 | 7587412000 | 7.555426e+09 |
|     CPU_CLOCKS_UNHALTED STAT    |   PMC1  | 708960396000 | 5458504000 | 5603707000 | 5.538753e+09 |
| REQUESTS_TO_L2_GRP1_RD_ANY STAT |   PMC2  | 274977990000 | 2147993000 | 2157088000 | 2.148266e+09 |
|     L2_PF_HIT_IN_L2_ALL STAT    |   PMC3  | 155870875900 |  949958200 | 1252248000 | 1.217741e+09 |
+---------------------------------+---------+--------------+------------+------------+--------------+
+-------------------------------+------------+------------+------------+------------+------------+------------+------------+------------+------------+------------+-------------+-------------+-------------+-------------+-------------+-------------+-------------+-------------+-------------+-------------+-------------+-------------+-------------+-------------+-------------+-------------+-------------+-------------+-------------+-------------+-------------+-------------+-------------+-------------+-------------+-------------+-------------+-------------+-------------+-------------+-------------+-------------+-------------+-------------+-------------+-------------+-------------+-------------+-------------+-------------+-------------+-------------+-------------+-------------+-------------+-------------+-------------+-------------+-------------+-------------+-------------+-------------+-------------+-------------+-------------+-------------+-------------+-------------+-------------+-------------+-------------+-------------+-------------+-------------+-------------+-------------+-------------+-------------+-------------+-------------+-------------+-------------+-------------+-------------+-------------+-------------+-------------+-------------+-------------+-------------+-------------+-------------+-------------+-------------+-------------+-------------+-------------+-------------+-------------+-------------+--------------+--------------+--------------+--------------+--------------+--------------+--------------+--------------+--------------+--------------+--------------+--------------+--------------+--------------+--------------+--------------+--------------+--------------+--------------+--------------+--------------+--------------+--------------+--------------+--------------+--------------+--------------+--------------+
|             Metric            | HWThread 0 | HWThread 1 | HWThread 2 | HWThread 3 | HWThread 4 | HWThread 5 | HWThread 6 | HWThread 7 | HWThread 8 | HWThread 9 | HWThread 10 | HWThread 11 | HWThread 12 | HWThread 13 | HWThread 14 | HWThread 15 | HWThread 16 | HWThread 17 | HWThread 18 | HWThread 19 | HWThread 20 | HWThread 21 | HWThread 22 | HWThread 23 | HWThread 24 | HWThread 25 | HWThread 26 | HWThread 27 | HWThread 28 | HWThread 29 | HWThread 30 | HWThread 31 | HWThread 32 | HWThread 33 | HWThread 34 | HWThread 35 | HWThread 36 | HWThread 37 | HWThread 38 | HWThread 39 | HWThread 40 | HWThread 41 | HWThread 42 | HWThread 43 | HWThread 44 | HWThread 45 | HWThread 46 | HWThread 47 | HWThread 48 | HWThread 49 | HWThread 50 | HWThread 51 | HWThread 52 | HWThread 53 | HWThread 54 | HWThread 55 | HWThread 56 | HWThread 57 | HWThread 58 | HWThread 59 | HWThread 60 | HWThread 61 | HWThread 62 | HWThread 63 | HWThread 64 | HWThread 65 | HWThread 66 | HWThread 67 | HWThread 68 | HWThread 69 | HWThread 70 | HWThread 71 | HWThread 72 | HWThread 73 | HWThread 74 | HWThread 75 | HWThread 76 | HWThread 77 | HWThread 78 | HWThread 79 | HWThread 80 | HWThread 81 | HWThread 82 | HWThread 83 | HWThread 84 | HWThread 85 | HWThread 86 | HWThread 87 | HWThread 88 | HWThread 89 | HWThread 90 | HWThread 91 | HWThread 92 | HWThread 93 | HWThread 94 | HWThread 95 | HWThread 96 | HWThread 97 | HWThread 98 | HWThread 99 | HWThread 100 | HWThread 101 | HWThread 102 | HWThread 103 | HWThread 104 | HWThread 105 | HWThread 106 | HWThread 107 | HWThread 108 | HWThread 109 | HWThread 110 | HWThread 111 | HWThread 112 | HWThread 113 | HWThread 114 | HWThread 115 | HWThread 116 | HWThread 117 | HWThread 118 | HWThread 119 | HWThread 120 | HWThread 121 | HWThread 122 | HWThread 123 | HWThread 124 | HWThread 125 | HWThread 126 | HWThread 127 |
+-------------------------------+------------+------------+------------+------------+------------+------------+------------+------------+------------+------------+-------------+-------------+-------------+-------------+-------------+-------------+-------------+-------------+-------------+-------------+-------------+-------------+-------------+-------------+-------------+-------------+-------------+-------------+-------------+-------------+-------------+-------------+-------------+-------------+-------------+-------------+-------------+-------------+-------------+-------------+-------------+-------------+-------------+-------------+-------------+-------------+-------------+-------------+-------------+-------------+-------------+-------------+-------------+-------------+-------------+-------------+-------------+-------------+-------------+-------------+-------------+-------------+-------------+-------------+-------------+-------------+-------------+-------------+-------------+-------------+-------------+-------------+-------------+-------------+-------------+-------------+-------------+-------------+-------------+-------------+-------------+-------------+-------------+-------------+-------------+-------------+-------------+-------------+-------------+-------------+-------------+-------------+-------------+-------------+-------------+-------------+-------------+-------------+-------------+-------------+--------------+--------------+--------------+--------------+--------------+--------------+--------------+--------------+--------------+--------------+--------------+--------------+--------------+--------------+--------------+--------------+--------------+--------------+--------------+--------------+--------------+--------------+--------------+--------------+--------------+--------------+--------------+--------------+
|      Runtime (RDTSC) [s]      |     2.1236 |     2.1236 |     2.1236 |     2.1239 |     2.1235 |     2.1238 |     2.1236 |     2.1237 |     2.1237 |     2.1235 |      2.1236 |      2.1236 |      2.1237 |      2.1237 |      2.1237 |      2.1236 |      2.1237 |      2.1235 |      2.1237 |      2.1237 |      2.1237 |      2.1235 |      2.1236 |      2.1235 |      2.1236 |      2.1237 |      2.1235 |      2.1235 |      2.1238 |      2.1237 |      2.1237 |      2.1235 |      2.1235 |      2.1236 |      2.1235 |      2.1235 |      2.1237 |      2.1235 |      2.1235 |      2.1234 |      2.1235 |      2.1235 |      2.1236 |      2.1235 |      2.1237 |      2.1235 |      2.1235 |      2.1235 |      2.1238 |      2.1234 |      2.1239 |      2.1238 |      2.1237 |      2.1238 |      2.1239 |      2.1235 |      2.1236 |      2.1236 |      2.1235 |      2.1237 |      2.1237 |      2.1235 |      2.1237 |      2.1237 |      2.1238 |      2.1236 |      2.1237 |      2.1238 |      2.1239 |      2.1238 |      2.1238 |      2.1239 |      2.1235 |      2.1235 |      2.1235 |      2.1235 |      2.1235 |      2.1235 |      2.1235 |      2.1235 |      2.1236 |      2.1235 |      2.1238 |      2.1236 |      2.1237 |      2.1235 |      2.1237 |      2.1236 |      2.1235 |      2.1235 |      2.1235 |      2.1236 |      2.1235 |      2.1236 |      2.1235 |      2.1236 |      2.1235 |      2.1235 |      2.1235 |      2.1235 |       2.1235 |       2.1235 |       2.1235 |       2.1235 |       2.1236 |       2.1238 |       2.1235 |       2.1238 |       2.1236 |       2.1238 |       2.1237 |       2.1236 |       2.1235 |       2.1235 |       2.1235 |       2.1236 |       2.1236 |       2.1235 |       2.1236 |       2.1236 |       2.1235 |       2.1235 |       2.1235 |       2.1235 |       2.1235 |       2.1235 |       2.1235 |       2.1236 |
|      Runtime unhalted [s]     |     2.0893 |     2.0892 |     2.0893 |     2.0895 |     2.0890 |     2.0895 |     2.0889 |     2.0891 |     2.0590 |     2.0590 |      2.0590 |      2.0590 |      2.0590 |      2.0590 |      2.0590 |      2.0589 |      2.0704 |      2.0702 |      2.0703 |      2.0704 |      2.0704 |      2.0699 |      2.0704 |      2.0702 |      2.0653 |      2.0655 |      2.0651 |      2.0649 |      2.0654 |      2.0654 |      2.0652 |      2.0651 |      2.0361 |      2.0363 |      2.0363 |      2.0363 |      2.0362 |      2.0360 |      2.0364 |      2.0359 |      2.0493 |      2.0497 |      2.0497 |      2.0494 |      2.0497 |      2.0495 |      2.0493 |      2.0494 |      2.0628 |      2.0623 |      2.0629 |      2.0628 |      2.0627 |      2.0628 |      2.0629 |      2.0624 |      2.0719 |      2.0717 |      2.0713 |      2.0720 |      2.0716 |      2.0716 |      2.0721 |      2.0716 |      2.0805 |      2.0799 |      2.0802 |      2.0801 |      2.0801 |      2.0805 |      2.0804 |      2.0804 |      2.0728 |      2.0726 |      2.0733 |      2.0727 |      2.0727 |      2.0727 |      2.0728 |      2.0732 |      2.0754 |      2.0746 |      2.0755 |      2.0753 |      2.0751 |      2.0752 |      2.0755 |      2.0754 |      2.0674 |      2.0673 |      2.0674 |      2.0676 |      2.0673 |      2.0676 |      2.0673 |      2.0678 |      2.0646 |      2.0646 |      2.0642 |      2.0642 |       2.0642 |       2.0642 |       2.0642 |       2.0646 |       2.0704 |       2.0709 |       2.0701 |       2.0707 |       2.0704 |       2.0709 |       2.0704 |       2.0705 |       2.0644 |       2.0644 |       2.0645 |       2.0647 |       2.0647 |       2.0645 |       2.0646 |       2.0647 |       2.0592 |       2.0590 |       2.0593 |       2.0593 |       2.0594 |       2.0592 |       2.0592 |       2.0596 |
|          Clock [MHz]          |  2651.3358 |  2651.1619 |  2651.3379 |  2651.2284 |  2651.1038 |  2651.3007 |  2651.0780 |  2651.2491 |  2612.7220 |  2612.9243 |   2612.9101 |   2612.9066 |   2612.7138 |   2612.7282 |   2612.7244 |   2612.7331 |   2627.5104 |   2627.2134 |   2627.4415 |   2627.5432 |   2627.5165 |   2627.2357 |   2627.6988 |   2627.2086 |   2620.8886 |   2621.0607 |   2620.8473 |   2620.7861 |   2620.9634 |   2620.8665 |   2620.9665 |   2620.9097 |   2584.1532 |   2584.4883 |   2584.2429 |   2584.2288 |   2584.5077 |   2584.1015 |   2584.2717 |   2584.0871 |   2600.9524 |   2601.3067 |   2601.7313 |   2601.0448 |   2601.1709 |   2601.1383 |   2601.3439 |   2601.1629 |   2617.6393 |   2617.5079 |   2617.7472 |   2617.6460 |   2618.0016 |   2617.9048 |   2617.6350 |   2617.9054 |   2629.2414 |   2629.2771 |   2628.8698 |   2629.2182 |   2629.0665 |   2629.2386 |   2629.1927 |   2629.0618 |   2639.8466 |   2639.7034 |   2639.7509 |   2639.6819 |   2639.4813 |   2639.8656 |   2639.8311 |   2639.5919 |   2631.0682 |   2630.9767 |   2631.0484 |   2630.7810 |   2630.7702 |   2630.6862 |   2630.7882 |   2630.9701 |   2633.6243 |   2633.3950 |   2633.5951 |   2633.6137 |   2633.5292 |   2633.5054 |   2633.6721 |   2633.6229 |   2623.9017 |   2623.8181 |   2623.9170 |   2624.0215 |   2623.8138 |   2624.0788 |   2623.8284 |   2624.2955 |   2620.1590 |   2620.1790 |   2619.9877 |   2619.9916 |    2619.9928 |    2619.9888 |    2619.9978 |    2620.1367 |    2627.6511 |    2627.7542 |    2627.4315 |    2627.7542 |    2627.6662 |    2627.7608 |    2627.6181 |    2627.7280 |    2620.4686 |    2620.1724 |    2620.0993 |    2620.3960 |    2620.2197 |    2620.2703 |    2620.1345 |    2620.1577 |    2613.4031 |    2613.3289 |    2613.4162 |    2613.4114 |    2613.4563 |    2613.4019 |    2613.2606 |    2613.6578 |
|              CPI              |     0.7381 |     0.7387 |     0.7389 |     0.7390 |     0.7386 |     0.7391 |     0.7384 |     0.7387 |     0.7314 |     0.7314 |      0.7303 |      0.7316 |      0.7315 |      0.7317 |      0.7314 |      0.7312 |      0.7353 |      0.7354 |      0.7348 |      0.7354 |      0.7351 |      0.7355 |      0.7348 |      0.7351 |      0.7333 |      0.7335 |      0.7322 |      0.7335 |      0.7330 |      0.7336 |      0.7325 |      0.7331 |      0.7258 |      0.7257 |      0.7250 |      0.7255 |      0.7258 |      0.7259 |      0.7254 |      0.7258 |      0.7291 |      0.7290 |      0.7290 |      0.7295 |      0.7289 |      0.7295 |      0.7286 |      0.7292 |      0.7326 |      0.7320 |      0.7326 |      0.7328 |      0.7324 |      0.7326 |      0.7322 |      0.7325 |      0.7331 |      0.7334 |      0.7328 |      0.7332 |      0.7333 |      0.7333 |      0.7330 |      0.7356 |      0.7357 |      0.7358 |      0.7356 |      0.7361 |      0.7357 |      0.7361 |      0.7350 |      0.7362 |      0.7354 |      0.7354 |      0.7355 |      0.7356 |      0.7350 |      0.7357 |      0.7351 |      0.7355 |      0.7344 |      0.7344 |      0.7343 |      0.7346 |      0.7344 |      0.7346 |      0.7338 |      0.7345 |      0.7337 |      0.7336 |      0.7333 |      0.7337 |      0.7329 |      0.7338 |      0.7331 |      0.7363 |      0.7328 |      0.7330 |      0.7334 |      0.7332 |       0.7329 |       0.7333 |       0.7323 |       0.7332 |       0.7329 |       0.7331 |       0.7327 |       0.7331 |       0.7327 |       0.7330 |       0.7324 |       0.7329 |       0.7334 |       0.7335 |       0.7333 |       0.7337 |       0.7337 |       0.7337 |       0.7329 |       0.7336 |       0.7314 |       0.7315 |       0.7315 |       0.7317 |       0.7309 |       0.7316 |       0.7308 |       0.7341 |
|    L2 bandwidth [MBytes/s]    | 64738.8163 | 64737.9365 | 64741.6132 | 64734.6122 | 64739.3067 | 64731.1460 | 64739.6314 | 64734.5650 | 64732.6318 | 64740.6321 |  64739.8616 |  64740.9767 |  64734.9210 |  64735.0800 |  64735.3731 |  64737.3645 |  64736.7763 |  64743.9046 |  64736.3846 |  64737.8328 |  64735.1188 |  64743.1525 |  64740.2222 |  64740.0914 |  64736.8748 |  64734.9681 |  64742.0661 |  64744.6280 |  64732.0655 |  64735.0000 |  64736.5061 |  64740.2663 |  64741.3565 |  64739.2837 |  64739.6989 |  64755.4101 |  64735.4573 |  64741.7178 |  64741.1452 |  64743.3341 |  64741.3445 |  64743.7557 |  64739.7358 |  64742.7727 |  64735.7538 |  64740.9892 |  64741.5671 |  64740.6027 |  64730.7074 |  64742.7015 |  64728.4013 |  64733.6003 |  64735.7108 |  64729.4585 |  64729.3943 |  64741.3582 |  64736.9994 |  64741.8202 |  64742.8939 |  64739.5201 |  64736.4635 |  64739.4861 |  64738.9838 |  64914.5673 |  64728.5575 |  64734.3453 |  64734.0349 |  64730.9683 |  64727.2837 |  64731.8820 |  64730.4047 |  64726.4071 |  64738.0402 |  64739.7279 |  64739.9088 |  64742.2600 |  64741.6098 |  64742.5739 |  64741.7486 |  64739.3968 |  64736.1307 |  64740.7351 |  64729.9503 |  64736.8224 |  64735.2712 |  64741.5061 |  64735.1943 |  64736.3943 |  64742.8028 |  64744.8526 |  64743.8882 |  64739.7398 |  64741.8086 |  64737.9015 |  64742.3030 |  64902.5121 |  64741.1931 |  64739.8485 |  64743.9660 |  64742.8511 |   64740.9138 |   64741.6677 |   64740.6931 |   64741.4346 |   64736.1608 |   64732.9665 |   64742.2785 |   64732.6104 |   64738.1381 |   64734.6838 |   64732.9380 |   64737.9389 |   64739.8187 |   64744.4485 |   64742.0784 |   64739.6262 |   64738.8423 |   64739.8187 |   64739.4071 |   64741.7674 |   64743.2051 |   64746.2573 |   64743.2847 |   64742.9230 |   64742.0189 |   64748.6082 |   64744.7198 |   65008.4794 |
|    L2 data volume [GBytes]    |   137.4802 |   137.4794 |   137.4872 |   137.4910 |   137.4741 |   137.4781 |   137.4817 |   137.4772 |   137.4739 |   137.4771 |    137.4786 |    137.4810 |    137.4790 |    137.4778 |    137.4799 |    137.4781 |    137.4797 |    137.4808 |    137.4789 |    137.4817 |    137.4762 |    137.4789 |    137.4796 |    137.4756 |    137.4728 |    137.4759 |    137.4769 |    137.4823 |    137.4772 |    137.4756 |    137.4790 |    137.4771 |    137.4784 |    137.4783 |    137.4749 |    137.5066 |    137.4756 |    137.4792 |    137.4780 |    137.4792 |    137.4750 |    137.4801 |    137.4793 |    137.4815 |    137.4772 |    137.4787 |    137.4789 |    137.4769 |    137.4747 |    137.4778 |    137.4785 |    137.4808 |    137.4795 |    137.4746 |    137.4808 |    137.4781 |    137.4780 |    137.4828 |    137.4816 |    137.4853 |    137.4812 |    137.4748 |    137.4886 |    137.8595 |    137.4721 |    137.4727 |    137.4737 |    137.4772 |    137.4766 |    137.4773 |    137.4743 |    137.4753 |    137.4716 |    137.4751 |    137.4755 |    137.4804 |    137.4767 |    137.4788 |    137.4792 |    137.4744 |    137.4751 |    137.4749 |    137.4738 |    137.4769 |    137.4762 |    137.4789 |    137.4792 |    137.4771 |    137.4815 |    137.4858 |    137.4838 |    137.4842 |    137.4794 |    137.4803 |    137.4781 |    137.8248 |    137.4748 |    137.4754 |    137.4807 |    137.4783 |     137.4757 |     137.4772 |     137.4771 |     137.4753 |     137.4752 |     137.4797 |     137.4771 |     137.4779 |     137.4760 |     137.4834 |     137.4737 |     137.4790 |     137.4753 |     137.4817 |     137.4802 |     137.4826 |     137.4810 |     137.4753 |     137.4781 |     137.4869 |     137.4804 |     137.4854 |     137.4826 |     137.4819 |     137.4799 |     137.4904 |     137.4822 |     138.0536 |
| Prefetch bandwidth [MBytes/s] | 36867.7645 | 37178.1826 | 36789.8664 | 37337.9688 | 37176.7593 | 37120.2369 | 36877.0259 | 37009.0851 | 36846.5470 | 37078.2306 |  37004.6215 |  37338.6125 |  37085.5620 |  36997.1399 |  36545.3482 |  36962.5867 |  36882.9664 |  37064.4558 |  36946.5544 |  37330.5206 |  37113.2693 |  37042.3127 |  36798.5149 |  36771.4735 |  36778.4295 |  36964.1239 |  36856.4024 |  37290.6833 |  37041.4373 |  37070.8642 |  36765.8478 |  36864.7296 |  36357.9333 |  36819.9762 |  36916.6782 |  36194.9162 |  36841.8456 |  36795.6532 |  36426.3314 |  36692.6072 |  36564.0142 |  36808.2055 |  36684.8075 |  37209.7916 |  36992.0143 |  36957.7503 |  36717.1414 |  36732.4821 |  36723.6822 |  37057.4047 |  36761.0201 |  37306.1869 |  36914.1312 |  37122.3764 |  36871.0863 |  36881.2012 |  37038.8400 |  37324.7615 |  37202.6234 |  37738.4009 |  37328.3458 |  37456.6187 |  37179.8178 |  28627.9385 |  36711.9234 |  36630.3806 |  36725.7361 |  36945.0425 |  36939.2373 |  36914.0388 |  36607.8959 |  36893.5678 |  36515.3273 |  36847.7889 |  36629.7343 |  37081.1414 |  36920.0595 |  36918.0529 |  36814.7959 |  36680.0835 |  36629.1456 |  36657.9630 |  36879.6796 |  37247.9423 |  36981.1176 |  36879.5854 |  35389.5003 |  37089.0766 |  36894.0567 |  37152.8164 |  37096.5170 |  37401.1313 |  37108.6027 |  37197.4662 |  36974.8529 |  28719.5647 |  36332.3871 |  36501.9757 |  36754.3717 |  37266.5816 |   37172.4574 |   36726.5943 |   36620.3956 |   36527.8596 |   36823.9221 |   36881.4458 |   36806.8922 |   37274.9544 |   37050.9359 |   37071.3072 |   36100.6524 |   36254.9624 |   36279.1462 |   36511.9760 |   36737.1620 |   36780.7785 |   36944.1648 |   36809.8012 |   36495.0458 |   36761.0778 |   36470.0658 |   36971.2911 |   36696.5694 |   37457.4552 |   36976.9513 |   37157.1622 |   36921.9652 |   29307.2881 |
| Prefetch data volume [GBytes] |    78.2929 |    78.9527 |    78.1281 |    79.3028 |    78.9450 |    78.8372 |    78.3124 |    78.5964 |    78.2517 |    78.7358 |     78.5813 |     79.2906 |     78.7594 |     78.5708 |     77.6122 |     78.4948 |     78.3274 |     78.7047 |     78.4624 |     79.2776 |     78.8164 |     78.6575 |     78.1437 |     78.0842 |     78.1013 |     78.4997 |     78.2629 |     79.1851 |     78.6682 |     78.7262 |     78.0785 |     78.2829 |     77.2061 |     78.1898 |     78.3926 |     76.8591 |     78.2393 |     78.1357 |     77.3514 |     77.9149 |     77.6419 |     78.1604 |     77.9027 |     79.0151 |     78.5587 |     78.4804 |     77.9690 |     78.0015 |     77.9935 |     78.6895 |     78.0778 |     79.2307 |     78.3947 |     78.8417 |     78.3117 |     78.3171 |     78.6571 |     79.2612 |     78.9998 |     80.1439 |     79.2744 |     79.5394 |     78.9602 |     60.7973 |     77.9697 |     77.7899 |     77.9933 |     78.4648 |     78.4566 |     78.3979 |     77.7478 |     78.3599 |     77.5405 |     78.2465 |     77.7834 |     78.7420 |     78.3985 |     78.3943 |     78.1763 |     77.8903 |     77.7865 |     77.8420 |     78.3252 |     79.1007 |     78.5356 |     78.3140 |     75.1572 |     78.7640 |     78.3446 |     78.8941 |     78.7745 |     79.4267 |     78.8002 |     78.9942 |     78.5149 |     60.9879 |     77.1501 |     77.5121 |     78.0461 |     79.1338 |      78.9348 |      77.9880 |      77.7635 |      77.5651 |      78.2001 |      78.3287 |      78.1576 |      79.1638 |      78.6803 |      78.7320 |      76.6671 |      76.9919 |      77.0389 |      77.5314 |      78.0116 |      78.1085 |      78.4556 |      78.1658 |      77.4995 |      78.0666 |      77.4432 |      78.5067 |      77.9253 |      79.5411 |      78.5207 |      78.9014 |      78.4020 |      62.2377 |
+-------------------------------+------------+------------+------------+------------+------------+------------+------------+------------+------------+------------+-------------+-------------+-------------+-------------+-------------+-------------+-------------+-------------+-------------+-------------+-------------+-------------+-------------+-------------+-------------+-------------+-------------+-------------+-------------+-------------+-------------+-------------+-------------+-------------+-------------+-------------+-------------+-------------+-------------+-------------+-------------+-------------+-------------+-------------+-------------+-------------+-------------+-------------+-------------+-------------+-------------+-------------+-------------+-------------+-------------+-------------+-------------+-------------+-------------+-------------+-------------+-------------+-------------+-------------+-------------+-------------+-------------+-------------+-------------+-------------+-------------+-------------+-------------+-------------+-------------+-------------+-------------+-------------+-------------+-------------+-------------+-------------+-------------+-------------+-------------+-------------+-------------+-------------+-------------+-------------+-------------+-------------+-------------+-------------+-------------+-------------+-------------+-------------+-------------+-------------+--------------+--------------+--------------+--------------+--------------+--------------+--------------+--------------+--------------+--------------+--------------+--------------+--------------+--------------+--------------+--------------+--------------+--------------+--------------+--------------+--------------+--------------+--------------+--------------+--------------+--------------+--------------+--------------+
+------------------------------------+--------------+------------+------------+------------+
|               Metric               |      Sum     |     Min    |     Max    |     Avg    |
+------------------------------------+--------------+------------+------------+------------+
|      Runtime (RDTSC) [s] STAT      |     271.8211 |     2.1234 |     2.1239 |     2.1236 |
|      Runtime unhalted [s] STAT     |     264.4671 |     2.0359 |     2.0895 |     2.0661 |
|          Clock [MHz] STAT          |  335634.0271 |  2584.0871 |  2651.3379 |  2622.1408 |
|              CPI STAT              |      93.8342 |     0.7250 |     0.7391 |     0.7331 |
|    L2 bandwidth [MBytes/s] STAT    | 8.287159e+06 | 64726.4071 | 65008.4794 | 64743.4286 |
|    L2 data volume [GBytes] STAT    |   17598.5918 |   137.4716 |   138.0536 |   137.4890 |
| Prefetch bandwidth [MBytes/s] STAT | 4.697564e+06 | 28627.9385 | 37738.4009 | 36699.7197 |
| Prefetch data volume [GBytes] STAT |    9975.7364 |    60.7973 |    80.1439 |    77.9354 |
+------------------------------------+--------------+------------+------------+------------+
