--------------------------------------------------------------------------------
CPU name:	AMD EPYC 9755 128-Core Processor               
CPU type:	AMD K1A (Zen5) architecture
CPU clock:	2.70 GHz
--------------------------------------------------------------------------------
Region bench, Group 1: L2BW
+-------------------+------------+------------+------------+------------+------------+------------+------------+------------+------------+------------+-------------+-------------+-------------+-------------+-------------+-------------+-------------+-------------+-------------+-------------+-------------+-------------+-------------+-------------+-------------+-------------+-------------+-------------+-------------+-------------+-------------+-------------+
|    Region Info    | HWThread 0 | HWThread 1 | HWThread 2 | HWThread 3 | HWThread 4 | HWThread 5 | HWThread 6 | HWThread 7 | HWThread 8 | HWThread 9 | HWThread 10 | HWThread 11 | HWThread 12 | HWThread 13 | HWThread 14 | HWThread 15 | HWThread 16 | HWThread 17 | HWThread 18 | HWThread 19 | HWThread 20 | HWThread 21 | HWThread 22 | HWThread 23 | HWThread 24 | HWThread 25 | HWThread 26 | HWThread 27 | HWThread 28 | HWThread 29 | HWThread 30 | HWThread 31 |
+-------------------+------------+------------+------------+------------+------------+------------+------------+------------+------------+------------+-------------+-------------+-------------+-------------+-------------+-------------+-------------+-------------+-------------+-------------+-------------+-------------+-------------+-------------+-------------+-------------+-------------+-------------+-------------+-------------+-------------+-------------+
| RDTSC Runtime [s] |   1.547972 |   1.548001 |   1.547974 |   1.547975 |   1.548013 |   1.548006 |   1.547986 |   1.548006 |   1.548002 |   1.547966 |    1.548015 |    1.547969 |    1.548000 |    1.547993 |    1.547966 |    1.548014 |    1.547995 |    1.547994 |    1.548015 |    1.547973 |    1.548014 |    1.547998 |    1.547996 |    1.547997 |    1.547965 |    1.547975 |    1.547996 |    1.547979 |    1.547994 |    1.548005 |    1.547964 |    1.547969 |
|     call count    |          1 |          1 |          1 |          1 |          1 |          1 |          1 |          1 |          1 |          1 |           1 |           1 |           1 |           1 |           1 |           1 |           1 |           1 |           1 |           1 |           1 |           1 |           1 |           1 |           1 |           1 |           1 |           1 |           1 |           1 |           1 |           1 |
+-------------------+------------+------------+------------+------------+------------+------------+------------+------------+------------+------------+-------------+-------------+-------------+-------------+-------------+-------------+-------------+-------------+-------------+-------------+-------------+-------------+-------------+-------------+-------------+-------------+-------------+-------------+-------------+-------------+-------------+-------------+
+----------------------------+---------+------------+------------+------------+------------+------------+------------+------------+------------+------------+------------+-------------+-------------+-------------+-------------+-------------+-------------+-------------+-------------+-------------+-------------+-------------+-------------+-------------+-------------+-------------+-------------+-------------+-------------+-------------+-------------+-------------+-------------+
|            Event           | Counter | HWThread 0 | HWThread 1 | HWThread 2 | HWThread 3 | HWThread 4 | HWThread 5 | HWThread 6 | HWThread 7 | HWThread 8 | HWThread 9 | HWThread 10 | HWThread 11 | HWThread 12 | HWThread 13 | HWThread 14 | HWThread 15 | HWThread 16 | HWThread 17 | HWThread 18 | HWThread 19 | HWThread 20 | HWThread 21 | HWThread 22 | HWThread 23 | HWThread 24 | HWThread 25 | HWThread 26 | HWThread 27 | HWThread 28 | HWThread 29 | HWThread 30 | HWThread 31 |
+----------------------------+---------+------------+------------+------------+------------+------------+------------+------------+------------+------------+------------+-------------+-------------+-------------+-------------+-------------+-------------+-------------+-------------+-------------+-------------+-------------+-------------+-------------+-------------+-------------+-------------+-------------+-------------+-------------+-------------+-------------+-------------+
|      ACTUAL_CPU_CLOCK      |  FIXC1  | 5419758000 | 5419858000 | 5419830000 | 5419744000 | 5419872000 | 5419860000 | 5419807000 | 5419878000 | 5406994000 | 5406844000 |  5406961000 |  5406945000 |  5406987000 |  5406974000 |  5406834000 |  5406978000 |  5400658000 |  5400594000 |  5400758000 |  5400545000 |  5400685000 |  5400670000 |  5400559000 |  5400674000 |  5406721000 |  5406694000 |  5406836000 |  5406748000 |  5406733000 |  5406873000 |  5406784000 |  5406721000 |
|        MAX_CPU_CLOCK       |  FIXC2  | 4174555000 | 4174638000 | 4174563000 | 4174547000 | 4174643000 | 4174620000 | 4174566000 | 4174639000 | 4174651000 | 4174468000 |  4174555000 |  4174551000 |  4174637000 |  4174570000 |  4174459000 |  4174643000 |  4174502000 |  4174454000 |  4174544000 |  4174374000 |  4174559000 |  4174557000 |  4174485000 |  4174513000 |  4174476000 |  4174469000 |  4174563000 |  4174460000 |  4174475000 |  4174596000 |  4174469000 |  4174474000 |
|    RETIRED_INSTRUCTIONS    |   PMC0  | 7518733000 | 7520485000 | 7519698000 | 7517217000 | 7523292000 | 7518297000 | 7521761000 | 7520836000 | 7527325000 | 7527463000 |  7524290000 |  7521491000 |  7526763000 |  7523633000 |  7526741000 |  7521917000 |  7521770000 |  7519698000 |  7522494000 |  7521216000 |  7526003000 |  7520633000 |  7525175000 |  7520914000 |  7521429000 |  7521019000 |  7523775000 |  7519357000 |  7519971000 |  7520761000 |  7527095000 |  7519825000 |
|     CPU_CLOCKS_UNHALTED    |   PMC1  | 5396512000 | 5400928000 | 5400596000 | 5400901000 | 5401602000 | 5401221000 | 5400595000 | 5401343000 | 5388573000 | 5387983000 |  5388675000 |  5388685000 |  5388625000 |  5388684000 |  5388146000 |  5388331000 |  5382478000 |  5381952000 |  5381922000 |  5381866000 |  5381845000 |  5382730000 |  5381955000 |  5381950000 |  5388613000 |  5387896000 |  5388150000 |  5388542000 |  5388157000 |  5388117000 |  5388397000 |  5387903000 |
| REQUESTS_TO_L2_GRP1_RD_ANY |   PMC2  | 2148091000 | 2148078000 | 2148143000 | 2148167000 | 2148151000 | 2148222000 | 2148193000 | 2148070000 | 2148011000 | 2148077000 |  2147990000 |  2148166000 |  2148022000 |  2148123000 |  2148072000 |  2148161000 |  2148031000 |  2148062000 |  2148001000 |  2148024000 |  2148070000 |  2148106000 |  2148111000 |  2148009000 |  2148047000 |  2148091000 |  2148021000 |  2148100000 |  2148239000 |  2148034000 |  2148026000 |  2148142000 |
|     L2_PF_HIT_IN_L2_ALL    |   PMC3  | 1204467000 | 1216812000 | 1205945000 | 1217870000 | 1219440000 | 1209767000 | 1210633000 | 1214791000 | 1210066000 | 1217521000 |  1212203000 |  1226327000 |  1217792000 |  1215901000 |  1211278000 |  1208229000 |  1200622000 |  1214015000 |  1213228000 |  1224637000 |  1220321000 |  1219039000 |  1216561000 |  1218497000 |  1207005000 |  1219921000 |  1214092000 |  1226963000 |  1211671000 |  1213660000 |  1216803000 |  1208238000 |
+----------------------------+---------+------------+------------+------------+------------+------------+------------+------------+------------+------------+------------+-------------+-------------+-------------+-------------+-------------+-------------+-------------+-------------+-------------+-------------+-------------+-------------+-------------+-------------+-------------+-------------+-------------+-------------+-------------+-------------+-------------+-------------+
+---------------------------------+---------+--------------+------------+------------+--------------+
|              Event              | Counter |      Sum     |     Min    |     Max    |      Avg     |
+---------------------------------+---------+--------------+------------+------------+--------------+
|      ACTUAL_CPU_CLOCK STAT      |  FIXC1  | 173073377000 | 5400545000 | 5419878000 | 5.408543e+09 |
|        MAX_CPU_CLOCK STAT       |  FIXC2  | 133585275000 | 4174374000 | 4174651000 | 4.174540e+09 |
|    RETIRED_INSTRUCTIONS STAT    |   PMC0  | 240711077000 | 7517217000 | 7527463000 | 7.522221e+09 |
|     CPU_CLOCKS_UNHALTED STAT    |   PMC1  | 172473873000 | 5381845000 | 5401602000 | 5.389809e+09 |
| REQUESTS_TO_L2_GRP1_RD_ANY STAT |   PMC2  |  68738851000 | 2147990000 | 2148239000 | 2.148089e+09 |
|     L2_PF_HIT_IN_L2_ALL STAT    |   PMC3  |  38864315000 | 1200622000 | 1226963000 | 1.214510e+09 |
+---------------------------------+---------+--------------+------------+------------+--------------+
+-------------------------------+------------+------------+------------+------------+------------+------------+------------+------------+------------+------------+-------------+-------------+-------------+-------------+-------------+-------------+-------------+-------------+-------------+-------------+-------------+-------------+-------------+-------------+-------------+-------------+-------------+-------------+-------------+-------------+-------------+-------------+
|             Metric            | HWThread 0 | HWThread 1 | HWThread 2 | HWThread 3 | HWThread 4 | HWThread 5 | HWThread 6 | HWThread 7 | HWThread 8 | HWThread 9 | HWThread 10 | HWThread 11 | HWThread 12 | HWThread 13 | HWThread 14 | HWThread 15 | HWThread 16 | HWThread 17 | HWThread 18 | HWThread 19 | HWThread 20 | HWThread 21 | HWThread 22 | HWThread 23 | HWThread 24 | HWThread 25 | HWThread 26 | HWThread 27 | HWThread 28 | HWThread 29 | HWThread 30 | HWThread 31 |
+-------------------------------+------------+------------+------------+------------+------------+------------+------------+------------+------------+------------+-------------+-------------+-------------+-------------+-------------+-------------+-------------+-------------+-------------+-------------+-------------+-------------+-------------+-------------+-------------+-------------+-------------+-------------+-------------+-------------+-------------+-------------+
|      Runtime (RDTSC) [s]      |     1.5480 |     1.5480 |     1.5480 |     1.5480 |     1.5480 |     1.5480 |     1.5480 |     1.5480 |     1.5480 |     1.5480 |      1.5480 |      1.5480 |      1.5480 |      1.5480 |      1.5480 |      1.5480 |      1.5480 |      1.5480 |      1.5480 |      1.5480 |      1.5480 |      1.5480 |      1.5480 |      1.5480 |      1.5480 |      1.5480 |      1.5480 |      1.5480 |      1.5480 |      1.5480 |      1.5480 |      1.5480 |
|      Runtime unhalted [s]     |     2.0101 |     2.0101 |     2.0101 |     2.0101 |     2.0101 |     2.0101 |     2.0101 |     2.0101 |     2.0053 |     2.0053 |      2.0053 |      2.0053 |      2.0053 |      2.0053 |      2.0053 |      2.0053 |      2.0030 |      2.0030 |      2.0030 |      2.0030 |      2.0030 |      2.0030 |      2.0030 |      2.0030 |      2.0052 |      2.0052 |      2.0053 |      2.0053 |      2.0052 |      2.0053 |      2.0053 |      2.0052 |
|          Clock [MHz]          |  3500.5523 |  3500.5473 |  3500.5921 |  3500.5499 |  3500.5521 |  3500.5637 |  3500.5747 |  3500.5593 |  3492.2279 |  3492.2841 |   3492.2869 |   3492.2799 |   3492.2351 |   3492.2827 |   3492.2851 |   3492.2242 |   3488.2601 |   3488.2589 |   3488.2896 |   3488.2941 |   3488.2299 |   3488.2219 |   3488.2104 |   3488.2613 |   3492.1979 |   3492.1864 |   3492.1994 |   3492.2288 |   3492.2065 |   3492.1957 |   3492.2445 |   3492.1996 |
|              CPI              |     0.7177 |     0.7182 |     0.7182 |     0.7185 |     0.7180 |     0.7184 |     0.7180 |     0.7182 |     0.7159 |     0.7158 |      0.7162 |      0.7164 |      0.7159 |      0.7162 |      0.7159 |      0.7164 |      0.7156 |      0.7157 |      0.7154 |      0.7156 |      0.7151 |      0.7157 |      0.7152 |      0.7156 |      0.7164 |      0.7164 |      0.7161 |      0.7166 |      0.7165 |      0.7164 |      0.7159 |      0.7165 |
|    L2 bandwidth [MBytes/s]    | 88811.5702 | 88809.3690 | 88813.6054 | 88814.5403 | 88811.6986 | 88815.0356 | 88814.9841 | 88808.7514 | 88806.5416 | 88811.3356 |  88804.9276 |  88814.8432 |  88807.1111 |  88811.6884 |  88811.1289 |  88812.0547 |  88807.7701 |  88809.1091 |  88805.3824 |  88808.7428 |  88808.2924 |  88810.6987 |  88811.0202 |  88806.7457 |  88810.1527 |  88811.3981 |  88807.2992 |  88811.5407 |  88816.4269 |  88807.3204 |  88809.3418 |  88813.8509 |
|    L2 data volume [GBytes]    |   137.4778 |   137.4770 |   137.4812 |   137.4827 |   137.4817 |   137.4862 |   137.4844 |   137.4765 |   137.4727 |   137.4769 |    137.4714 |    137.4826 |    137.4734 |    137.4799 |    137.4766 |    137.4823 |    137.4740 |    137.4760 |    137.4721 |    137.4735 |    137.4765 |    137.4788 |    137.4791 |    137.4726 |    137.4750 |    137.4778 |    137.4733 |    137.4784 |    137.4873 |    137.4742 |    137.4737 |    137.4811 |
| Prefetch bandwidth [MBytes/s] | 49797.9860 | 50307.4404 | 49859.0286 | 50352.0276 | 50415.7006 | 50016.0129 | 50052.4630 | 50223.7226 | 50028.5038 | 50337.8911 |  50116.4343 |  50701.8732 |  50347.9897 |  50270.0361 |  50079.7769 |  49952.1684 |  49638.2792 |  50192.0292 |  50158.8111 |  50631.8702 |  50452.0915 |  50399.6103 |  50297.2256 |  50377.2346 |  49903.1438 |  50436.8249 |  50195.1478 |  50727.8406 |  50095.1192 |  50176.9956 |  50308.2707 |  49953.9926 |
| Prefetch data volume [GBytes] |    77.0859 |    77.8760 |    77.1805 |    77.9437 |    78.0442 |    77.4251 |    77.4805 |    77.7466 |    77.4442 |    77.9213 |     77.5810 |     78.4849 |     77.9387 |     77.8177 |     77.5218 |     77.3267 |     76.8398 |     77.6970 |     77.6466 |     78.3768 |     78.1005 |     78.0185 |     77.8599 |     77.9838 |     77.2483 |     78.0749 |     77.7019 |     78.5256 |     77.5469 |     77.6742 |     77.8754 |     77.3272 |
+-------------------------------+------------+------------+------------+------------+------------+------------+------------+------------+------------+------------+-------------+-------------+-------------+-------------+-------------+-------------+-------------+-------------+-------------+-------------+-------------+-------------+-------------+-------------+-------------+-------------+-------------+-------------+-------------+-------------+-------------+-------------+
+------------------------------------+--------------+------------+------------+------------+
|               Metric               |      Sum     |     Min    |     Max    |     Avg    |
+------------------------------------+--------------+------------+------------+------------+
|      Runtime (RDTSC) [s] STAT      |      49.5360 |     1.5480 |     1.5480 |     1.5480 |
|      Runtime unhalted [s] STAT     |      64.1892 |     2.0030 |     2.0101 |     2.0059 |
|          Clock [MHz] STAT          |  111786.2823 |  3488.2104 |  3500.5921 |  3493.3213 |
|              CPI STAT              |      22.9286 |     0.7151 |     0.7185 |     0.7165 |
|    L2 bandwidth [MBytes/s] STAT    | 2.841934e+06 | 88804.9276 | 88816.4269 | 88810.4462 |
|    L2 data volume [GBytes] STAT    |    4399.2867 |   137.4714 |   137.4873 |   137.4777 |
| Prefetch bandwidth [MBytes/s] STAT | 1.606804e+06 | 49638.2792 | 50727.8406 | 50212.6107 |
| Prefetch data volume [GBytes] STAT |    2487.3161 |    76.8398 |    78.5256 |    77.7286 |
+------------------------------------+--------------+------------+------------+------------+
