--------------------------------------------------------------------------------
CPU name:	AMD EPYC 9755 128-Core Processor               
CPU type:	AMD K1A (Zen5) architecture
CPU clock:	2.70 GHz
--------------------------------------------------------------------------------
Region bench, Group 1: L2BW
+-------------------+------------+------------+------------+------------+------------+------------+------------+------------+------------+------------+-------------+-------------+-------------+-------------+-------------+-------------+-------------+-------------+-------------+-------------+-------------+-------------+-------------+-------------+-------------+-------------+-------------+-------------+-------------+-------------+-------------+-------------+-------------+-------------+-------------+-------------+-------------+-------------+-------------+-------------+-------------+-------------+-------------+-------------+-------------+-------------+-------------+-------------+-------------+-------------+-------------+-------------+-------------+-------------+-------------+-------------+-------------+-------------+-------------+-------------+-------------+-------------+-------------+-------------+-------------+-------------+-------------+-------------+-------------+-------------+-------------+-------------+-------------+-------------+-------------+-------------+-------------+-------------+-------------+-------------+-------------+-------------+-------------+-------------+-------------+-------------+-------------+-------------+-------------+-------------+-------------+-------------+-------------+-------------+-------------+-------------+-------------+-------------+-------------+-------------+--------------+--------------+--------------+--------------+--------------+--------------+--------------+--------------+--------------+--------------+--------------+--------------+--------------+--------------+--------------+--------------+--------------+--------------+--------------+--------------+--------------+--------------+--------------+--------------+--------------+--------------+--------------+--------------+
|    Region Info    | HWThread 0 | HWThread 1 | HWThread 2 | HWThread 3 | HWThread 4 | HWThread 5 | HWThread 6 | HWThread 7 | HWThread 8 | HWThread 9 | HWThread 10 | HWThread 11 | HWThread 12 | HWThread 13 | HWThread 14 | HWThread 15 | HWThread 16 | HWThread 17 | HWThread 18 | HWThread 19 | HWThread 20 | HWThread 21 | HWThread 22 | HWThread 23 | HWThread 24 | HWThread 25 | HWThread 26 | HWThread 27 | HWThread 28 | HWThread 29 | HWThread 30 | HWThread 31 | HWThread 32 | HWThread 33 | HWThread 34 | HWThread 35 | HWThread 36 | HWThread 37 | HWThread 38 | HWThread 39 | HWThread 40 | HWThread 41 | HWThread 42 | HWThread 43 | HWThread 44 | HWThread 45 | HWThread 46 | HWThread 47 | HWThread 48 | HWThread 49 | HWThread 50 | HWThread 51 | HWThread 52 | HWThread 53 | HWThread 54 | HWThread 55 | HWThread 56 | HWThread 57 | HWThread 58 | HWThread 59 | HWThread 60 | HWThread 61 | HWThread 62 | HWThread 63 | HWThread 64 | HWThread 65 | HWThread 66 | HWThread 67 | HWThread 68 | HWThread 69 | HWThread 70 | HWThread 71 | HWThread 72 | HWThread 73 | HWThread 74 | HWThread 75 | HWThread 76 | HWThread 77 | HWThread 78 | HWThread 79 | HWThread 80 | HWThread 81 | HWThread 82 | HWThread 83 | HWThread 84 | HWThread 85 | HWThread 86 | HWThread 87 | HWThread 88 | HWThread 89 | HWThread 90 | HWThread 91 | HWThread 92 | HWThread 93 | HWThread 94 | HWThread 95 | HWThread 96 | HWThread 97 | HWThread 98 | HWThread 99 | HWThread 100 | HWThread 101 | HWThread 102 | HWThread 103 | HWThread 104 | HWThread 105 | HWThread 106 | HWThread 107 | HWThread 108 | HWThread 109 | HWThread 110 | HWThread 111 | HWThread 112 | HWThread 113 | HWThread 114 | HWThread 115 | HWThread 116 | HWThread 117 | HWThread 118 | HWThread 119 | HWThread 120 | HWThread 121 | HWThread 122 | HWThread 123 | HWThread 124 | HWThread 125 | HWThread 126 | HWThread 127 |
+-------------------+------------+------------+------------+------------+------------+------------+------------+------------+------------+------------+-------------+-------------+-------------+-------------+-------------+-------------+-------------+-------------+-------------+-------------+-------------+-------------+-------------+-------------+-------------+-------------+-------------+-------------+-------------+-------------+-------------+-------------+-------------+-------------+-------------+-------------+-------------+-------------+-------------+-------------+-------------+-------------+-------------+-------------+-------------+-------------+-------------+-------------+-------------+-------------+-------------+-------------+-------------+-------------+-------------+-------------+-------------+-------------+-------------+-------------+-------------+-------------+-------------+-------------+-------------+-------------+-------------+-------------+-------------+-------------+-------------+-------------+-------------+-------------+-------------+-------------+-------------+-------------+-------------+-------------+-------------+-------------+-------------+-------------+-------------+-------------+-------------+-------------+-------------+-------------+-------------+-------------+-------------+-------------+-------------+-------------+-------------+-------------+-------------+-------------+--------------+--------------+--------------+--------------+--------------+--------------+--------------+--------------+--------------+--------------+--------------+--------------+--------------+--------------+--------------+--------------+--------------+--------------+--------------+--------------+--------------+--------------+--------------+--------------+--------------+--------------+--------------+--------------+
| RDTSC Runtime [s] |   2.173477 |   2.173363 |   2.173363 |   2.173499 |   2.173479 |   2.173739 |   2.173517 |   2.173362 |   2.173400 |   2.173366 |    2.173405 |    2.173409 |    2.173408 |    2.173406 |    2.173409 |    2.173480 |    2.173739 |    2.173362 |    2.173962 |    2.173611 |    2.173601 |    2.173578 |    2.173612 |    2.173621 |    2.173364 |    2.173552 |    2.173541 |    2.173403 |    2.173584 |    2.173694 |    2.173519 |    2.173511 |    2.173364 |    2.173408 |    2.173599 |    2.173463 |    2.173512 |    2.173462 |    2.173456 |    2.173405 |    2.173573 |    2.173635 |    2.173360 |    2.173475 |    2.173636 |    2.173362 |    2.173403 |    2.173407 |    2.173461 |    2.173407 |    2.173407 |    2.173406 |    2.173406 |    2.173400 |    2.173464 |    2.173406 |    2.173628 |    2.173609 |    2.173399 |    2.173610 |    2.173360 |    2.173359 |    2.173483 |    2.173582 |    2.173583 |    2.173422 |    2.173589 |    2.173406 |    2.173407 |    2.173572 |    2.173569 |    2.173359 |    2.173591 |    2.173627 |    2.174394 |    2.174415 |    2.173532 |    2.173474 |    2.173402 |    2.173404 |    2.173363 |    2.173857 |    2.173362 |    2.173402 |    2.173402 |    2.173518 |    2.173712 |    2.173518 |    2.173400 |    2.173362 |    2.173403 |    2.173598 |    2.173582 |    2.173608 |    2.173620 |    2.173636 |    2.173362 |    2.173403 |    2.173476 |    2.173428 |     2.173714 |     2.173362 |     2.173647 |     2.173473 |     2.174363 |     2.173537 |     2.173563 |     2.173583 |     2.173591 |     2.173473 |     2.173537 |     2.173477 |     2.173361 |     2.174398 |     2.173402 |     2.173865 |     2.173402 |     2.173589 |     2.173589 |     2.173474 |     2.174204 |     2.174414 |     2.173482 |     2.173362 |     2.173472 |     2.173562 |     2.173562 |     2.173469 |
|     call count    |          1 |          1 |          1 |          1 |          1 |          1 |          1 |          1 |          1 |          1 |           1 |           1 |           1 |           1 |           1 |           1 |           1 |           1 |           1 |           1 |           1 |           1 |           1 |           1 |           1 |           1 |           1 |           1 |           1 |           1 |           1 |           1 |           1 |           1 |           1 |           1 |           1 |           1 |           1 |           1 |           1 |           1 |           1 |           1 |           1 |           1 |           1 |           1 |           1 |           1 |           1 |           1 |           1 |           1 |           1 |           1 |           1 |           1 |           1 |           1 |           1 |           1 |           1 |           1 |           1 |           1 |           1 |           1 |           1 |           1 |           1 |           1 |           1 |           1 |           1 |           1 |           1 |           1 |           1 |           1 |           1 |           1 |           1 |           1 |           1 |           1 |           1 |           1 |           1 |           1 |           1 |           1 |           1 |           1 |           1 |           1 |           1 |           1 |           1 |           1 |            1 |            1 |            1 |            1 |            1 |            1 |            1 |            1 |            1 |            1 |            1 |            1 |            1 |            1 |            1 |            1 |            1 |            1 |            1 |            1 |            1 |            1 |            1 |            1 |            1 |            1 |            1 |            1 |
+-------------------+------------+------------+------------+------------+------------+------------+------------+------------+------------+------------+-------------+-------------+-------------+-------------+-------------+-------------+-------------+-------------+-------------+-------------+-------------+-------------+-------------+-------------+-------------+-------------+-------------+-------------+-------------+-------------+-------------+-------------+-------------+-------------+-------------+-------------+-------------+-------------+-------------+-------------+-------------+-------------+-------------+-------------+-------------+-------------+-------------+-------------+-------------+-------------+-------------+-------------+-------------+-------------+-------------+-------------+-------------+-------------+-------------+-------------+-------------+-------------+-------------+-------------+-------------+-------------+-------------+-------------+-------------+-------------+-------------+-------------+-------------+-------------+-------------+-------------+-------------+-------------+-------------+-------------+-------------+-------------+-------------+-------------+-------------+-------------+-------------+-------------+-------------+-------------+-------------+-------------+-------------+-------------+-------------+-------------+-------------+-------------+-------------+-------------+--------------+--------------+--------------+--------------+--------------+--------------+--------------+--------------+--------------+--------------+--------------+--------------+--------------+--------------+--------------+--------------+--------------+--------------+--------------+--------------+--------------+--------------+--------------+--------------+--------------+--------------+--------------+--------------+
+----------------------------+---------+------------+------------+------------+------------+------------+------------+------------+------------+------------+------------+-------------+-------------+-------------+-------------+-------------+-------------+-------------+-------------+-------------+-------------+-------------+-------------+-------------+-------------+-------------+-------------+-------------+-------------+-------------+-------------+-------------+-------------+-------------+-------------+-------------+-------------+-------------+-------------+-------------+-------------+-------------+-------------+-------------+-------------+-------------+-------------+-------------+-------------+-------------+-------------+-------------+-------------+-------------+-------------+-------------+-------------+-------------+-------------+-------------+-------------+-------------+-------------+-------------+-------------+-------------+-------------+-------------+-------------+-------------+-------------+-------------+-------------+-------------+-------------+-------------+-------------+-------------+-------------+-------------+-------------+-------------+-------------+-------------+-------------+-------------+-------------+-------------+-------------+-------------+-------------+-------------+-------------+-------------+-------------+-------------+-------------+-------------+-------------+-------------+-------------+--------------+--------------+--------------+--------------+--------------+--------------+--------------+--------------+--------------+--------------+--------------+--------------+--------------+--------------+--------------+--------------+--------------+--------------+--------------+--------------+--------------+--------------+--------------+--------------+--------------+--------------+--------------+--------------+
|            Event           | Counter | HWThread 0 | HWThread 1 | HWThread 2 | HWThread 3 | HWThread 4 | HWThread 5 | HWThread 6 | HWThread 7 | HWThread 8 | HWThread 9 | HWThread 10 | HWThread 11 | HWThread 12 | HWThread 13 | HWThread 14 | HWThread 15 | HWThread 16 | HWThread 17 | HWThread 18 | HWThread 19 | HWThread 20 | HWThread 21 | HWThread 22 | HWThread 23 | HWThread 24 | HWThread 25 | HWThread 26 | HWThread 27 | HWThread 28 | HWThread 29 | HWThread 30 | HWThread 31 | HWThread 32 | HWThread 33 | HWThread 34 | HWThread 35 | HWThread 36 | HWThread 37 | HWThread 38 | HWThread 39 | HWThread 40 | HWThread 41 | HWThread 42 | HWThread 43 | HWThread 44 | HWThread 45 | HWThread 46 | HWThread 47 | HWThread 48 | HWThread 49 | HWThread 50 | HWThread 51 | HWThread 52 | HWThread 53 | HWThread 54 | HWThread 55 | HWThread 56 | HWThread 57 | HWThread 58 | HWThread 59 | HWThread 60 | HWThread 61 | HWThread 62 | HWThread 63 | HWThread 64 | HWThread 65 | HWThread 66 | HWThread 67 | HWThread 68 | HWThread 69 | HWThread 70 | HWThread 71 | HWThread 72 | HWThread 73 | HWThread 74 | HWThread 75 | HWThread 76 | HWThread 77 | HWThread 78 | HWThread 79 | HWThread 80 | HWThread 81 | HWThread 82 | HWThread 83 | HWThread 84 | HWThread 85 | HWThread 86 | HWThread 87 | HWThread 88 | HWThread 89 | HWThread 90 | HWThread 91 | HWThread 92 | HWThread 93 | HWThread 94 | HWThread 95 | HWThread 96 | HWThread 97 | HWThread 98 | HWThread 99 | HWThread 100 | HWThread 101 | HWThread 102 | HWThread 103 | HWThread 104 | HWThread 105 | HWThread 106 | HWThread 107 | HWThread 108 | HWThread 109 | HWThread 110 | HWThread 111 | HWThread 112 | HWThread 113 | HWThread 114 | HWThread 115 | HWThread 116 | HWThread 117 | HWThread 118 | HWThread 119 | HWThread 120 | HWThread 121 | HWThread 122 | HWThread 123 | HWThread 124 | HWThread 125 | HWThread 126 | HWThread 127 |
+----------------------------+---------+------------+------------+------------+------------+------------+------------+------------+------------+------------+------------+-------------+-------------+-------------+-------------+-------------+-------------+-------------+-------------+-------------+-------------+-------------+-------------+-------------+-------------+-------------+-------------+-------------+-------------+-------------+-------------+-------------+-------------+-------------+-------------+-------------+-------------+-------------+-------------+-------------+-------------+-------------+-------------+-------------+-------------+-------------+-------------+-------------+-------------+-------------+-------------+-------------+-------------+-------------+-------------+-------------+-------------+-------------+-------------+-------------+-------------+-------------+-------------+-------------+-------------+-------------+-------------+-------------+-------------+-------------+-------------+-------------+-------------+-------------+-------------+-------------+-------------+-------------+-------------+-------------+-------------+-------------+-------------+-------------+-------------+-------------+-------------+-------------+-------------+-------------+-------------+-------------+-------------+-------------+-------------+-------------+-------------+-------------+-------------+-------------+-------------+--------------+--------------+--------------+--------------+--------------+--------------+--------------+--------------+--------------+--------------+--------------+--------------+--------------+--------------+--------------+--------------+--------------+--------------+--------------+--------------+--------------+--------------+--------------+--------------+--------------+--------------+--------------+--------------+
|      ACTUAL_CPU_CLOCK      |  FIXC1  | 6253564000 | 6252977000 | 6253116000 | 6253937000 | 6253305000 | 6254740000 | 6253685000 | 6252940000 | 6216041000 | 6216285000 |  6216591000 |  6216392000 |  6216282000 |  6216270000 |  6216431000 |  6216926000 |  6257292000 |  6256020000 |  6257425000 |  6256901000 |  6256860000 |  6256842000 |  6256945000 |  6256919000 |  6221139000 |  6221974000 |  6221895000 |  6221258000 |  6221982000 |  6222426000 |  6221928000 |  6221863000 |  6206872000 |  6207247000 |  6207800000 |  6207248000 |  6207388000 |  6207030000 |  6207230000 |  6207031000 |  6219796000 |  6219934000 |  6218819000 |  6220030000 |  6219947000 |  6219344000 |  6219038000 |  6220340000 |  6253238000 |  6253375000 |  6253367000 |  6253362000 |  6253346000 |  6253321000 |  6253187000 |  6253411000 |  6220107000 |  6219348000 |  6219211000 |  6219316000 |  6218400000 |  6219331000 |  6219358000 |  6219955000 |  6236555000 |  6236347000 |  6236854000 |  6235729000 |  6236059000 |  6237209000 |  6236523000 |  6236324000 |  6279067000 |  6279049000 |  6279592000 |  6279657000 |  6278900000 |  6278907000 |  6278232000 |  6278456000 |  6248641000 |  6249908000 |  6248876000 |  6248867000 |  6248739000 |  6249550000 |  6249900000 |  6249277000 |  6226375000 |  6226315000 |  6226662000 |  6227210000 |  6226861000 |  6227219000 |  6227212000 |  6227331000 |  6253771000 |  6253541000 |  6253914000 |  6253514000 |   6254698000 |   6253385000 |   6254109000 |   6254087000 |   6224798000 |   6224140000 |   6224551000 |   6224214000 |   6224309000 |   6223748000 |   6223771000 |   6224524000 |   6280975000 |   6282540000 |   6281256000 |   6282877000 |   6281170000 |   6282606000 |   6281882000 |   6282907000 |   6257023000 |   6257103000 |   6256248000 |   6255810000 |   6256214000 |   6256387000 |   6256410000 |   6256266000 |
|        MAX_CPU_CLOCK       |  FIXC2  | 5863078000 | 5862673000 | 5862935000 | 5862956000 | 5862922000 | 5863991000 | 5863110000 | 5862670000 | 5863022000 | 5863088000 |  5863205000 |  5863156000 |  5863202000 |  5863079000 |  5863196000 |  5863502000 |  5863872000 |  5862903000 |  5864112000 |  5863594000 |  5863531000 |  5863571000 |  5863410000 |  5863379000 |  5862874000 |  5863453000 |  5863679000 |  5862960000 |  5863390000 |  5863796000 |  5863291000 |  5863447000 |  5862998000 |  5863139000 |  5863477000 |  5863011000 |  5863454000 |  5863163000 |  5862994000 |  5863129000 |  5863142000 |  5863187000 |  5862186000 |  5863533000 |  5863191000 |  5863081000 |  5862760000 |  5863119000 |  5862990000 |  5863214000 |  5863071000 |  5863186000 |  5863054000 |  5862995000 |  5863091000 |  5863105000 |  5863620000 |  5862771000 |  5863032000 |  5862708000 |  5862491000 |  5862711000 |  5862328000 |  5863392000 |  5863085000 |  5862987000 |  5863148000 |  5862611000 |  5862566000 |  5863487000 |  5863083000 |  5862940000 |  5863136000 |  5863141000 |  5863896000 |  5863933000 |  5863106000 |  5863096000 |  5862731000 |  5862620000 |  5863083000 |  5864135000 |  5863115000 |  5863111000 |  5863107000 |  5863499000 |  5864096000 |  5863441000 |  5862959000 |  5863117000 |  5862870000 |  5863573000 |  5863463000 |  5863563000 |  5863593000 |  5863624000 |  5862476000 |  5862650000 |  5862482000 |  5861957000 |   5863450000 |   5862533000 |   5862488000 |   5862939000 |   5864247000 |   5863548000 |   5863482000 |   5863059000 |   5863581000 |   5863094000 |   5863118000 |   5863404000 |   5862530000 |   5863859000 |   5862686000 |   5864141000 |   5862700000 |   5863469000 |   5863044000 |   5863379000 |   5863858000 |   5863899000 |   5863058000 |   5862709000 |   5863059000 |   5863097000 |   5863110000 |   5863076000 |
|    RETIRED_INSTRUCTIONS    |   PMC0  | 3847694000 | 3849822000 | 3838374000 | 3838049000 | 3868064000 | 3837503000 | 3829817000 | 3835790000 | 3863274000 | 3875818000 |  3881672000 |  3851509000 |  3875101000 |  3848374000 |  3840944000 |  3872282000 |  3843375000 |  3858917000 |  3851975000 |  3849765000 |  3849687000 |  3881285000 |  3840416000 |  3842959000 |  3817910000 |  3815084000 |  3855716000 |  3818243000 |  3815518000 |  3837224000 |  3811115000 |  3816171000 |  3830956000 |  3851513000 |  3836381000 |  3866240000 |  3836360000 |  3841195000 |  3831930000 |  3830560000 |  3835908000 |  3842319000 |  3854153000 |  3871065000 |  3864145000 |  3852424000 |  3849698000 |  3849525000 |  3845301000 |  3863213000 |  3887843000 |  3856098000 |  3858449000 |  3859889000 |  3879935000 |  3859738000 |  3787167000 |  3784299000 |  3788995000 |  3793980000 |  3797560000 |  3803404000 |  3785734000 |  3759122000 |  3858029000 |  3856964000 |  3857731000 |  3848495000 |  3863216000 |  3861386000 |  3860355000 |  3853207000 |  3868442000 |  3865578000 |  3879073000 |  3880136000 |  3877817000 |  3878088000 |  3852007000 |  3872290000 |  3854953000 |  3860221000 |  3856926000 |  3857054000 |  3852494000 |  3862483000 |  3850235000 |  3856867000 |  3823731000 |  3829508000 |  3830068000 |  3821299000 |  3803923000 |  3836895000 |  3816971000 |  3778658000 |  3849506000 |  3848522000 |  3858110000 |  3849312000 |   3852793000 |   3859752000 |   3856570000 |   3866021000 |   3836410000 |   3846733000 |   3873068000 |   3859868000 |   3845853000 |   3847087000 |   3836220000 |   3853467000 |   3857420000 |   3855875000 |   3856518000 |   3862695000 |   3874250000 |   3864296000 |   3849840000 |   3862712000 |   3838873000 |   3845470000 |   3841977000 |   3834525000 |   3839833000 |   3842298000 |   3831168000 |   3800390000 |
|     CPU_CLOCKS_UNHALTED    |   PMC1  | 6187344000 | 6190965000 | 6190437000 | 6191407000 | 6191491000 | 6190942000 | 6191944000 | 6191250000 | 6155154000 | 6154851000 |  6154756000 |  6155303000 |  6155345000 |  6155885000 |  6155426000 |  6155884000 |  6195960000 |  6193263000 |  6195983000 |  6195692000 |  6195196000 |  6194496000 |  6194514000 |  6194847000 |  6157855000 |  6158676000 |  6158489000 |  6158623000 |  6157800000 |  6158359000 |  6158742000 |  6159059000 |  6148911000 |  6148548000 |  6150011000 |  6148033000 |  6150070000 |  6148461000 |  6148622000 |  6148259000 |  6159265000 |  6159583000 |  6158689000 |  6159254000 |  6159557000 |  6158366000 |  6157638000 |  6159259000 |  6193073000 |  6193124000 |  6192571000 |  6192927000 |  6192951000 |  6192528000 |  6193394000 |  6193196000 |  6164697000 |  6165301000 |  6165551000 |  6165716000 |  6164623000 |  6163969000 |  6165360000 |  6165650000 |  6177000000 |  6176340000 |  6177242000 |  6176282000 |  6176269000 |  6176832000 |  6176966000 |  6176139000 |  6219906000 |  6219772000 |  6223375000 |  6222727000 |  6219814000 |  6219173000 |  6219123000 |  6219574000 |  6188333000 |  6190073000 |  6188406000 |  6188547000 |  6188219000 |  6189068000 |  6189353000 |  6188871000 |  6176576000 |  6177393000 |  6177329000 |  6178059000 |  6178166000 |  6177757000 |  6178241000 |  6178654000 |  6193909000 |  6194739000 |  6194989000 |  6194281000 |   6195423000 |   6193943000 |   6194137000 |   6194668000 |   6167330000 |   6164572000 |   6164952000 |   6164491000 |   6164847000 |   6164410000 |   6164311000 |   6164250000 |   6222343000 |   6226145000 |   6222486000 |   6224103000 |   6222641000 |   6223446000 |   6223164000 |   6222802000 |   6208519000 |   6209668000 |   6205634000 |   6205920000 |   6206765000 |   6206016000 |   6206039000 |   6205620000 |
| REQUESTS_TO_L2_GRP1_RD_ANY |   PMC2  | 2148564000 | 2148660000 | 2148745000 | 2148575000 | 2148408000 | 2148819000 | 2148776000 | 2148978000 | 2148350000 | 2148376000 |  2148241000 |  2148495000 |  2148282000 |  2148612000 |  2148726000 |  2148483000 |  2148703000 |  2148628000 |  2148500000 |  2148593000 |  2148624000 |  2148424000 |  2148802000 |  2148964000 |  2148658000 |  2148980000 |  2148306000 |  2149170000 |  2148657000 |  2148630000 |  2148827000 |  2149036000 |  2149309000 |  2149035000 |  2148950000 |  2149987000 |  2148950000 |  2149079000 |  2149139000 |  2149469000 |  2148981000 |  2149124000 |  2148670000 |  2148677000 |  2148710000 |  2148918000 |  2148856000 |  2149082000 |  2149447000 |  2149024000 |  2148552000 |  2148865000 |  2148862000 |  2148918000 |  2148707000 |  2149096000 |  2149674000 |  2149876000 |  2149823000 |  2149686000 |  2149782000 |  2149787000 |  2150901000 |  2154999000 |  2148771000 |  2148982000 |  2148703000 |  2148904000 |  2148755000 |  2148853000 |  2148780000 |  2149043000 |  2148834000 |  2149076000 |  2148701000 |  2148698000 |  2148736000 |  2148865000 |  2149535000 |  2149000000 |  2148820000 |  2148970000 |  2148716000 |  2148887000 |  2148833000 |  2148848000 |  2148968000 |  2149040000 |  2150943000 |  2150254000 |  2150594000 |  2150399000 |  2151499000 |  2150242000 |  2150615000 |  2156384000 |  2148918000 |  2149513000 |  2148783000 |  2148990000 |   2148964000 |   2148817000 |   2148855000 |   2148980000 |   2148943000 |   2149068000 |   2148550000 |   2148698000 |   2148876000 |   2149200000 |   2149005000 |   2148943000 |   2148881000 |   2149222000 |   2149330000 |   2148827000 |   2148775000 |   2149174000 |   2149416000 |   2149131000 |   2151016000 |   2151260000 |   2150551000 |   2149753000 |   2150939000 |   2150602000 |   2151280000 |   2153758000 |
|     L2_PF_HIT_IN_L2_ALL    |   PMC3  | 1003216000 |  929170500 | 1067327000 | 1009765000 |  786235200 | 1016662000 | 1168373000 | 1049576000 |  927826300 |  790413100 |   733516100 |   967599300 |   773462200 |   982188700 |  1143572000 |   808657000 |  1146758000 |   940289900 |  1023727000 |  1002422000 |  1056362000 |   765180000 |  1161293000 |  1087782000 |  1157260000 |  1118633000 |   803498400 |  1046571000 |  1137937000 |   894700800 |  1205776000 |  1102636000 |  1188991000 |   948745300 |  1113217000 |   788862400 |  1064127000 |   995276400 |  1149907000 |  1118221000 |  1125614000 |  1010287000 |   890825200 |   745010100 |   817843200 |   891412100 |   955214400 |   938758700 |  1154498000 |   917640500 |   732798100 |   965876800 |   985596200 |   923987900 |   816937800 |   950460500 |  1140534000 |  1156559000 |  1108181000 |  1042400000 |   934589100 |   956060000 |  1062659000 |  1381720000 |   970147400 |   921363200 |   931071900 |   968831500 |   862456400 |   847805600 |   913282500 |   941502600 |   995889400 |   996347500 |   881851000 |   850420800 |   879758900 |   842200000 |  1188814000 |   926029300 |  1015167000 |   940675400 |   959424800 |   924043600 |  1001392000 |   872324900 |  1052727000 |   943820600 |   938677700 |   885259500 |   883715000 |   953238300 |  1018324000 |   831309300 |   949195700 |  1330374000 |  1038133000 |  1018756000 |   915551600 |   968533700 |    985402700 |    853016800 |    922995500 |    848504200 |   1143365000 |    987514900 |    757603700 |    827069600 |   1000499000 |    949607000 |   1147355000 |    887440300 |   1067519000 |   1021539000 |   1044784000 |    917051200 |    850187800 |    889879900 |   1127564000 |    947473600 |    988194200 |    910477900 |    942818000 |    990224300 |    882017700 |    896148200 |   1007076000 |   1258002000 |
+----------------------------+---------+------------+------------+------------+------------+------------+------------+------------+------------+------------+------------+-------------+-------------+-------------+-------------+-------------+-------------+-------------+-------------+-------------+-------------+-------------+-------------+-------------+-------------+-------------+-------------+-------------+-------------+-------------+-------------+-------------+-------------+-------------+-------------+-------------+-------------+-------------+-------------+-------------+-------------+-------------+-------------+-------------+-------------+-------------+-------------+-------------+-------------+-------------+-------------+-------------+-------------+-------------+-------------+-------------+-------------+-------------+-------------+-------------+-------------+-------------+-------------+-------------+-------------+-------------+-------------+-------------+-------------+-------------+-------------+-------------+-------------+-------------+-------------+-------------+-------------+-------------+-------------+-------------+-------------+-------------+-------------+-------------+-------------+-------------+-------------+-------------+-------------+-------------+-------------+-------------+-------------+-------------+-------------+-------------+-------------+-------------+-------------+-------------+-------------+--------------+--------------+--------------+--------------+--------------+--------------+--------------+--------------+--------------+--------------+--------------+--------------+--------------+--------------+--------------+--------------+--------------+--------------+--------------+--------------+--------------+--------------+--------------+--------------+--------------+--------------+--------------+--------------+
+---------------------------------+---------+--------------+------------+------------+--------------+
|              Event              | Counter |      Sum     |     Min    |     Max    |      Avg     |
+---------------------------------+---------+--------------+------------+------------+--------------+
|      ACTUAL_CPU_CLOCK STAT      |  FIXC1  | 798851029000 | 6206872000 | 6282907000 | 6.241024e+09 |
|        MAX_CPU_CLOCK STAT       |  FIXC2  | 750486467000 | 5861957000 | 5864247000 | 5.863176e+09 |
|    RETIRED_INSTRUCTIONS STAT    |   PMC0  | 492237078000 | 3759122000 | 3887843000 | 3.845602e+09 |
|     CPU_CLOCKS_UNHALTED STAT    |   PMC1  | 791349237000 | 6148033000 | 6226145000 | 6.182416e+09 |
| REQUESTS_TO_L2_GRP1_RD_ANY STAT |   PMC2  | 275106793000 | 2148241000 | 2156384000 | 2.149272e+09 |
|     L2_PF_HIT_IN_L2_ALL STAT    |   PMC3  | 125190940800 |  732798100 | 1381720000 |    978054225 |
+---------------------------------+---------+--------------+------------+------------+--------------+
+-------------------------------+------------+------------+------------+------------+------------+------------+------------+------------+------------+------------+-------------+-------------+-------------+-------------+-------------+-------------+-------------+-------------+-------------+-------------+-------------+-------------+-------------+-------------+-------------+-------------+-------------+-------------+-------------+-------------+-------------+-------------+-------------+-------------+-------------+-------------+-------------+-------------+-------------+-------------+-------------+-------------+-------------+-------------+-------------+-------------+-------------+-------------+-------------+-------------+-------------+-------------+-------------+-------------+-------------+-------------+-------------+-------------+-------------+-------------+-------------+-------------+-------------+-------------+-------------+-------------+-------------+-------------+-------------+-------------+-------------+-------------+-------------+-------------+-------------+-------------+-------------+-------------+-------------+-------------+-------------+-------------+-------------+-------------+-------------+-------------+-------------+-------------+-------------+-------------+-------------+-------------+-------------+-------------+-------------+-------------+-------------+-------------+-------------+-------------+--------------+--------------+--------------+--------------+--------------+--------------+--------------+--------------+--------------+--------------+--------------+--------------+--------------+--------------+--------------+--------------+--------------+--------------+--------------+--------------+--------------+--------------+--------------+--------------+--------------+--------------+--------------+--------------+
|             Metric            | HWThread 0 | HWThread 1 | HWThread 2 | HWThread 3 | HWThread 4 | HWThread 5 | HWThread 6 | HWThread 7 | HWThread 8 | HWThread 9 | HWThread 10 | HWThread 11 | HWThread 12 | HWThread 13 | HWThread 14 | HWThread 15 | HWThread 16 | HWThread 17 | HWThread 18 | HWThread 19 | HWThread 20 | HWThread 21 | HWThread 22 | HWThread 23 | HWThread 24 | HWThread 25 | HWThread 26 | HWThread 27 | HWThread 28 | HWThread 29 | HWThread 30 | HWThread 31 | HWThread 32 | HWThread 33 | HWThread 34 | HWThread 35 | HWThread 36 | HWThread 37 | HWThread 38 | HWThread 39 | HWThread 40 | HWThread 41 | HWThread 42 | HWThread 43 | HWThread 44 | HWThread 45 | HWThread 46 | HWThread 47 | HWThread 48 | HWThread 49 | HWThread 50 | HWThread 51 | HWThread 52 | HWThread 53 | HWThread 54 | HWThread 55 | HWThread 56 | HWThread 57 | HWThread 58 | HWThread 59 | HWThread 60 | HWThread 61 | HWThread 62 | HWThread 63 | HWThread 64 | HWThread 65 | HWThread 66 | HWThread 67 | HWThread 68 | HWThread 69 | HWThread 70 | HWThread 71 | HWThread 72 | HWThread 73 | HWThread 74 | HWThread 75 | HWThread 76 | HWThread 77 | HWThread 78 | HWThread 79 | HWThread 80 | HWThread 81 | HWThread 82 | HWThread 83 | HWThread 84 | HWThread 85 | HWThread 86 | HWThread 87 | HWThread 88 | HWThread 89 | HWThread 90 | HWThread 91 | HWThread 92 | HWThread 93 | HWThread 94 | HWThread 95 | HWThread 96 | HWThread 97 | HWThread 98 | HWThread 99 | HWThread 100 | HWThread 101 | HWThread 102 | HWThread 103 | HWThread 104 | HWThread 105 | HWThread 106 | HWThread 107 | HWThread 108 | HWThread 109 | HWThread 110 | HWThread 111 | HWThread 112 | HWThread 113 | HWThread 114 | HWThread 115 | HWThread 116 | HWThread 117 | HWThread 118 | HWThread 119 | HWThread 120 | HWThread 121 | HWThread 122 | HWThread 123 | HWThread 124 | HWThread 125 | HWThread 126 | HWThread 127 |
+-------------------------------+------------+------------+------------+------------+------------+------------+------------+------------+------------+------------+-------------+-------------+-------------+-------------+-------------+-------------+-------------+-------------+-------------+-------------+-------------+-------------+-------------+-------------+-------------+-------------+-------------+-------------+-------------+-------------+-------------+-------------+-------------+-------------+-------------+-------------+-------------+-------------+-------------+-------------+-------------+-------------+-------------+-------------+-------------+-------------+-------------+-------------+-------------+-------------+-------------+-------------+-------------+-------------+-------------+-------------+-------------+-------------+-------------+-------------+-------------+-------------+-------------+-------------+-------------+-------------+-------------+-------------+-------------+-------------+-------------+-------------+-------------+-------------+-------------+-------------+-------------+-------------+-------------+-------------+-------------+-------------+-------------+-------------+-------------+-------------+-------------+-------------+-------------+-------------+-------------+-------------+-------------+-------------+-------------+-------------+-------------+-------------+-------------+-------------+--------------+--------------+--------------+--------------+--------------+--------------+--------------+--------------+--------------+--------------+--------------+--------------+--------------+--------------+--------------+--------------+--------------+--------------+--------------+--------------+--------------+--------------+--------------+--------------+--------------+--------------+--------------+--------------+
|      Runtime (RDTSC) [s]      |     2.1735 |     2.1734 |     2.1734 |     2.1735 |     2.1735 |     2.1737 |     2.1735 |     2.1734 |     2.1734 |     2.1734 |      2.1734 |      2.1734 |      2.1734 |      2.1734 |      2.1734 |      2.1735 |      2.1737 |      2.1734 |      2.1740 |      2.1736 |      2.1736 |      2.1736 |      2.1736 |      2.1736 |      2.1734 |      2.1736 |      2.1735 |      2.1734 |      2.1736 |      2.1737 |      2.1735 |      2.1735 |      2.1734 |      2.1734 |      2.1736 |      2.1735 |      2.1735 |      2.1735 |      2.1735 |      2.1734 |      2.1736 |      2.1736 |      2.1734 |      2.1735 |      2.1736 |      2.1734 |      2.1734 |      2.1734 |      2.1735 |      2.1734 |      2.1734 |      2.1734 |      2.1734 |      2.1734 |      2.1735 |      2.1734 |      2.1736 |      2.1736 |      2.1734 |      2.1736 |      2.1734 |      2.1734 |      2.1735 |      2.1736 |      2.1736 |      2.1734 |      2.1736 |      2.1734 |      2.1734 |      2.1736 |      2.1736 |      2.1734 |      2.1736 |      2.1736 |      2.1744 |      2.1744 |      2.1735 |      2.1735 |      2.1734 |      2.1734 |      2.1734 |      2.1739 |      2.1734 |      2.1734 |      2.1734 |      2.1735 |      2.1737 |      2.1735 |      2.1734 |      2.1734 |      2.1734 |      2.1736 |      2.1736 |      2.1736 |      2.1736 |      2.1736 |      2.1734 |      2.1734 |      2.1735 |      2.1734 |       2.1737 |       2.1734 |       2.1736 |       2.1735 |       2.1744 |       2.1735 |       2.1736 |       2.1736 |       2.1736 |       2.1735 |       2.1735 |       2.1735 |       2.1734 |       2.1744 |       2.1734 |       2.1739 |       2.1734 |       2.1736 |       2.1736 |       2.1735 |       2.1742 |       2.1744 |       2.1735 |       2.1734 |       2.1735 |       2.1736 |       2.1736 |       2.1735 |
|      Runtime unhalted [s]     |     2.3194 |     2.3192 |     2.3192 |     2.3195 |     2.3193 |     2.3198 |     2.3194 |     2.3192 |     2.3055 |     2.3056 |      2.3057 |      2.3056 |      2.3056 |      2.3056 |      2.3056 |      2.3058 |      2.3208 |      2.3203 |      2.3208 |      2.3206 |      2.3206 |      2.3206 |      2.3206 |      2.3206 |      2.3074 |      2.3077 |      2.3076 |      2.3074 |      2.3077 |      2.3078 |      2.3077 |      2.3076 |      2.3021 |      2.3022 |      2.3024 |      2.3022 |      2.3023 |      2.3021 |      2.3022 |      2.3021 |      2.3069 |      2.3069 |      2.3065 |      2.3069 |      2.3069 |      2.3067 |      2.3066 |      2.3071 |      2.3193 |      2.3193 |      2.3193 |      2.3193 |      2.3193 |      2.3193 |      2.3192 |      2.3193 |      2.3070 |      2.3067 |      2.3066 |      2.3067 |      2.3063 |      2.3067 |      2.3067 |      2.3069 |      2.3131 |      2.3130 |      2.3132 |      2.3128 |      2.3129 |      2.3133 |      2.3131 |      2.3130 |      2.3288 |      2.3288 |      2.3290 |      2.3291 |      2.3288 |      2.3288 |      2.3285 |      2.3286 |      2.3176 |      2.3180 |      2.3176 |      2.3176 |      2.3176 |      2.3179 |      2.3180 |      2.3178 |      2.3093 |      2.3093 |      2.3094 |      2.3096 |      2.3095 |      2.3096 |      2.3096 |      2.3097 |      2.3195 |      2.3194 |      2.3195 |      2.3194 |       2.3198 |       2.3193 |       2.3196 |       2.3196 |       2.3087 |       2.3085 |       2.3086 |       2.3085 |       2.3085 |       2.3083 |       2.3083 |       2.3086 |       2.3296 |       2.3301 |       2.3297 |       2.3303 |       2.3296 |       2.3302 |       2.3299 |       2.3303 |       2.3207 |       2.3207 |       2.3204 |       2.3202 |       2.3204 |       2.3204 |       2.3204 |       2.3204 |
|          Clock [MHz]          |  2875.7847 |  2875.7134 |  2875.6489 |  2876.0161 |  2875.7421 |  2875.8777 |  2875.8247 |  2875.6979 |  2858.5566 |  2858.6366 |   2858.7203 |   2858.6527 |   2858.5797 |   2858.6341 |   2858.6511 |   2858.7295 |   2877.1095 |   2877.0000 |   2877.0529 |   2877.0661 |   2877.0782 |   2877.0502 |   2877.1766 |   2877.1799 |   2860.9732 |   2861.0747 |   2860.9281 |   2860.9860 |   2861.1091 |   2861.1151 |   2861.1326 |   2861.0265 |   2854.3517 |   2854.4555 |   2854.5453 |   2854.5183 |   2854.3670 |   2854.3441 |   2854.5183 |   2854.3611 |   2860.2248 |   2860.2664 |   2860.2419 |   2860.1417 |   2860.2704 |   2860.0467 |   2860.0626 |   2860.4862 |   2875.6780 |   2875.6311 |   2875.6976 |   2875.6389 |   2875.6963 |   2875.7137 |   2875.6050 |   2875.7011 |   2860.1347 |   2860.1998 |   2860.0095 |   2860.2158 |   2859.9004 |   2860.2213 |   2860.4206 |   2860.1760 |   2867.9595 |   2867.9118 |   2868.0662 |   2867.8115 |   2867.9853 |   2868.0636 |   2867.9458 |   2867.9242 |   2887.4841 |   2887.4733 |   2887.3512 |   2887.3629 |   2887.4220 |   2887.4302 |   2887.2995 |   2887.4572 |   2873.5184 |   2873.5854 |   2873.6108 |   2873.6086 |   2873.5517 |   2873.7325 |   2873.6009 |   2873.6354 |   2863.3396 |   2863.2349 |   2863.5151 |   2863.4237 |   2863.3170 |   2863.4328 |   2863.4149 |   2863.4545 |   2876.1752 |   2875.9841 |   2876.2381 |   2876.3117 |    2876.1237 |    2875.9698 |    2876.3248 |    2876.0934 |    2861.9857 |    2862.0243 |    2862.2455 |    2862.2970 |    2862.0859 |    2862.0656 |    2862.0645 |    2862.2712 |    2888.6600 |    2888.7249 |    2888.7124 |    2888.7410 |    2888.6660 |    2888.9474 |    2888.8239 |    2889.1302 |    2876.9927 |    2877.0093 |    2877.0288 |    2876.9987 |    2877.0127 |    2877.0736 |    2877.0778 |    2877.0283 |
|              CPI              |     1.6081 |     1.6081 |     1.6128 |     1.6132 |     1.6007 |     1.6133 |     1.6168 |     1.6141 |     1.5932 |     1.5880 |      1.5856 |      1.5982 |      1.5884 |      1.5996 |      1.6026 |      1.5897 |      1.6121 |      1.6049 |      1.6085 |      1.6094 |      1.6093 |      1.5960 |      1.6130 |      1.6120 |      1.6129 |      1.6143 |      1.5972 |      1.6129 |      1.6139 |      1.6049 |      1.6160 |      1.6139 |      1.6051 |      1.5964 |      1.6031 |      1.5902 |      1.6031 |      1.6007 |      1.6046 |      1.6051 |      1.6057 |      1.6031 |      1.5979 |      1.5911 |      1.5940 |      1.5986 |      1.5995 |      1.6000 |      1.6106 |      1.6031 |      1.5928 |      1.6060 |      1.6050 |      1.6043 |      1.5963 |      1.6046 |      1.6278 |      1.6292 |      1.6272 |      1.6251 |      1.6233 |      1.6206 |      1.6286 |      1.6402 |      1.6011 |      1.6013 |      1.6013 |      1.6049 |      1.5987 |      1.5996 |      1.6001 |      1.6029 |      1.6079 |      1.6090 |      1.6043 |      1.6037 |      1.6039 |      1.6037 |      1.6145 |      1.6062 |      1.6053 |      1.6036 |      1.6045 |      1.6045 |      1.6063 |      1.6024 |      1.6075 |      1.6046 |      1.6153 |      1.6131 |      1.6129 |      1.6167 |      1.6242 |      1.6101 |      1.6186 |      1.6351 |      1.6090 |      1.6096 |      1.6057 |      1.6092 |       1.6080 |       1.6048 |       1.6061 |       1.6023 |       1.6076 |       1.6025 |       1.5917 |       1.5971 |       1.6030 |       1.6024 |       1.6069 |       1.5997 |       1.6131 |       1.6147 |       1.6135 |       1.6113 |       1.6062 |       1.6105 |       1.6165 |       1.6110 |       1.6173 |       1.6148 |       1.6152 |       1.6184 |       1.6164 |       1.6152 |       1.6199 |       1.6329 |
|    L2 bandwidth [MBytes/s]    | 63266.4141 | 63272.5596 | 63275.0627 | 63266.0977 | 63261.7624 | 63266.2965 | 63271.4922 | 63281.9530 | 63262.3539 | 63264.1092 |  63258.9987 |  63266.3617 |  63260.1187 |  63269.8944 |  63273.1640 |  63263.9417 |  63262.8811 |  63271.6464 |  63250.4156 |  63263.3677 |  63264.5716 |  63259.3521 |  63269.4924 |  63274.0004 |  63272.4716 |  63276.4802 |  63256.9544 |  63286.4131 |  63266.0380 |  63262.0415 |  63272.9357 |  63279.3227 |  63291.6419 |  63282.2921 |  63274.2286 |  63308.7235 |  63276.7613 |  63282.0155 |  63283.9570 |  63295.1594 |  63275.8983 |  63278.3039 |  63272.9414 |  63269.7997 |  63266.0850 |  63280.1862 |  63277.1667 |  63283.7053 |  63292.8808 |  63281.9973 |  63268.0984 |  63277.3444 |  63277.2561 |  63279.0798 |  63271.0033 |  63284.1466 |  63294.7018 |  63301.2027 |  63305.7584 |  63295.5792 |  63305.6870 |  63305.8634 |  63335.0544 |  63452.8332 |  63269.4238 |  63280.3238 |  63267.2469 |  63278.4928 |  63274.0761 |  63272.1585 |  63270.0963 |  63283.9545 |  63271.0459 |  63277.1234 |  63243.7654 |  63243.0663 |  63269.8778 |  63275.3647 |  63297.1903 |  63281.3780 |  63277.2712 |  63267.3078 |  63274.2378 |  63278.1087 |  63276.5186 |  63273.5832 |  63271.4693 |  63279.2367 |  63338.7099 |  63319.5280 |  63328.3455 |  63316.9224 |  63349.7775 |  63312.0084 |  63322.6415 |  63492.0364 |  63280.1862 |  63296.5133 |  63272.8919 |  63280.3847 |   63271.2933 |   63277.2120 |   63270.0342 |   63278.7801 |   63251.7901 |   63279.5080 |   63263.4987 |   63267.2744 |   63272.2826 |   63285.2582 |   63277.6530 |   63277.5741 |   63279.1257 |   63258.9839 |   63291.1537 |   63262.8650 |   63274.8106 |   63281.1152 |   63288.2408 |   63283.1973 |   63317.4366 |   63318.5033 |   63324.7775 |   63304.7748 |   63336.4939 |   63323.9484 |   63343.9120 |   63419.5896 |
|    L2 data volume [GBytes]    |   137.5081 |   137.5142 |   137.5197 |   137.5088 |   137.4981 |   137.5244 |   137.5217 |   137.5346 |   137.4944 |   137.4961 |    137.4874 |    137.5037 |    137.4900 |    137.5112 |    137.5185 |    137.5029 |    137.5170 |    137.5122 |    137.5040 |    137.5100 |    137.5119 |    137.4991 |    137.5233 |    137.5337 |    137.5141 |    137.5347 |    137.4916 |    137.5469 |    137.5140 |    137.5123 |    137.5249 |    137.5383 |    137.5558 |    137.5382 |    137.5328 |    137.5992 |    137.5328 |    137.5411 |    137.5449 |    137.5660 |    137.5348 |    137.5439 |    137.5149 |    137.5153 |    137.5174 |    137.5308 |    137.5268 |    137.5412 |    137.5646 |    137.5375 |    137.5073 |    137.5274 |    137.5272 |    137.5308 |    137.5172 |    137.5421 |    137.5791 |    137.5921 |    137.5887 |    137.5799 |    137.5860 |    137.5864 |    137.6577 |    137.9199 |    137.5213 |    137.5348 |    137.5170 |    137.5299 |    137.5203 |    137.5266 |    137.5219 |    137.5388 |    137.5254 |    137.5409 |    137.5169 |    137.5167 |    137.5191 |    137.5274 |    137.5702 |    137.5360 |    137.5245 |    137.5341 |    137.5178 |    137.5288 |    137.5253 |    137.5263 |    137.5340 |    137.5386 |    137.6604 |    137.6163 |    137.6380 |    137.6255 |    137.6959 |    137.6155 |    137.6394 |    138.0086 |    137.5308 |    137.5688 |    137.5221 |    137.5354 |     137.5337 |     137.5243 |     137.5267 |     137.5347 |     137.5324 |     137.5404 |     137.5072 |     137.5167 |     137.5281 |     137.5488 |     137.5363 |     137.5324 |     137.5284 |     137.5502 |     137.5571 |     137.5249 |     137.5216 |     137.5471 |     137.5626 |     137.5444 |     137.6650 |     137.6806 |     137.6353 |     137.5842 |     137.6601 |     137.6385 |     137.6819 |     137.8405 |
| Prefetch bandwidth [MBytes/s] | 29540.6043 | 27361.7026 | 31430.0593 | 29733.1446 | 23151.3867 | 29932.9257 | 34403.1687 | 30907.3518 | 27321.6542 | 23275.6187 |  21599.7618 |  28492.7297 |  22776.0185 |  28922.3812 |  33674.5675 |  23811.6054 |  33763.2586 |  27689.1533 |  30137.8442 |  29515.4046 |  31103.7619 |  22530.3716 |  34193.2010 |  32028.6048 |  34078.3412 |  32938.0259 |  23659.0419 |  30818.2808 |  33505.9367 |  26342.6458 |  35504.4810 |  32467.6084 |  35012.7379 |  27937.5521 |  32777.8436 |  23228.9179 |  31333.6793 |  29307.0178 |  33860.3809 |  32928.1215 |  33143.2604 |  29746.6539 |  26232.5675 |  21937.5178 |  24080.3726 |  26249.8260 |  28128.1114 |  27643.4910 |  33995.4901 |  27021.6264 |  21578.5991 |  28442.0468 |  29022.7214 |  27208.6250 |  24055.6178 |  27988.0851 |  33581.7242 |  34053.8597 |  32632.5649 |  30692.5345 |  27521.3045 |  28153.5816 |  31290.8709 |  40684.0322 |  28565.4763 |  27131.0610 |  27414.8432 |  28529.0535 |  25396.6282 |  24963.3131 |  26891.2926 |  27724.9025 |  29323.3279 |  29336.3305 |  25955.9509 |  25030.6088 |  25904.6426 |  24799.3765 |  35006.9136 |  27268.6878 |  29894.0803 |  27694.1977 |  28252.6276 |  27210.2402 |  29487.9125 |  25685.9127 |  30995.1493 |  27791.1287 |  27641.1948 |  26068.6476 |  26022.6750 |  28067.4031 |  29984.0245 |  24477.1804 |  27948.0888 |  39171.2025 |  30570.3845 |  29999.2151 |  26959.2590 |  28519.9955 |   29012.9119 |   25119.1818 |   27176.3134 |   24985.0211 |   33653.7000 |   29077.4685 |   22307.4449 |   24352.6262 |   29459.0546 |   27962.0902 |   33783.9752 |   26131.4839 |   31435.7422 |   30067.4007 |   30765.6734 |   26998.5840 |   25035.4142 |   26201.9699 |   33200.4330 |   27899.2573 |   29088.5440 |   26798.2940 |   27762.0666 |   29159.5948 |   25971.8703 |   26386.8640 |   29653.1058 |   37043.1453 |
| Prefetch data volume [GBytes] |    64.2058 |    59.4669 |    68.3089 |    64.6250 |    50.3191 |    65.0664 |    74.7759 |    67.1729 |    59.3809 |    50.5864 |     46.9450 |     61.9264 |     49.5016 |     62.8601 |     73.1886 |     51.7540 |     73.3925 |     60.1786 |     65.5185 |     64.1550 |     67.6072 |     48.9715 |     74.3228 |     69.6180 |     74.0646 |     71.5925 |     51.4239 |     66.9805 |     72.8280 |     57.2609 |     77.1697 |     70.5687 |     76.0954 |     60.7197 |     71.2459 |     50.4872 |     68.1041 |     63.6977 |     73.5940 |     71.5661 |     72.0393 |     64.6584 |     57.0128 |     47.6806 |     52.3420 |     57.0504 |     61.1337 |     60.0806 |     73.8879 |     58.7290 |     46.8991 |     61.8161 |     63.0782 |     59.1352 |     52.2840 |     60.8295 |     72.9942 |     74.0198 |     70.9236 |     66.7136 |     59.8137 |     61.1878 |     68.0102 |     88.4301 |     62.0894 |     58.9672 |     59.5886 |     62.0052 |     55.1972 |     54.2596 |     58.4501 |     60.2562 |     63.7369 |     63.7662 |     56.4385 |     54.4269 |     56.3046 |     53.9008 |     76.0841 |     59.2659 |     64.9707 |     60.2032 |     61.4032 |     59.1388 |     64.0891 |     55.8288 |     67.3745 |     60.4045 |     60.0754 |     56.6566 |     56.5578 |     61.0073 |     65.1727 |     53.2038 |     60.7485 |     85.1439 |     66.4405 |     65.2004 |     58.5953 |     61.9862 |      63.0658 |      54.5931 |      59.0717 |      54.3043 |      73.1754 |      63.2010 |      48.4866 |      52.9325 |      64.0319 |      60.7748 |      73.4307 |      56.7962 |      68.3212 |      65.3785 |      66.8662 |      58.6913 |      54.4120 |      56.9523 |      72.1641 |      60.6383 |      63.2444 |      58.2706 |      60.3404 |      63.3744 |      56.4491 |      57.3535 |      64.4529 |      80.5121 |
+-------------------------------+------------+------------+------------+------------+------------+------------+------------+------------+------------+------------+-------------+-------------+-------------+-------------+-------------+-------------+-------------+-------------+-------------+-------------+-------------+-------------+-------------+-------------+-------------+-------------+-------------+-------------+-------------+-------------+-------------+-------------+-------------+-------------+-------------+-------------+-------------+-------------+-------------+-------------+-------------+-------------+-------------+-------------+-------------+-------------+-------------+-------------+-------------+-------------+-------------+-------------+-------------+-------------+-------------+-------------+-------------+-------------+-------------+-------------+-------------+-------------+-------------+-------------+-------------+-------------+-------------+-------------+-------------+-------------+-------------+-------------+-------------+-------------+-------------+-------------+-------------+-------------+-------------+-------------+-------------+-------------+-------------+-------------+-------------+-------------+-------------+-------------+-------------+-------------+-------------+-------------+-------------+-------------+-------------+-------------+-------------+-------------+-------------+-------------+--------------+--------------+--------------+--------------+--------------+--------------+--------------+--------------+--------------+--------------+--------------+--------------+--------------+--------------+--------------+--------------+--------------+--------------+--------------+--------------+--------------+--------------+--------------+--------------+--------------+--------------+--------------+--------------+
+------------------------------------+--------------+------------+------------+------------+
|               Metric               |      Sum     |     Min    |     Max    |     Avg    |
+------------------------------------+--------------+------------+------------+------------+
|      Runtime (RDTSC) [s] STAT      |     278.2139 |     2.1734 |     2.1744 |     2.1735 |
|      Runtime unhalted [s] STAT     |     296.2861 |     2.3021 |     2.3303 |     2.3147 |
|          Clock [MHz] STAT          |  367356.1793 |  2854.3441 |  2889.1302 |  2869.9702 |
|              CPI STAT              |     205.7868 |     1.5856 |     1.6402 |     1.6077 |
|    L2 bandwidth [MBytes/s] STAT    | 8.100540e+06 | 63243.0663 | 63492.0364 | 63285.4662 |
|    L2 data volume [GBytes] STAT    |   17606.8350 |   137.4874 |   138.0086 |   137.5534 |
| Prefetch bandwidth [MBytes/s] STAT | 3.686254e+06 | 21578.5991 | 40684.0322 | 28798.8605 |
| Prefetch data volume [GBytes] STAT |    8012.2206 |    46.8991 |    88.4301 |    62.5955 |
+------------------------------------+--------------+------------+------------+------------+
