--------------------------------------------------------------------------------
CPU name:	AMD EPYC 9755 128-Core Processor               
CPU type:	AMD K1A (Zen5) architecture
CPU clock:	2.70 GHz
--------------------------------------------------------------------------------
Region bench, Group 1: L2BW
+-------------------+------------+------------+------------+------------+------------+------------+------------+------------+------------+------------+-------------+-------------+-------------+-------------+-------------+-------------+-------------+-------------+-------------+-------------+-------------+-------------+-------------+-------------+-------------+-------------+-------------+-------------+-------------+-------------+-------------+-------------+-------------+-------------+-------------+-------------+-------------+-------------+-------------+-------------+-------------+-------------+-------------+-------------+-------------+-------------+-------------+-------------+-------------+-------------+-------------+-------------+-------------+-------------+-------------+-------------+-------------+-------------+-------------+-------------+-------------+-------------+-------------+-------------+-------------+-------------+-------------+-------------+-------------+-------------+-------------+-------------+-------------+-------------+-------------+-------------+-------------+-------------+-------------+-------------+-------------+-------------+-------------+-------------+-------------+-------------+-------------+-------------+-------------+-------------+-------------+-------------+-------------+-------------+-------------+-------------+-------------+-------------+-------------+-------------+--------------+--------------+--------------+--------------+--------------+--------------+--------------+--------------+--------------+--------------+--------------+--------------+--------------+--------------+--------------+--------------+--------------+--------------+--------------+--------------+--------------+--------------+--------------+--------------+--------------+--------------+--------------+--------------+
|    Region Info    | HWThread 0 | HWThread 1 | HWThread 2 | HWThread 3 | HWThread 4 | HWThread 5 | HWThread 6 | HWThread 7 | HWThread 8 | HWThread 9 | HWThread 10 | HWThread 11 | HWThread 12 | HWThread 13 | HWThread 14 | HWThread 15 | HWThread 16 | HWThread 17 | HWThread 18 | HWThread 19 | HWThread 20 | HWThread 21 | HWThread 22 | HWThread 23 | HWThread 24 | HWThread 25 | HWThread 26 | HWThread 27 | HWThread 28 | HWThread 29 | HWThread 30 | HWThread 31 | HWThread 32 | HWThread 33 | HWThread 34 | HWThread 35 | HWThread 36 | HWThread 37 | HWThread 38 | HWThread 39 | HWThread 40 | HWThread 41 | HWThread 42 | HWThread 43 | HWThread 44 | HWThread 45 | HWThread 46 | HWThread 47 | HWThread 48 | HWThread 49 | HWThread 50 | HWThread 51 | HWThread 52 | HWThread 53 | HWThread 54 | HWThread 55 | HWThread 56 | HWThread 57 | HWThread 58 | HWThread 59 | HWThread 60 | HWThread 61 | HWThread 62 | HWThread 63 | HWThread 64 | HWThread 65 | HWThread 66 | HWThread 67 | HWThread 68 | HWThread 69 | HWThread 70 | HWThread 71 | HWThread 72 | HWThread 73 | HWThread 74 | HWThread 75 | HWThread 76 | HWThread 77 | HWThread 78 | HWThread 79 | HWThread 80 | HWThread 81 | HWThread 82 | HWThread 83 | HWThread 84 | HWThread 85 | HWThread 86 | HWThread 87 | HWThread 88 | HWThread 89 | HWThread 90 | HWThread 91 | HWThread 92 | HWThread 93 | HWThread 94 | HWThread 95 | HWThread 96 | HWThread 97 | HWThread 98 | HWThread 99 | HWThread 100 | HWThread 101 | HWThread 102 | HWThread 103 | HWThread 104 | HWThread 105 | HWThread 106 | HWThread 107 | HWThread 108 | HWThread 109 | HWThread 110 | HWThread 111 | HWThread 112 | HWThread 113 | HWThread 114 | HWThread 115 | HWThread 116 | HWThread 117 | HWThread 118 | HWThread 119 | HWThread 120 | HWThread 121 | HWThread 122 | HWThread 123 | HWThread 124 | HWThread 125 | HWThread 126 | HWThread 127 |
+-------------------+------------+------------+------------+------------+------------+------------+------------+------------+------------+------------+-------------+-------------+-------------+-------------+-------------+-------------+-------------+-------------+-------------+-------------+-------------+-------------+-------------+-------------+-------------+-------------+-------------+-------------+-------------+-------------+-------------+-------------+-------------+-------------+-------------+-------------+-------------+-------------+-------------+-------------+-------------+-------------+-------------+-------------+-------------+-------------+-------------+-------------+-------------+-------------+-------------+-------------+-------------+-------------+-------------+-------------+-------------+-------------+-------------+-------------+-------------+-------------+-------------+-------------+-------------+-------------+-------------+-------------+-------------+-------------+-------------+-------------+-------------+-------------+-------------+-------------+-------------+-------------+-------------+-------------+-------------+-------------+-------------+-------------+-------------+-------------+-------------+-------------+-------------+-------------+-------------+-------------+-------------+-------------+-------------+-------------+-------------+-------------+-------------+-------------+--------------+--------------+--------------+--------------+--------------+--------------+--------------+--------------+--------------+--------------+--------------+--------------+--------------+--------------+--------------+--------------+--------------+--------------+--------------+--------------+--------------+--------------+--------------+--------------+--------------+--------------+--------------+--------------+
| RDTSC Runtime [s] |   2.146259 |   2.147023 |   2.146153 |   2.146301 |   2.146300 |   2.146251 |   2.146594 |   2.146301 |   2.146157 |   2.146195 |    2.146157 |    2.146125 |    2.146169 |    2.146126 |    2.146125 |    2.146160 |    2.146229 |    2.146170 |    2.146170 |    2.146126 |    2.146117 |    2.146230 |    2.146111 |    2.146156 |    2.146305 |    2.146260 |    2.146296 |    2.146255 |    2.146353 |    2.146137 |    2.146261 |    2.146301 |    2.146293 |    2.146245 |    2.146413 |    2.146380 |    2.146340 |    2.146341 |    2.146352 |    2.146282 |    2.146173 |    2.146159 |    2.146173 |    2.146302 |    2.146201 |    2.146195 |    2.146173 |    2.146114 |    2.146144 |    2.146168 |    2.146168 |    2.146329 |    2.146125 |    2.146378 |    2.146168 |    2.146122 |    2.147029 |    2.146327 |    2.146289 |    2.146123 |    2.146633 |    2.146293 |    2.146332 |    2.146160 |    2.146302 |    2.146328 |    2.146142 |    2.146139 |    2.146305 |    2.146297 |    2.146300 |    2.146121 |    2.146172 |    2.146162 |    2.146172 |    2.146172 |    2.146172 |    2.146156 |    2.146197 |    2.146160 |    2.146158 |    2.146361 |    2.146171 |    2.146361 |    2.146453 |    2.146359 |    2.146128 |    2.146259 |    2.146169 |    2.146161 |    2.146346 |    2.146333 |    2.146303 |    2.146302 |    2.146168 |    2.146160 |    2.146462 |    2.146303 |    2.146981 |    2.146166 |     2.146161 |     2.146303 |     2.146244 |     2.146166 |     2.146262 |     2.146262 |     2.146372 |     2.146261 |     2.147031 |     2.146170 |     2.146944 |     2.147027 |     2.146164 |     2.146301 |     2.146262 |     2.146262 |     2.146262 |     2.146151 |     2.146116 |     2.146161 |     2.146114 |     2.146161 |     2.146304 |     2.146304 |     2.146196 |     2.146301 |     2.146244 |     2.146162 |
|     call count    |          1 |          1 |          1 |          1 |          1 |          1 |          1 |          1 |          1 |          1 |           1 |           1 |           1 |           1 |           1 |           1 |           1 |           1 |           1 |           1 |           1 |           1 |           1 |           1 |           1 |           1 |           1 |           1 |           1 |           1 |           1 |           1 |           1 |           1 |           1 |           1 |           1 |           1 |           1 |           1 |           1 |           1 |           1 |           1 |           1 |           1 |           1 |           1 |           1 |           1 |           1 |           1 |           1 |           1 |           1 |           1 |           1 |           1 |           1 |           1 |           1 |           1 |           1 |           1 |           1 |           1 |           1 |           1 |           1 |           1 |           1 |           1 |           1 |           1 |           1 |           1 |           1 |           1 |           1 |           1 |           1 |           1 |           1 |           1 |           1 |           1 |           1 |           1 |           1 |           1 |           1 |           1 |           1 |           1 |           1 |           1 |           1 |           1 |           1 |           1 |            1 |            1 |            1 |            1 |            1 |            1 |            1 |            1 |            1 |            1 |            1 |            1 |            1 |            1 |            1 |            1 |            1 |            1 |            1 |            1 |            1 |            1 |            1 |            1 |            1 |            1 |            1 |            1 |
+-------------------+------------+------------+------------+------------+------------+------------+------------+------------+------------+------------+-------------+-------------+-------------+-------------+-------------+-------------+-------------+-------------+-------------+-------------+-------------+-------------+-------------+-------------+-------------+-------------+-------------+-------------+-------------+-------------+-------------+-------------+-------------+-------------+-------------+-------------+-------------+-------------+-------------+-------------+-------------+-------------+-------------+-------------+-------------+-------------+-------------+-------------+-------------+-------------+-------------+-------------+-------------+-------------+-------------+-------------+-------------+-------------+-------------+-------------+-------------+-------------+-------------+-------------+-------------+-------------+-------------+-------------+-------------+-------------+-------------+-------------+-------------+-------------+-------------+-------------+-------------+-------------+-------------+-------------+-------------+-------------+-------------+-------------+-------------+-------------+-------------+-------------+-------------+-------------+-------------+-------------+-------------+-------------+-------------+-------------+-------------+-------------+-------------+-------------+--------------+--------------+--------------+--------------+--------------+--------------+--------------+--------------+--------------+--------------+--------------+--------------+--------------+--------------+--------------+--------------+--------------+--------------+--------------+--------------+--------------+--------------+--------------+--------------+--------------+--------------+--------------+--------------+
+----------------------------+---------+------------+------------+------------+------------+------------+------------+------------+------------+------------+------------+-------------+-------------+-------------+-------------+-------------+-------------+-------------+-------------+-------------+-------------+-------------+-------------+-------------+-------------+-------------+-------------+-------------+-------------+-------------+-------------+-------------+-------------+-------------+-------------+-------------+-------------+-------------+-------------+-------------+-------------+-------------+-------------+-------------+-------------+-------------+-------------+-------------+-------------+-------------+-------------+-------------+-------------+-------------+-------------+-------------+-------------+-------------+-------------+-------------+-------------+-------------+-------------+-------------+-------------+-------------+-------------+-------------+-------------+-------------+-------------+-------------+-------------+-------------+-------------+-------------+-------------+-------------+-------------+-------------+-------------+-------------+-------------+-------------+-------------+-------------+-------------+-------------+-------------+-------------+-------------+-------------+-------------+-------------+-------------+-------------+-------------+-------------+-------------+-------------+-------------+--------------+--------------+--------------+--------------+--------------+--------------+--------------+--------------+--------------+--------------+--------------+--------------+--------------+--------------+--------------+--------------+--------------+--------------+--------------+--------------+--------------+--------------+--------------+--------------+--------------+--------------+--------------+--------------+
|            Event           | Counter | HWThread 0 | HWThread 1 | HWThread 2 | HWThread 3 | HWThread 4 | HWThread 5 | HWThread 6 | HWThread 7 | HWThread 8 | HWThread 9 | HWThread 10 | HWThread 11 | HWThread 12 | HWThread 13 | HWThread 14 | HWThread 15 | HWThread 16 | HWThread 17 | HWThread 18 | HWThread 19 | HWThread 20 | HWThread 21 | HWThread 22 | HWThread 23 | HWThread 24 | HWThread 25 | HWThread 26 | HWThread 27 | HWThread 28 | HWThread 29 | HWThread 30 | HWThread 31 | HWThread 32 | HWThread 33 | HWThread 34 | HWThread 35 | HWThread 36 | HWThread 37 | HWThread 38 | HWThread 39 | HWThread 40 | HWThread 41 | HWThread 42 | HWThread 43 | HWThread 44 | HWThread 45 | HWThread 46 | HWThread 47 | HWThread 48 | HWThread 49 | HWThread 50 | HWThread 51 | HWThread 52 | HWThread 53 | HWThread 54 | HWThread 55 | HWThread 56 | HWThread 57 | HWThread 58 | HWThread 59 | HWThread 60 | HWThread 61 | HWThread 62 | HWThread 63 | HWThread 64 | HWThread 65 | HWThread 66 | HWThread 67 | HWThread 68 | HWThread 69 | HWThread 70 | HWThread 71 | HWThread 72 | HWThread 73 | HWThread 74 | HWThread 75 | HWThread 76 | HWThread 77 | HWThread 78 | HWThread 79 | HWThread 80 | HWThread 81 | HWThread 82 | HWThread 83 | HWThread 84 | HWThread 85 | HWThread 86 | HWThread 87 | HWThread 88 | HWThread 89 | HWThread 90 | HWThread 91 | HWThread 92 | HWThread 93 | HWThread 94 | HWThread 95 | HWThread 96 | HWThread 97 | HWThread 98 | HWThread 99 | HWThread 100 | HWThread 101 | HWThread 102 | HWThread 103 | HWThread 104 | HWThread 105 | HWThread 106 | HWThread 107 | HWThread 108 | HWThread 109 | HWThread 110 | HWThread 111 | HWThread 112 | HWThread 113 | HWThread 114 | HWThread 115 | HWThread 116 | HWThread 117 | HWThread 118 | HWThread 119 | HWThread 120 | HWThread 121 | HWThread 122 | HWThread 123 | HWThread 124 | HWThread 125 | HWThread 126 | HWThread 127 |
+----------------------------+---------+------------+------------+------------+------------+------------+------------+------------+------------+------------+------------+-------------+-------------+-------------+-------------+-------------+-------------+-------------+-------------+-------------+-------------+-------------+-------------+-------------+-------------+-------------+-------------+-------------+-------------+-------------+-------------+-------------+-------------+-------------+-------------+-------------+-------------+-------------+-------------+-------------+-------------+-------------+-------------+-------------+-------------+-------------+-------------+-------------+-------------+-------------+-------------+-------------+-------------+-------------+-------------+-------------+-------------+-------------+-------------+-------------+-------------+-------------+-------------+-------------+-------------+-------------+-------------+-------------+-------------+-------------+-------------+-------------+-------------+-------------+-------------+-------------+-------------+-------------+-------------+-------------+-------------+-------------+-------------+-------------+-------------+-------------+-------------+-------------+-------------+-------------+-------------+-------------+-------------+-------------+-------------+-------------+-------------+-------------+-------------+-------------+-------------+--------------+--------------+--------------+--------------+--------------+--------------+--------------+--------------+--------------+--------------+--------------+--------------+--------------+--------------+--------------+--------------+--------------+--------------+--------------+--------------+--------------+--------------+--------------+--------------+--------------+--------------+--------------+--------------+
|      ACTUAL_CPU_CLOCK      |  FIXC1  | 6172082000 | 6172562000 | 6171103000 | 6172148000 | 6171511000 | 6171989000 | 6172507000 | 6172020000 | 6130104000 | 6130127000 |  6129830000 |  6130252000 |  6130285000 |  6130273000 |  6130167000 |  6129902000 |  6122165000 |  6122119000 |  6122171000 |  6122848000 |  6122284000 |  6122190000 |  6122167000 |  6122489000 |  6125441000 |  6125074000 |  6125060000 |  6125991000 |  6125443000 |  6125052000 |  6125267000 |  6125235000 |  6070115000 |  6070788000 |  6070440000 |  6070317000 |  6070252000 |  6070615000 |  6070318000 |  6069796000 |  6127229000 |  6126321000 |  6126734000 |  6127861000 |  6126733000 |  6126731000 |  6126170000 |  6127323000 |  6134328000 |  6133838000 |  6134101000 |  6134689000 |  6134731000 |  6134472000 |  6134100000 |  6133825000 |  6139441000 |  6138316000 |  6138970000 |  6138035000 |  6139279000 |  6138453000 |  6138972000 |  6138101000 |  6111961000 |  6112050000 |  6111218000 |  6111208000 |  6112053000 |  6112005000 |  6111999000 |  6111589000 |  6141241000 |  6140497000 |  6140723000 |  6141183000 |  6140156000 |  6140341000 |  6140666000 |  6140935000 |  6115671000 |  6116373000 |  6115735000 |  6116516000 |  6116827000 |  6116401000 |  6115963000 |  6116452000 |  6157987000 |  6157786000 |  6158498000 |  6157976000 |  6158429000 |  6158422000 |  6157939000 |  6157717000 |  6178431000 |  6177968000 |  6179036000 |  6177291000 |   6177168000 |   6177924000 |   6177606000 |   6177302000 |   6149671000 |   6149932000 |   6150194000 |   6149980000 |   6150468000 |   6149265000 |   6150342000 |   6150418000 |   6155301000 |   6155193000 |   6155962000 |   6155343000 |   6155991000 |   6154592000 |   6154957000 |   6155388000 |   6118784000 |   6118517000 |   6119595000 |   6119785000 |   6119664000 |   6119173000 |   6119777000 |   6119052000 |
|        MAX_CPU_CLOCK       |  FIXC2  | 5789842000 | 5790628000 | 5789404000 | 5789865000 | 5788875000 | 5789412000 | 5790551000 | 5789813000 | 5789264000 | 5789402000 |  5789472000 |  5789171000 |  5789330000 |  5789173000 |  5789411000 |  5789212000 |  5789395000 |  5789364000 |  5789393000 |  5789573000 |  5789566000 |  5789409000 |  5789396000 |  5789209000 |  5789697000 |  5789599000 |  5789566000 |  5790048000 |  5789664000 |  5789649000 |  5789652000 |  5789614000 |  5789758000 |  5789562000 |  5790314000 |  5789835000 |  5789808000 |  5789702000 |  5789877000 |  5788955000 |  5789612000 |  5789415000 |  5789277000 |  5790095000 |  5789263000 |  5789276000 |  5789316000 |  5789661000 |  5789333000 |  5788501000 |  5789337000 |  5789812000 |  5789611000 |  5788978000 |  5789333000 |  5789408000 |  5790859000 |  5789677000 |  5790083000 |  5789667000 |  5790720000 |  5789718000 |  5790086000 |  5789716000 |  5789790000 |  5789822000 |  5789432000 |  5789430000 |  5789825000 |  5789807000 |  5789815000 |  5789395000 |  5789608000 |  5789361000 |  5789233000 |  5789566000 |  5789251000 |  5789262000 |  5789215000 |  5789666000 |  5789289000 |  5789616000 |  5789346000 |  5789648000 |  5790174000 |  5789622000 |  5789221000 |  5789665000 |  5789619000 |  5789749000 |  5790071000 |  5789717000 |  5790061000 |  5790050000 |  5789568000 |  5789714000 |  5789528000 |  5788932000 |  5790655000 |  5788590000 |   5788521000 |   5788900000 |   5788770000 |   5788600000 |   5789550000 |   5789633000 |   5789734000 |   5789657000 |   5790422000 |   5789146000 |   5790356000 |   5790412000 |   5789543000 |   5789605000 |   5790051000 |   5789666000 |   5790069000 |   5789602000 |   5789294000 |   5789587000 |   5789211000 |   5788817000 |   5789574000 |   5789658000 |   5789863000 |   5789084000 |   5789645000 |   5789091000 |
|    RETIRED_INSTRUCTIONS    |   PMC0  | 3809181000 | 3829261000 | 3816721000 | 3813473000 | 3811863000 | 3814864000 | 3808355000 | 3807020000 | 3830653000 | 3832900000 |  3836959000 |  3867065000 |  3827683000 |  3831972000 |  3821550000 |  3829481000 |  3839283000 |  3818193000 |  3818282000 |  3839375000 |  3821799000 |  3818189000 |  3838131000 |  3812649000 |  3823941000 |  3824174000 |  3830289000 |  3857518000 |  3826730000 |  3828221000 |  3826838000 |  3852711000 |  3805389000 |  3814357000 |  3831398000 |  3800933000 |  3812234000 |  3810283000 |  3794862000 |  3798880000 |  3862084000 |  3856916000 |  3868267000 |  3851289000 |  3852468000 |  3829548000 |  3827739000 |  3824111000 |  3830399000 |  3805501000 |  3826560000 |  3808698000 |  3808692000 |  3816192000 |  3830618000 |  3802939000 |  3809636000 |  3803066000 |  3806667000 |  3818142000 |  3813990000 |  3800103000 |  3797363000 |  3764892000 |  3820536000 |  3829870000 |  3830991000 |  3828987000 |  3829647000 |  3831166000 |  3808361000 |  3814541000 |  3819233000 |  3825664000 |  3836676000 |  3843838000 |  3844767000 |  3833317000 |  3846870000 |  3840396000 |  3827546000 |  3812568000 |  3825358000 |  3826320000 |  3820511000 |  3809944000 |  3802599000 |  3812118000 |  3839218000 |  3831200000 |  3838553000 |  3827693000 |  3825144000 |  3811063000 |  3808111000 |  3776958000 |  3855504000 |  3845159000 |  3850202000 |  3858483000 |   3851997000 |   3858197000 |   3834352000 |   3867643000 |   3861297000 |   3862633000 |   3867984000 |   3878758000 |   3891001000 |   3874651000 |   3863230000 |   3870795000 |   3836917000 |   3829812000 |   3836601000 |   3829608000 |   3837651000 |   3839635000 |   3833745000 |   3851054000 |   3803368000 |   3800547000 |   3813620000 |   3808960000 |   3805133000 |   3802941000 |   3807167000 |   3759123000 |
|     CPU_CLOCKS_UNHALTED    |   PMC1  | 6106547000 | 6112792000 | 6108534000 | 6110330000 | 6110046000 | 6110083000 | 6111040000 | 6110452000 | 6069282000 | 6069226000 |  6069461000 |  6068956000 |  6068987000 |  6069395000 |  6068856000 |  6069546000 |  6060806000 |  6060283000 |  6060315000 |  6060291000 |  6060335000 |  6060590000 |  6060499000 |  6060634000 |  6064414000 |  6064215000 |  6064409000 |  6064319000 |  6064673000 |  6063576000 |  6064302000 |  6064579000 |  6012789000 |  6013193000 |  6012140000 |  6011529000 |  6013686000 |  6013521000 |  6012289000 |  6012935000 |  6068910000 |  6068790000 |  6068600000 |  6069108000 |  6068479000 |  6068677000 |  6067630000 |  6068367000 |  6072942000 |  6073896000 |  6074300000 |  6074990000 |  6073924000 |  6073903000 |  6073968000 |  6073734000 |  6089876000 |  6088839000 |  6088694000 |  6089182000 |  6090734000 |  6089284000 |  6089452000 |  6089066000 |  6052490000 |  6052449000 |  6052567000 |  6052151000 |  6052539000 |  6052583000 |  6052510000 |  6052320000 |  6082262000 |  6082159000 |  6082123000 |  6081828000 |  6081679000 |  6081760000 |  6082638000 |  6082106000 |  6056242000 |  6057067000 |  6056108000 |  6057100000 |  6057572000 |  6057021000 |  6054503000 |  6056372000 |  6110091000 |  6110490000 |  6110109000 |  6110419000 |  6109939000 |  6110731000 |  6109665000 |  6111416000 |  6122181000 |  6121472000 |  6123963000 |  6121420000 |   6119930000 |   6120497000 |   6121377000 |   6121306000 |   6094929000 |   6094647000 |   6094934000 |   6094699000 |   6097594000 |   6094764000 |   6097504000 |   6098065000 |   6097111000 |   6097814000 |   6097190000 |   6097322000 |   6096988000 |   6096998000 |   6097072000 |   6097137000 |   6072798000 |   6073519000 |   6073708000 |   6072883000 |   6072889000 |   6073249000 |   6072544000 |   6072513000 |
| REQUESTS_TO_L2_GRP1_RD_ANY |   PMC2  | 2148793000 | 2148844000 | 2148582000 | 2149189000 | 2148717000 | 2148962000 | 2148855000 | 2149318000 | 2148538000 | 2148786000 |  2148696000 |  2148268000 |  2148897000 |  2148991000 |  2148777000 |  2148939000 |  2148375000 |  2148761000 |  2148651000 |  2148411000 |  2148680000 |  2148714000 |  2148480000 |  2148901000 |  2148634000 |  2148819000 |  2148411000 |  2148498000 |  2148694000 |  2148701000 |  2148592000 |  2148444000 |  2148942000 |  2148986000 |  2148688000 |  2150579000 |  2148843000 |  2148977000 |  2149596000 |  2149341000 |  2148591000 |  2148806000 |  2148543000 |  2148747000 |  2148677000 |  2149490000 |  2149586000 |  2149510000 |  2148726000 |  2149808000 |  2148726000 |  2149208000 |  2149011000 |  2149053000 |  2148818000 |  2149352000 |  2149642000 |  2149770000 |  2149661000 |  2149574000 |  2149729000 |  2149773000 |  2149716000 |  2153235000 |  2148846000 |  2148972000 |  2148849000 |  2148763000 |  2148737000 |  2148916000 |  2148982000 |  2149311000 |  2149383000 |  2149581000 |  2148675000 |  2148663000 |  2148760000 |  2148959000 |  2148834000 |  2148944000 |  2148792000 |  2149087000 |  2148783000 |  2148781000 |  2148851000 |  2149215000 |  2149135000 |  2149223000 |  2150556000 |  2150679000 |  2150885000 |  2150423000 |  2150658000 |  2151493000 |  2150753000 |  2157428000 |  2148864000 |  2149099000 |  2149073000 |  2148821000 |   2149264000 |   2148985000 |   2149202000 |   2148950000 |   2148860000 |   2149038000 |   2148708000 |   2148702000 |   2148594000 |   2148683000 |   2149049000 |   2148895000 |   2149247000 |   2149117000 |   2149256000 |   2148878000 |   2148868000 |   2149425000 |   2149167000 |   2148905000 |   2150753000 |   2151146000 |   2150506000 |   2149728000 |   2151122000 |   2150562000 |   2150717000 |   2155217000 |
|     L2_PF_HIT_IN_L2_ALL    |   PMC3  | 1184481000 |  990370000 | 1086975000 | 1077865000 | 1139477000 | 1059813000 | 1211234000 | 1162843000 | 1089062000 | 1028697000 |  1011605000 |   740541500 |  1088266000 |  1010253000 |  1179446000 |  1047917000 |   873572300 |  1022776000 |  1037875000 |   813616100 |  1010359000 |   992060100 |   875169700 |  1073947000 |  1087851000 |  1052344000 |   999107400 |   749061600 |  1050272000 |   991407100 |  1057240000 |   807994000 |  1079963000 |   951820900 |   832986100 |   941371800 |   965469100 |   958221700 |  1193177000 |  1083631000 |   800756200 |   818540600 |   730637200 |   820288900 |   818977100 |  1010228000 |  1128420000 |  1092606000 |   911607000 |  1104573000 |   905986700 |  1045593000 |  1110713000 |   968489900 |   917198900 |  1124139000 |  1002048000 |  1029161000 |   993801300 |   891445000 |   861812700 |  1035609000 |  1062799000 |  1371457000 |  1027892000 |   908072600 |   885299400 |   881684700 |   871337400 |   849967200 |  1155070000 |  1028645000 |  1143574000 |  1031080000 |   917411300 |   811279900 |   858683100 |   937957400 |   877418700 |   888560100 |   939244000 |  1042160000 |   923724400 |   893748700 |   969005400 |  1029311000 |  1197585000 |  1027643000 |   850613200 |   880778400 |   837883000 |   896639000 |   849649900 |  1043589000 |  1058296000 |  1308000000 |   939071000 |  1000553000 |  1000095000 |   854643000 |    900558200 |    844540400 |   1150211000 |    814231000 |   1014640000 |    950566100 |    876480900 |    774515300 |    709911700 |    790600400 |    973118700 |    856031700 |    952047600 |   1016127000 |    936223600 |    981208000 |    971423300 |    900495700 |   1009889000 |    836963200 |    972166500 |    956066900 |    868866600 |    895227300 |    850044900 |    936909200 |    891196200 |   1367964000 |
+----------------------------+---------+------------+------------+------------+------------+------------+------------+------------+------------+------------+------------+-------------+-------------+-------------+-------------+-------------+-------------+-------------+-------------+-------------+-------------+-------------+-------------+-------------+-------------+-------------+-------------+-------------+-------------+-------------+-------------+-------------+-------------+-------------+-------------+-------------+-------------+-------------+-------------+-------------+-------------+-------------+-------------+-------------+-------------+-------------+-------------+-------------+-------------+-------------+-------------+-------------+-------------+-------------+-------------+-------------+-------------+-------------+-------------+-------------+-------------+-------------+-------------+-------------+-------------+-------------+-------------+-------------+-------------+-------------+-------------+-------------+-------------+-------------+-------------+-------------+-------------+-------------+-------------+-------------+-------------+-------------+-------------+-------------+-------------+-------------+-------------+-------------+-------------+-------------+-------------+-------------+-------------+-------------+-------------+-------------+-------------+-------------+-------------+-------------+-------------+--------------+--------------+--------------+--------------+--------------+--------------+--------------+--------------+--------------+--------------+--------------+--------------+--------------+--------------+--------------+--------------+--------------+--------------+--------------+--------------+--------------+--------------+--------------+--------------+--------------+--------------+--------------+--------------+
+---------------------------------+---------+--------------+------------+------------+--------------+
|              Event              | Counter |      Sum     |     Min    |     Max    |      Avg     |
+---------------------------------+---------+--------------+------------+------------+--------------+
|      ACTUAL_CPU_CLOCK STAT      |  FIXC1  | 785193839000 | 6069796000 | 6179036000 | 6.134327e+09 |
|        MAX_CPU_CLOCK STAT       |  FIXC2  | 741065558000 | 5788501000 | 5790859000 | 5.789575e+09 |
|    RETIRED_INSTRUCTIONS STAT    |   PMC0  | 489917072000 | 3759123000 | 3891001000 |   3827477125 |
|     CPU_CLOCKS_UNHALTED STAT    |   PMC1  | 777901226000 | 6011529000 | 6123963000 | 6.077353e+09 |
| REQUESTS_TO_L2_GRP1_RD_ANY STAT |   PMC2  | 275111940000 | 2148268000 | 2157428000 | 2.149312e+09 |
|     L2_PF_HIT_IN_L2_ALL STAT    |   PMC3  | 124781415100 |  709911700 | 1371457000 | 9.748548e+08 |
+---------------------------------+---------+--------------+------------+------------+--------------+
+-------------------------------+------------+------------+------------+------------+------------+------------+------------+------------+------------+------------+-------------+-------------+-------------+-------------+-------------+-------------+-------------+-------------+-------------+-------------+-------------+-------------+-------------+-------------+-------------+-------------+-------------+-------------+-------------+-------------+-------------+-------------+-------------+-------------+-------------+-------------+-------------+-------------+-------------+-------------+-------------+-------------+-------------+-------------+-------------+-------------+-------------+-------------+-------------+-------------+-------------+-------------+-------------+-------------+-------------+-------------+-------------+-------------+-------------+-------------+-------------+-------------+-------------+-------------+-------------+-------------+-------------+-------------+-------------+-------------+-------------+-------------+-------------+-------------+-------------+-------------+-------------+-------------+-------------+-------------+-------------+-------------+-------------+-------------+-------------+-------------+-------------+-------------+-------------+-------------+-------------+-------------+-------------+-------------+-------------+-------------+-------------+-------------+-------------+-------------+--------------+--------------+--------------+--------------+--------------+--------------+--------------+--------------+--------------+--------------+--------------+--------------+--------------+--------------+--------------+--------------+--------------+--------------+--------------+--------------+--------------+--------------+--------------+--------------+--------------+--------------+--------------+--------------+
|             Metric            | HWThread 0 | HWThread 1 | HWThread 2 | HWThread 3 | HWThread 4 | HWThread 5 | HWThread 6 | HWThread 7 | HWThread 8 | HWThread 9 | HWThread 10 | HWThread 11 | HWThread 12 | HWThread 13 | HWThread 14 | HWThread 15 | HWThread 16 | HWThread 17 | HWThread 18 | HWThread 19 | HWThread 20 | HWThread 21 | HWThread 22 | HWThread 23 | HWThread 24 | HWThread 25 | HWThread 26 | HWThread 27 | HWThread 28 | HWThread 29 | HWThread 30 | HWThread 31 | HWThread 32 | HWThread 33 | HWThread 34 | HWThread 35 | HWThread 36 | HWThread 37 | HWThread 38 | HWThread 39 | HWThread 40 | HWThread 41 | HWThread 42 | HWThread 43 | HWThread 44 | HWThread 45 | HWThread 46 | HWThread 47 | HWThread 48 | HWThread 49 | HWThread 50 | HWThread 51 | HWThread 52 | HWThread 53 | HWThread 54 | HWThread 55 | HWThread 56 | HWThread 57 | HWThread 58 | HWThread 59 | HWThread 60 | HWThread 61 | HWThread 62 | HWThread 63 | HWThread 64 | HWThread 65 | HWThread 66 | HWThread 67 | HWThread 68 | HWThread 69 | HWThread 70 | HWThread 71 | HWThread 72 | HWThread 73 | HWThread 74 | HWThread 75 | HWThread 76 | HWThread 77 | HWThread 78 | HWThread 79 | HWThread 80 | HWThread 81 | HWThread 82 | HWThread 83 | HWThread 84 | HWThread 85 | HWThread 86 | HWThread 87 | HWThread 88 | HWThread 89 | HWThread 90 | HWThread 91 | HWThread 92 | HWThread 93 | HWThread 94 | HWThread 95 | HWThread 96 | HWThread 97 | HWThread 98 | HWThread 99 | HWThread 100 | HWThread 101 | HWThread 102 | HWThread 103 | HWThread 104 | HWThread 105 | HWThread 106 | HWThread 107 | HWThread 108 | HWThread 109 | HWThread 110 | HWThread 111 | HWThread 112 | HWThread 113 | HWThread 114 | HWThread 115 | HWThread 116 | HWThread 117 | HWThread 118 | HWThread 119 | HWThread 120 | HWThread 121 | HWThread 122 | HWThread 123 | HWThread 124 | HWThread 125 | HWThread 126 | HWThread 127 |
+-------------------------------+------------+------------+------------+------------+------------+------------+------------+------------+------------+------------+-------------+-------------+-------------+-------------+-------------+-------------+-------------+-------------+-------------+-------------+-------------+-------------+-------------+-------------+-------------+-------------+-------------+-------------+-------------+-------------+-------------+-------------+-------------+-------------+-------------+-------------+-------------+-------------+-------------+-------------+-------------+-------------+-------------+-------------+-------------+-------------+-------------+-------------+-------------+-------------+-------------+-------------+-------------+-------------+-------------+-------------+-------------+-------------+-------------+-------------+-------------+-------------+-------------+-------------+-------------+-------------+-------------+-------------+-------------+-------------+-------------+-------------+-------------+-------------+-------------+-------------+-------------+-------------+-------------+-------------+-------------+-------------+-------------+-------------+-------------+-------------+-------------+-------------+-------------+-------------+-------------+-------------+-------------+-------------+-------------+-------------+-------------+-------------+-------------+-------------+--------------+--------------+--------------+--------------+--------------+--------------+--------------+--------------+--------------+--------------+--------------+--------------+--------------+--------------+--------------+--------------+--------------+--------------+--------------+--------------+--------------+--------------+--------------+--------------+--------------+--------------+--------------+--------------+
|      Runtime (RDTSC) [s]      |     2.1463 |     2.1470 |     2.1462 |     2.1463 |     2.1463 |     2.1463 |     2.1466 |     2.1463 |     2.1462 |     2.1462 |      2.1462 |      2.1461 |      2.1462 |      2.1461 |      2.1461 |      2.1462 |      2.1462 |      2.1462 |      2.1462 |      2.1461 |      2.1461 |      2.1462 |      2.1461 |      2.1462 |      2.1463 |      2.1463 |      2.1463 |      2.1463 |      2.1464 |      2.1461 |      2.1463 |      2.1463 |      2.1463 |      2.1462 |      2.1464 |      2.1464 |      2.1463 |      2.1463 |      2.1464 |      2.1463 |      2.1462 |      2.1462 |      2.1462 |      2.1463 |      2.1462 |      2.1462 |      2.1462 |      2.1461 |      2.1461 |      2.1462 |      2.1462 |      2.1463 |      2.1461 |      2.1464 |      2.1462 |      2.1461 |      2.1470 |      2.1463 |      2.1463 |      2.1461 |      2.1466 |      2.1463 |      2.1463 |      2.1462 |      2.1463 |      2.1463 |      2.1461 |      2.1461 |      2.1463 |      2.1463 |      2.1463 |      2.1461 |      2.1462 |      2.1462 |      2.1462 |      2.1462 |      2.1462 |      2.1462 |      2.1462 |      2.1462 |      2.1462 |      2.1464 |      2.1462 |      2.1464 |      2.1465 |      2.1464 |      2.1461 |      2.1463 |      2.1462 |      2.1462 |      2.1463 |      2.1463 |      2.1463 |      2.1463 |      2.1462 |      2.1462 |      2.1465 |      2.1463 |      2.1470 |      2.1462 |       2.1462 |       2.1463 |       2.1462 |       2.1462 |       2.1463 |       2.1463 |       2.1464 |       2.1463 |       2.1470 |       2.1462 |       2.1469 |       2.1470 |       2.1462 |       2.1463 |       2.1463 |       2.1463 |       2.1463 |       2.1462 |       2.1461 |       2.1462 |       2.1461 |       2.1462 |       2.1463 |       2.1463 |       2.1462 |       2.1463 |       2.1462 |       2.1462 |
|      Runtime unhalted [s]     |     2.2900 |     2.2902 |     2.2897 |     2.2900 |     2.2898 |     2.2900 |     2.2902 |     2.2900 |     2.2744 |     2.2745 |      2.2743 |      2.2745 |      2.2745 |      2.2745 |      2.2745 |      2.2744 |      2.2715 |      2.2715 |      2.2715 |      2.2718 |      2.2715 |      2.2715 |      2.2715 |      2.2716 |      2.2727 |      2.2726 |      2.2726 |      2.2729 |      2.2727 |      2.2726 |      2.2727 |      2.2726 |      2.2522 |      2.2524 |      2.2523 |      2.2523 |      2.2522 |      2.2524 |      2.2523 |      2.2521 |      2.2734 |      2.2730 |      2.2732 |      2.2736 |      2.2732 |      2.2732 |      2.2730 |      2.2734 |      2.2760 |      2.2758 |      2.2759 |      2.2761 |      2.2762 |      2.2761 |      2.2759 |      2.2758 |      2.2779 |      2.2775 |      2.2777 |      2.2774 |      2.2779 |      2.2775 |      2.2777 |      2.2774 |      2.2677 |      2.2677 |      2.2674 |      2.2674 |      2.2678 |      2.2677 |      2.2677 |      2.2676 |      2.2786 |      2.2783 |      2.2784 |      2.2786 |      2.2782 |      2.2782 |      2.2784 |      2.2785 |      2.2691 |      2.2694 |      2.2691 |      2.2694 |      2.2695 |      2.2694 |      2.2692 |      2.2694 |      2.2848 |      2.2847 |      2.2850 |      2.2848 |      2.2850 |      2.2850 |      2.2848 |      2.2847 |      2.2924 |      2.2922 |      2.2926 |      2.2920 |       2.2919 |       2.2922 |       2.2921 |       2.2920 |       2.2817 |       2.2818 |       2.2819 |       2.2818 |       2.2820 |       2.2816 |       2.2820 |       2.2820 |       2.2838 |       2.2838 |       2.2840 |       2.2838 |       2.2841 |       2.2835 |       2.2837 |       2.2838 |       2.2702 |       2.2701 |       2.2705 |       2.2706 |       2.2706 |       2.2704 |       2.2706 |       2.2703 |
|          Clock [MHz]          |  2873.1398 |  2872.9732 |  2872.9014 |  2873.1591 |  2873.3538 |  2873.3099 |  2872.9858 |  2873.1253 |  2853.8837 |  2853.8263 |   2853.6536 |   2853.9984 |   2853.9354 |   2854.0072 |   2853.8405 |   2853.8152 |   2850.1231 |   2850.1170 |   2850.1269 |   2850.3535 |   2850.0944 |   2850.1279 |   2850.1236 |   2850.3656 |   2851.4995 |   2851.3769 |   2851.3867 |   2851.5827 |   2851.5167 |   2851.3421 |   2851.4407 |   2851.4445 |   2825.7145 |   2826.1235 |   2825.5945 |   2825.7710 |   2825.7539 |   2825.9746 |   2825.7509 |   2825.9580 |   2852.3737 |   2852.0481 |   2852.3083 |   2852.4300 |   2852.3148 |   2852.3074 |   2852.0266 |   2852.3934 |   2855.8161 |   2855.9984 |   2855.7085 |   2855.7479 |   2855.8666 |   2856.0583 |   2855.7100 |   2855.5449 |   2857.4433 |   2857.5029 |   2857.6070 |   2857.3770 |   2857.4365 |   2857.5465 |   2857.6064 |   2857.3836 |   2845.1786 |   2845.2043 |   2845.0087 |   2845.0050 |   2845.2043 |   2845.1908 |   2845.1840 |   2845.1996 |   2858.8986 |   2858.6742 |   2858.8427 |   2858.8924 |   2858.5698 |   2858.6505 |   2858.8250 |   2858.7275 |   2847.1520 |   2847.3180 |   2847.1538 |   2847.3689 |   2847.2550 |   2847.3281 |   2847.3214 |   2847.3307 |   2866.6889 |   2866.5309 |   2866.7029 |   2866.6352 |   2866.6758 |   2866.6780 |   2866.6918 |   2866.5161 |   2876.2512 |   2876.3318 |   2875.9730 |   2876.1865 |    2876.1635 |    2876.3272 |    2876.2438 |    2876.1867 |    2862.8517 |    2862.9321 |    2863.0042 |    2862.9426 |    2862.7915 |    2862.8625 |    2862.7655 |    2862.7732 |    2865.4761 |    2865.3951 |    2865.5324 |    2865.4348 |    2865.5370 |    2865.1168 |    2865.4392 |    2865.4948 |    2848.6397 |    2848.7093 |    2848.8386 |    2848.8857 |    2848.7285 |    2848.8833 |    2848.8884 |    2848.8235 |
|              CPI              |     1.6031 |     1.5963 |     1.6005 |     1.6023 |     1.6029 |     1.6017 |     1.6046 |     1.6050 |     1.5844 |     1.5835 |      1.5818 |      1.5694 |      1.5856 |      1.5839 |      1.5881 |      1.5850 |      1.5786 |      1.5872 |      1.5872 |      1.5785 |      1.5857 |      1.5873 |      1.5790 |      1.5896 |      1.5859 |      1.5858 |      1.5833 |      1.5721 |      1.5848 |      1.5839 |      1.5847 |      1.5741 |      1.5801 |      1.5765 |      1.5692 |      1.5816 |      1.5775 |      1.5782 |      1.5843 |      1.5828 |      1.5714 |      1.5735 |      1.5688 |      1.5759 |      1.5752 |      1.5847 |      1.5852 |      1.5869 |      1.5855 |      1.5961 |      1.5874 |      1.5950 |      1.5948 |      1.5916 |      1.5856 |      1.5971 |      1.5985 |      1.6010 |      1.5995 |      1.5948 |      1.5969 |      1.6024 |      1.6036 |      1.6173 |      1.5842 |      1.5803 |      1.5799 |      1.5806 |      1.5804 |      1.5798 |      1.5893 |      1.5866 |      1.5925 |      1.5898 |      1.5853 |      1.5822 |      1.5818 |      1.5866 |      1.5812 |      1.5837 |      1.5823 |      1.5887 |      1.5831 |      1.5830 |      1.5855 |      1.5898 |      1.5922 |      1.5887 |      1.5915 |      1.5949 |      1.5918 |      1.5964 |      1.5973 |      1.6034 |      1.6044 |      1.6181 |      1.5879 |      1.5920 |      1.5906 |      1.5865 |       1.5888 |       1.5864 |       1.5965 |       1.5827 |       1.5785 |       1.5778 |       1.5757 |       1.5713 |       1.5671 |       1.5730 |       1.5783 |       1.5754 |       1.5891 |       1.5922 |       1.5892 |       1.5922 |       1.5887 |       1.5879 |       1.5904 |       1.5832 |       1.5967 |       1.5981 |       1.5926 |       1.5944 |       1.5960 |       1.5970 |       1.5950 |       1.6154 |
|    L2 bandwidth [MBytes/s]    | 64075.5622 | 64054.2817 | 64072.4347 | 64086.1165 | 64072.0719 | 64080.8405 | 64067.4110 | 64089.9632 | 64071.0032 | 64077.2642 |  64075.7149 |  64063.9068 |  64081.3505 |  64085.4377 |  64079.0858 |  64082.8717 |  64063.9932 |  64077.2651 |  64073.9848 |  64068.1414 |  64076.4320 |  64074.0722 |  64070.6469 |  64081.8580 |  64069.4477 |  64076.3076 |  64063.0668 |  64066.8849 |  64069.8040 |  64076.4611 |  64069.5088 |  64063.9016 |  64078.9901 |  64081.7353 |  64067.8341 |  64125.2043 |  64074.6350 |  64078.6007 |  64096.7297 |  64091.2163 |  64072.1060 |  64078.9354 |  64070.6746 |  64072.9068 |  64073.8347 |  64098.2576 |  64101.7774 |  64101.2733 |  64076.9976 |  64108.5470 |  64076.2811 |  64085.8470 |  64086.0640 |  64079.7623 |  64079.0246 |  64096.3226 |  64077.8900 |  64102.6647 |  64100.5494 |  64102.9130 |  64092.3046 |  64103.7696 |  64100.9052 |  64210.9815 |  64075.8588 |  64078.8398 |  64080.7253 |  64078.2503 |  64072.5191 |  64078.0954 |  64079.9739 |  64095.1298 |  64095.7537 |  64101.9569 |  64074.6408 |  64074.2830 |  64077.1755 |  64083.5876 |  64078.6358 |  64083.0208 |  64078.5478 |  64081.2836 |  64077.8913 |  64072.1593 |  64071.5003 |  64085.1600 |  64089.6722 |  64088.3845 |  64130.8229 |  64134.7299 |  64135.3444 |  64121.9568 |  64129.8605 |  64154.7890 |  64136.7274 |  64336.0197 |  64071.6193 |  64083.3731 |  64062.3611 |  64079.1737 |   64092.5336 |   64079.9738 |   64088.2062 |   64083.0206 |   64077.4705 |   64082.7783 |   64069.6543 |   64072.7889 |   64046.5909 |   64074.9391 |   64062.7497 |   64055.6826 |   64091.9371 |   64083.9696 |   64089.2789 |   64078.0073 |   64077.7091 |   64097.6334 |   64090.9848 |   64081.8280 |   64138.3412 |   64148.6561 |   64125.2982 |   64102.0992 |   64146.8943 |   64127.0577 |   64133.3828 |   64270.0262 |
|    L2 data volume [GBytes]    |   137.5228 |   137.5260 |   137.5092 |   137.5481 |   137.5179 |   137.5336 |   137.5267 |   137.5564 |   137.5064 |   137.5223 |    137.5165 |    137.4892 |    137.5294 |    137.5354 |    137.5217 |    137.5321 |    137.4960 |    137.5207 |    137.5137 |    137.4983 |    137.5155 |    137.5177 |    137.5027 |    137.5297 |    137.5126 |    137.5244 |    137.4983 |    137.5039 |    137.5164 |    137.5169 |    137.5099 |    137.5004 |    137.5323 |    137.5351 |    137.5160 |    137.6371 |    137.5260 |    137.5345 |    137.5741 |    137.5578 |    137.5098 |    137.5236 |    137.5068 |    137.5198 |    137.5153 |    137.5674 |    137.5735 |    137.5686 |    137.5185 |    137.5877 |    137.5185 |    137.5493 |    137.5367 |    137.5394 |    137.5244 |    137.5585 |    137.5771 |    137.5853 |    137.5783 |    137.5727 |    137.5827 |    137.5855 |    137.5818 |    137.8070 |    137.5261 |    137.5342 |    137.5263 |    137.5208 |    137.5192 |    137.5306 |    137.5348 |    137.5559 |    137.5605 |    137.5732 |    137.5152 |    137.5144 |    137.5206 |    137.5334 |    137.5254 |    137.5324 |    137.5227 |    137.5416 |    137.5221 |    137.5220 |    137.5265 |    137.5498 |    137.5446 |    137.5503 |    137.6356 |    137.6435 |    137.6566 |    137.6271 |    137.6421 |    137.6956 |    137.6482 |    138.0754 |    137.5273 |    137.5423 |    137.5407 |    137.5245 |     137.5529 |     137.5350 |     137.5489 |     137.5328 |     137.5270 |     137.5384 |     137.5173 |     137.5169 |     137.5100 |     137.5157 |     137.5391 |     137.5293 |     137.5518 |     137.5435 |     137.5524 |     137.5282 |     137.5276 |     137.5632 |     137.5467 |     137.5299 |     137.6482 |     137.6733 |     137.6324 |     137.5826 |     137.6718 |     137.6360 |     137.6459 |     137.9339 |
| Prefetch bandwidth [MBytes/s] | 35320.4268 | 29521.6586 | 32414.4644 | 32140.5805 | 33977.7888 | 31603.0287 | 36112.5467 | 34674.5177 | 32476.6399 | 30675.9675 |  30166.8145 |  22083.8283 |  32452.7211 |  30126.9320 |  35172.4825 |  31249.6216 |  26049.7026 |  30499.7572 |  30950.0179 |  24262.9885 |  30130.2194 |  29582.9647 |  26098.7716 |  32025.9142 |  32438.2900 |  31380.1757 |  29792.1972 |  22336.5548 |  31317.0331 |  29564.7735 |  31526.1564 |  24093.3662 |  32203.2602 |  28382.8443 |  24837.3032 |  28069.4915 |  28788.5528 |  28572.4350 |  35578.1941 |  32312.8014 |  23878.9682 |  24409.4675 |  21787.9830 |  24459.9733 |  24422.0063 |  30125.2179 |  33650.0739 |  32582.9774 |  27184.9643 |  32939.0206 |  27017.0596 |  31177.8632 |  33122.7827 |  28878.1163 |  27351.4141 |  33523.2088 |  29869.6813 |  30687.9166 |  29634.0722 |  26583.9749 |  25694.1978 |  30880.6747 |  31690.8735 |  40897.8119 |  30650.4341 |  27077.2437 |  26400.4719 |  26292.7149 |  25982.1384 |  25345.0016 |  34442.7526 |  30675.4745 |  34101.9900 |  30747.5018 |  27357.6970 |  24192.8017 |  25606.3905 |  27970.6012 |  26164.7914 |  26497.4869 |  28008.9425 |  31075.0335 |  27545.9698 |  26649.7187 |  28892.4778 |  30691.9318 |  35713.3591 |  30643.6232 |  25365.7773 |  26265.4189 |  24984.0948 |  26736.2502 |  25335.4692 |  31118.4987 |  31559.0131 |  39005.4796 |  27999.8174 |  29835.2059 |  29812.1315 |  25485.9838 |   26855.2661 |   25183.1105 |   34298.7582 |   24280.8730 |   30255.8402 |   28345.2022 |   26134.6950 |   23095.5039 |   21161.4778 |   23576.1499 |   29008.4869 |   25517.1588 |   28390.6758 |   30299.6309 |   27917.5191 |   29258.9218 |   28967.1490 |   26853.5275 |   30116.2174 |   24958.8194 |   28991.3099 |   28510.5738 |   25908.4745 |   26694.5163 |   25348.5113 |   27937.4556 |   26575.0571 |   40793.6102 |
| Prefetch data volume [GBytes] |    75.8068 |    63.3837 |    69.5664 |    68.9834 |    72.9265 |    67.8280 |    77.5190 |    74.4220 |    69.7000 |    65.8366 |     64.7427 |     47.3947 |     69.6490 |     64.6562 |     75.4845 |     67.0667 |     55.9086 |     65.4577 |     66.4240 |     52.0714 |     64.6630 |     63.4918 |     56.0109 |     68.7326 |     69.6225 |     67.3500 |     63.9429 |     47.9399 |     67.2174 |     63.4501 |     67.6634 |     51.7116 |     69.1176 |     60.9165 |     53.3111 |     60.2478 |     61.7900 |     61.3262 |     76.3633 |     69.3524 |     51.2484 |     52.3866 |     46.7608 |     52.4985 |     52.4145 |     64.6546 |     72.2189 |     69.9268 |     58.3428 |     70.6927 |     57.9831 |     66.9180 |     71.0856 |     61.9834 |     58.7007 |     71.9449 |     64.1311 |     65.8663 |     63.6033 |     57.0525 |     55.1560 |     66.2790 |     68.0191 |     87.7732 |     65.7851 |     58.1166 |     56.6592 |     56.4278 |     55.7656 |     54.3979 |     73.9245 |     65.8333 |     73.1887 |     65.9891 |     58.7143 |     51.9219 |     54.9557 |     60.0293 |     56.1548 |     56.8678 |     60.1116 |     66.6982 |     59.1184 |     57.1999 |     62.0163 |     65.8759 |     76.6454 |     65.7692 |     54.4392 |     56.3698 |     53.6245 |     57.3849 |     54.3776 |     66.7897 |     67.7309 |     83.7120 |     60.1005 |     64.0354 |     64.0061 |     54.6972 |      57.6357 |      54.0506 |      73.6135 |      52.1108 |      64.9370 |      60.8362 |      56.0948 |      49.5690 |      45.4343 |      50.5984 |      62.2796 |      54.7860 |      60.9310 |      65.0321 |      59.9183 |      62.7973 |      62.1711 |      57.6317 |      64.6329 |      53.5656 |      62.2187 |      61.1883 |      55.6075 |      57.2945 |      54.4029 |      59.9622 |      57.0366 |      87.5497 |
+-------------------------------+------------+------------+------------+------------+------------+------------+------------+------------+------------+------------+-------------+-------------+-------------+-------------+-------------+-------------+-------------+-------------+-------------+-------------+-------------+-------------+-------------+-------------+-------------+-------------+-------------+-------------+-------------+-------------+-------------+-------------+-------------+-------------+-------------+-------------+-------------+-------------+-------------+-------------+-------------+-------------+-------------+-------------+-------------+-------------+-------------+-------------+-------------+-------------+-------------+-------------+-------------+-------------+-------------+-------------+-------------+-------------+-------------+-------------+-------------+-------------+-------------+-------------+-------------+-------------+-------------+-------------+-------------+-------------+-------------+-------------+-------------+-------------+-------------+-------------+-------------+-------------+-------------+-------------+-------------+-------------+-------------+-------------+-------------+-------------+-------------+-------------+-------------+-------------+-------------+-------------+-------------+-------------+-------------+-------------+-------------+-------------+-------------+-------------+--------------+--------------+--------------+--------------+--------------+--------------+--------------+--------------+--------------+--------------+--------------+--------------+--------------+--------------+--------------+--------------+--------------+--------------+--------------+--------------+--------------+--------------+--------------+--------------+--------------+--------------+--------------+--------------+
+------------------------------------+--------------+------------+------------+------------+
|               Metric               |      Sum     |     Min    |     Max    |     Avg    |
+------------------------------------+--------------+------------+------------+------------+
|      Runtime (RDTSC) [s] STAT      |     274.7240 |     2.1461 |     2.1470 |     2.1463 |
|      Runtime unhalted [s] STAT     |     291.3298 |     2.2521 |     2.2926 |     2.2760 |
|          Clock [MHz] STAT          |  365529.1412 |  2825.5945 |  2876.3318 |  2855.6964 |
|              CPI STAT              |     203.2466 |     1.5671 |     1.6181 |     1.5879 |
|    L2 bandwidth [MBytes/s] STAT    | 8.203602e+06 | 64046.5909 | 64336.0197 | 64090.6402 |
|    L2 data volume [GBytes] STAT    |   17607.1641 |   137.4892 |   138.0754 |   137.5560 |
| Prefetch bandwidth [MBytes/s] STAT | 3.720878e+06 | 21161.4778 | 40897.8119 | 29069.3615 |
| Prefetch data volume [GBytes] STAT |    7986.0103 |    45.4343 |    87.7732 |    62.3907 |
+------------------------------------+--------------+------------+------------+------------+
