--------------------------------------------------------------------------------
CPU name:	AMD EPYC 9755 128-Core Processor               
CPU type:	AMD K1A (Zen5) architecture
CPU clock:	2.70 GHz
--------------------------------------------------------------------------------
Region bench, Group 1: L2BW
+-------------------+------------+------------+------------+------------+------------+------------+------------+------------+------------+------------+-------------+-------------+-------------+-------------+-------------+-------------+-------------+-------------+-------------+-------------+-------------+-------------+-------------+-------------+-------------+-------------+-------------+-------------+-------------+-------------+-------------+-------------+-------------+-------------+-------------+-------------+-------------+-------------+-------------+-------------+-------------+-------------+-------------+-------------+-------------+-------------+-------------+-------------+-------------+-------------+-------------+-------------+-------------+-------------+-------------+-------------+-------------+-------------+-------------+-------------+-------------+-------------+-------------+-------------+-------------+-------------+-------------+-------------+-------------+-------------+-------------+-------------+-------------+-------------+-------------+-------------+-------------+-------------+-------------+-------------+-------------+-------------+-------------+-------------+-------------+-------------+-------------+-------------+-------------+-------------+-------------+-------------+-------------+-------------+-------------+-------------+-------------+-------------+-------------+-------------+--------------+--------------+--------------+--------------+--------------+--------------+--------------+--------------+--------------+--------------+--------------+--------------+--------------+--------------+--------------+--------------+--------------+--------------+--------------+--------------+--------------+--------------+--------------+--------------+--------------+--------------+--------------+--------------+
|    Region Info    | HWThread 0 | HWThread 1 | HWThread 2 | HWThread 3 | HWThread 4 | HWThread 5 | HWThread 6 | HWThread 7 | HWThread 8 | HWThread 9 | HWThread 10 | HWThread 11 | HWThread 12 | HWThread 13 | HWThread 14 | HWThread 15 | HWThread 16 | HWThread 17 | HWThread 18 | HWThread 19 | HWThread 20 | HWThread 21 | HWThread 22 | HWThread 23 | HWThread 24 | HWThread 25 | HWThread 26 | HWThread 27 | HWThread 28 | HWThread 29 | HWThread 30 | HWThread 31 | HWThread 32 | HWThread 33 | HWThread 34 | HWThread 35 | HWThread 36 | HWThread 37 | HWThread 38 | HWThread 39 | HWThread 40 | HWThread 41 | HWThread 42 | HWThread 43 | HWThread 44 | HWThread 45 | HWThread 46 | HWThread 47 | HWThread 48 | HWThread 49 | HWThread 50 | HWThread 51 | HWThread 52 | HWThread 53 | HWThread 54 | HWThread 55 | HWThread 56 | HWThread 57 | HWThread 58 | HWThread 59 | HWThread 60 | HWThread 61 | HWThread 62 | HWThread 63 | HWThread 64 | HWThread 65 | HWThread 66 | HWThread 67 | HWThread 68 | HWThread 69 | HWThread 70 | HWThread 71 | HWThread 72 | HWThread 73 | HWThread 74 | HWThread 75 | HWThread 76 | HWThread 77 | HWThread 78 | HWThread 79 | HWThread 80 | HWThread 81 | HWThread 82 | HWThread 83 | HWThread 84 | HWThread 85 | HWThread 86 | HWThread 87 | HWThread 88 | HWThread 89 | HWThread 90 | HWThread 91 | HWThread 92 | HWThread 93 | HWThread 94 | HWThread 95 | HWThread 96 | HWThread 97 | HWThread 98 | HWThread 99 | HWThread 100 | HWThread 101 | HWThread 102 | HWThread 103 | HWThread 104 | HWThread 105 | HWThread 106 | HWThread 107 | HWThread 108 | HWThread 109 | HWThread 110 | HWThread 111 | HWThread 112 | HWThread 113 | HWThread 114 | HWThread 115 | HWThread 116 | HWThread 117 | HWThread 118 | HWThread 119 | HWThread 120 | HWThread 121 | HWThread 122 | HWThread 123 | HWThread 124 | HWThread 125 | HWThread 126 | HWThread 127 |
+-------------------+------------+------------+------------+------------+------------+------------+------------+------------+------------+------------+-------------+-------------+-------------+-------------+-------------+-------------+-------------+-------------+-------------+-------------+-------------+-------------+-------------+-------------+-------------+-------------+-------------+-------------+-------------+-------------+-------------+-------------+-------------+-------------+-------------+-------------+-------------+-------------+-------------+-------------+-------------+-------------+-------------+-------------+-------------+-------------+-------------+-------------+-------------+-------------+-------------+-------------+-------------+-------------+-------------+-------------+-------------+-------------+-------------+-------------+-------------+-------------+-------------+-------------+-------------+-------------+-------------+-------------+-------------+-------------+-------------+-------------+-------------+-------------+-------------+-------------+-------------+-------------+-------------+-------------+-------------+-------------+-------------+-------------+-------------+-------------+-------------+-------------+-------------+-------------+-------------+-------------+-------------+-------------+-------------+-------------+-------------+-------------+-------------+-------------+--------------+--------------+--------------+--------------+--------------+--------------+--------------+--------------+--------------+--------------+--------------+--------------+--------------+--------------+--------------+--------------+--------------+--------------+--------------+--------------+--------------+--------------+--------------+--------------+--------------+--------------+--------------+--------------+
| RDTSC Runtime [s] |   2.133759 |   2.133570 |   2.133568 |   2.133574 |   2.133572 |   2.133662 |   2.133612 |   2.133573 |   2.133741 |   2.133565 |    2.133767 |    2.133564 |    2.133831 |    2.133565 |    2.133565 |    2.133567 |    2.133568 |    2.133661 |    2.133606 |    2.133566 |    2.133743 |    2.133948 |    2.133661 |    2.133565 |    2.133569 |    2.133834 |    2.133921 |    2.133738 |    2.133617 |    2.133741 |    2.133726 |    2.133804 |    2.133744 |    2.133618 |    2.133568 |    2.133609 |    2.133569 |    2.133617 |    2.133564 |    2.133832 |    2.133659 |    2.133737 |    2.133737 |    2.133767 |    2.133568 |    2.133723 |    2.133758 |    2.133756 |    2.133566 |    2.134710 |    2.133902 |    2.133943 |    2.134695 |    2.133776 |    2.134488 |    2.134695 |    2.133731 |    2.133562 |    2.133763 |    2.133620 |    2.133783 |    2.133784 |    2.133562 |    2.133567 |    2.134471 |    2.133564 |    2.134423 |    2.133818 |    2.133830 |    2.134122 |    2.133707 |    2.133707 |    2.133924 |    2.133562 |    2.133573 |    2.133768 |    2.133894 |    2.133564 |    2.133615 |    2.133998 |    2.133616 |    2.133616 |    2.133616 |    2.133617 |    2.133564 |    2.134708 |    2.133624 |    2.133612 |    2.133607 |    2.133925 |    2.133926 |    2.133799 |    2.133566 |    2.133815 |    2.133659 |    2.133575 |    2.133709 |    2.133810 |    2.133707 |    2.133806 |     2.133805 |     2.134695 |     2.133565 |     2.133705 |     2.133735 |     2.133807 |     2.133767 |     2.133560 |     2.133561 |     2.133562 |     2.133755 |     2.133561 |     2.133559 |     2.133698 |     2.133982 |     2.133572 |     2.133726 |     2.133776 |     2.133562 |     2.133770 |     2.133562 |     2.133768 |     2.133768 |     2.133557 |     2.133557 |     2.133557 |     2.133754 |     2.133696 |
|     call count    |          1 |          1 |          1 |          1 |          1 |          1 |          1 |          1 |          1 |          1 |           1 |           1 |           1 |           1 |           1 |           1 |           1 |           1 |           1 |           1 |           1 |           1 |           1 |           1 |           1 |           1 |           1 |           1 |           1 |           1 |           1 |           1 |           1 |           1 |           1 |           1 |           1 |           1 |           1 |           1 |           1 |           1 |           1 |           1 |           1 |           1 |           1 |           1 |           1 |           1 |           1 |           1 |           1 |           1 |           1 |           1 |           1 |           1 |           1 |           1 |           1 |           1 |           1 |           1 |           1 |           1 |           1 |           1 |           1 |           1 |           1 |           1 |           1 |           1 |           1 |           1 |           1 |           1 |           1 |           1 |           1 |           1 |           1 |           1 |           1 |           1 |           1 |           1 |           1 |           1 |           1 |           1 |           1 |           1 |           1 |           1 |           1 |           1 |           1 |           1 |            1 |            1 |            1 |            1 |            1 |            1 |            1 |            1 |            1 |            1 |            1 |            1 |            1 |            1 |            1 |            1 |            1 |            1 |            1 |            1 |            1 |            1 |            1 |            1 |            1 |            1 |            1 |            1 |
+-------------------+------------+------------+------------+------------+------------+------------+------------+------------+------------+------------+-------------+-------------+-------------+-------------+-------------+-------------+-------------+-------------+-------------+-------------+-------------+-------------+-------------+-------------+-------------+-------------+-------------+-------------+-------------+-------------+-------------+-------------+-------------+-------------+-------------+-------------+-------------+-------------+-------------+-------------+-------------+-------------+-------------+-------------+-------------+-------------+-------------+-------------+-------------+-------------+-------------+-------------+-------------+-------------+-------------+-------------+-------------+-------------+-------------+-------------+-------------+-------------+-------------+-------------+-------------+-------------+-------------+-------------+-------------+-------------+-------------+-------------+-------------+-------------+-------------+-------------+-------------+-------------+-------------+-------------+-------------+-------------+-------------+-------------+-------------+-------------+-------------+-------------+-------------+-------------+-------------+-------------+-------------+-------------+-------------+-------------+-------------+-------------+-------------+-------------+--------------+--------------+--------------+--------------+--------------+--------------+--------------+--------------+--------------+--------------+--------------+--------------+--------------+--------------+--------------+--------------+--------------+--------------+--------------+--------------+--------------+--------------+--------------+--------------+--------------+--------------+--------------+--------------+
+----------------------------+---------+------------+------------+------------+------------+------------+------------+------------+------------+------------+------------+-------------+-------------+-------------+-------------+-------------+-------------+-------------+-------------+-------------+-------------+-------------+-------------+-------------+-------------+-------------+-------------+-------------+-------------+-------------+-------------+-------------+-------------+-------------+-------------+-------------+-------------+-------------+-------------+-------------+-------------+-------------+-------------+-------------+-------------+-------------+-------------+-------------+-------------+-------------+-------------+-------------+-------------+-------------+-------------+-------------+-------------+-------------+-------------+-------------+-------------+-------------+-------------+-------------+-------------+-------------+-------------+-------------+-------------+-------------+-------------+-------------+-------------+-------------+-------------+-------------+-------------+-------------+-------------+-------------+-------------+-------------+-------------+-------------+-------------+-------------+-------------+-------------+-------------+-------------+-------------+-------------+-------------+-------------+-------------+-------------+-------------+-------------+-------------+-------------+-------------+--------------+--------------+--------------+--------------+--------------+--------------+--------------+--------------+--------------+--------------+--------------+--------------+--------------+--------------+--------------+--------------+--------------+--------------+--------------+--------------+--------------+--------------+--------------+--------------+--------------+--------------+--------------+--------------+
|            Event           | Counter | HWThread 0 | HWThread 1 | HWThread 2 | HWThread 3 | HWThread 4 | HWThread 5 | HWThread 6 | HWThread 7 | HWThread 8 | HWThread 9 | HWThread 10 | HWThread 11 | HWThread 12 | HWThread 13 | HWThread 14 | HWThread 15 | HWThread 16 | HWThread 17 | HWThread 18 | HWThread 19 | HWThread 20 | HWThread 21 | HWThread 22 | HWThread 23 | HWThread 24 | HWThread 25 | HWThread 26 | HWThread 27 | HWThread 28 | HWThread 29 | HWThread 30 | HWThread 31 | HWThread 32 | HWThread 33 | HWThread 34 | HWThread 35 | HWThread 36 | HWThread 37 | HWThread 38 | HWThread 39 | HWThread 40 | HWThread 41 | HWThread 42 | HWThread 43 | HWThread 44 | HWThread 45 | HWThread 46 | HWThread 47 | HWThread 48 | HWThread 49 | HWThread 50 | HWThread 51 | HWThread 52 | HWThread 53 | HWThread 54 | HWThread 55 | HWThread 56 | HWThread 57 | HWThread 58 | HWThread 59 | HWThread 60 | HWThread 61 | HWThread 62 | HWThread 63 | HWThread 64 | HWThread 65 | HWThread 66 | HWThread 67 | HWThread 68 | HWThread 69 | HWThread 70 | HWThread 71 | HWThread 72 | HWThread 73 | HWThread 74 | HWThread 75 | HWThread 76 | HWThread 77 | HWThread 78 | HWThread 79 | HWThread 80 | HWThread 81 | HWThread 82 | HWThread 83 | HWThread 84 | HWThread 85 | HWThread 86 | HWThread 87 | HWThread 88 | HWThread 89 | HWThread 90 | HWThread 91 | HWThread 92 | HWThread 93 | HWThread 94 | HWThread 95 | HWThread 96 | HWThread 97 | HWThread 98 | HWThread 99 | HWThread 100 | HWThread 101 | HWThread 102 | HWThread 103 | HWThread 104 | HWThread 105 | HWThread 106 | HWThread 107 | HWThread 108 | HWThread 109 | HWThread 110 | HWThread 111 | HWThread 112 | HWThread 113 | HWThread 114 | HWThread 115 | HWThread 116 | HWThread 117 | HWThread 118 | HWThread 119 | HWThread 120 | HWThread 121 | HWThread 122 | HWThread 123 | HWThread 124 | HWThread 125 | HWThread 126 | HWThread 127 |
+----------------------------+---------+------------+------------+------------+------------+------------+------------+------------+------------+------------+------------+-------------+-------------+-------------+-------------+-------------+-------------+-------------+-------------+-------------+-------------+-------------+-------------+-------------+-------------+-------------+-------------+-------------+-------------+-------------+-------------+-------------+-------------+-------------+-------------+-------------+-------------+-------------+-------------+-------------+-------------+-------------+-------------+-------------+-------------+-------------+-------------+-------------+-------------+-------------+-------------+-------------+-------------+-------------+-------------+-------------+-------------+-------------+-------------+-------------+-------------+-------------+-------------+-------------+-------------+-------------+-------------+-------------+-------------+-------------+-------------+-------------+-------------+-------------+-------------+-------------+-------------+-------------+-------------+-------------+-------------+-------------+-------------+-------------+-------------+-------------+-------------+-------------+-------------+-------------+-------------+-------------+-------------+-------------+-------------+-------------+-------------+-------------+-------------+-------------+-------------+--------------+--------------+--------------+--------------+--------------+--------------+--------------+--------------+--------------+--------------+--------------+--------------+--------------+--------------+--------------+--------------+--------------+--------------+--------------+--------------+--------------+--------------+--------------+--------------+--------------+--------------+--------------+--------------+
|      ACTUAL_CPU_CLOCK      |  FIXC1  | 5633014000 | 5632304000 | 5632473000 | 5632377000 | 5632386000 | 5632167000 | 5632374000 | 5632236000 | 5598706000 | 5598402000 |  5599103000 |  5597670000 |  5598680000 |  5598130000 |  5598241000 |  5598190000 |  5629916000 |  5629952000 |  5629831000 |  5629702000 |  5631084000 |  5631223000 |  5630033000 |  5629904000 |  5612331000 |  5612656000 |  5613497000 |  5613536000 |  5611943000 |  5613447000 |  5613505000 |  5613170000 |  5552573000 |  5551978000 |  5551731000 |  5552232000 |  5551835000 |  5551711000 |  5551892000 |  5553275000 |  5563558000 |  5563727000 |  5563251000 |  5563234000 |  5562376000 |  5563173000 |  5563186000 |  5563257000 |  5635434000 |  5635892000 |  5636357000 |  5636258000 |  5636589000 |  5635977000 |  5636594000 |  5636509000 |  5566122000 |  5565170000 |  5566407000 |  5565745000 |  5566597000 |  5566191000 |  5565501000 |  5565228000 |  5648938000 |  5647887000 |  5649439000 |  5648523000 |  5647901000 |  5648870000 |  5647913000 |  5648443000 |  5611022000 |  5610099000 |  5609761000 |  5611233000 |  5611034000 |  5610163000 |  5610130000 |  5611574000 |  5586065000 |  5586058000 |  5586055000 |  5586037000 |  5585951000 |  5587515000 |  5586055000 |  5586079000 |  5646963000 |  5647918000 |  5647930000 |  5647887000 |  5646728000 |  5647855000 |  5647894000 |  5646979000 |  5640822000 |  5640808000 |  5640828000 |  5640748000 |   5640955000 |   5641242000 |   5639483000 |   5640809000 |   5581177000 |   5581824000 |   5581568000 |   5580401000 |   5580072000 |   5580799000 |   5581583000 |   5580204000 |   5616648000 |   5617813000 |   5618250000 |   5616696000 |   5617106000 |   5617563000 |   5616766000 |   5617602000 |   5566075000 |   5567149000 |   5566818000 |   5566163000 |   5566238000 |   5566735000 |   5567153000 |   5566668000 |
|        MAX_CPU_CLOCK       |  FIXC2  | 5756538000 | 5755955000 | 5755771000 | 5756109000 | 5756109000 | 5755829000 | 5755802000 | 5756128000 | 5756407000 | 5755912000 |  5756292000 |  5755593000 |  5756104000 |  5756060000 |  5756060000 |  5756107000 |  5755881000 |  5755913000 |  5755998000 |  5755917000 |  5756300000 |  5757029000 |  5756125000 |  5755954000 |  5755859000 |  5756062000 |  5756485000 |  5756412000 |  5755460000 |  5756230000 |  5756357000 |  5756487000 |  5756045000 |  5755501000 |  5755598000 |  5755944000 |  5755656000 |  5755592000 |  5755530000 |  5756358000 |  5756451000 |  5756430000 |  5756513000 |  5756526000 |  5756078000 |  5756424000 |  5756420000 |  5756258000 |  5755817000 |  5756349000 |  5756696000 |  5756917000 |  5757291000 |  5756282000 |  5757079000 |  5757217000 |  5755937000 |  5754806000 |  5755996000 |  5755684000 |  5756105000 |  5755357000 |  5755516000 |  5754873000 |  5756793000 |  5755695000 |  5757253000 |  5756102000 |  5755859000 |  5756747000 |  5755866000 |  5756085000 |  5756510000 |  5755701000 |  5755588000 |  5756489000 |  5756461000 |  5755920000 |  5755568000 |  5756822000 |  5754965000 |  5754949000 |  5754976000 |  5754982000 |  5754918000 |  5756194000 |  5754992000 |  5755009000 |  5755487000 |  5756162000 |  5756162000 |  5755861000 |  5755560000 |  5756135000 |  5756134000 |  5755476000 |  5756345000 |  5756276000 |  5756381000 |  5756301000 |   5756314000 |   5757338000 |   5755501000 |   5756322000 |   5756365000 |   5756329000 |   5756546000 |   5755913000 |   5755589000 |   5755937000 |   5756542000 |   5755604000 |   5754969000 |   5755255000 |   5756657000 |   5754978000 |   5755250000 |   5755466000 |   5754622000 |   5755474000 |   5755510000 |   5756538000 |   5756110000 |   5755982000 |   5755806000 |   5756042000 |   5756264000 |   5756332000 |
|    RETIRED_INSTRUCTIONS    |   PMC0  | 7566900000 | 7568488000 | 7564590000 | 7564547000 | 7571342000 | 7566675000 | 7569125000 | 7566567000 | 7555745000 | 7555344000 |  7554738000 |  7554748000 |  7560018000 |  7553886000 |  7561645000 |  7555530000 |  7565512000 |  7566483000 |  7563269000 |  7564690000 |  7569668000 |  7564678000 |  7570374000 |  7565948000 |  7560945000 |  7560667000 |  7561214000 |  7559983000 |  7565944000 |  7559479000 |  7567856000 |  7563106000 |  7551223000 |  7547648000 |  7550390000 |  7545874000 |  7551515000 |  7550803000 |  7554335000 |  7549216000 |  7541266000 |  7538226000 |  7542010000 |  7537987000 |  7541201000 |  7538538000 |  7544354000 |  7539542000 |  7589150000 |  7588079000 |  7586840000 |  7586780000 |  7593549000 |  7585885000 |  7591429000 |  7588400000 |  7543086000 |  7542048000 |  7543078000 |  7543374000 |  7542996000 |  7542551000 |  7546194000 |  7517219000 |  7587299000 |  7584820000 |  7587603000 |  7584652000 |  7588998000 |  7584632000 |  7585247000 |  7584796000 |  7553396000 |  7552647000 |  7554788000 |  7552751000 |  7555937000 |  7552281000 |  7554594000 |  7553769000 |  7551157000 |  7549074000 |  7548140000 |  7548795000 |  7552220000 |  7550586000 |  7558050000 |  7549592000 |  7581636000 |  7582073000 |  7584705000 |  7580239000 |  7581965000 |  7587768000 |  7584648000 |  7557042000 |  7581281000 |  7580565000 |  7579458000 |  7580613000 |   7584683000 |   7581236000 |   7587150000 |   7580036000 |   7555278000 |   7551660000 |   7552524000 |   7553170000 |   7551523000 |   7552350000 |   7554598000 |   7553493000 |   7561753000 |   7560431000 |   7559580000 |   7559334000 |   7563796000 |   7558349000 |   7566879000 |   7559605000 |   7537573000 |   7535390000 |   7537127000 |   7536431000 |   7537168000 |   7535389000 |   7539624000 |   7518133000 |
|     CPU_CLOCKS_UNHALTED    |   PMC1  | 5594171000 | 5599450000 | 5599206000 | 5599967000 | 5599856000 | 5600160000 | 5599985000 | 5599690000 | 5564165000 | 5563652000 |  5564060000 |  5563791000 |  5564591000 |  5563850000 |  5563519000 |  5563310000 |  5596277000 |  5597065000 |  5596237000 |  5596368000 |  5596872000 |  5598223000 |  5596507000 |  5595996000 |  5575847000 |  5578372000 |  5579048000 |  5578337000 |  5578088000 |  5577981000 |  5578006000 |  5578439000 |  5521480000 |  5521199000 |  5521340000 |  5519801000 |  5521208000 |  5521466000 |  5520014000 |  5521853000 |  5527326000 |  5528676000 |  5529160000 |  5529344000 |  5528097000 |  5529194000 |  5527736000 |  5529125000 |  5602176000 |  5605483000 |  5602995000 |  5603532000 |  5606492000 |  5602801000 |  5605539000 |  5606019000 |  5528842000 |  5529934000 |  5530468000 |  5529952000 |  5528675000 |  5530555000 |  5529304000 |  5529311000 |  5615984000 |  5612805000 |  5614630000 |  5613516000 |  5613709000 |  5614473000 |  5613024000 |  5613004000 |  5575467000 |  5574480000 |  5574089000 |  5575234000 |  5575661000 |  5574582000 |  5574571000 |  5575844000 |  5550635000 |  5550439000 |  5550731000 |  5550942000 |  5550844000 |  5553432000 |  5550519000 |  5550076000 |  5609390000 |  5611915000 |  5611804000 |  5611636000 |  5610376000 |  5611589000 |  5610340000 |  5610024000 |  5605858000 |  5606069000 |  5605954000 |  5605665000 |   5606101000 |   5609305000 |   5605260000 |   5605687000 |   5546744000 |   5545509000 |   5547088000 |   5546384000 |   5545145000 |   5546482000 |   5547053000 |   5545792000 |   5582485000 |   5582779000 |   5583711000 |   5582876000 |   5583220000 |   5583616000 |   5582500000 |   5582867000 |   5529823000 |   5530200000 |   5530483000 |   5529500000 |   5529560000 |   5529556000 |   5530513000 |   5529957000 |
| REQUESTS_TO_L2_GRP1_RD_ANY |   PMC2  | 2148075000 | 2148066000 | 2148170000 | 2148240000 | 2148081000 | 2148081000 | 2148077000 | 2148147000 | 2148063000 | 2148102000 |  2148238000 |  2148097000 |  2148061000 |  2148080000 |  2148075000 |  2148143000 |  2148118000 |  2148100000 |  2148092000 |  2148076000 |  2148086000 |  2148121000 |  2148080000 |  2148156000 |  2148059000 |  2148095000 |  2148092000 |  2148057000 |  2148076000 |  2148076000 |  2148113000 |  2148177000 |  2148041000 |  2148071000 |  2148048000 |  2148630000 |  2148053000 |  2148051000 |  2148092000 |  2148070000 |  2148034000 |  2148148000 |  2148066000 |  2148112000 |  2148104000 |  2148107000 |  2148039000 |  2148112000 |  2148025000 |  2148052000 |  2148129000 |  2148088000 |  2148048000 |  2148107000 |  2148037000 |  2148093000 |  2148090000 |  2148131000 |  2148131000 |  2148131000 |  2148164000 |  2148102000 |  2148142000 |  2153525000 |  2148142000 |  2148090000 |  2148068000 |  2148140000 |  2148024000 |  2148124000 |  2148050000 |  2148064000 |  2148078000 |  2148084000 |  2148077000 |  2148103000 |  2148017000 |  2148170000 |  2148196000 |  2148040000 |  2148092000 |  2148179000 |  2148266000 |  2148146000 |  2148028000 |  2148092000 |  2148048000 |  2148105000 |  2148059000 |  2148133000 |  2148205000 |  2148258000 |  2148122000 |  2148143000 |  2148069000 |  2153132000 |  2148049000 |  2148099000 |  2148084000 |  2148076000 |   2148156000 |   2148171000 |   2148043000 |   2148144000 |   2148071000 |   2148156000 |   2148104000 |   2148168000 |   2148105000 |   2148168000 |   2148053000 |   2148098000 |   2148146000 |   2148152000 |   2148086000 |   2148251000 |   2148130000 |   2148050000 |   2148062000 |   2148192000 |   2148133000 |   2148100000 |   2148133000 |   2148133000 |   2148088000 |   2148122000 |   2148190000 |   2152848000 |
|     L2_PF_HIT_IN_L2_ALL    |   PMC3  | 1220924000 | 1226285000 | 1227911000 | 1239224000 | 1232693000 | 1230232000 | 1225031000 | 1225060000 | 1217208000 | 1224859000 |  1223697000 |  1228357000 |  1232202000 |  1218262000 |  1224579000 |  1222490000 |  1221608000 |  1226884000 |  1224866000 |  1236510000 |  1233189000 |  1228066000 |  1228419000 |  1223205000 |  1212733000 |  1226580000 |  1222549000 |  1236528000 |  1228663000 |  1224273000 |  1228422000 |  1224178000 |  1211330000 |  1222909000 |  1224680000 |  1192400000 |  1226301000 |  1217222000 |  1222336000 |  1213934000 |  1212705000 |  1223355000 |  1225849000 |  1223372000 |  1223620000 |  1227633000 |  1224133000 |  1222130000 |  1220951000 |  1229459000 |  1235013000 |  1238010000 |  1236025000 |  1232642000 |  1231784000 |  1229996000 |  1217559000 |  1232066000 |  1232500000 |  1242396000 |  1234382000 |  1235807000 |  1233129000 |   950287600 |  1209440000 |  1233184000 |  1225389000 |  1231913000 |  1224994000 |  1223309000 |  1223410000 |  1225137000 |  1212059000 |  1215486000 |  1219522000 |  1236298000 |  1217497000 |  1219735000 |  1222156000 |  1214954000 |  1219349000 |  1213550000 |  1223787000 |  1232236000 |  1228261000 |  1215525000 |  1225890000 |  1220779000 |  1222988000 |  1233094000 |  1225785000 |  1233575000 |  1240541000 |  1236825000 |  1236110000 |   940773900 |  1207587000 |  1221689000 |  1221836000 |  1230068000 |   1215490000 |   1227090000 |   1223319000 |   1215128000 |   1219436000 |   1223126000 |   1207298000 |   1211664000 |   1220866000 |   1202621000 |   1212636000 |   1203182000 |   1210303000 |   1206668000 |   1214728000 |   1216050000 |   1214547000 |   1223907000 |   1215483000 |   1212201000 |   1213074000 |   1226552000 |   1225103000 |   1239703000 |   1230905000 |   1231910000 |   1224111000 |    936189900 |
+----------------------------+---------+------------+------------+------------+------------+------------+------------+------------+------------+------------+------------+-------------+-------------+-------------+-------------+-------------+-------------+-------------+-------------+-------------+-------------+-------------+-------------+-------------+-------------+-------------+-------------+-------------+-------------+-------------+-------------+-------------+-------------+-------------+-------------+-------------+-------------+-------------+-------------+-------------+-------------+-------------+-------------+-------------+-------------+-------------+-------------+-------------+-------------+-------------+-------------+-------------+-------------+-------------+-------------+-------------+-------------+-------------+-------------+-------------+-------------+-------------+-------------+-------------+-------------+-------------+-------------+-------------+-------------+-------------+-------------+-------------+-------------+-------------+-------------+-------------+-------------+-------------+-------------+-------------+-------------+-------------+-------------+-------------+-------------+-------------+-------------+-------------+-------------+-------------+-------------+-------------+-------------+-------------+-------------+-------------+-------------+-------------+-------------+-------------+-------------+--------------+--------------+--------------+--------------+--------------+--------------+--------------+--------------+--------------+--------------+--------------+--------------+--------------+--------------+--------------+--------------+--------------+--------------+--------------+--------------+--------------+--------------+--------------+--------------+--------------+--------------+--------------+--------------+
+---------------------------------+---------+--------------+------------+------------+--------------+
|              Event              | Counter |      Sum     |     Min    |     Max    |      Avg     |
+---------------------------------+---------+--------------+------------+------------+--------------+
|      ACTUAL_CPU_CLOCK STAT      |  FIXC1  | 717519408000 | 5551711000 | 5649439000 |   5605620375 |
|        MAX_CPU_CLOCK STAT       |  FIXC2  | 736768770000 | 5754622000 | 5757338000 | 5.756006e+09 |
|    RETIRED_INSTRUCTIONS STAT    |   PMC0  | 967786570000 | 7517219000 | 7593549000 | 7.560833e+09 |
|     CPU_CLOCKS_UNHALTED STAT    |   PMC1  | 713099690000 | 5519801000 | 5615984000 | 5.571091e+09 |
| REQUESTS_TO_L2_GRP1_RD_ANY STAT |   PMC2  | 274973248000 | 2148017000 | 2153525000 |   2148228500 |
|     L2_PF_HIT_IN_L2_ALL STAT    |   PMC3  | 155799625400 |  936189900 | 1242396000 | 1.217185e+09 |
+---------------------------------+---------+--------------+------------+------------+--------------+
+-------------------------------+------------+------------+------------+------------+------------+------------+------------+------------+------------+------------+-------------+-------------+-------------+-------------+-------------+-------------+-------------+-------------+-------------+-------------+-------------+-------------+-------------+-------------+-------------+-------------+-------------+-------------+-------------+-------------+-------------+-------------+-------------+-------------+-------------+-------------+-------------+-------------+-------------+-------------+-------------+-------------+-------------+-------------+-------------+-------------+-------------+-------------+-------------+-------------+-------------+-------------+-------------+-------------+-------------+-------------+-------------+-------------+-------------+-------------+-------------+-------------+-------------+-------------+-------------+-------------+-------------+-------------+-------------+-------------+-------------+-------------+-------------+-------------+-------------+-------------+-------------+-------------+-------------+-------------+-------------+-------------+-------------+-------------+-------------+-------------+-------------+-------------+-------------+-------------+-------------+-------------+-------------+-------------+-------------+-------------+-------------+-------------+-------------+-------------+--------------+--------------+--------------+--------------+--------------+--------------+--------------+--------------+--------------+--------------+--------------+--------------+--------------+--------------+--------------+--------------+--------------+--------------+--------------+--------------+--------------+--------------+--------------+--------------+--------------+--------------+--------------+--------------+
|             Metric            | HWThread 0 | HWThread 1 | HWThread 2 | HWThread 3 | HWThread 4 | HWThread 5 | HWThread 6 | HWThread 7 | HWThread 8 | HWThread 9 | HWThread 10 | HWThread 11 | HWThread 12 | HWThread 13 | HWThread 14 | HWThread 15 | HWThread 16 | HWThread 17 | HWThread 18 | HWThread 19 | HWThread 20 | HWThread 21 | HWThread 22 | HWThread 23 | HWThread 24 | HWThread 25 | HWThread 26 | HWThread 27 | HWThread 28 | HWThread 29 | HWThread 30 | HWThread 31 | HWThread 32 | HWThread 33 | HWThread 34 | HWThread 35 | HWThread 36 | HWThread 37 | HWThread 38 | HWThread 39 | HWThread 40 | HWThread 41 | HWThread 42 | HWThread 43 | HWThread 44 | HWThread 45 | HWThread 46 | HWThread 47 | HWThread 48 | HWThread 49 | HWThread 50 | HWThread 51 | HWThread 52 | HWThread 53 | HWThread 54 | HWThread 55 | HWThread 56 | HWThread 57 | HWThread 58 | HWThread 59 | HWThread 60 | HWThread 61 | HWThread 62 | HWThread 63 | HWThread 64 | HWThread 65 | HWThread 66 | HWThread 67 | HWThread 68 | HWThread 69 | HWThread 70 | HWThread 71 | HWThread 72 | HWThread 73 | HWThread 74 | HWThread 75 | HWThread 76 | HWThread 77 | HWThread 78 | HWThread 79 | HWThread 80 | HWThread 81 | HWThread 82 | HWThread 83 | HWThread 84 | HWThread 85 | HWThread 86 | HWThread 87 | HWThread 88 | HWThread 89 | HWThread 90 | HWThread 91 | HWThread 92 | HWThread 93 | HWThread 94 | HWThread 95 | HWThread 96 | HWThread 97 | HWThread 98 | HWThread 99 | HWThread 100 | HWThread 101 | HWThread 102 | HWThread 103 | HWThread 104 | HWThread 105 | HWThread 106 | HWThread 107 | HWThread 108 | HWThread 109 | HWThread 110 | HWThread 111 | HWThread 112 | HWThread 113 | HWThread 114 | HWThread 115 | HWThread 116 | HWThread 117 | HWThread 118 | HWThread 119 | HWThread 120 | HWThread 121 | HWThread 122 | HWThread 123 | HWThread 124 | HWThread 125 | HWThread 126 | HWThread 127 |
+-------------------------------+------------+------------+------------+------------+------------+------------+------------+------------+------------+------------+-------------+-------------+-------------+-------------+-------------+-------------+-------------+-------------+-------------+-------------+-------------+-------------+-------------+-------------+-------------+-------------+-------------+-------------+-------------+-------------+-------------+-------------+-------------+-------------+-------------+-------------+-------------+-------------+-------------+-------------+-------------+-------------+-------------+-------------+-------------+-------------+-------------+-------------+-------------+-------------+-------------+-------------+-------------+-------------+-------------+-------------+-------------+-------------+-------------+-------------+-------------+-------------+-------------+-------------+-------------+-------------+-------------+-------------+-------------+-------------+-------------+-------------+-------------+-------------+-------------+-------------+-------------+-------------+-------------+-------------+-------------+-------------+-------------+-------------+-------------+-------------+-------------+-------------+-------------+-------------+-------------+-------------+-------------+-------------+-------------+-------------+-------------+-------------+-------------+-------------+--------------+--------------+--------------+--------------+--------------+--------------+--------------+--------------+--------------+--------------+--------------+--------------+--------------+--------------+--------------+--------------+--------------+--------------+--------------+--------------+--------------+--------------+--------------+--------------+--------------+--------------+--------------+--------------+
|      Runtime (RDTSC) [s]      |     2.1338 |     2.1336 |     2.1336 |     2.1336 |     2.1336 |     2.1337 |     2.1336 |     2.1336 |     2.1337 |     2.1336 |      2.1338 |      2.1336 |      2.1338 |      2.1336 |      2.1336 |      2.1336 |      2.1336 |      2.1337 |      2.1336 |      2.1336 |      2.1337 |      2.1339 |      2.1337 |      2.1336 |      2.1336 |      2.1338 |      2.1339 |      2.1337 |      2.1336 |      2.1337 |      2.1337 |      2.1338 |      2.1337 |      2.1336 |      2.1336 |      2.1336 |      2.1336 |      2.1336 |      2.1336 |      2.1338 |      2.1337 |      2.1337 |      2.1337 |      2.1338 |      2.1336 |      2.1337 |      2.1338 |      2.1338 |      2.1336 |      2.1347 |      2.1339 |      2.1339 |      2.1347 |      2.1338 |      2.1345 |      2.1347 |      2.1337 |      2.1336 |      2.1338 |      2.1336 |      2.1338 |      2.1338 |      2.1336 |      2.1336 |      2.1345 |      2.1336 |      2.1344 |      2.1338 |      2.1338 |      2.1341 |      2.1337 |      2.1337 |      2.1339 |      2.1336 |      2.1336 |      2.1338 |      2.1339 |      2.1336 |      2.1336 |      2.1340 |      2.1336 |      2.1336 |      2.1336 |      2.1336 |      2.1336 |      2.1347 |      2.1336 |      2.1336 |      2.1336 |      2.1339 |      2.1339 |      2.1338 |      2.1336 |      2.1338 |      2.1337 |      2.1336 |      2.1337 |      2.1338 |      2.1337 |      2.1338 |       2.1338 |       2.1347 |       2.1336 |       2.1337 |       2.1337 |       2.1338 |       2.1338 |       2.1336 |       2.1336 |       2.1336 |       2.1338 |       2.1336 |       2.1336 |       2.1337 |       2.1340 |       2.1336 |       2.1337 |       2.1338 |       2.1336 |       2.1338 |       2.1336 |       2.1338 |       2.1338 |       2.1336 |       2.1336 |       2.1336 |       2.1338 |       2.1337 |
|      Runtime unhalted [s]     |     2.0892 |     2.0889 |     2.0890 |     2.0889 |     2.0889 |     2.0889 |     2.0889 |     2.0889 |     2.0764 |     2.0763 |      2.0766 |      2.0761 |      2.0764 |      2.0762 |      2.0763 |      2.0763 |      2.0880 |      2.0880 |      2.0880 |      2.0879 |      2.0885 |      2.0885 |      2.0881 |      2.0880 |      2.0815 |      2.0816 |      2.0819 |      2.0819 |      2.0814 |      2.0819 |      2.0819 |      2.0818 |      2.0593 |      2.0591 |      2.0590 |      2.0592 |      2.0591 |      2.0590 |      2.0591 |      2.0596 |      2.0634 |      2.0635 |      2.0633 |      2.0633 |      2.0630 |      2.0633 |      2.0633 |      2.0633 |      2.0901 |      2.0902 |      2.0904 |      2.0904 |      2.0905 |      2.0903 |      2.0905 |      2.0905 |      2.0644 |      2.0640 |      2.0645 |      2.0642 |      2.0645 |      2.0644 |      2.0641 |      2.0640 |      2.0951 |      2.0947 |      2.0953 |      2.0949 |      2.0947 |      2.0951 |      2.0947 |      2.0949 |      2.0810 |      2.0807 |      2.0805 |      2.0811 |      2.0810 |      2.0807 |      2.0807 |      2.0812 |      2.0718 |      2.0718 |      2.0718 |      2.0717 |      2.0717 |      2.0723 |      2.0718 |      2.0718 |      2.0943 |      2.0947 |      2.0947 |      2.0947 |      2.0943 |      2.0947 |      2.0947 |      2.0943 |      2.0921 |      2.0921 |      2.0921 |      2.0920 |       2.0921 |       2.0922 |       2.0916 |       2.0921 |       2.0699 |       2.0702 |       2.0701 |       2.0697 |       2.0695 |       2.0698 |       2.0701 |       2.0696 |       2.0831 |       2.0835 |       2.0837 |       2.0831 |       2.0833 |       2.0834 |       2.0831 |       2.0835 |       2.0643 |       2.0647 |       2.0646 |       2.0644 |       2.0644 |       2.0646 |       2.0647 |       2.0646 |
|          Clock [MHz]          |  2638.4357 |  2638.3703 |  2638.5338 |  2638.3339 |  2638.3382 |  2638.3639 |  2638.4733 |  2638.2592 |  2622.4259 |  2622.5090 |   2622.6643 |   2622.3115 |   2622.5518 |   2622.3142 |   2622.3662 |   2622.3209 |   2637.2856 |   2637.2878 |   2637.1922 |   2637.1689 |   2637.6407 |   2637.3718 |   2637.2286 |   2637.2465 |   2629.0581 |   2629.1176 |   2629.3184 |   2629.3700 |   2629.0586 |   2629.4114 |   2629.3806 |   2629.1643 |   2600.9808 |   2600.9479 |   2600.7884 |   2600.8667 |   2600.8109 |   2600.7817 |   2600.8945 |   2601.1682 |   2605.9427 |   2606.0314 |   2605.7708 |   2605.7570 |   2605.5579 |   2605.7746 |   2605.7825 |   2605.8891 |   2639.8998 |   2639.8704 |   2639.9290 |   2639.7813 |   2639.7649 |   2639.9409 |   2639.8644 |   2639.7613 |   2607.3765 |   2607.4429 |   2607.4833 |   2607.3145 |   2607.5229 |   2607.6716 |   2607.2763 |   2607.4397 |   2645.7771 |   2645.7895 |   2645.8003 |   2645.9003 |   2645.7206 |   2645.7664 |   2645.7230 |   2645.8706 |   2628.1477 |   2628.0847 |   2627.9779 |   2628.2561 |   2628.1757 |   2628.0147 |   2628.1599 |   2628.2638 |   2617.1605 |   2617.1645 |   2617.1508 |   2617.1396 |   2617.1284 |   2617.2809 |   2617.1435 |   2617.1470 |   2645.4522 |   2645.5893 |   2645.5950 |   2645.7132 |   2645.3086 |   2645.5722 |   2645.5910 |   2645.4648 |   2642.1814 |   2642.2066 |   2642.1677 |   2642.1670 |    2642.2580 |    2641.9224 |    2641.9416 |    2642.1859 |    2614.2344 |    2614.5538 |    2614.3354 |    2614.0762 |    2614.0692 |    2614.2517 |    2614.3442 |    2614.1243 |    2631.4873 |    2631.9023 |    2631.4660 |    2631.5057 |    2631.5734 |    2631.6887 |    2631.7012 |    2631.7033 |    2607.5479 |    2607.5853 |    2607.6242 |    2607.3753 |    2607.4902 |    2607.6161 |    2607.7113 |    2607.4533 |
|              CPI              |     0.7393 |     0.7398 |     0.7402 |     0.7403 |     0.7396 |     0.7401 |     0.7398 |     0.7401 |     0.7364 |     0.7364 |      0.7365 |      0.7365 |      0.7361 |      0.7366 |      0.7358 |      0.7363 |      0.7397 |      0.7397 |      0.7399 |      0.7398 |      0.7394 |      0.7400 |      0.7393 |      0.7396 |      0.7375 |      0.7378 |      0.7379 |      0.7379 |      0.7373 |      0.7379 |      0.7371 |      0.7376 |      0.7312 |      0.7315 |      0.7313 |      0.7315 |      0.7311 |      0.7312 |      0.7307 |      0.7314 |      0.7329 |      0.7334 |      0.7331 |      0.7335 |      0.7331 |      0.7335 |      0.7327 |      0.7334 |      0.7382 |      0.7387 |      0.7385 |      0.7386 |      0.7383 |      0.7386 |      0.7384 |      0.7388 |      0.7330 |      0.7332 |      0.7332 |      0.7331 |      0.7330 |      0.7332 |      0.7327 |      0.7356 |      0.7402 |      0.7400 |      0.7400 |      0.7401 |      0.7397 |      0.7402 |      0.7400 |      0.7400 |      0.7381 |      0.7381 |      0.7378 |      0.7382 |      0.7379 |      0.7381 |      0.7379 |      0.7382 |      0.7351 |      0.7352 |      0.7354 |      0.7353 |      0.7350 |      0.7355 |      0.7344 |      0.7351 |      0.7399 |      0.7402 |      0.7399 |      0.7403 |      0.7400 |      0.7396 |      0.7397 |      0.7424 |      0.7394 |      0.7395 |      0.7396 |      0.7395 |       0.7391 |       0.7399 |       0.7388 |       0.7395 |       0.7342 |       0.7343 |       0.7345 |       0.7343 |       0.7343 |       0.7344 |       0.7343 |       0.7342 |       0.7383 |       0.7384 |       0.7386 |       0.7385 |       0.7382 |       0.7387 |       0.7378 |       0.7385 |       0.7336 |       0.7339 |       0.7338 |       0.7337 |       0.7336 |       0.7338 |       0.7335 |       0.7355 |
|    L2 bandwidth [MBytes/s]    | 64429.3943 | 64434.8318 | 64438.0118 | 64439.9304 | 64435.2213 | 64432.5034 | 64433.8933 | 64437.1709 | 64429.5779 | 64436.0626 |  64434.0418 |  64435.9429 |  64426.8004 |  64435.4027 |  64435.2527 |  64437.2321 |  64436.4520 |  64433.1035 |  64434.5245 |  64435.2525 |  64430.2074 |  64425.0675 |  64432.5036 |  64437.6825 |  64434.6520 |  64427.7296 |  64425.0129 |  64429.4885 |  64433.7123 |  64429.9678 |  64431.5306 |  64431.0949 |  64428.8275 |  64433.5322 |  64434.3522 |  64450.5718 |  64434.4720 |  64432.9624 |  64435.7929 |  64427.0402 |  64431.1842 |  64432.2482 |  64429.7887 |  64430.2625 |  64436.0320 |  64431.4412 |  64428.3447 |  64430.5947 |  64433.7227 |  64400.0019 |  64426.6963 |  64424.2288 |  64400.3345 |  64429.8408 |  64406.2501 |  64401.6836 |  64430.6897 |  64437.0232 |  64430.9532 |  64435.2715 |  64431.3391 |  64429.4493 |  64437.3531 |  64598.6744 |  64409.9114 |  64435.7329 |  64409.1410 |  64429.5624 |  64425.7209 |  64419.9048 |  64430.2146 |  64430.6346 |  64424.5025 |  64435.6133 |  64435.0711 |  64429.9624 |  64423.5787 |  64438.1326 |  64437.3723 |  64421.1288 |  64434.2225 |  64436.8321 |  64439.4418 |  64435.8121 |  64433.8731 |  64401.2614 |  64432.6610 |  64434.7332 |  64433.5044 |  64426.1218 |  64428.2510 |  64433.6753 |  64436.6324 |  64429.7430 |  64432.2340 |  64586.6435 |  64430.1243 |  64428.5742 |  64431.2345 |  64428.0052 |   64430.4348 |   64404.0221 |   64434.2928 |   64433.0945 |   64429.9990 |   64430.3744 |   64430.0226 |   64438.1934 |   64436.2734 |   64438.1330 |   64428.8552 |   64436.0635 |   64437.5637 |   64433.5459 |   64422.9914 |   64440.3207 |   64432.0405 |   64428.1312 |   64434.9534 |   64432.5715 |   64437.0832 |   64429.8724 |   64430.8622 |   64437.2342 |   64435.8843 |   64436.9042 |   64432.9946 |   64574.4623 |
|    L2 data volume [GBytes]    |   137.4768 |   137.4762 |   137.4829 |   137.4874 |   137.4772 |   137.4772 |   137.4769 |   137.4814 |   137.4760 |   137.4785 |    137.4872 |    137.4782 |    137.4759 |    137.4771 |    137.4768 |    137.4812 |    137.4796 |    137.4784 |    137.4779 |    137.4769 |    137.4775 |    137.4797 |    137.4771 |    137.4820 |    137.4758 |    137.4781 |    137.4779 |    137.4756 |    137.4769 |    137.4769 |    137.4792 |    137.4833 |    137.4746 |    137.4765 |    137.4751 |    137.5123 |    137.4754 |    137.4753 |    137.4779 |    137.4765 |    137.4742 |    137.4815 |    137.4762 |    137.4792 |    137.4787 |    137.4788 |    137.4745 |    137.4792 |    137.4736 |    137.4753 |    137.4803 |    137.4776 |    137.4751 |    137.4788 |    137.4744 |    137.4780 |    137.4778 |    137.4804 |    137.4804 |    137.4804 |    137.4825 |    137.4785 |    137.4811 |    137.8256 |    137.4811 |    137.4778 |    137.4764 |    137.4810 |    137.4735 |    137.4799 |    137.4752 |    137.4761 |    137.4770 |    137.4774 |    137.4769 |    137.4786 |    137.4731 |    137.4829 |    137.4845 |    137.4746 |    137.4779 |    137.4835 |    137.4890 |    137.4813 |    137.4738 |    137.4779 |    137.4751 |    137.4787 |    137.4758 |    137.4805 |    137.4851 |    137.4885 |    137.4798 |    137.4812 |    137.4764 |    137.8004 |    137.4751 |    137.4783 |    137.4774 |    137.4769 |     137.4820 |     137.4829 |     137.4748 |     137.4812 |     137.4765 |     137.4820 |     137.4787 |     137.4828 |     137.4787 |     137.4828 |     137.4754 |     137.4783 |     137.4813 |     137.4817 |     137.4775 |     137.4881 |     137.4803 |     137.4752 |     137.4760 |     137.4843 |     137.4805 |     137.4784 |     137.4805 |     137.4805 |     137.4776 |     137.4798 |     137.4842 |     137.7823 |
| Prefetch bandwidth [MBytes/s] | 36620.4131 | 36784.4692 | 36833.2783 | 37172.5265 | 36976.6532 | 36901.2749 | 36746.1300 | 36747.6716 | 36509.2633 | 36741.7801 |  36703.4489 |  36846.7259 |  36957.4385 |  36543.8916 |  36733.3810 |  36670.6834 |  36644.2091 |  36800.8676 |  36741.2840 |  37091.2547 |  36988.5670 |  36831.3680 |  36846.9105 |  36692.1655 |  36377.9714 |  36788.7661 |  36666.3696 |  37088.8047 |  36854.9894 |  36721.1728 |  36845.8781 |  36717.2393 |  36332.9059 |  36682.3752 |  36736.3590 |  35767.3782 |  36784.9664 |  36511.8051 |  36666.1155 |  36409.5093 |  36375.5970 |  36693.7069 |  36768.5127 |  36693.7009 |  36704.5625 |  36822.2642 |  36716.6811 |  36656.6374 |  36624.5356 |  36859.9838 |  37040.5164 |  37129.6890 |  37057.0971 |  36971.5884 |  36933.5297 |  36876.3425 |  36519.9625 |  36958.0186 |  36967.5545 |  37266.8723 |  37023.6561 |  37066.3797 |  36989.9051 |  28505.5058 |  36263.8612 |  36991.5203 |  36742.9024 |  36948.9957 |  36741.2662 |  36685.7078 |  36695.8725 |  36747.6734 |  36351.7051 |  36460.6719 |  36581.5503 |  37081.3847 |  36515.3133 |  36588.0939 |  36659.8398 |  36437.2675 |  36575.6237 |  36401.6768 |  36708.7461 |  36962.1652 |  36843.8463 |  36442.2675 |  36771.6899 |  36618.5867 |  36684.9340 |  36982.5631 |  36763.3367 |  36999.1738 |  37212.1715 |  37096.3743 |  37077.6399 |  28220.0202 |  36221.2317 |  36642.4827 |  36648.6608 |  36893.8657 |   36456.6397 |   36789.2181 |   36695.5851 |   36447.4902 |   36576.1934 |   36685.6346 |   36211.5789 |   36346.0582 |   36622.0717 |   36074.7632 |   36371.8909 |   36091.6083 |   36305.2496 |   36193.8531 |   36430.7628 |   36477.4191 |   36429.7047 |   36709.5928 |   36460.5819 |   36358.5879 |   36388.3196 |   36789.0642 |   36745.6031 |   37187.1912 |   36923.2788 |   36953.4257 |   36716.0900 |   28080.9232 |
| Prefetch data volume [GBytes] |    78.1391 |    78.4822 |    78.5863 |    79.3103 |    78.8924 |    78.7348 |    78.4020 |    78.4038 |    77.9013 |    78.3910 |     78.3166 |     78.6148 |     78.8609 |     77.9688 |     78.3731 |     78.2394 |     78.1829 |     78.5206 |     78.3914 |     79.1366 |     78.9241 |     78.5962 |     78.6188 |     78.2851 |     77.6149 |     78.5011 |     78.2431 |     79.1378 |     78.6344 |     78.3535 |     78.6190 |     78.3474 |     77.5251 |     78.2662 |     78.3795 |     76.3136 |     78.4833 |     77.9022 |     78.2295 |     77.6918 |     77.6131 |     78.2947 |     78.4543 |     78.2958 |     78.3117 |     78.5685 |     78.3445 |     78.2163 |     78.1409 |     78.6854 |     79.0408 |     79.2326 |     79.1056 |     78.8891 |     78.8342 |     78.7197 |     77.9238 |     78.8522 |     78.8800 |     79.5133 |     79.0004 |     79.0916 |     78.9203 |     60.8184 |     77.4042 |     78.9238 |     78.4249 |     78.8424 |     78.3996 |     78.2918 |     78.2982 |     78.4088 |     77.5718 |     77.7911 |     78.0494 |     79.1231 |     77.9198 |     78.0630 |     78.2180 |     77.7571 |     78.0383 |     77.6672 |     78.3224 |     78.8631 |     78.6087 |     77.7936 |     78.4570 |     78.1299 |     78.2712 |     78.9180 |     78.4502 |     78.9488 |     79.3946 |     79.1568 |     79.1110 |     60.2095 |     77.2856 |     78.1881 |     78.1975 |     78.7244 |      77.7914 |      78.5338 |      78.2924 |      77.7682 |      78.0439 |      78.2801 |      77.2671 |      77.5465 |      78.1354 |      76.9677 |      77.6087 |      77.0036 |      77.4594 |      77.2268 |      77.7426 |      77.8272 |      77.7310 |      78.3300 |      77.7909 |      77.5809 |      77.6367 |      78.4993 |      78.4066 |      79.3410 |      78.7779 |      78.8422 |      78.3431 |      59.9162 |
+-------------------------------+------------+------------+------------+------------+------------+------------+------------+------------+------------+------------+-------------+-------------+-------------+-------------+-------------+-------------+-------------+-------------+-------------+-------------+-------------+-------------+-------------+-------------+-------------+-------------+-------------+-------------+-------------+-------------+-------------+-------------+-------------+-------------+-------------+-------------+-------------+-------------+-------------+-------------+-------------+-------------+-------------+-------------+-------------+-------------+-------------+-------------+-------------+-------------+-------------+-------------+-------------+-------------+-------------+-------------+-------------+-------------+-------------+-------------+-------------+-------------+-------------+-------------+-------------+-------------+-------------+-------------+-------------+-------------+-------------+-------------+-------------+-------------+-------------+-------------+-------------+-------------+-------------+-------------+-------------+-------------+-------------+-------------+-------------+-------------+-------------+-------------+-------------+-------------+-------------+-------------+-------------+-------------+-------------+-------------+-------------+-------------+-------------+-------------+--------------+--------------+--------------+--------------+--------------+--------------+--------------+--------------+--------------+--------------+--------------+--------------+--------------+--------------+--------------+--------------+--------------+--------------+--------------+--------------+--------------+--------------+--------------+--------------+--------------+--------------+--------------+--------------+
+------------------------------------+--------------+------------+------------+------------+
|               Metric               |      Sum     |     Min    |     Max    |     Avg    |
+------------------------------------+--------------+------------+------------+------------+
|      Runtime (RDTSC) [s] STAT      |     273.1208 |     2.1336 |     2.1347 |     2.1338 |
|      Runtime unhalted [s] STAT     |     266.1135 |     2.0590 |     2.0953 |     2.0790 |
|          Clock [MHz] STAT          |  336108.4391 |  2600.7817 |  2645.9003 |  2625.8472 |
|              CPI STAT              |      94.3145 |     0.7307 |     0.7424 |     0.7368 |
|    L2 bandwidth [MBytes/s] STAT    | 8.247597e+06 | 64400.0019 | 64598.6744 | 64434.3527 |
|    L2 data volume [GBytes] STAT    |   17598.2883 |   137.4731 |   137.8256 |   137.4866 |
| Prefetch bandwidth [MBytes/s] STAT | 4.673080e+06 | 28080.9232 | 37266.8723 | 36508.4385 |
| Prefetch data volume [GBytes] STAT |    9971.1756 |    59.9162 |    79.5133 |    77.8998 |
+------------------------------------+--------------+------------+------------+------------+
