--------------------------------------------------------------------------------
CPU name:	AMD EPYC 9755 128-Core Processor               
CPU type:	AMD K1A (Zen5) architecture
CPU clock:	2.70 GHz
--------------------------------------------------------------------------------
Region bench, Group 1: MEM
+-------------------+------------+------------+------------+------------+------------+------------+------------+------------+------------+------------+-------------+-------------+-------------+-------------+-------------+-------------+-------------+-------------+-------------+-------------+-------------+-------------+-------------+-------------+-------------+-------------+-------------+-------------+-------------+-------------+-------------+-------------+
|    Region Info    | HWThread 0 | HWThread 1 | HWThread 2 | HWThread 3 | HWThread 4 | HWThread 5 | HWThread 6 | HWThread 7 | HWThread 8 | HWThread 9 | HWThread 10 | HWThread 11 | HWThread 12 | HWThread 13 | HWThread 14 | HWThread 15 | HWThread 16 | HWThread 17 | HWThread 18 | HWThread 19 | HWThread 20 | HWThread 21 | HWThread 22 | HWThread 23 | HWThread 24 | HWThread 25 | HWThread 26 | HWThread 27 | HWThread 28 | HWThread 29 | HWThread 30 | HWThread 31 |
+-------------------+------------+------------+------------+------------+------------+------------+------------+------------+------------+------------+-------------+-------------+-------------+-------------+-------------+-------------+-------------+-------------+-------------+-------------+-------------+-------------+-------------+-------------+-------------+-------------+-------------+-------------+-------------+-------------+-------------+-------------+
| RDTSC Runtime [s] |  19.626750 |  19.626900 |  19.626980 |  19.626930 |  19.626930 |  19.626930 |  19.626980 |  19.626920 |  19.626930 |  19.626950 |   19.626950 |   19.626910 |   19.626950 |   19.626940 |   19.626950 |   19.626940 |   19.626950 |   19.626950 |   19.626900 |   19.626930 |   19.626950 |   19.626930 |   19.626940 |   19.626940 |   19.626900 |   19.626930 |   19.626940 |   19.626910 |   19.626910 |   19.626930 |   19.626940 |   19.626910 |
|     call count    |          1 |          1 |          1 |          1 |          1 |          1 |          1 |          1 |          1 |          1 |           1 |           1 |           1 |           1 |           1 |           1 |           1 |           1 |           1 |           1 |           1 |           1 |           1 |           1 |           1 |           1 |           1 |           1 |           1 |           1 |           1 |           1 |
+-------------------+------------+------------+------------+------------+------------+------------+------------+------------+------------+------------+-------------+-------------+-------------+-------------+-------------+-------------+-------------+-------------+-------------+-------------+-------------+-------------+-------------+-------------+-------------+-------------+-------------+-------------+-------------+-------------+-------------+-------------+
+----------------------+---------+-------------+-------------+-------------+-------------+-------------+-------------+-------------+-------------+-------------+-------------+-------------+-------------+-------------+-------------+-------------+-------------+-------------+-------------+-------------+-------------+-------------+-------------+-------------+-------------+-------------+-------------+-------------+-------------+-------------+-------------+-------------+-------------+
|         Event        | Counter |  HWThread 0 |  HWThread 1 |  HWThread 2 |  HWThread 3 |  HWThread 4 |  HWThread 5 |  HWThread 6 |  HWThread 7 |  HWThread 8 |  HWThread 9 | HWThread 10 | HWThread 11 | HWThread 12 | HWThread 13 | HWThread 14 | HWThread 15 | HWThread 16 | HWThread 17 | HWThread 18 | HWThread 19 | HWThread 20 | HWThread 21 | HWThread 22 | HWThread 23 | HWThread 24 | HWThread 25 | HWThread 26 | HWThread 27 | HWThread 28 | HWThread 29 | HWThread 30 | HWThread 31 |
+----------------------+---------+-------------+-------------+-------------+-------------+-------------+-------------+-------------+-------------+-------------+-------------+-------------+-------------+-------------+-------------+-------------+-------------+-------------+-------------+-------------+-------------+-------------+-------------+-------------+-------------+-------------+-------------+-------------+-------------+-------------+-------------+-------------+-------------+
|   ACTUAL_CPU_CLOCK   |  FIXC1  | 81144410000 | 81144270000 | 81144530000 | 81144520000 | 81144480000 | 81144500000 | 81144530000 | 81144300000 | 80809290000 | 80809180000 | 80809140000 | 80808950000 | 80809120000 | 80809100000 | 80809150000 | 80809300000 | 81015370000 | 81015320000 | 81015260000 | 81015450000 | 81015480000 | 81015290000 | 81015360000 | 81015380000 | 80912690000 | 80912840000 | 80912830000 | 80912690000 | 80912690000 | 80912690000 | 80912830000 | 80912690000 |
|     MAX_CPU_CLOCK    |  FIXC2  | 52920300000 | 52920190000 | 52920300000 | 52920290000 | 52920280000 | 52920200000 | 52920300000 | 52920200000 | 52920370000 | 52920270000 | 52920260000 | 52920170000 | 52920260000 | 52920300000 | 52920270000 | 52920380000 | 52920200000 | 52920200000 | 52920130000 | 52920220000 | 52920200000 | 52920130000 | 52920190000 | 52920210000 | 52920180000 | 52920290000 | 52920290000 | 52920220000 | 52920210000 | 52920200000 | 52920290000 | 52920210000 |
| RETIRED_INSTRUCTIONS |   PMC0  |  2727822000 |  2770398000 |  2734206000 |  2739353000 |  2718102000 |  2732832000 |  2715049000 |  2719124000 |  2738093000 |  2759993000 |  2728198000 |  2739295000 |  2721042000 |  2727857000 |  2716377000 |  2718948000 |  2695751000 |  2700600000 |  2690516000 |  2696934000 |  2686200000 |  2691816000 |  2684386000 |  2685024000 |  2744621000 |  2761467000 |  2734528000 |  2756582000 |  2723425000 |  2730743000 |  2717352000 |  2719856000 |
|  CPU_CLOCKS_UNHALTED |   PMC1  | 80932790000 | 80999610000 | 80986760000 | 81002600000 | 81000200000 | 81000610000 | 80998690000 | 81000980000 | 80658790000 | 80656800000 | 80657510000 | 80659120000 | 80657520000 | 80656220000 | 80656990000 | 80654810000 | 80867360000 | 80864910000 | 80863050000 | 80865050000 | 80869450000 | 80867400000 | 80868800000 | 80869390000 | 80762260000 | 80765460000 | 80763930000 | 80767390000 | 80763070000 | 80763560000 | 80761620000 | 80763580000 |
|      CAS_CMD_RD      |  UMC0C0 |  7638333000 |           0 |           0 |           0 |           0 |           0 |           0 |           0 |           0 |           0 |           0 |           0 |           0 |           0 |           0 |           0 |           0 |           0 |           0 |           0 |           0 |           0 |           0 |           0 |           0 |           0 |           0 |           0 |           0 |           0 |           0 |           0 |
|      CAS_CMD_WR      |  UMC0C1 |  3818856000 |           0 |           0 |           0 |           0 |           0 |           0 |           0 |           0 |           0 |           0 |           0 |           0 |           0 |           0 |           0 |           0 |           0 |           0 |           0 |           0 |           0 |           0 |           0 |           0 |           0 |           0 |           0 |           0 |           0 |           0 |           0 |
|      CAS_CMD_RD      |  UMC1C0 |  7638307000 |           0 |           0 |           0 |           0 |           0 |           0 |           0 |           0 |           0 |           0 |           0 |           0 |           0 |           0 |           0 |           0 |           0 |           0 |           0 |           0 |           0 |           0 |           0 |           0 |           0 |           0 |           0 |           0 |           0 |           0 |           0 |
|      CAS_CMD_WR      |  UMC1C1 |  3818858000 |           0 |           0 |           0 |           0 |           0 |           0 |           0 |           0 |           0 |           0 |           0 |           0 |           0 |           0 |           0 |           0 |           0 |           0 |           0 |           0 |           0 |           0 |           0 |           0 |           0 |           0 |           0 |           0 |           0 |           0 |           0 |
|      CAS_CMD_RD      |  UMC2C0 |  7638406000 |           0 |           0 |           0 |           0 |           0 |           0 |           0 |           0 |           0 |           0 |           0 |           0 |           0 |           0 |           0 |           0 |           0 |           0 |           0 |           0 |           0 |           0 |           0 |           0 |           0 |           0 |           0 |           0 |           0 |           0 |           0 |
|      CAS_CMD_WR      |  UMC2C1 |  3818976000 |           0 |           0 |           0 |           0 |           0 |           0 |           0 |           0 |           0 |           0 |           0 |           0 |           0 |           0 |           0 |           0 |           0 |           0 |           0 |           0 |           0 |           0 |           0 |           0 |           0 |           0 |           0 |           0 |           0 |           0 |           0 |
|      CAS_CMD_RD      |  UMC3C0 |     1546219 |           0 |           0 |           0 |           0 |           0 |           0 |           0 |           0 |           0 |           0 |           0 |           0 |           0 |           0 |           0 |           0 |           0 |           0 |           0 |           0 |           0 |           0 |           0 |           0 |           0 |           0 |           0 |           0 |           0 |           0 |           0 |
|      CAS_CMD_WR      |  UMC3C1 |      296669 |           0 |           0 |           0 |           0 |           0 |           0 |           0 |           0 |           0 |           0 |           0 |           0 |           0 |           0 |           0 |           0 |           0 |           0 |           0 |           0 |           0 |           0 |           0 |           0 |           0 |           0 |           0 |           0 |           0 |           0 |           0 |
|      CAS_CMD_RD      |  UMC4C0 |     1656678 |           0 |           0 |           0 |           0 |           0 |           0 |           0 |           0 |           0 |           0 |           0 |           0 |           0 |           0 |           0 |           0 |           0 |           0 |           0 |           0 |           0 |           0 |           0 |           0 |           0 |           0 |           0 |           0 |           0 |           0 |           0 |
|      CAS_CMD_WR      |  UMC4C1 |      296457 |           0 |           0 |           0 |           0 |           0 |           0 |           0 |           0 |           0 |           0 |           0 |           0 |           0 |           0 |           0 |           0 |           0 |           0 |           0 |           0 |           0 |           0 |           0 |           0 |           0 |           0 |           0 |           0 |           0 |           0 |           0 |
|      CAS_CMD_RD      |  UMC5C0 |     1600254 |           0 |           0 |           0 |           0 |           0 |           0 |           0 |           0 |           0 |           0 |           0 |           0 |           0 |           0 |           0 |           0 |           0 |           0 |           0 |           0 |           0 |           0 |           0 |           0 |           0 |           0 |           0 |           0 |           0 |           0 |           0 |
|      CAS_CMD_WR      |  UMC5C1 |      297851 |           0 |           0 |           0 |           0 |           0 |           0 |           0 |           0 |           0 |           0 |           0 |           0 |           0 |           0 |           0 |           0 |           0 |           0 |           0 |           0 |           0 |           0 |           0 |           0 |           0 |           0 |           0 |           0 |           0 |           0 |           0 |
|      CAS_CMD_RD      |  UMC6C0 |      586157 |           0 |           0 |           0 |           0 |           0 |           0 |           0 |           0 |           0 |           0 |           0 |           0 |           0 |           0 |           0 |           0 |           0 |           0 |           0 |           0 |           0 |           0 |           0 |           0 |           0 |           0 |           0 |           0 |           0 |           0 |           0 |
|      CAS_CMD_WR      |  UMC6C1 |      265208 |           0 |           0 |           0 |           0 |           0 |           0 |           0 |           0 |           0 |           0 |           0 |           0 |           0 |           0 |           0 |           0 |           0 |           0 |           0 |           0 |           0 |           0 |           0 |           0 |           0 |           0 |           0 |           0 |           0 |           0 |           0 |
|      CAS_CMD_RD      |  UMC7C0 |      613199 |           0 |           0 |           0 |           0 |           0 |           0 |           0 |           0 |           0 |           0 |           0 |           0 |           0 |           0 |           0 |           0 |           0 |           0 |           0 |           0 |           0 |           0 |           0 |           0 |           0 |           0 |           0 |           0 |           0 |           0 |           0 |
|      CAS_CMD_WR      |  UMC7C1 |      265557 |           0 |           0 |           0 |           0 |           0 |           0 |           0 |           0 |           0 |           0 |           0 |           0 |           0 |           0 |           0 |           0 |           0 |           0 |           0 |           0 |           0 |           0 |           0 |           0 |           0 |           0 |           0 |           0 |           0 |           0 |           0 |
|      CAS_CMD_RD      |  UMC8C0 |      587437 |           0 |           0 |           0 |           0 |           0 |           0 |           0 |           0 |           0 |           0 |           0 |           0 |           0 |           0 |           0 |           0 |           0 |           0 |           0 |           0 |           0 |           0 |           0 |           0 |           0 |           0 |           0 |           0 |           0 |           0 |           0 |
|      CAS_CMD_WR      |  UMC8C1 |      264425 |           0 |           0 |           0 |           0 |           0 |           0 |           0 |           0 |           0 |           0 |           0 |           0 |           0 |           0 |           0 |           0 |           0 |           0 |           0 |           0 |           0 |           0 |           0 |           0 |           0 |           0 |           0 |           0 |           0 |           0 |           0 |
|      CAS_CMD_RD      |  UMC9C0 |     1588688 |           0 |           0 |           0 |           0 |           0 |           0 |           0 |           0 |           0 |           0 |           0 |           0 |           0 |           0 |           0 |           0 |           0 |           0 |           0 |           0 |           0 |           0 |           0 |           0 |           0 |           0 |           0 |           0 |           0 |           0 |           0 |
|      CAS_CMD_WR      |  UMC9C1 |      267853 |           0 |           0 |           0 |           0 |           0 |           0 |           0 |           0 |           0 |           0 |           0 |           0 |           0 |           0 |           0 |           0 |           0 |           0 |           0 |           0 |           0 |           0 |           0 |           0 |           0 |           0 |           0 |           0 |           0 |           0 |           0 |
|      CAS_CMD_RD      | UMC10C0 |     1564502 |           0 |           0 |           0 |           0 |           0 |           0 |           0 |           0 |           0 |           0 |           0 |           0 |           0 |           0 |           0 |           0 |           0 |           0 |           0 |           0 |           0 |           0 |           0 |           0 |           0 |           0 |           0 |           0 |           0 |           0 |           0 |
|      CAS_CMD_WR      | UMC10C1 |      265842 |           0 |           0 |           0 |           0 |           0 |           0 |           0 |           0 |           0 |           0 |           0 |           0 |           0 |           0 |           0 |           0 |           0 |           0 |           0 |           0 |           0 |           0 |           0 |           0 |           0 |           0 |           0 |           0 |           0 |           0 |           0 |
|      CAS_CMD_RD      | UMC11C0 |     1667642 |           0 |           0 |           0 |           0 |           0 |           0 |           0 |           0 |           0 |           0 |           0 |           0 |           0 |           0 |           0 |           0 |           0 |           0 |           0 |           0 |           0 |           0 |           0 |           0 |           0 |           0 |           0 |           0 |           0 |           0 |           0 |
|      CAS_CMD_WR      | UMC11C1 |      267445 |           0 |           0 |           0 |           0 |           0 |           0 |           0 |           0 |           0 |           0 |           0 |           0 |           0 |           0 |           0 |           0 |           0 |           0 |           0 |           0 |           0 |           0 |           0 |           0 |           0 |           0 |           0 |           0 |           0 |           0 |           0 |
+----------------------+---------+-------------+-------------+-------------+-------------+-------------+-------------+-------------+-------------+-------------+-------------+-------------+-------------+-------------+-------------+-------------+-------------+-------------+-------------+-------------+-------------+-------------+-------------+-------------+-------------+-------------+-------------+-------------+-------------+-------------+-------------+-------------+-------------+
+---------------------------+---------+---------------+-------------+-------------+--------------+
|           Event           | Counter |      Sum      |     Min     |     Max     |      Avg     |
+---------------------------+---------+---------------+-------------+-------------+--------------+
|   ACTUAL_CPU_CLOCK STAT   |  FIXC1  | 2591053630000 | 80808950000 | 81144530000 | 8.097043e+10 |
|     MAX_CPU_CLOCK STAT    |  FIXC2  | 1693447710000 | 52920130000 | 52920380000 | 5.292024e+10 |
| RETIRED_INSTRUCTIONS STAT |   PMC0  |   87126490000 |  2684386000 |  2770398000 | 2.722703e+09 |
|  CPU_CLOCKS_UNHALTED STAT |   PMC1  | 2586226280000 | 80654810000 | 81002600000 |  80819571250 |
|      CAS_CMD_RD STAT      |  UMC0C0 |    7638333000 |           0 |  7638333000 | 2.386979e+08 |
|      CAS_CMD_WR STAT      |  UMC0C1 |    3818856000 |           0 |  3818856000 |    119339250 |
|      CAS_CMD_RD STAT      |  UMC1C0 |    7638307000 |           0 |  7638307000 | 2.386971e+08 |
|      CAS_CMD_WR STAT      |  UMC1C1 |    3818858000 |           0 |  3818858000 | 1.193393e+08 |
|      CAS_CMD_RD STAT      |  UMC2C0 |    7638406000 |           0 |  7638406000 | 2.387002e+08 |
|      CAS_CMD_WR STAT      |  UMC2C1 |    3818976000 |           0 |  3818976000 |    119343000 |
|      CAS_CMD_RD STAT      |  UMC3C0 |       1546219 |           0 |     1546219 |   48319.3438 |
|      CAS_CMD_WR STAT      |  UMC3C1 |        296669 |           0 |      296669 |    9270.9062 |
|      CAS_CMD_RD STAT      |  UMC4C0 |       1656678 |           0 |     1656678 |   51771.1875 |
|      CAS_CMD_WR STAT      |  UMC4C1 |        296457 |           0 |      296457 |    9264.2812 |
|      CAS_CMD_RD STAT      |  UMC5C0 |       1600254 |           0 |     1600254 |   50007.9375 |
|      CAS_CMD_WR STAT      |  UMC5C1 |        297851 |           0 |      297851 |    9307.8438 |
|      CAS_CMD_RD STAT      |  UMC6C0 |        586157 |           0 |      586157 |   18317.4062 |
|      CAS_CMD_WR STAT      |  UMC6C1 |        265208 |           0 |      265208 |    8287.7500 |
|      CAS_CMD_RD STAT      |  UMC7C0 |        613199 |           0 |      613199 |   19162.4688 |
|      CAS_CMD_WR STAT      |  UMC7C1 |        265557 |           0 |      265557 |    8298.6562 |
|      CAS_CMD_RD STAT      |  UMC8C0 |        587437 |           0 |      587437 |   18357.4062 |
|      CAS_CMD_WR STAT      |  UMC8C1 |        264425 |           0 |      264425 |    8263.2812 |
|      CAS_CMD_RD STAT      |  UMC9C0 |       1588688 |           0 |     1588688 |   49646.5000 |
|      CAS_CMD_WR STAT      |  UMC9C1 |        267853 |           0 |      267853 |    8370.4062 |
|      CAS_CMD_RD STAT      | UMC10C0 |       1564502 |           0 |     1564502 |   48890.6875 |
|      CAS_CMD_WR STAT      | UMC10C1 |        265842 |           0 |      265842 |    8307.5625 |
|      CAS_CMD_RD STAT      | UMC11C0 |       1667642 |           0 |     1667642 |   52113.8125 |
|      CAS_CMD_WR STAT      | UMC11C1 |        267445 |           0 |      267445 |    8357.6562 |
+---------------------------+---------+---------------+-------------+-------------+--------------+
+-----------------------------------+-------------+------------+------------+------------+------------+------------+------------+------------+------------+------------+-------------+-------------+-------------+-------------+-------------+-------------+-------------+-------------+-------------+-------------+-------------+-------------+-------------+-------------+-------------+-------------+-------------+-------------+-------------+-------------+-------------+-------------+
|               Metric              |  HWThread 0 | HWThread 1 | HWThread 2 | HWThread 3 | HWThread 4 | HWThread 5 | HWThread 6 | HWThread 7 | HWThread 8 | HWThread 9 | HWThread 10 | HWThread 11 | HWThread 12 | HWThread 13 | HWThread 14 | HWThread 15 | HWThread 16 | HWThread 17 | HWThread 18 | HWThread 19 | HWThread 20 | HWThread 21 | HWThread 22 | HWThread 23 | HWThread 24 | HWThread 25 | HWThread 26 | HWThread 27 | HWThread 28 | HWThread 29 | HWThread 30 | HWThread 31 |
+-----------------------------------+-------------+------------+------------+------------+------------+------------+------------+------------+------------+------------+-------------+-------------+-------------+-------------+-------------+-------------+-------------+-------------+-------------+-------------+-------------+-------------+-------------+-------------+-------------+-------------+-------------+-------------+-------------+-------------+-------------+-------------+
|        Runtime (RDTSC) [s]        |     19.6268 |    19.6269 |    19.6270 |    19.6269 |    19.6269 |    19.6269 |    19.6270 |    19.6269 |    19.6269 |    19.6270 |     19.6270 |     19.6269 |     19.6270 |     19.6269 |     19.6270 |     19.6269 |     19.6270 |     19.6270 |     19.6269 |     19.6269 |     19.6270 |     19.6269 |     19.6269 |     19.6269 |     19.6269 |     19.6269 |     19.6269 |     19.6269 |     19.6269 |     19.6269 |     19.6269 |     19.6269 |
|        Runtime unhalted [s]       |     30.0948 |    30.0948 |    30.0949 |    30.0949 |    30.0949 |    30.0949 |    30.0949 |    30.0948 |    29.9705 |    29.9705 |     29.9705 |     29.9704 |     29.9705 |     29.9705 |     29.9705 |     29.9706 |     30.0470 |     30.0470 |     30.0469 |     30.0470 |     30.0470 |     30.0469 |     30.0470 |     30.0470 |     30.0089 |     30.0090 |     30.0089 |     30.0089 |     30.0089 |     30.0089 |     30.0089 |     30.0089 |
|            Clock [MHz]            |   4134.3088 |  4134.3103 |  4134.3149 |  4134.3152 |  4134.3139 |  4134.3212 |  4134.3149 |  4134.3110 |  4117.2290 |  4117.2312 |   4117.2299 |   4117.2272 |   4117.2289 |   4117.2247 |   4117.2296 |   4117.2287 |   4127.7420 |   4127.7395 |   4127.7419 |   4127.7445 |   4127.7476 |   4127.7434 |   4127.7423 |   4127.7417 |   4122.5120 |   4122.5111 |   4122.5106 |   4122.5089 |   4122.5097 |   4122.5105 |   4122.5106 |   4122.5097 |
|                CPI                |     29.6694 |    29.2375 |    29.6198 |    29.5700 |    29.8003 |    29.6398 |    29.8332 |    29.7894 |    29.4580 |    29.2236 |     29.5644 |     29.4452 |     29.6421 |     29.5676 |     29.6929 |     29.6640 |     29.9981 |     29.9433 |     30.0548 |     29.9841 |     30.1055 |     30.0419 |     30.1256 |     30.1187 |     29.4257 |     29.2473 |     29.5349 |     29.2998 |     29.6550 |     29.5757 |     29.7207 |     29.6941 |
|  Memory read bandwidth [MBytes/s] |  74759.8677 |          0 |          0 |          0 |          0 |          0 |          0 |          0 |          0 |          0 |           0 |           0 |           0 |           0 |           0 |           0 |           0 |           0 |           0 |           0 |           0 |           0 |           0 |           0 |           0 |           0 |           0 |           0 |           0 |           0 |           0 |           0 |
|  Memory read data volume [GBytes] |   1467.2932 |          0 |          0 |          0 |          0 |          0 |          0 |          0 |          0 |          0 |           0 |           0 |           0 |           0 |           0 |           0 |           0 |           0 |           0 |           0 |           0 |           0 |           0 |           0 |           0 |           0 |           0 |           0 |           0 |           0 |           0 |           0 |
| Memory write bandwidth [MBytes/s] |  37366.7239 |          0 |          0 |          0 |          0 |          0 |          0 |          0 |          0 |          0 |           0 |           0 |           0 |           0 |           0 |           0 |           0 |           0 |           0 |           0 |           0 |           0 |           0 |           0 |           0 |           0 |           0 |           0 |           0 |           0 |           0 |           0 |
| Memory write data volume [GBytes] |    733.3873 |          0 |          0 |          0 |          0 |          0 |          0 |          0 |          0 |          0 |           0 |           0 |           0 |           0 |           0 |           0 |           0 |           0 |           0 |           0 |           0 |           0 |           0 |           0 |           0 |           0 |           0 |           0 |           0 |           0 |           0 |           0 |
|    Memory bandwidth [MBytes/s]    | 112126.5916 |          0 |          0 |          0 |          0 |          0 |          0 |          0 |          0 |          0 |           0 |           0 |           0 |           0 |           0 |           0 |           0 |           0 |           0 |           0 |           0 |           0 |           0 |           0 |           0 |           0 |           0 |           0 |           0 |           0 |           0 |           0 |
|    Memory data volume [GBytes]    |   2200.6806 |          0 |          0 |          0 |          0 |          0 |          0 |          0 |          0 |          0 |           0 |           0 |           0 |           0 |           0 |           0 |           0 |           0 |           0 |           0 |           0 |           0 |           0 |           0 |           0 |           0 |           0 |           0 |           0 |           0 |           0 |           0 |
+-----------------------------------+-------------+------------+------------+------------+------------+------------+------------+------------+------------+------------+-------------+-------------+-------------+-------------+-------------+-------------+-------------+-------------+-------------+-------------+-------------+-------------+-------------+-------------+-------------+-------------+-------------+-------------+-------------+-------------+-------------+-------------+
+----------------------------------------+-------------+-----------+-------------+-----------+
|                 Metric                 |     Sum     |    Min    |     Max     |    Avg    |
+----------------------------------------+-------------+-----------+-------------+-----------+
|        Runtime (RDTSC) [s] STAT        |    628.0616 |   19.6268 |     19.6270 |   19.6269 |
|        Runtime unhalted [s] STAT       |    960.9700 |   29.9704 |     30.0949 |   30.0303 |
|            Clock [MHz] STAT            | 132014.3654 | 4117.2247 |   4134.3212 | 4125.4489 |
|                CPI STAT                |    949.9424 |   29.2236 |     30.1256 |   29.6857 |
|  Memory read bandwidth [MBytes/s] STAT |  74759.8677 |         0 |  74759.8677 | 2336.2459 |
|  Memory read data volume [GBytes] STAT |   1467.2932 |         0 |   1467.2932 |   45.8529 |
| Memory write bandwidth [MBytes/s] STAT |  37366.7239 |         0 |  37366.7239 | 1167.7101 |
| Memory write data volume [GBytes] STAT |    733.3873 |         0 |    733.3873 |   22.9184 |
|    Memory bandwidth [MBytes/s] STAT    | 112126.5916 |         0 | 112126.5916 | 3503.9560 |
|    Memory data volume [GBytes] STAT    |   2200.6806 |         0 |   2200.6806 |   68.7713 |
+----------------------------------------+-------------+-----------+-------------+-----------+
