--------------------------------------------------------------------------------
CPU name:	AMD EPYC 9755 128-Core Processor               
CPU type:	AMD K1A (Zen5) architecture
CPU clock:	2.70 GHz
--------------------------------------------------------------------------------
Region bench, Group 1: MEM
+-------------------+------------+------------+------------+------------+------------+------------+------------+------------+------------+------------+-------------+-------------+-------------+-------------+-------------+-------------+-------------+-------------+-------------+-------------+-------------+-------------+-------------+-------------+-------------+-------------+-------------+-------------+-------------+-------------+-------------+-------------+
|    Region Info    | HWThread 0 | HWThread 1 | HWThread 2 | HWThread 3 | HWThread 4 | HWThread 5 | HWThread 6 | HWThread 7 | HWThread 8 | HWThread 9 | HWThread 10 | HWThread 11 | HWThread 12 | HWThread 13 | HWThread 14 | HWThread 15 | HWThread 16 | HWThread 17 | HWThread 18 | HWThread 19 | HWThread 20 | HWThread 21 | HWThread 22 | HWThread 23 | HWThread 24 | HWThread 25 | HWThread 26 | HWThread 27 | HWThread 28 | HWThread 29 | HWThread 30 | HWThread 31 |
+-------------------+------------+------------+------------+------------+------------+------------+------------+------------+------------+------------+-------------+-------------+-------------+-------------+-------------+-------------+-------------+-------------+-------------+-------------+-------------+-------------+-------------+-------------+-------------+-------------+-------------+-------------+-------------+-------------+-------------+-------------+
| RDTSC Runtime [s] |  19.615600 |  19.615770 |  19.615830 |  19.615860 |  19.615790 |  19.615810 |  19.615830 |  19.615860 |  19.615770 |  19.615780 |   19.615780 |   19.615840 |   19.615800 |   19.615840 |   19.615640 |   19.615830 |   19.615770 |   19.615770 |   19.615780 |   19.615850 |   19.615860 |   19.615780 |   19.615770 |   19.615770 |   19.615780 |   19.615860 |   19.615790 |   19.615850 |   19.615770 |   19.615890 |   19.615860 |   19.615770 |
|     call count    |          1 |          1 |          1 |          1 |          1 |          1 |          1 |          1 |          1 |          1 |           1 |           1 |           1 |           1 |           1 |           1 |           1 |           1 |           1 |           1 |           1 |           1 |           1 |           1 |           1 |           1 |           1 |           1 |           1 |           1 |           1 |           1 |
+-------------------+------------+------------+------------+------------+------------+------------+------------+------------+------------+------------+-------------+-------------+-------------+-------------+-------------+-------------+-------------+-------------+-------------+-------------+-------------+-------------+-------------+-------------+-------------+-------------+-------------+-------------+-------------+-------------+-------------+-------------+
+----------------------+---------+-------------+-------------+-------------+-------------+-------------+-------------+-------------+-------------+-------------+-------------+-------------+-------------+-------------+-------------+-------------+-------------+-------------+-------------+-------------+-------------+-------------+-------------+-------------+-------------+-------------+-------------+-------------+-------------+-------------+-------------+-------------+-------------+
|         Event        | Counter |  HWThread 0 |  HWThread 1 |  HWThread 2 |  HWThread 3 |  HWThread 4 |  HWThread 5 |  HWThread 6 |  HWThread 7 |  HWThread 8 |  HWThread 9 | HWThread 10 | HWThread 11 | HWThread 12 | HWThread 13 | HWThread 14 | HWThread 15 | HWThread 16 | HWThread 17 | HWThread 18 | HWThread 19 | HWThread 20 | HWThread 21 | HWThread 22 | HWThread 23 | HWThread 24 | HWThread 25 | HWThread 26 | HWThread 27 | HWThread 28 | HWThread 29 | HWThread 30 | HWThread 31 |
+----------------------+---------+-------------+-------------+-------------+-------------+-------------+-------------+-------------+-------------+-------------+-------------+-------------+-------------+-------------+-------------+-------------+-------------+-------------+-------------+-------------+-------------+-------------+-------------+-------------+-------------+-------------+-------------+-------------+-------------+-------------+-------------+-------------+-------------+
|   ACTUAL_CPU_CLOCK   |  FIXC1  | 81105380000 | 81105190000 | 81105180000 | 81105380000 | 81105180000 | 81105180000 | 81105230000 | 81105330000 | 80773750000 | 80773790000 | 80773820000 | 80773840000 | 80773760000 | 80773870000 | 80773890000 | 80773770000 | 80972550000 | 80972490000 | 80972500000 | 80972600000 | 80972640000 | 80972590000 | 80972490000 | 80972510000 | 80868640000 | 80868760000 | 80868630000 | 80868850000 | 80868570000 | 80868950000 | 80868820000 | 80868510000 |
|     MAX_CPU_CLOCK    |  FIXC2  | 52890480000 | 52890410000 | 52890410000 | 52890480000 | 52890400000 | 52890400000 | 52890460000 | 52890500000 | 52890440000 | 52890470000 | 52890540000 | 52890550000 | 52890450000 | 52890530000 | 52890470000 | 52890470000 | 52890400000 | 52890400000 | 52890400000 | 52890470000 | 52890490000 | 52890420000 | 52890400000 | 52890410000 | 52890410000 | 52890520000 | 52890400000 | 52890490000 | 52890330000 | 52890700000 | 52890480000 | 52890330000 |
| RETIRED_INSTRUCTIONS |   PMC0  |  2718047000 |  2753610000 |  2718397000 |  2738136000 |  2713366000 |  2722603000 |  2707253000 |  2710543000 |  2719133000 |  2733013000 |  2705060000 |  2718280000 |  2705173000 |  2712068000 |  2700897000 |  2702680000 |  2696976000 |  2703105000 |  2690453000 |  2699618000 |  2686678000 |  2688336000 |  2684386000 |  2686052000 |  2754628000 |  2781216000 |  2747432000 |  2754030000 |  2731741000 |  2736829000 |  2716744000 |  2728865000 |
|  CPU_CLOCKS_UNHALTED |   PMC1  | 80899610000 | 80963970000 | 80950630000 | 80964970000 | 80965830000 | 80966690000 | 80964450000 | 80965230000 | 80628660000 | 80627320000 | 80627610000 | 80626340000 | 80624880000 | 80626700000 | 80624360000 | 80626720000 | 80828450000 | 80824980000 | 80824100000 | 80826380000 | 80827020000 | 80828280000 | 80828120000 | 80827040000 | 80723780000 | 80721350000 | 80724420000 | 80727140000 | 80723260000 | 80721070000 | 80722500000 | 80722740000 |
|      CAS_CMD_RD      |  UMC0C0 |  7637612000 |           0 |           0 |           0 |           0 |           0 |           0 |           0 |           0 |           0 |           0 |           0 |           0 |           0 |           0 |           0 |           0 |           0 |           0 |           0 |           0 |           0 |           0 |           0 |           0 |           0 |           0 |           0 |           0 |           0 |           0 |           0 |
|      CAS_CMD_WR      |  UMC0C1 |  3818936000 |           0 |           0 |           0 |           0 |           0 |           0 |           0 |           0 |           0 |           0 |           0 |           0 |           0 |           0 |           0 |           0 |           0 |           0 |           0 |           0 |           0 |           0 |           0 |           0 |           0 |           0 |           0 |           0 |           0 |           0 |           0 |
|      CAS_CMD_RD      |  UMC1C0 |  7637729000 |           0 |           0 |           0 |           0 |           0 |           0 |           0 |           0 |           0 |           0 |           0 |           0 |           0 |           0 |           0 |           0 |           0 |           0 |           0 |           0 |           0 |           0 |           0 |           0 |           0 |           0 |           0 |           0 |           0 |           0 |           0 |
|      CAS_CMD_WR      |  UMC1C1 |  3818872000 |           0 |           0 |           0 |           0 |           0 |           0 |           0 |           0 |           0 |           0 |           0 |           0 |           0 |           0 |           0 |           0 |           0 |           0 |           0 |           0 |           0 |           0 |           0 |           0 |           0 |           0 |           0 |           0 |           0 |           0 |           0 |
|      CAS_CMD_RD      |  UMC2C0 |  7637825000 |           0 |           0 |           0 |           0 |           0 |           0 |           0 |           0 |           0 |           0 |           0 |           0 |           0 |           0 |           0 |           0 |           0 |           0 |           0 |           0 |           0 |           0 |           0 |           0 |           0 |           0 |           0 |           0 |           0 |           0 |           0 |
|      CAS_CMD_WR      |  UMC2C1 |  3818886000 |           0 |           0 |           0 |           0 |           0 |           0 |           0 |           0 |           0 |           0 |           0 |           0 |           0 |           0 |           0 |           0 |           0 |           0 |           0 |           0 |           0 |           0 |           0 |           0 |           0 |           0 |           0 |           0 |           0 |           0 |           0 |
|      CAS_CMD_RD      |  UMC3C0 |     1286300 |           0 |           0 |           0 |           0 |           0 |           0 |           0 |           0 |           0 |           0 |           0 |           0 |           0 |           0 |           0 |           0 |           0 |           0 |           0 |           0 |           0 |           0 |           0 |           0 |           0 |           0 |           0 |           0 |           0 |           0 |           0 |
|      CAS_CMD_WR      |  UMC3C1 |      269486 |           0 |           0 |           0 |           0 |           0 |           0 |           0 |           0 |           0 |           0 |           0 |           0 |           0 |           0 |           0 |           0 |           0 |           0 |           0 |           0 |           0 |           0 |           0 |           0 |           0 |           0 |           0 |           0 |           0 |           0 |           0 |
|      CAS_CMD_RD      |  UMC4C0 |     1313162 |           0 |           0 |           0 |           0 |           0 |           0 |           0 |           0 |           0 |           0 |           0 |           0 |           0 |           0 |           0 |           0 |           0 |           0 |           0 |           0 |           0 |           0 |           0 |           0 |           0 |           0 |           0 |           0 |           0 |           0 |           0 |
|      CAS_CMD_WR      |  UMC4C1 |      269890 |           0 |           0 |           0 |           0 |           0 |           0 |           0 |           0 |           0 |           0 |           0 |           0 |           0 |           0 |           0 |           0 |           0 |           0 |           0 |           0 |           0 |           0 |           0 |           0 |           0 |           0 |           0 |           0 |           0 |           0 |           0 |
|      CAS_CMD_RD      |  UMC5C0 |     1341648 |           0 |           0 |           0 |           0 |           0 |           0 |           0 |           0 |           0 |           0 |           0 |           0 |           0 |           0 |           0 |           0 |           0 |           0 |           0 |           0 |           0 |           0 |           0 |           0 |           0 |           0 |           0 |           0 |           0 |           0 |           0 |
|      CAS_CMD_WR      |  UMC5C1 |      269989 |           0 |           0 |           0 |           0 |           0 |           0 |           0 |           0 |           0 |           0 |           0 |           0 |           0 |           0 |           0 |           0 |           0 |           0 |           0 |           0 |           0 |           0 |           0 |           0 |           0 |           0 |           0 |           0 |           0 |           0 |           0 |
|      CAS_CMD_RD      |  UMC6C0 |      422913 |           0 |           0 |           0 |           0 |           0 |           0 |           0 |           0 |           0 |           0 |           0 |           0 |           0 |           0 |           0 |           0 |           0 |           0 |           0 |           0 |           0 |           0 |           0 |           0 |           0 |           0 |           0 |           0 |           0 |           0 |           0 |
|      CAS_CMD_WR      |  UMC6C1 |      243176 |           0 |           0 |           0 |           0 |           0 |           0 |           0 |           0 |           0 |           0 |           0 |           0 |           0 |           0 |           0 |           0 |           0 |           0 |           0 |           0 |           0 |           0 |           0 |           0 |           0 |           0 |           0 |           0 |           0 |           0 |           0 |
|      CAS_CMD_RD      |  UMC7C0 |      441132 |           0 |           0 |           0 |           0 |           0 |           0 |           0 |           0 |           0 |           0 |           0 |           0 |           0 |           0 |           0 |           0 |           0 |           0 |           0 |           0 |           0 |           0 |           0 |           0 |           0 |           0 |           0 |           0 |           0 |           0 |           0 |
|      CAS_CMD_WR      |  UMC7C1 |      243059 |           0 |           0 |           0 |           0 |           0 |           0 |           0 |           0 |           0 |           0 |           0 |           0 |           0 |           0 |           0 |           0 |           0 |           0 |           0 |           0 |           0 |           0 |           0 |           0 |           0 |           0 |           0 |           0 |           0 |           0 |           0 |
|      CAS_CMD_RD      |  UMC8C0 |      401425 |           0 |           0 |           0 |           0 |           0 |           0 |           0 |           0 |           0 |           0 |           0 |           0 |           0 |           0 |           0 |           0 |           0 |           0 |           0 |           0 |           0 |           0 |           0 |           0 |           0 |           0 |           0 |           0 |           0 |           0 |           0 |
|      CAS_CMD_WR      |  UMC8C1 |      243057 |           0 |           0 |           0 |           0 |           0 |           0 |           0 |           0 |           0 |           0 |           0 |           0 |           0 |           0 |           0 |           0 |           0 |           0 |           0 |           0 |           0 |           0 |           0 |           0 |           0 |           0 |           0 |           0 |           0 |           0 |           0 |
|      CAS_CMD_RD      |  UMC9C0 |     1325548 |           0 |           0 |           0 |           0 |           0 |           0 |           0 |           0 |           0 |           0 |           0 |           0 |           0 |           0 |           0 |           0 |           0 |           0 |           0 |           0 |           0 |           0 |           0 |           0 |           0 |           0 |           0 |           0 |           0 |           0 |           0 |
|      CAS_CMD_WR      |  UMC9C1 |      244887 |           0 |           0 |           0 |           0 |           0 |           0 |           0 |           0 |           0 |           0 |           0 |           0 |           0 |           0 |           0 |           0 |           0 |           0 |           0 |           0 |           0 |           0 |           0 |           0 |           0 |           0 |           0 |           0 |           0 |           0 |           0 |
|      CAS_CMD_RD      | UMC10C0 |     1283036 |           0 |           0 |           0 |           0 |           0 |           0 |           0 |           0 |           0 |           0 |           0 |           0 |           0 |           0 |           0 |           0 |           0 |           0 |           0 |           0 |           0 |           0 |           0 |           0 |           0 |           0 |           0 |           0 |           0 |           0 |           0 |
|      CAS_CMD_WR      | UMC10C1 |      244198 |           0 |           0 |           0 |           0 |           0 |           0 |           0 |           0 |           0 |           0 |           0 |           0 |           0 |           0 |           0 |           0 |           0 |           0 |           0 |           0 |           0 |           0 |           0 |           0 |           0 |           0 |           0 |           0 |           0 |           0 |           0 |
|      CAS_CMD_RD      | UMC11C0 |     1392240 |           0 |           0 |           0 |           0 |           0 |           0 |           0 |           0 |           0 |           0 |           0 |           0 |           0 |           0 |           0 |           0 |           0 |           0 |           0 |           0 |           0 |           0 |           0 |           0 |           0 |           0 |           0 |           0 |           0 |           0 |           0 |
|      CAS_CMD_WR      | UMC11C1 |      244233 |           0 |           0 |           0 |           0 |           0 |           0 |           0 |           0 |           0 |           0 |           0 |           0 |           0 |           0 |           0 |           0 |           0 |           0 |           0 |           0 |           0 |           0 |           0 |           0 |           0 |           0 |           0 |           0 |           0 |           0 |           0 |
+----------------------+---------+-------------+-------------+-------------+-------------+-------------+-------------+-------------+-------------+-------------+-------------+-------------+-------------+-------------+-------------+-------------+-------------+-------------+-------------+-------------+-------------+-------------+-------------+-------------+-------------+-------------+-------------+-------------+-------------+-------------+-------------+-------------+-------------+
+---------------------------+---------+---------------+-------------+-------------+--------------+
|           Event           | Counter |      Sum      |     Min     |     Max     |      Avg     |
+---------------------------+---------+---------------+-------------+-------------+--------------+
|   ACTUAL_CPU_CLOCK STAT   |  FIXC1  | 2589762640000 | 80773750000 | 81105380000 |  80930082500 |
|     MAX_CPU_CLOCK STAT    |  FIXC2  | 1692494510000 | 52890330000 | 52890700000 | 5.289045e+10 |
| RETIRED_INSTRUCTIONS STAT |   PMC0  |   86965348000 |  2684386000 |  2781216000 |   2717667125 |
|  CPU_CLOCKS_UNHALTED STAT |   PMC1  | 2585054600000 | 80624360000 | 80966690000 |  80782956250 |
|      CAS_CMD_RD STAT      |  UMC0C0 |    7637612000 |           0 |  7637612000 |    238675375 |
|      CAS_CMD_WR STAT      |  UMC0C1 |    3818936000 |           0 |  3818936000 |    119341750 |
|      CAS_CMD_RD STAT      |  UMC1C0 |    7637729000 |           0 |  7637729000 | 2.386790e+08 |
|      CAS_CMD_WR STAT      |  UMC1C1 |    3818872000 |           0 |  3818872000 |    119339750 |
|      CAS_CMD_RD STAT      |  UMC2C0 |    7637825000 |           0 |  7637825000 | 2.386820e+08 |
|      CAS_CMD_WR STAT      |  UMC2C1 |    3818886000 |           0 |  3818886000 | 1.193402e+08 |
|      CAS_CMD_RD STAT      |  UMC3C0 |       1286300 |           0 |     1286300 |   40196.8750 |
|      CAS_CMD_WR STAT      |  UMC3C1 |        269486 |           0 |      269486 |    8421.4375 |
|      CAS_CMD_RD STAT      |  UMC4C0 |       1313162 |           0 |     1313162 |   41036.3125 |
|      CAS_CMD_WR STAT      |  UMC4C1 |        269890 |           0 |      269890 |    8434.0625 |
|      CAS_CMD_RD STAT      |  UMC5C0 |       1341648 |           0 |     1341648 |   41926.5000 |
|      CAS_CMD_WR STAT      |  UMC5C1 |        269989 |           0 |      269989 |    8437.1562 |
|      CAS_CMD_RD STAT      |  UMC6C0 |        422913 |           0 |      422913 |   13216.0312 |
|      CAS_CMD_WR STAT      |  UMC6C1 |        243176 |           0 |      243176 |    7599.2500 |
|      CAS_CMD_RD STAT      |  UMC7C0 |        441132 |           0 |      441132 |   13785.3750 |
|      CAS_CMD_WR STAT      |  UMC7C1 |        243059 |           0 |      243059 |    7595.5938 |
|      CAS_CMD_RD STAT      |  UMC8C0 |        401425 |           0 |      401425 |   12544.5312 |
|      CAS_CMD_WR STAT      |  UMC8C1 |        243057 |           0 |      243057 |    7595.5312 |
|      CAS_CMD_RD STAT      |  UMC9C0 |       1325548 |           0 |     1325548 |   41423.3750 |
|      CAS_CMD_WR STAT      |  UMC9C1 |        244887 |           0 |      244887 |    7652.7188 |
|      CAS_CMD_RD STAT      | UMC10C0 |       1283036 |           0 |     1283036 |   40094.8750 |
|      CAS_CMD_WR STAT      | UMC10C1 |        244198 |           0 |      244198 |    7631.1875 |
|      CAS_CMD_RD STAT      | UMC11C0 |       1392240 |           0 |     1392240 |   43507.5000 |
|      CAS_CMD_WR STAT      | UMC11C1 |        244233 |           0 |      244233 |    7632.2812 |
+---------------------------+---------+---------------+-------------+-------------+--------------+
+-----------------------------------+-------------+------------+------------+------------+------------+------------+------------+------------+------------+------------+-------------+-------------+-------------+-------------+-------------+-------------+-------------+-------------+-------------+-------------+-------------+-------------+-------------+-------------+-------------+-------------+-------------+-------------+-------------+-------------+-------------+-------------+
|               Metric              |  HWThread 0 | HWThread 1 | HWThread 2 | HWThread 3 | HWThread 4 | HWThread 5 | HWThread 6 | HWThread 7 | HWThread 8 | HWThread 9 | HWThread 10 | HWThread 11 | HWThread 12 | HWThread 13 | HWThread 14 | HWThread 15 | HWThread 16 | HWThread 17 | HWThread 18 | HWThread 19 | HWThread 20 | HWThread 21 | HWThread 22 | HWThread 23 | HWThread 24 | HWThread 25 | HWThread 26 | HWThread 27 | HWThread 28 | HWThread 29 | HWThread 30 | HWThread 31 |
+-----------------------------------+-------------+------------+------------+------------+------------+------------+------------+------------+------------+------------+-------------+-------------+-------------+-------------+-------------+-------------+-------------+-------------+-------------+-------------+-------------+-------------+-------------+-------------+-------------+-------------+-------------+-------------+-------------+-------------+-------------+-------------+
|        Runtime (RDTSC) [s]        |     19.6156 |    19.6158 |    19.6158 |    19.6159 |    19.6158 |    19.6158 |    19.6158 |    19.6159 |    19.6158 |    19.6158 |     19.6158 |     19.6158 |     19.6158 |     19.6158 |     19.6156 |     19.6158 |     19.6158 |     19.6158 |     19.6158 |     19.6158 |     19.6159 |     19.6158 |     19.6158 |     19.6158 |     19.6158 |     19.6159 |     19.6158 |     19.6158 |     19.6158 |     19.6159 |     19.6159 |     19.6158 |
|        Runtime unhalted [s]       |     30.0803 |    30.0803 |    30.0803 |    30.0803 |    30.0803 |    30.0803 |    30.0803 |    30.0803 |    29.9573 |    29.9574 |     29.9574 |     29.9574 |     29.9573 |     29.9574 |     29.9574 |     29.9573 |     30.0311 |     30.0311 |     30.0311 |     30.0311 |     30.0311 |     30.0311 |     30.0311 |     30.0311 |     29.9925 |     29.9926 |     29.9925 |     29.9926 |     29.9925 |     29.9926 |     29.9926 |     29.9925 |
|            Clock [MHz]            |   4134.6536 |  4134.6494 |  4134.6489 |  4134.6536 |  4134.6496 |  4134.6496 |  4134.6475 |  4134.6495 |  4117.7506 |  4117.7503 |   4117.7464 |   4117.7466 |   4117.7503 |   4117.7497 |   4117.7554 |   4117.7493 |   4127.8883 |   4127.8853 |   4127.8858 |   4127.8854 |   4127.8859 |   4127.8888 |   4127.8853 |   4127.8855 |   4122.5903 |   4122.5879 |   4122.5906 |   4122.5948 |   4122.5930 |   4122.5835 |   4122.5940 |   4122.5899 |
|                CPI                |     29.7639 |    29.4028 |    29.7788 |    29.5694 |    29.8396 |    29.7387 |    29.9065 |    29.8705 |    29.6523 |    29.5013 |     29.8062 |     29.6608 |     29.8040 |     29.7289 |     29.8510 |     29.8321 |     29.9700 |     29.9008 |     30.0411 |     29.9399 |     30.0844 |     30.0663 |     30.1105 |     30.0914 |     29.3048 |     29.0238 |     29.3818 |     29.3124 |     29.5501 |     29.4944 |     29.7130 |     29.5811 |
|  Memory read bandwidth [MBytes/s] |  74789.0402 |          0 |          0 |          0 |          0 |          0 |          0 |          0 |          0 |          0 |           0 |           0 |           0 |           0 |           0 |           0 |           0 |           0 |           0 |           0 |           0 |           0 |           0 |           0 |           0 |           0 |           0 |           0 |           0 |           0 |           0 |           0 |
|  Memory read data volume [GBytes] |   1467.0319 |          0 |          0 |          0 |          0 |          0 |          0 |          0 |          0 |          0 |           0 |           0 |           0 |           0 |           0 |           0 |           0 |           0 |           0 |           0 |           0 |           0 |           0 |           0 |           0 |           0 |           0 |           0 |           0 |           0 |           0 |           0 |
| Memory write bandwidth [MBytes/s] |  37387.2745 |          0 |          0 |          0 |          0 |          0 |          0 |          0 |          0 |          0 |           0 |           0 |           0 |           0 |           0 |           0 |           0 |           0 |           0 |           0 |           0 |           0 |           0 |           0 |           0 |           0 |           0 |           0 |           0 |           0 |           0 |           0 |
| Memory write data volume [GBytes] |    733.3738 |          0 |          0 |          0 |          0 |          0 |          0 |          0 |          0 |          0 |           0 |           0 |           0 |           0 |           0 |           0 |           0 |           0 |           0 |           0 |           0 |           0 |           0 |           0 |           0 |           0 |           0 |           0 |           0 |           0 |           0 |           0 |
|    Memory bandwidth [MBytes/s]    | 112176.3148 |          0 |          0 |          0 |          0 |          0 |          0 |          0 |          0 |          0 |           0 |           0 |           0 |           0 |           0 |           0 |           0 |           0 |           0 |           0 |           0 |           0 |           0 |           0 |           0 |           0 |           0 |           0 |           0 |           0 |           0 |           0 |
|    Memory data volume [GBytes]    |   2200.4057 |          0 |          0 |          0 |          0 |          0 |          0 |          0 |          0 |          0 |           0 |           0 |           0 |           0 |           0 |           0 |           0 |           0 |           0 |           0 |           0 |           0 |           0 |           0 |           0 |           0 |           0 |           0 |           0 |           0 |           0 |           0 |
+-----------------------------------+-------------+------------+------------+------------+------------+------------+------------+------------+------------+------------+-------------+-------------+-------------+-------------+-------------+-------------+-------------+-------------+-------------+-------------+-------------+-------------+-------------+-------------+-------------+-------------+-------------+-------------+-------------+-------------+-------------+-------------+
+----------------------------------------+-------------+-----------+-------------+-----------+
|                 Metric                 |     Sum     |    Min    |     Max     |    Avg    |
+----------------------------------------+-------------+-----------+-------------+-----------+
|        Runtime (RDTSC) [s] STAT        |    627.7058 |   19.6156 |     19.6159 |   19.6158 |
|        Runtime unhalted [s] STAT       |    960.4905 |   29.9573 |     30.0803 |   30.0153 |
|            Clock [MHz] STAT            | 132023.0146 | 4117.7464 |   4134.6536 | 4125.7192 |
|                CPI STAT                |    951.2726 |   29.0238 |     30.1105 |   29.7273 |
|  Memory read bandwidth [MBytes/s] STAT |  74789.0402 |         0 |  74789.0402 | 2337.1575 |
|  Memory read data volume [GBytes] STAT |   1467.0319 |         0 |   1467.0319 |   45.8447 |
| Memory write bandwidth [MBytes/s] STAT |  37387.2745 |         0 |  37387.2745 | 1168.3523 |
| Memory write data volume [GBytes] STAT |    733.3738 |         0 |    733.3738 |   22.9179 |
|    Memory bandwidth [MBytes/s] STAT    | 112176.3148 |         0 | 112176.3148 | 3505.5098 |
|    Memory data volume [GBytes] STAT    |   2200.4057 |         0 |   2200.4057 |   68.7627 |
+----------------------------------------+-------------+-----------+-------------+-----------+
