--------------------------------------------------------------------------------
CPU name:	AMD EPYC 9755 128-Core Processor               
CPU type:	AMD K1A (Zen5) architecture
CPU clock:	2.70 GHz
--------------------------------------------------------------------------------
Region bench, Group 1: FLOPS_SP
+-------------------+------------+------------+------------+------------+------------+------------+------------+------------+------------+------------+-------------+-------------+-------------+-------------+-------------+-------------+-------------+-------------+-------------+-------------+-------------+-------------+-------------+-------------+-------------+-------------+-------------+-------------+-------------+-------------+-------------+-------------+
|    Region Info    | HWThread 0 | HWThread 1 | HWThread 2 | HWThread 3 | HWThread 4 | HWThread 5 | HWThread 6 | HWThread 7 | HWThread 8 | HWThread 9 | HWThread 10 | HWThread 11 | HWThread 12 | HWThread 13 | HWThread 14 | HWThread 15 | HWThread 16 | HWThread 17 | HWThread 18 | HWThread 19 | HWThread 20 | HWThread 21 | HWThread 22 | HWThread 23 | HWThread 24 | HWThread 25 | HWThread 26 | HWThread 27 | HWThread 28 | HWThread 29 | HWThread 30 | HWThread 31 |
+-------------------+------------+------------+------------+------------+------------+------------+------------+------------+------------+------------+-------------+-------------+-------------+-------------+-------------+-------------+-------------+-------------+-------------+-------------+-------------+-------------+-------------+-------------+-------------+-------------+-------------+-------------+-------------+-------------+-------------+-------------+
| RDTSC Runtime [s] |   2.104255 |   2.104285 |   2.104255 |   2.104290 |   2.104214 |   2.104280 |   2.104283 |   2.104253 |   2.104228 |   2.104226 |    2.104209 |    2.104267 |    2.104261 |    2.104254 |    2.104261 |    2.104228 |    2.104249 |    2.104214 |    2.104214 |    2.104285 |    2.104284 |    2.104221 |    2.104214 |    2.104214 |    2.104275 |    2.104276 |    2.104205 |    2.104257 |    2.104226 |    2.104225 |    2.104225 |    2.104200 |
|     call count    |          1 |          1 |          1 |          1 |          1 |          1 |          1 |          1 |          1 |          1 |           1 |           1 |           1 |           1 |           1 |           1 |           1 |           1 |           1 |           1 |           1 |           1 |           1 |           1 |           1 |           1 |           1 |           1 |           1 |           1 |           1 |           1 |
+-------------------+------------+------------+------------+------------+------------+------------+------------+------------+------------+------------+-------------+-------------+-------------+-------------+-------------+-------------+-------------+-------------+-------------+-------------+-------------+-------------+-------------+-------------+-------------+-------------+-------------+-------------+-------------+-------------+-------------+-------------+
+-------------------------------------+---------+--------------+--------------+--------------+--------------+--------------+--------------+--------------+--------------+--------------+--------------+--------------+--------------+--------------+--------------+--------------+--------------+--------------+--------------+--------------+--------------+--------------+--------------+--------------+--------------+--------------+--------------+--------------+--------------+--------------+--------------+--------------+--------------+
|                Event                | Counter |  HWThread 0  |  HWThread 1  |  HWThread 2  |  HWThread 3  |  HWThread 4  |  HWThread 5  |  HWThread 6  |  HWThread 7  |  HWThread 8  |  HWThread 9  |  HWThread 10 |  HWThread 11 |  HWThread 12 |  HWThread 13 |  HWThread 14 |  HWThread 15 |  HWThread 16 |  HWThread 17 |  HWThread 18 |  HWThread 19 |  HWThread 20 |  HWThread 21 |  HWThread 22 |  HWThread 23 |  HWThread 24 |  HWThread 25 |  HWThread 26 |  HWThread 27 |  HWThread 28 |  HWThread 29 |  HWThread 30 |  HWThread 31 |
+-------------------------------------+---------+--------------+--------------+--------------+--------------+--------------+--------------+--------------+--------------+--------------+--------------+--------------+--------------+--------------+--------------+--------------+--------------+--------------+--------------+--------------+--------------+--------------+--------------+--------------+--------------+--------------+--------------+--------------+--------------+--------------+--------------+--------------+--------------+
|           ACTUAL_CPU_CLOCK          |  FIXC1  |   8115732000 |   8115825000 |   8115921000 |   8115958000 |   8115699000 |   8115838000 |   8115807000 |   8115768000 |   8077661000 |   8077791000 |   8077710000 |   8077796000 |   8077749000 |   8077833000 |   8077751000 |   8077772000 |   8093951000 |   8094053000 |   8094085000 |   8094118000 |   8094051000 |   8094158000 |   8094010000 |   8094208000 |   8094381000 |   8094466000 |   8094335000 |   8094365000 |   8094458000 |   8094601000 |   8094454000 |   8094318000 |
|            MAX_CPU_CLOCK            |  FIXC2  |   5674443000 |   5674619000 |   5674565000 |   5674663000 |   5674391000 |   5674531000 |   5674597000 |   5674537000 |   5674465000 |   5674465000 |   5674371000 |   5674521000 |   5674481000 |   5674547000 |   5674478000 |   5674432000 |   5674433000 |   5674485000 |   5674588000 |   5674533000 |   5674550000 |   5674538000 |   5674434000 |   5674650000 |   5674575000 |   5674551000 |   5674467000 |   5674461000 |   5674626000 |   5674600000 |   5674517000 |   5674408000 |
|         RETIRED_INSTRUCTIONS        |   PMC0  |  20413230000 |  20414320000 |  20414200000 |  20414340000 |  20414370000 |  20414290000 |  20414250000 |  20414150000 |  20407720000 |  20407680000 |  20407690000 |  20407750000 |  20407660000 |  20407730000 |  20407730000 |  20407760000 |  20410880000 |  20410870000 |  20410820000 |  20410920000 |  20410900000 |  20410790000 |  20410830000 |  20410790000 |  20410720000 |  20410700000 |  20410630000 |  20410620000 |  20410610000 |  20410630000 |  20410530000 |  20410690000 |
|         CPU_CLOCKS_UNHALTED         |   PMC1  |   8094508000 |   8100471000 |   8100140000 |   8100580000 |   8100842000 |   8100718000 |   8100368000 |   8100192000 |   8060429000 |   8060258000 |   8060057000 |   8060775000 |   8060273000 |   8060616000 |   8060271000 |   8060520000 |   8077233000 |   8077088000 |   8076763000 |   8077278000 |   8077181000 |   8077007000 |   8077102000 |   8077049000 |   8077168000 |   8077411000 |   8076941000 |   8077128000 |   8076916000 |   8076973000 |   8076373000 |   8077301000 |
|                MERGE                |   PMC3  |            0 |            0 |            0 |            0 |            0 |            0 |            0 |            0 |            0 |            0 |            0 |            0 |            0 |            0 |            0 |            0 |            0 |            0 |            0 |            0 |            0 |            0 |            0 |            0 |            0 |            0 |            0 |            0 |            0 |            0 |            0 |            0 |
| RETIRED_SSE_AVX_FLOPS_ALL_SP_SCALAR |   PMC2  |            0 |            0 |            0 |            0 |            0 |            0 |            0 |            0 |            0 |            0 |            0 |            0 |            0 |            0 |            0 |            0 |            0 |            0 |            0 |            0 |            0 |            0 |            0 |            0 |            0 |            0 |            0 |            0 |            0 |            0 |            0 |            0 |
|                MERGE                |   PMC5  |            0 |            0 |            0 |            0 |            0 |            0 |            0 |            0 |            0 |            0 |            0 |            0 |            0 |            0 |            0 |            0 |            0 |            0 |            0 |            0 |            0 |            0 |            0 |            0 |            0 |            0 |            0 |            0 |            0 |            0 |            0 |            0 |
| RETIRED_SSE_AVX_FLOPS_ALL_SP_PACKED |   PMC4  | 515396100000 | 515396100000 | 515396100000 | 515396100000 | 515396100000 | 515396100000 | 515396100000 | 515396100000 | 515396100000 | 515396100000 | 515396100000 | 515396100000 | 515396100000 | 515396100000 | 515396100000 | 515396100000 | 515396100000 | 515396100000 | 515396100000 | 515396100000 | 515396100000 | 515396100000 | 515396100000 | 515396100000 | 515396100000 | 515396100000 | 515396100000 | 515396100000 | 515396100000 | 515396100000 | 515396100000 | 515396100000 |
+-------------------------------------+---------+--------------+--------------+--------------+--------------+--------------+--------------+--------------+--------------+--------------+--------------+--------------+--------------+--------------+--------------+--------------+--------------+--------------+--------------+--------------+--------------+--------------+--------------+--------------+--------------+--------------+--------------+--------------+--------------+--------------+--------------+--------------+--------------+
+------------------------------------------+---------+----------------+--------------+--------------+--------------+
|                   Event                  | Counter |       Sum      |      Min     |      Max     |      Avg     |
+------------------------------------------+---------+----------------+--------------+--------------+--------------+
|           ACTUAL_CPU_CLOCK STAT          |  FIXC1  |   259056623000 |   8077661000 |   8115958000 | 8.095519e+09 |
|            MAX_CPU_CLOCK STAT            |  FIXC2  |   181584522000 |   5674371000 |   5674663000 | 5.674516e+09 |
|         RETIRED_INSTRUCTIONS STAT        |   PMC0  |   653146800000 |  20407660000 |  20414370000 |  20410837500 |
|         CPU_CLOCKS_UNHALTED STAT         |   PMC1  |   258513930000 |   8060057000 |   8100842000 | 8.078560e+09 |
|                MERGE STAT                |   PMC3  |              0 |            0 |            0 |            0 |
| RETIRED_SSE_AVX_FLOPS_ALL_SP_SCALAR STAT |   PMC2  |              0 |            0 |            0 |            0 |
|                MERGE STAT                |   PMC5  |              0 |            0 |            0 |            0 |
| RETIRED_SSE_AVX_FLOPS_ALL_SP_PACKED STAT |   PMC4  | 16492675200000 | 515396100000 | 515396100000 | 515396100000 |
+------------------------------------------+---------+----------------+--------------+--------------+--------------+
+----------------------+-------------+-------------+-------------+-------------+-------------+-------------+-------------+-------------+-------------+-------------+-------------+-------------+-------------+-------------+-------------+-------------+-------------+-------------+-------------+-------------+-------------+-------------+-------------+-------------+-------------+-------------+-------------+-------------+-------------+-------------+-------------+-------------+
|        Metric        |  HWThread 0 |  HWThread 1 |  HWThread 2 |  HWThread 3 |  HWThread 4 |  HWThread 5 |  HWThread 6 |  HWThread 7 |  HWThread 8 |  HWThread 9 | HWThread 10 | HWThread 11 | HWThread 12 | HWThread 13 | HWThread 14 | HWThread 15 | HWThread 16 | HWThread 17 | HWThread 18 | HWThread 19 | HWThread 20 | HWThread 21 | HWThread 22 | HWThread 23 | HWThread 24 | HWThread 25 | HWThread 26 | HWThread 27 | HWThread 28 | HWThread 29 | HWThread 30 | HWThread 31 |
+----------------------+-------------+-------------+-------------+-------------+-------------+-------------+-------------+-------------+-------------+-------------+-------------+-------------+-------------+-------------+-------------+-------------+-------------+-------------+-------------+-------------+-------------+-------------+-------------+-------------+-------------+-------------+-------------+-------------+-------------+-------------+-------------+-------------+
|  Runtime (RDTSC) [s] |      2.1043 |      2.1043 |      2.1043 |      2.1043 |      2.1042 |      2.1043 |      2.1043 |      2.1043 |      2.1042 |      2.1042 |      2.1042 |      2.1043 |      2.1043 |      2.1043 |      2.1043 |      2.1042 |      2.1042 |      2.1042 |      2.1042 |      2.1043 |      2.1043 |      2.1042 |      2.1042 |      2.1042 |      2.1043 |      2.1043 |      2.1042 |      2.1043 |      2.1042 |      2.1042 |      2.1042 |      2.1042 |
| Runtime unhalted [s] |      3.0100 |      3.0100 |      3.0100 |      3.0101 |      3.0100 |      3.0100 |      3.0100 |      3.0100 |      2.9959 |      2.9959 |      2.9959 |      2.9959 |      2.9959 |      2.9959 |      2.9959 |      2.9959 |      3.0019 |      3.0019 |      3.0019 |      3.0020 |      3.0019 |      3.0020 |      3.0019 |      3.0020 |      3.0021 |      3.0021 |      3.0020 |      3.0020 |      3.0021 |      3.0021 |      3.0021 |      3.0020 |
|      Clock [MHz]     |   3856.2907 |   3856.2153 |   3856.2976 |   3856.2486 |   3856.3104 |   3856.2813 |   3856.2217 |   3856.2439 |   3838.1859 |   3838.2477 |   3838.2728 |   3838.2122 |   3838.2169 |   3838.2122 |   3838.2199 |   3838.2610 |   3845.9480 |   3845.9612 |   3845.9066 |   3845.9595 |   3845.9162 |   3845.9752 |   3845.9753 |   3845.9230 |   3846.0560 |   3846.1127 |   3846.1074 |   3846.1257 |   3846.0581 |   3846.1436 |   3846.1300 |   3846.1393 |
|          CPI         |      0.3965 |      0.3968 |      0.3968 |      0.3968 |      0.3968 |      0.3968 |      0.3968 |      0.3968 |      0.3950 |      0.3950 |      0.3950 |      0.3950 |      0.3950 |      0.3950 |      0.3950 |      0.3950 |      0.3957 |      0.3957 |      0.3957 |      0.3957 |      0.3957 |      0.3957 |      0.3957 |      0.3957 |      0.3957 |      0.3957 |      0.3957 |      0.3957 |      0.3957 |      0.3957 |      0.3957 |      0.3957 |
|     SP [MFLOP/s]     | 244930.4386 | 244926.9467 | 244930.4386 | 244926.3647 | 244935.2110 | 244927.5287 | 244927.1795 | 244930.6714 | 244933.5813 | 244933.8141 | 244935.7930 | 244929.0418 | 244929.7402 | 244930.5550 | 244929.7402 | 244933.5813 | 244931.1370 | 244935.2110 | 244935.2110 | 244926.9467 | 244927.0631 | 244934.3961 | 244935.2110 | 244935.2110 | 244928.1106 | 244927.9942 | 244936.2586 | 244930.2058 | 244933.8141 | 244933.9305 | 244933.9305 | 244936.8406 |
+----------------------+-------------+-------------+-------------+-------------+-------------+-------------+-------------+-------------+-------------+-------------+-------------+-------------+-------------+-------------+-------------+-------------+-------------+-------------+-------------+-------------+-------------+-------------+-------------+-------------+-------------+-------------+-------------+-------------+-------------+-------------+-------------+-------------+
+---------------------------+--------------+-------------+-------------+-------------+
|           Metric          |      Sum     |     Min     |     Max     |     Avg     |
+---------------------------+--------------+-------------+-------------+-------------+
|  Runtime (RDTSC) [s] STAT |      67.3360 |      2.1042 |      2.1043 |      2.1042 |
| Runtime unhalted [s] STAT |      96.0793 |      2.9959 |      3.0101 |      3.0025 |
|      Clock [MHz] STAT     |  123092.3759 |   3838.1859 |   3856.3104 |   3846.6367 |
|          CPI STAT         |      12.6653 |      0.3950 |      0.3968 |      0.3958 |
|     SP [MFLOP/s] STAT     | 7.837812e+06 | 244926.3647 | 244936.8406 | 244931.6281 |
+---------------------------+--------------+-------------+-------------+-------------+
