--------------------------------------------------------------------------------
CPU name:	AMD EPYC 9755 128-Core Processor               
CPU type:	AMD K1A (Zen5) architecture
CPU clock:	2.70 GHz
--------------------------------------------------------------------------------
Region bench, Group 1: FLOPS_SP
+-------------------+------------+------------+------------+------------+------------+------------+------------+------------+------------+------------+-------------+-------------+-------------+-------------+-------------+-------------+-------------+-------------+-------------+-------------+-------------+-------------+-------------+-------------+-------------+-------------+-------------+-------------+-------------+-------------+-------------+-------------+
|    Region Info    | HWThread 0 | HWThread 1 | HWThread 2 | HWThread 3 | HWThread 4 | HWThread 5 | HWThread 6 | HWThread 7 | HWThread 8 | HWThread 9 | HWThread 10 | HWThread 11 | HWThread 12 | HWThread 13 | HWThread 14 | HWThread 15 | HWThread 16 | HWThread 17 | HWThread 18 | HWThread 19 | HWThread 20 | HWThread 21 | HWThread 22 | HWThread 23 | HWThread 24 | HWThread 25 | HWThread 26 | HWThread 27 | HWThread 28 | HWThread 29 | HWThread 30 | HWThread 31 |
+-------------------+------------+------------+------------+------------+------------+------------+------------+------------+------------+------------+-------------+-------------+-------------+-------------+-------------+-------------+-------------+-------------+-------------+-------------+-------------+-------------+-------------+-------------+-------------+-------------+-------------+-------------+-------------+-------------+-------------+-------------+
| RDTSC Runtime [s] |   1.367933 |   1.367912 |   1.367912 |   1.367934 |   1.367906 |   1.367932 |   1.367944 |   1.367918 |   1.367929 |   1.367913 |    1.367913 |    1.367941 |    1.367917 |    1.367904 |    1.367935 |    1.367915 |    1.367943 |    1.367944 |    1.367923 |    1.367942 |    1.367921 |    1.367932 |    1.367930 |    1.367927 |    1.367977 |    1.367932 |    1.367929 |    1.367933 |    1.367958 |    1.367942 |    1.367906 |    1.367932 |
|     call count    |          1 |          1 |          1 |          1 |          1 |          1 |          1 |          1 |          1 |          1 |           1 |           1 |           1 |           1 |           1 |           1 |           1 |           1 |           1 |           1 |           1 |           1 |           1 |           1 |           1 |           1 |           1 |           1 |           1 |           1 |           1 |           1 |
+-------------------+------------+------------+------------+------------+------------+------------+------------+------------+------------+------------+-------------+-------------+-------------+-------------+-------------+-------------+-------------+-------------+-------------+-------------+-------------+-------------+-------------+-------------+-------------+-------------+-------------+-------------+-------------+-------------+-------------+-------------+
+-------------------------------------+---------+--------------+--------------+--------------+--------------+--------------+--------------+--------------+--------------+--------------+--------------+--------------+--------------+--------------+--------------+--------------+--------------+--------------+--------------+--------------+--------------+--------------+--------------+--------------+--------------+--------------+--------------+--------------+--------------+--------------+--------------+--------------+--------------+
|                Event                | Counter |  HWThread 0  |  HWThread 1  |  HWThread 2  |  HWThread 3  |  HWThread 4  |  HWThread 5  |  HWThread 6  |  HWThread 7  |  HWThread 8  |  HWThread 9  |  HWThread 10 |  HWThread 11 |  HWThread 12 |  HWThread 13 |  HWThread 14 |  HWThread 15 |  HWThread 16 |  HWThread 17 |  HWThread 18 |  HWThread 19 |  HWThread 20 |  HWThread 21 |  HWThread 22 |  HWThread 23 |  HWThread 24 |  HWThread 25 |  HWThread 26 |  HWThread 27 |  HWThread 28 |  HWThread 29 |  HWThread 30 |  HWThread 31 |
+-------------------------------------+---------+--------------+--------------+--------------+--------------+--------------+--------------+--------------+--------------+--------------+--------------+--------------+--------------+--------------+--------------+--------------+--------------+--------------+--------------+--------------+--------------+--------------+--------------+--------------+--------------+--------------+--------------+--------------+--------------+--------------+--------------+--------------+--------------+
|           ACTUAL_CPU_CLOCK          |  FIXC1  |   4886910000 |   4886846000 |   4886738000 |   4886906000 |   4886733000 |   4886761000 |   4887022000 |   4886896000 |   4869730000 |   4869930000 |   4869910000 |   4869817000 |   4869669000 |   4869702000 |   4869832000 |   4869629000 |   4874037000 |   4874167000 |   4874036000 |   4874066000 |   4874006000 |   4874058000 |   4874069000 |   4874115000 |   4875643000 |   4875555000 |   4875524000 |   4875504000 |   4875630000 |   4875475000 |   4875455000 |   4875489000 |
|            MAX_CPU_CLOCK            |  FIXC2  |   3689263000 |   3689084000 |   3689018000 |   3689262000 |   3688937000 |   3689045000 |   3689241000 |   3689173000 |   3689141000 |   3689297000 |   3689255000 |   3689228000 |   3689048000 |   3689186000 |   3689233000 |   3689064000 |   3689260000 |   3689279000 |   3689167000 |   3689275000 |   3689147000 |   3689227000 |   3689256000 |   3689268000 |   3689327000 |   3689289000 |   3689251000 |   3689268000 |   3689290000 |   3689206000 |   3689166000 |   3689236000 |
|         RETIRED_INSTRUCTIONS        |   PMC0  |  20417610000 |  20418300000 |  20418210000 |  20407660000 |  20418290000 |  20418260000 |  20418280000 |  20418260000 |  20415900000 |  20415910000 |  20415930000 |  20415920000 |  20415860000 |  20415920000 |  20415860000 |  20415850000 |  20416370000 |  20416360000 |  20416350000 |  20416360000 |  20416400000 |  20416350000 |  20416320000 |  20416390000 |  20416810000 |  20416690000 |  20416370000 |  20416680000 |  20416750000 |  20416690000 |  20416630000 |  20416670000 |
|         CPU_CLOCKS_UNHALTED         |   PMC1  |   4872625000 |   4876303000 |   4875509000 |   4876058000 |   4876020000 |   4876098000 |   4876079000 |   4875897000 |   4857985000 |   4857877000 |   4857968000 |   4857850000 |   4857746000 |   4857838000 |   4857818000 |   4857596000 |   4862152000 |   4862092000 |   4861856000 |   4862023000 |   4862266000 |   4861895000 |   4861813000 |   4862272000 |   4863816000 |   4863632000 |   4863476000 |   4863459000 |   4863723000 |   4863467000 |   4863109000 |   4863399000 |
|                MERGE                |   PMC3  |            0 |            0 |            0 |            0 |            0 |            0 |            0 |            0 |            0 |            0 |            0 |            0 |            0 |            0 |            0 |            0 |            0 |            0 |            0 |            0 |            0 |            0 |            0 |            0 |            0 |            0 |            0 |            0 |            0 |            0 |            0 |            0 |
| RETIRED_SSE_AVX_FLOPS_ALL_SP_SCALAR |   PMC2  |            0 |            0 |            0 |            0 |            0 |            0 |            0 |            0 |            0 |            0 |            0 |            0 |            0 |            0 |            0 |            0 |            0 |            0 |            0 |            0 |            0 |            0 |            0 |            0 |            0 |            0 |            0 |            0 |            0 |            0 |            0 |            0 |
|                MERGE                |   PMC5  |            0 |            0 |            0 |            0 |            0 |            0 |            0 |            0 |            0 |            0 |            0 |            0 |            0 |            0 |            0 |            0 |            0 |            0 |            0 |            0 |            0 |            0 |            0 |            0 |            0 |            0 |            0 |            0 |            0 |            0 |            0 |            0 |
| RETIRED_SSE_AVX_FLOPS_ALL_SP_PACKED |   PMC4  | 257698000000 | 257698000000 | 257698000000 | 257698000000 | 257698000000 | 257698000000 | 257698000000 | 257698000000 | 257698000000 | 257698000000 | 257698000000 | 257698000000 | 257698000000 | 257698000000 | 257698000000 | 257698000000 | 257698000000 | 257698000000 | 257698000000 | 257698000000 | 257698000000 | 257698000000 | 257698000000 | 257698000000 | 257698000000 | 257698000000 | 257698000000 | 257698000000 | 257698000000 | 257698000000 | 257698000000 | 257698000000 |
+-------------------------------------+---------+--------------+--------------+--------------+--------------+--------------+--------------+--------------+--------------+--------------+--------------+--------------+--------------+--------------+--------------+--------------+--------------+--------------+--------------+--------------+--------------+--------------+--------------+--------------+--------------+--------------+--------------+--------------+--------------+--------------+--------------+--------------+--------------+
+------------------------------------------+---------+---------------+--------------+--------------+--------------+
|                   Event                  | Counter |      Sum      |      Min     |      Max     |      Avg     |
+------------------------------------------+---------+---------------+--------------+--------------+--------------+
|           ACTUAL_CPU_CLOCK STAT          |  FIXC1  |  156049860000 |   4869629000 |   4887022000 |   4876558125 |
|            MAX_CPU_CLOCK STAT            |  FIXC2  |  118054387000 |   3688937000 |   3689327000 | 3.689200e+09 |
|         RETIRED_INSTRUCTIONS STAT        |   PMC0  |  653326210000 |  20407660000 |  20418300000 | 2.041644e+10 |
|         CPU_CLOCKS_UNHALTED STAT         |   PMC1  |  155671717000 |   4857596000 |   4876303000 | 4.864741e+09 |
|                MERGE STAT                |   PMC3  |             0 |            0 |            0 |            0 |
| RETIRED_SSE_AVX_FLOPS_ALL_SP_SCALAR STAT |   PMC2  |             0 |            0 |            0 |            0 |
|                MERGE STAT                |   PMC5  |             0 |            0 |            0 |            0 |
| RETIRED_SSE_AVX_FLOPS_ALL_SP_PACKED STAT |   PMC4  | 8246336000000 | 257698000000 | 257698000000 | 257698000000 |
+------------------------------------------+---------+---------------+--------------+--------------+--------------+
+----------------------+-------------+-------------+-------------+-------------+-------------+-------------+-------------+-------------+-------------+-------------+-------------+-------------+-------------+-------------+-------------+-------------+-------------+-------------+-------------+-------------+-------------+-------------+-------------+-------------+-------------+-------------+-------------+-------------+-------------+-------------+-------------+-------------+
|        Metric        |  HWThread 0 |  HWThread 1 |  HWThread 2 |  HWThread 3 |  HWThread 4 |  HWThread 5 |  HWThread 6 |  HWThread 7 |  HWThread 8 |  HWThread 9 | HWThread 10 | HWThread 11 | HWThread 12 | HWThread 13 | HWThread 14 | HWThread 15 | HWThread 16 | HWThread 17 | HWThread 18 | HWThread 19 | HWThread 20 | HWThread 21 | HWThread 22 | HWThread 23 | HWThread 24 | HWThread 25 | HWThread 26 | HWThread 27 | HWThread 28 | HWThread 29 | HWThread 30 | HWThread 31 |
+----------------------+-------------+-------------+-------------+-------------+-------------+-------------+-------------+-------------+-------------+-------------+-------------+-------------+-------------+-------------+-------------+-------------+-------------+-------------+-------------+-------------+-------------+-------------+-------------+-------------+-------------+-------------+-------------+-------------+-------------+-------------+-------------+-------------+
|  Runtime (RDTSC) [s] |      1.3679 |      1.3679 |      1.3679 |      1.3679 |      1.3679 |      1.3679 |      1.3679 |      1.3679 |      1.3679 |      1.3679 |      1.3679 |      1.3679 |      1.3679 |      1.3679 |      1.3679 |      1.3679 |      1.3679 |      1.3679 |      1.3679 |      1.3679 |      1.3679 |      1.3679 |      1.3679 |      1.3679 |      1.3680 |      1.3679 |      1.3679 |      1.3679 |      1.3680 |      1.3679 |      1.3679 |      1.3679 |
| Runtime unhalted [s] |      1.8132 |      1.8132 |      1.8131 |      1.8132 |      1.8131 |      1.8131 |      1.8132 |      1.8132 |      1.8068 |      1.8069 |      1.8069 |      1.8068 |      1.8068 |      1.8068 |      1.8069 |      1.8068 |      1.8084 |      1.8085 |      1.8084 |      1.8084 |      1.8084 |      1.8084 |      1.8084 |      1.8084 |      1.8090 |      1.8090 |      1.8090 |      1.8090 |      1.8090 |      1.8089 |      1.8089 |      1.8089 |
|      Clock [MHz]     |   3570.1500 |   3570.2764 |   3570.2614 |   3570.1480 |   3570.3361 |   3570.2521 |   3570.2531 |   3570.2268 |   3557.7167 |   3557.7124 |   3557.7383 |   3557.6963 |   3557.7618 |   3557.6528 |   3557.7025 |   3557.7172 |   3560.7484 |   3560.8251 |   3560.8375 |   3560.7551 |   3560.8348 |   3560.7956 |   3560.7757 |   3560.7977 |   3561.8570 |   3561.8294 |   3561.8435 |   3561.8124 |   3561.8832 |   3561.8511 |   3561.8751 |   3561.8324 |
|          CPI         |      0.2386 |      0.2388 |      0.2388 |      0.2389 |      0.2388 |      0.2388 |      0.2388 |      0.2388 |      0.2380 |      0.2379 |      0.2379 |      0.2379 |      0.2379 |      0.2379 |      0.2379 |      0.2379 |      0.2381 |      0.2381 |      0.2381 |      0.2381 |      0.2382 |      0.2381 |      0.2381 |      0.2382 |      0.2382 |      0.2382 |      0.2382 |      0.2382 |      0.2382 |      0.2382 |      0.2382 |      0.2382 |
|     SP [MFLOP/s]     | 188384.9575 | 188387.8495 | 188387.8495 | 188384.8197 | 188388.6758 | 188385.0952 | 188383.4426 | 188387.0232 | 188385.5083 | 188387.7118 | 188387.7118 | 188383.8557 | 188387.1609 | 188388.9513 | 188384.6820 | 188387.4364 | 188383.5803 | 188383.4426 | 188386.3346 | 188383.7180 | 188386.6100 | 188385.0952 | 188385.3706 | 188385.7837 | 188378.8982 | 188385.0952 | 188385.5083 | 188384.9575 | 188381.5146 | 188383.7180 | 188388.6758 | 188385.0952 |
+----------------------+-------------+-------------+-------------+-------------+-------------+-------------+-------------+-------------+-------------+-------------+-------------+-------------+-------------+-------------+-------------+-------------+-------------+-------------+-------------+-------------+-------------+-------------+-------------+-------------+-------------+-------------+-------------+-------------+-------------+-------------+-------------+-------------+
+---------------------------+--------------+-------------+-------------+-------------+
|           Metric          |      Sum     |     Min     |     Max     |     Avg     |
+---------------------------+--------------+-------------+-------------+-------------+
|  Runtime (RDTSC) [s] STAT |      43.7730 |      1.3679 |      1.3680 |      1.3679 |
| Runtime unhalted [s] STAT |      57.8990 |      1.8068 |      1.8132 |      1.8093 |
|      Clock [MHz] STAT     |  114004.7559 |   3557.6528 |   3570.3361 |   3562.6486 |
|          CPI STAT         |       7.6242 |      0.2379 |      0.2389 |      0.2383 |
|     SP [MFLOP/s] STAT     | 6.028336e+06 | 188378.8982 | 188388.9513 | 188385.5040 |
+---------------------------+--------------+-------------+-------------+-------------+
