--------------------------------------------------------------------------------
CPU name:	AMD EPYC 9755 128-Core Processor               
CPU type:	AMD K1A (Zen5) architecture
CPU clock:	2.70 GHz
--------------------------------------------------------------------------------
Region bench, Group 1: FLOPS_SP
+-------------------+------------+------------+------------+------------+------------+------------+------------+------------+------------+------------+-------------+-------------+-------------+-------------+-------------+-------------+-------------+-------------+-------------+-------------+-------------+-------------+-------------+-------------+-------------+-------------+-------------+-------------+-------------+-------------+-------------+-------------+
|    Region Info    | HWThread 0 | HWThread 1 | HWThread 2 | HWThread 3 | HWThread 4 | HWThread 5 | HWThread 6 | HWThread 7 | HWThread 8 | HWThread 9 | HWThread 10 | HWThread 11 | HWThread 12 | HWThread 13 | HWThread 14 | HWThread 15 | HWThread 16 | HWThread 17 | HWThread 18 | HWThread 19 | HWThread 20 | HWThread 21 | HWThread 22 | HWThread 23 | HWThread 24 | HWThread 25 | HWThread 26 | HWThread 27 | HWThread 28 | HWThread 29 | HWThread 30 | HWThread 31 |
+-------------------+------------+------------+------------+------------+------------+------------+------------+------------+------------+------------+-------------+-------------+-------------+-------------+-------------+-------------+-------------+-------------+-------------+-------------+-------------+-------------+-------------+-------------+-------------+-------------+-------------+-------------+-------------+-------------+-------------+-------------+
| RDTSC Runtime [s] |   1.350469 |   1.350450 |   1.350469 |   1.350448 |   1.350450 |   1.350450 |   1.350501 |   1.350448 |   1.350467 |   1.350453 |    1.350472 |    1.350448 |    1.350453 |    1.350479 |    1.350441 |    1.350443 |    1.350442 |    1.350467 |    1.350446 |    1.350476 |    1.350442 |    1.350468 |    1.350442 |    1.350442 |    1.350458 |    1.350443 |    1.350466 |    1.350447 |    1.350443 |    1.350445 |    1.350469 |    1.350470 |
|     call count    |          1 |          1 |          1 |          1 |          1 |          1 |          1 |          1 |          1 |          1 |           1 |           1 |           1 |           1 |           1 |           1 |           1 |           1 |           1 |           1 |           1 |           1 |           1 |           1 |           1 |           1 |           1 |           1 |           1 |           1 |           1 |           1 |
+-------------------+------------+------------+------------+------------+------------+------------+------------+------------+------------+------------+-------------+-------------+-------------+-------------+-------------+-------------+-------------+-------------+-------------+-------------+-------------+-------------+-------------+-------------+-------------+-------------+-------------+-------------+-------------+-------------+-------------+-------------+
+-------------------------------------+---------+--------------+--------------+--------------+--------------+--------------+--------------+--------------+--------------+--------------+--------------+--------------+--------------+--------------+--------------+--------------+--------------+--------------+--------------+--------------+--------------+--------------+--------------+--------------+--------------+--------------+--------------+--------------+--------------+--------------+--------------+--------------+--------------+
|                Event                | Counter |  HWThread 0  |  HWThread 1  |  HWThread 2  |  HWThread 3  |  HWThread 4  |  HWThread 5  |  HWThread 6  |  HWThread 7  |  HWThread 8  |  HWThread 9  |  HWThread 10 |  HWThread 11 |  HWThread 12 |  HWThread 13 |  HWThread 14 |  HWThread 15 |  HWThread 16 |  HWThread 17 |  HWThread 18 |  HWThread 19 |  HWThread 20 |  HWThread 21 |  HWThread 22 |  HWThread 23 |  HWThread 24 |  HWThread 25 |  HWThread 26 |  HWThread 27 |  HWThread 28 |  HWThread 29 |  HWThread 30 |  HWThread 31 |
+-------------------------------------+---------+--------------+--------------+--------------+--------------+--------------+--------------+--------------+--------------+--------------+--------------+--------------+--------------+--------------+--------------+--------------+--------------+--------------+--------------+--------------+--------------+--------------+--------------+--------------+--------------+--------------+--------------+--------------+--------------+--------------+--------------+--------------+--------------+
|           ACTUAL_CPU_CLOCK          |  FIXC1  |   4841654000 |   4841785000 |   4841677000 |   4841570000 |   4841707000 |   4841563000 |   4841807000 |   4841688000 |   4825157000 |   4824974000 |   4825042000 |   4825061000 |   4825080000 |   4825011000 |   4825081000 |   4824964000 |   4828941000 |   4828876000 |   4828920000 |   4828874000 |   4828871000 |   4828860000 |   4828872000 |   4828886000 |   4829450000 |   4829333000 |   4829431000 |   4829398000 |   4829396000 |   4829451000 |   4829436000 |   4829464000 |
|            MAX_CPU_CLOCK            |  FIXC2  |   3642135000 |   3642095000 |   3642095000 |   3642023000 |   3642140000 |   3641952000 |   3642256000 |   3642149000 |   3642078000 |   3641995000 |   3642044000 |   3642075000 |   3642039000 |   3642008000 |   3642053000 |   3641965000 |   3642149000 |   3642119000 |   3642065000 |   3642133000 |   3642031000 |   3642038000 |   3642053000 |   3642050000 |   3642164000 |   3641969000 |   3642146000 |   3642047000 |   3642021000 |   3642175000 |   3642147000 |   3642140000 |
|         RETIRED_INSTRUCTIONS        |   PMC0  |  20409750000 |  20410410000 |  20410190000 |  20410310000 |  20410400000 |  20410380000 |  20410400000 |  20410230000 |  20407720000 |  20407720000 |  20407690000 |  20407750000 |  20407680000 |  20407700000 |  20407660000 |  20407670000 |  20408190000 |  20408200000 |  20408230000 |  20408190000 |  20408240000 |  20408200000 |  20408200000 |  20408130000 |  20408560000 |  20408580000 |  20408050000 |  20408600000 |  20408580000 |  20408600000 |  20408590000 |  20408570000 |
|         CPU_CLOCKS_UNHALTED         |   PMC1  |   4827020000 |   4831086000 |   4829639000 |   4830545000 |   4830961000 |   4830960000 |   4830666000 |   4830628000 |   4813117000 |   4812978000 |   4812524000 |   4813233000 |   4812750000 |   4812742000 |   4812688000 |   4812516000 |   4817092000 |   4817166000 |   4817210000 |   4816445000 |   4817345000 |   4816781000 |   4817159000 |   4816468000 |   4817184000 |   4817211000 |   4816940000 |   4816874000 |   4817135000 |   4817441000 |   4817356000 |   4816997000 |
|                MERGE                |   PMC3  |            0 |            0 |            0 |            0 |            0 |            0 |            0 |            0 |            0 |            0 |            0 |            0 |            0 |            0 |            0 |            0 |            0 |            0 |            0 |            0 |            0 |            0 |            0 |            0 |            0 |            0 |            0 |            0 |            0 |            0 |            0 |            0 |
| RETIRED_SSE_AVX_FLOPS_ALL_SP_SCALAR |   PMC2  |            0 |            0 |            0 |            0 |            0 |            0 |            0 |            0 |            0 |            0 |            0 |            0 |            0 |            0 |            0 |            0 |            0 |            0 |            0 |            0 |            0 |            0 |            0 |            0 |            0 |            0 |            0 |            0 |            0 |            0 |            0 |            0 |
|                MERGE                |   PMC5  |            0 |            0 |            0 |            0 |            0 |            0 |            0 |            0 |            0 |            0 |            0 |            0 |            0 |            0 |            0 |            0 |            0 |            0 |            0 |            0 |            0 |            0 |            0 |            0 |            0 |            0 |            0 |            0 |            0 |            0 |            0 |            0 |
| RETIRED_SSE_AVX_FLOPS_ALL_SP_PACKED |   PMC4  | 257698000000 | 257698000000 | 257698000000 | 257698000000 | 257698000000 | 257698000000 | 257698000000 | 257698000000 | 257698000000 | 257698000000 | 257698000000 | 257698000000 | 257698000000 | 257698000000 | 257698000000 | 257698000000 | 257698000000 | 257698000000 | 257698000000 | 257698000000 | 257698000000 | 257698000000 | 257698000000 | 257698000000 | 257698000000 | 257698000000 | 257698000000 | 257698000000 | 257698000000 | 257698000000 | 257698000000 | 257698000000 |
+-------------------------------------+---------+--------------+--------------+--------------+--------------+--------------+--------------+--------------+--------------+--------------+--------------+--------------+--------------+--------------+--------------+--------------+--------------+--------------+--------------+--------------+--------------+--------------+--------------+--------------+--------------+--------------+--------------+--------------+--------------+--------------+--------------+--------------+--------------+
+------------------------------------------+---------+---------------+--------------+--------------+--------------+
|                   Event                  | Counter |      Sum      |      Min     |      Max     |      Avg     |
+------------------------------------------+---------+---------------+--------------+--------------+--------------+
|           ACTUAL_CPU_CLOCK STAT          |  FIXC1  |  154600280000 |   4824964000 |   4841807000 |   4831258750 |
|            MAX_CPU_CLOCK STAT            |  FIXC2  |  116546549000 |   3641952000 |   3642256000 | 3.642080e+09 |
|         RETIRED_INSTRUCTIONS STAT        |   PMC0  |  653077370000 |  20407660000 |  20410410000 | 2.040867e+10 |
|         CPU_CLOCKS_UNHALTED STAT         |   PMC1  |  154216857000 |   4812516000 |   4831086000 | 4.819277e+09 |
|                MERGE STAT                |   PMC3  |             0 |            0 |            0 |            0 |
| RETIRED_SSE_AVX_FLOPS_ALL_SP_SCALAR STAT |   PMC2  |             0 |            0 |            0 |            0 |
|                MERGE STAT                |   PMC5  |             0 |            0 |            0 |            0 |
| RETIRED_SSE_AVX_FLOPS_ALL_SP_PACKED STAT |   PMC4  | 8246336000000 | 257698000000 | 257698000000 | 257698000000 |
+------------------------------------------+---------+---------------+--------------+--------------+--------------+
+----------------------+-------------+-------------+-------------+-------------+-------------+-------------+-------------+-------------+-------------+-------------+-------------+-------------+-------------+-------------+-------------+-------------+-------------+-------------+-------------+-------------+-------------+-------------+-------------+-------------+-------------+-------------+-------------+-------------+-------------+-------------+-------------+-------------+
|        Metric        |  HWThread 0 |  HWThread 1 |  HWThread 2 |  HWThread 3 |  HWThread 4 |  HWThread 5 |  HWThread 6 |  HWThread 7 |  HWThread 8 |  HWThread 9 | HWThread 10 | HWThread 11 | HWThread 12 | HWThread 13 | HWThread 14 | HWThread 15 | HWThread 16 | HWThread 17 | HWThread 18 | HWThread 19 | HWThread 20 | HWThread 21 | HWThread 22 | HWThread 23 | HWThread 24 | HWThread 25 | HWThread 26 | HWThread 27 | HWThread 28 | HWThread 29 | HWThread 30 | HWThread 31 |
+----------------------+-------------+-------------+-------------+-------------+-------------+-------------+-------------+-------------+-------------+-------------+-------------+-------------+-------------+-------------+-------------+-------------+-------------+-------------+-------------+-------------+-------------+-------------+-------------+-------------+-------------+-------------+-------------+-------------+-------------+-------------+-------------+-------------+
|  Runtime (RDTSC) [s] |      1.3505 |      1.3504 |      1.3505 |      1.3504 |      1.3504 |      1.3504 |      1.3505 |      1.3504 |      1.3505 |      1.3505 |      1.3505 |      1.3504 |      1.3505 |      1.3505 |      1.3504 |      1.3504 |      1.3504 |      1.3505 |      1.3504 |      1.3505 |      1.3504 |      1.3505 |      1.3504 |      1.3504 |      1.3505 |      1.3504 |      1.3505 |      1.3504 |      1.3504 |      1.3504 |      1.3505 |      1.3505 |
| Runtime unhalted [s] |      1.7957 |      1.7957 |      1.7957 |      1.7956 |      1.7957 |      1.7956 |      1.7957 |      1.7957 |      1.7896 |      1.7895 |      1.7895 |      1.7895 |      1.7895 |      1.7895 |      1.7895 |      1.7895 |      1.7910 |      1.7909 |      1.7910 |      1.7909 |      1.7909 |      1.7909 |      1.7909 |      1.7909 |      1.7911 |      1.7911 |      1.7911 |      1.7911 |      1.7911 |      1.7911 |      1.7911 |      1.7912 |
|      Clock [MHz]     |   3584.2982 |   3584.4346 |   3584.3546 |   3584.3463 |   3584.3325 |   3584.4110 |   3584.2924 |   3584.3096 |   3572.1413 |   3572.0873 |   3572.0895 |   3572.0732 |   3572.1226 |   3572.1019 |   3572.1096 |   3572.1093 |   3574.8730 |   3574.8543 |   3574.9399 |   3574.8391 |   3574.9370 |   3574.9220 |   3574.9161 |   3574.9294 |   3575.2351 |   3575.3399 |   3575.2387 |   3575.3114 |   3575.3355 |   3575.2250 |   3575.2414 |   3575.2690 |
|          CPI         |      0.2365 |      0.2367 |      0.2366 |      0.2367 |      0.2367 |      0.2367 |      0.2367 |      0.2367 |      0.2358 |      0.2358 |      0.2358 |      0.2359 |      0.2358 |      0.2358 |      0.2358 |      0.2358 |      0.2360 |      0.2360 |      0.2360 |      0.2360 |      0.2360 |      0.2360 |      0.2360 |      0.2360 |      0.2360 |      0.2360 |      0.2360 |      0.2360 |      0.2360 |      0.2360 |      0.2360 |      0.2360 |
|     SP [MFLOP/s]     | 190821.1147 | 190823.7995 | 190821.1147 | 190824.0821 | 190823.7995 | 190823.7995 | 190816.5932 | 190824.0821 | 190821.3973 | 190823.3756 | 190820.6908 | 190824.0821 | 190823.3756 | 190819.7018 | 190825.0712 | 190824.7886 | 190824.9299 | 190821.3973 | 190824.3647 | 190820.1256 | 190824.9299 | 190821.2560 | 190824.9299 | 190824.9299 | 190822.6691 | 190824.7886 | 190821.5386 | 190824.2234 | 190824.7886 | 190824.5060 | 190821.1147 | 190820.9734 |
+----------------------+-------------+-------------+-------------+-------------+-------------+-------------+-------------+-------------+-------------+-------------+-------------+-------------+-------------+-------------+-------------+-------------+-------------+-------------+-------------+-------------+-------------+-------------+-------------+-------------+-------------+-------------+-------------+-------------+-------------+-------------+-------------+-------------+
+---------------------------+--------------+-------------+-------------+-------------+
|           Metric          |      Sum     |     Min     |     Max     |     Avg     |
+---------------------------+--------------+-------------+-------------+-------------+
|  Runtime (RDTSC) [s] STAT |      43.2143 |      1.3504 |      1.3505 |      1.3504 |
| Runtime unhalted [s] STAT |      57.3378 |      1.7895 |      1.7957 |      1.7918 |
|      Clock [MHz] STAT     |  114453.0207 |   3572.0732 |   3584.4346 |   3576.6569 |
|          CPI STAT         |       7.5558 |      0.2358 |      0.2367 |      0.2361 |
|     SP [MFLOP/s] STAT     | 6.106332e+06 | 190816.5932 | 190825.0712 | 190822.8854 |
+---------------------------+--------------+-------------+-------------+-------------+
