--------------------------------------------------------------------------------
CPU name:	AMD EPYC 9755 128-Core Processor               
CPU type:	AMD K1A (Zen5) architecture
CPU clock:	2.70 GHz
--------------------------------------------------------------------------------
Region bench, Group 1: FLOPS_SP
+-------------------+------------+------------+------------+------------+------------+------------+------------+------------+------------+------------+-------------+-------------+-------------+-------------+-------------+-------------+-------------+-------------+-------------+-------------+-------------+-------------+-------------+-------------+-------------+-------------+-------------+-------------+-------------+-------------+-------------+-------------+-------------+-------------+-------------+-------------+-------------+-------------+-------------+-------------+-------------+-------------+-------------+-------------+-------------+-------------+-------------+-------------+-------------+-------------+-------------+-------------+-------------+-------------+-------------+-------------+-------------+-------------+-------------+-------------+-------------+-------------+-------------+-------------+-------------+-------------+-------------+-------------+-------------+-------------+-------------+-------------+-------------+-------------+-------------+-------------+-------------+-------------+-------------+-------------+-------------+-------------+-------------+-------------+-------------+-------------+-------------+-------------+-------------+-------------+-------------+-------------+-------------+-------------+-------------+-------------+-------------+-------------+-------------+-------------+--------------+--------------+--------------+--------------+--------------+--------------+--------------+--------------+--------------+--------------+--------------+--------------+--------------+--------------+--------------+--------------+--------------+--------------+--------------+--------------+--------------+--------------+--------------+--------------+--------------+--------------+--------------+--------------+
|    Region Info    | HWThread 0 | HWThread 1 | HWThread 2 | HWThread 3 | HWThread 4 | HWThread 5 | HWThread 6 | HWThread 7 | HWThread 8 | HWThread 9 | HWThread 10 | HWThread 11 | HWThread 12 | HWThread 13 | HWThread 14 | HWThread 15 | HWThread 16 | HWThread 17 | HWThread 18 | HWThread 19 | HWThread 20 | HWThread 21 | HWThread 22 | HWThread 23 | HWThread 24 | HWThread 25 | HWThread 26 | HWThread 27 | HWThread 28 | HWThread 29 | HWThread 30 | HWThread 31 | HWThread 32 | HWThread 33 | HWThread 34 | HWThread 35 | HWThread 36 | HWThread 37 | HWThread 38 | HWThread 39 | HWThread 40 | HWThread 41 | HWThread 42 | HWThread 43 | HWThread 44 | HWThread 45 | HWThread 46 | HWThread 47 | HWThread 48 | HWThread 49 | HWThread 50 | HWThread 51 | HWThread 52 | HWThread 53 | HWThread 54 | HWThread 55 | HWThread 56 | HWThread 57 | HWThread 58 | HWThread 59 | HWThread 60 | HWThread 61 | HWThread 62 | HWThread 63 | HWThread 64 | HWThread 65 | HWThread 66 | HWThread 67 | HWThread 68 | HWThread 69 | HWThread 70 | HWThread 71 | HWThread 72 | HWThread 73 | HWThread 74 | HWThread 75 | HWThread 76 | HWThread 77 | HWThread 78 | HWThread 79 | HWThread 80 | HWThread 81 | HWThread 82 | HWThread 83 | HWThread 84 | HWThread 85 | HWThread 86 | HWThread 87 | HWThread 88 | HWThread 89 | HWThread 90 | HWThread 91 | HWThread 92 | HWThread 93 | HWThread 94 | HWThread 95 | HWThread 96 | HWThread 97 | HWThread 98 | HWThread 99 | HWThread 100 | HWThread 101 | HWThread 102 | HWThread 103 | HWThread 104 | HWThread 105 | HWThread 106 | HWThread 107 | HWThread 108 | HWThread 109 | HWThread 110 | HWThread 111 | HWThread 112 | HWThread 113 | HWThread 114 | HWThread 115 | HWThread 116 | HWThread 117 | HWThread 118 | HWThread 119 | HWThread 120 | HWThread 121 | HWThread 122 | HWThread 123 | HWThread 124 | HWThread 125 | HWThread 126 | HWThread 127 |
+-------------------+------------+------------+------------+------------+------------+------------+------------+------------+------------+------------+-------------+-------------+-------------+-------------+-------------+-------------+-------------+-------------+-------------+-------------+-------------+-------------+-------------+-------------+-------------+-------------+-------------+-------------+-------------+-------------+-------------+-------------+-------------+-------------+-------------+-------------+-------------+-------------+-------------+-------------+-------------+-------------+-------------+-------------+-------------+-------------+-------------+-------------+-------------+-------------+-------------+-------------+-------------+-------------+-------------+-------------+-------------+-------------+-------------+-------------+-------------+-------------+-------------+-------------+-------------+-------------+-------------+-------------+-------------+-------------+-------------+-------------+-------------+-------------+-------------+-------------+-------------+-------------+-------------+-------------+-------------+-------------+-------------+-------------+-------------+-------------+-------------+-------------+-------------+-------------+-------------+-------------+-------------+-------------+-------------+-------------+-------------+-------------+-------------+-------------+--------------+--------------+--------------+--------------+--------------+--------------+--------------+--------------+--------------+--------------+--------------+--------------+--------------+--------------+--------------+--------------+--------------+--------------+--------------+--------------+--------------+--------------+--------------+--------------+--------------+--------------+--------------+--------------+
| RDTSC Runtime [s] |   2.629094 |   2.629077 |   2.629114 |   2.629139 |   2.629196 |   2.629137 |   2.629327 |   2.629094 |   2.628965 |   2.628974 |    2.629272 |    2.628966 |    2.629006 |    2.628921 |    2.628972 |    2.628904 |    2.628904 |    2.628920 |    2.629068 |    2.628912 |    2.628977 |    2.628935 |    2.628927 |    2.629069 |    2.629061 |    2.629006 |    2.628994 |    2.629126 |    2.629112 |    2.629061 |    2.629061 |    2.629006 |    2.628967 |    2.628974 |    2.628927 |    2.628965 |    2.628974 |    2.628976 |    2.628909 |    2.629082 |    2.629347 |    2.628983 |    2.629292 |    2.629355 |    2.628984 |    2.629342 |    2.628907 |    2.628911 |    2.629339 |    2.628920 |    2.629141 |    2.629142 |    2.629296 |    2.629141 |    2.629124 |    2.629142 |    2.629069 |    2.629111 |    2.628905 |    2.628975 |    2.628984 |    2.628994 |    2.629312 |    2.628982 |    2.629069 |    2.629084 |    2.628985 |    2.628982 |    2.628983 |    2.629143 |    2.628998 |    2.629104 |    2.628974 |    2.629083 |    2.629247 |    2.628974 |    2.629178 |    2.628908 |    2.629010 |    2.629116 |    2.628911 |    2.628911 |    2.629000 |    2.628978 |    2.628984 |    2.629004 |    2.629096 |    2.628985 |    2.629248 |    2.629265 |    2.629350 |    2.629009 |    2.628984 |    2.629299 |    2.628982 |    2.629257 |    2.629122 |    2.629067 |    2.629255 |    2.629141 |     2.629300 |     2.629344 |     2.629254 |     2.628975 |     2.628994 |     2.628907 |     2.629012 |     2.629093 |     2.628997 |     2.628972 |     2.629141 |     2.629070 |     2.628972 |     2.629090 |     2.628905 |     2.628983 |     2.629170 |     2.629179 |     2.629066 |     2.629162 |     2.628924 |     2.628974 |     2.628911 |     2.628906 |     2.628982 |     2.629142 |     2.628974 |     2.629068 |
|     call count    |          1 |          1 |          1 |          1 |          1 |          1 |          1 |          1 |          1 |          1 |           1 |           1 |           1 |           1 |           1 |           1 |           1 |           1 |           1 |           1 |           1 |           1 |           1 |           1 |           1 |           1 |           1 |           1 |           1 |           1 |           1 |           1 |           1 |           1 |           1 |           1 |           1 |           1 |           1 |           1 |           1 |           1 |           1 |           1 |           1 |           1 |           1 |           1 |           1 |           1 |           1 |           1 |           1 |           1 |           1 |           1 |           1 |           1 |           1 |           1 |           1 |           1 |           1 |           1 |           1 |           1 |           1 |           1 |           1 |           1 |           1 |           1 |           1 |           1 |           1 |           1 |           1 |           1 |           1 |           1 |           1 |           1 |           1 |           1 |           1 |           1 |           1 |           1 |           1 |           1 |           1 |           1 |           1 |           1 |           1 |           1 |           1 |           1 |           1 |           1 |            1 |            1 |            1 |            1 |            1 |            1 |            1 |            1 |            1 |            1 |            1 |            1 |            1 |            1 |            1 |            1 |            1 |            1 |            1 |            1 |            1 |            1 |            1 |            1 |            1 |            1 |            1 |            1 |
+-------------------+------------+------------+------------+------------+------------+------------+------------+------------+------------+------------+-------------+-------------+-------------+-------------+-------------+-------------+-------------+-------------+-------------+-------------+-------------+-------------+-------------+-------------+-------------+-------------+-------------+-------------+-------------+-------------+-------------+-------------+-------------+-------------+-------------+-------------+-------------+-------------+-------------+-------------+-------------+-------------+-------------+-------------+-------------+-------------+-------------+-------------+-------------+-------------+-------------+-------------+-------------+-------------+-------------+-------------+-------------+-------------+-------------+-------------+-------------+-------------+-------------+-------------+-------------+-------------+-------------+-------------+-------------+-------------+-------------+-------------+-------------+-------------+-------------+-------------+-------------+-------------+-------------+-------------+-------------+-------------+-------------+-------------+-------------+-------------+-------------+-------------+-------------+-------------+-------------+-------------+-------------+-------------+-------------+-------------+-------------+-------------+-------------+-------------+--------------+--------------+--------------+--------------+--------------+--------------+--------------+--------------+--------------+--------------+--------------+--------------+--------------+--------------+--------------+--------------+--------------+--------------+--------------+--------------+--------------+--------------+--------------+--------------+--------------+--------------+--------------+--------------+
+-------------------------------------+---------+--------------+--------------+--------------+--------------+--------------+--------------+--------------+--------------+--------------+--------------+--------------+--------------+--------------+--------------+--------------+--------------+--------------+--------------+--------------+--------------+--------------+--------------+--------------+--------------+--------------+--------------+--------------+--------------+--------------+--------------+--------------+--------------+--------------+--------------+--------------+--------------+--------------+--------------+--------------+--------------+--------------+--------------+--------------+--------------+--------------+--------------+--------------+--------------+--------------+--------------+--------------+--------------+--------------+--------------+--------------+--------------+--------------+--------------+--------------+--------------+--------------+--------------+--------------+--------------+--------------+--------------+--------------+--------------+--------------+--------------+--------------+--------------+--------------+--------------+--------------+--------------+--------------+--------------+--------------+--------------+--------------+--------------+--------------+--------------+--------------+--------------+--------------+--------------+--------------+--------------+--------------+--------------+--------------+--------------+--------------+--------------+--------------+--------------+--------------+--------------+--------------+--------------+--------------+--------------+--------------+--------------+--------------+--------------+--------------+--------------+--------------+--------------+--------------+--------------+--------------+--------------+--------------+--------------+--------------+--------------+--------------+--------------+--------------+--------------+--------------+--------------+--------------+--------------+
|                Event                | Counter |  HWThread 0  |  HWThread 1  |  HWThread 2  |  HWThread 3  |  HWThread 4  |  HWThread 5  |  HWThread 6  |  HWThread 7  |  HWThread 8  |  HWThread 9  |  HWThread 10 |  HWThread 11 |  HWThread 12 |  HWThread 13 |  HWThread 14 |  HWThread 15 |  HWThread 16 |  HWThread 17 |  HWThread 18 |  HWThread 19 |  HWThread 20 |  HWThread 21 |  HWThread 22 |  HWThread 23 |  HWThread 24 |  HWThread 25 |  HWThread 26 |  HWThread 27 |  HWThread 28 |  HWThread 29 |  HWThread 30 |  HWThread 31 |  HWThread 32 |  HWThread 33 |  HWThread 34 |  HWThread 35 |  HWThread 36 |  HWThread 37 |  HWThread 38 |  HWThread 39 |  HWThread 40 |  HWThread 41 |  HWThread 42 |  HWThread 43 |  HWThread 44 |  HWThread 45 |  HWThread 46 |  HWThread 47 |  HWThread 48 |  HWThread 49 |  HWThread 50 |  HWThread 51 |  HWThread 52 |  HWThread 53 |  HWThread 54 |  HWThread 55 |  HWThread 56 |  HWThread 57 |  HWThread 58 |  HWThread 59 |  HWThread 60 |  HWThread 61 |  HWThread 62 |  HWThread 63 |  HWThread 64 |  HWThread 65 |  HWThread 66 |  HWThread 67 |  HWThread 68 |  HWThread 69 |  HWThread 70 |  HWThread 71 |  HWThread 72 |  HWThread 73 |  HWThread 74 |  HWThread 75 |  HWThread 76 |  HWThread 77 |  HWThread 78 |  HWThread 79 |  HWThread 80 |  HWThread 81 |  HWThread 82 |  HWThread 83 |  HWThread 84 |  HWThread 85 |  HWThread 86 |  HWThread 87 |  HWThread 88 |  HWThread 89 |  HWThread 90 |  HWThread 91 |  HWThread 92 |  HWThread 93 |  HWThread 94 |  HWThread 95 |  HWThread 96 |  HWThread 97 |  HWThread 98 |  HWThread 99 | HWThread 100 | HWThread 101 | HWThread 102 | HWThread 103 | HWThread 104 | HWThread 105 | HWThread 106 | HWThread 107 | HWThread 108 | HWThread 109 | HWThread 110 | HWThread 111 | HWThread 112 | HWThread 113 | HWThread 114 | HWThread 115 | HWThread 116 | HWThread 117 | HWThread 118 | HWThread 119 | HWThread 120 | HWThread 121 | HWThread 122 | HWThread 123 | HWThread 124 | HWThread 125 | HWThread 126 | HWThread 127 |
+-------------------------------------+---------+--------------+--------------+--------------+--------------+--------------+--------------+--------------+--------------+--------------+--------------+--------------+--------------+--------------+--------------+--------------+--------------+--------------+--------------+--------------+--------------+--------------+--------------+--------------+--------------+--------------+--------------+--------------+--------------+--------------+--------------+--------------+--------------+--------------+--------------+--------------+--------------+--------------+--------------+--------------+--------------+--------------+--------------+--------------+--------------+--------------+--------------+--------------+--------------+--------------+--------------+--------------+--------------+--------------+--------------+--------------+--------------+--------------+--------------+--------------+--------------+--------------+--------------+--------------+--------------+--------------+--------------+--------------+--------------+--------------+--------------+--------------+--------------+--------------+--------------+--------------+--------------+--------------+--------------+--------------+--------------+--------------+--------------+--------------+--------------+--------------+--------------+--------------+--------------+--------------+--------------+--------------+--------------+--------------+--------------+--------------+--------------+--------------+--------------+--------------+--------------+--------------+--------------+--------------+--------------+--------------+--------------+--------------+--------------+--------------+--------------+--------------+--------------+--------------+--------------+--------------+--------------+--------------+--------------+--------------+--------------+--------------+--------------+--------------+--------------+--------------+--------------+--------------+--------------+
|           ACTUAL_CPU_CLOCK          |  FIXC1  |   8200673000 |   8201115000 |   8201128000 |   8200721000 |   8200977000 |   8200933000 |   8201425000 |   8200711000 |   8148655000 |   8148714000 |   8149902000 |   8148707000 |   8150022000 |   8148592000 |   8148679000 |   8148645000 |   8198868000 |   8198891000 |   8199473000 |   8198924000 |   8199015000 |   8198941000 |   8198949000 |   8199478000 |   8183519000 |   8182734000 |   8182919000 |   8182987000 |   8183514000 |   8183563000 |   8183553000 |   8183241000 |   8110044000 |   8110071000 |   8109805000 |   8109567000 |   8109553000 |   8109634000 |   8109471000 |   8110534000 |   8180388000 |   8179657000 |   8180547000 |   8180575000 |   8179649000 |   8180313000 |   8179268000 |   8179298000 |   8201337000 |   8200902000 |   8200788000 |   8201640000 |   8202066000 |   8201462000 |   8201753000 |   8202055000 |   8143113000 |   8143048000 |   8143524000 |   8142490000 |   8143014000 |   8144144000 |   8143652000 |   8143392000 |   8193641000 |   8193322000 |   8193757000 |   8193537000 |   8193689000 |   8193733000 |   8193539000 |   8193818000 |   8210323000 |   8211407000 |   8210779000 |   8210266000 |   8210624000 |   8210643000 |   8211382000 |   8210254000 |   8184338000 |   8183716000 |   8184177000 |   8183822000 |   8184225000 |   8185013000 |   8184694000 |   8184784000 |   8194193000 |   8194405000 |   8194497000 |   8193717000 |   8194175000 |   8194432000 |   8194034000 |   8194301000 |   8209495000 |   8209743000 |   8209917000 |   8209413000 |   8209766000 |   8209718000 |   8210743000 |   8210148000 |   8147778000 |   8146510000 |   8147718000 |   8147512000 |   8147682000 |   8146745000 |   8147795000 |   8147263000 |   8198828000 |   8199131000 |   8198084000 |   8198606000 |   8198947000 |   8199528000 |   8199499000 |   8199409000 |   8157121000 |   8157728000 |   8156504000 |   8156924000 |   8157305000 |   8157479000 |   8158149000 |   8157474000 |
|            MAX_CPU_CLOCK            |  FIXC2  |   7091569000 |   7092365000 |   7092376000 |   7091600000 |   7091558000 |   7091471000 |   7091861000 |   7091595000 |   7091966000 |   7091851000 |   7092886000 |   7091722000 |   7092447000 |   7091901000 |   7091810000 |   7091951000 |   7092567000 |   7092582000 |   7092818000 |   7092339000 |   7092231000 |   7092328000 |   7092328000 |   7092764000 |   7092784000 |   7092408000 |   7092439000 |   7092321000 |   7092655000 |   7092804000 |   7092795000 |   7092837000 |   7092053000 |   7091866000 |   7091913000 |   7091290000 |   7091263000 |   7091304000 |   7091084000 |   7092402000 |   7092894000 |   7092360000 |   7092824000 |   7092840000 |   7092351000 |   7092495000 |   7091963000 |   7091346000 |   7092634000 |   7092337000 |   7091654000 |   7092799000 |   7093259000 |   7092410000 |   7092838000 |   7092736000 |   7092392000 |   7091587000 |   7092442000 |   7092204000 |   7092311000 |   7092924000 |   7092651000 |   7092337000 |   7092885000 |   7092930000 |   7092959000 |   7093092000 |   7092918000 |   7092936000 |   7093110000 |   7092749000 |   7092079000 |   7093041000 |   7092421000 |   7092076000 |   7092387000 |   7092416000 |   7092735000 |   7091981000 |   7092644000 |   7092003000 |   7092423000 |   7091923000 |   7092429000 |   7093166000 |   7092926000 |   7092721000 |   7093367000 |   7093264000 |   7093303000 |   7092808000 |   7092755000 |   7093215000 |   7092923000 |   7093263000 |   7092295000 |   7092385000 |   7092911000 |   7092310000 |   7092730000 |   7092664000 |   7093295000 |   7092906000 |   7092875000 |   7092024000 |   7092820000 |   7092975000 |   7092807000 |   7092073000 |   7092883000 |   7092365000 |   7092441000 |   7092383000 |   7091948000 |   7092369000 |   7092312000 |   7092842000 |   7092780000 |   7093040000 |   7092064000 |   7092249000 |   7091261000 |   7091905000 |   7092341000 |   7092457000 |   7092748000 |   7092456000 |
|         RETIRED_INSTRUCTIONS        |   PMC0  |  20425260000 |  20427590000 |  20427320000 |  20427550000 |  20427530000 |  20427400000 |  20427570000 |  20427470000 |  20415830000 |  20415800000 |  20415810000 |  20415760000 |  20415720000 |  20415710000 |  20415660000 |  20415610000 |  20424320000 |  20424380000 |  20424440000 |  20424350000 |  20424370000 |  20424380000 |  20424360000 |  20424390000 |  20422100000 |  20422200000 |  20422040000 |  20422300000 |  20422110000 |  20422050000 |  20422040000 |  20422130000 |  20407980000 |  20407990000 |  20407930000 |  20407680000 |  20408010000 |  20407920000 |  20407660000 |  20408050000 |  20422880000 |  20422700000 |  20422690000 |  20422840000 |  20422560000 |  20422800000 |  20422170000 |  20422460000 |  20425390000 |  20425080000 |  20425160000 |  20425260000 |  20425290000 |  20425200000 |  20425120000 |  20425140000 |  20414430000 |  20414640000 |  20414570000 |  20414550000 |  20413890000 |  20414040000 |  20414030000 |  20413840000 |  20424370000 |  20424400000 |  20424190000 |  20424310000 |  20424230000 |  20424360000 |  20424250000 |  20424280000 |  20427140000 |  20427120000 |  20427280000 |  20427130000 |  20427220000 |  20427130000 |  20427130000 |  20427120000 |  20421960000 |  20421890000 |  20421830000 |  20421880000 |  20421830000 |  20421870000 |  20421940000 |  20421860000 |  20425290000 |  20425350000 |  20425330000 |  20425140000 |  20424490000 |  20424710000 |  20424470000 |  20424560000 |  20428130000 |  20428090000 |  20428150000 |  20428160000 |  20428100000 |  20428300000 |  20428140000 |  20428050000 |  20414370000 |  20414330000 |  20414350000 |  20414400000 |  20414260000 |  20414350000 |  20414410000 |  20414390000 |  20425000000 |  20425070000 |  20424910000 |  20425010000 |  20425000000 |  20425110000 |  20424950000 |  20425020000 |  20417190000 |  20417210000 |  20417190000 |  20417180000 |  20416500000 |  20415590000 |  20416470000 |  20416500000 |
|         CPU_CLOCKS_UNHALTED         |   PMC1  |   8157030000 |   8169838000 |   8168637000 |   8169615000 |   8169476000 |   8169257000 |   8169789000 |   8169172000 |   8111457000 |   8111372000 |   8111440000 |   8111061000 |   8110968000 |   8110702000 |   8110706000 |   8110355000 |   8160215000 |   8160575000 |   8160960000 |   8160344000 |   8160534000 |   8160628000 |   8160217000 |   8160695000 |   8144147000 |   8144664000 |   8143783000 |   8145074000 |   8144217000 |   8144041000 |   8143965000 |   8144287000 |   8076201000 |   8076253000 |   8075866000 |   8075420000 |   8075967000 |   8076289000 |   8074152000 |   8076421000 |   8142563000 |   8141470000 |   8141394000 |   8142299000 |   8140746000 |   8142080000 |   8138639000 |   8140257000 |   8163193000 |   8161521000 |   8162282000 |   8162948000 |   8163066000 |   8162393000 |   8162328000 |   8162454000 |   8103820000 |   8105320000 |   8104677000 |   8105118000 |   8104637000 |   8105240000 |   8105386000 |   8104271000 |   8156890000 |   8157121000 |   8156427000 |   8156650000 |   8156245000 |   8156841000 |   8156372000 |   8156337000 |   8172953000 |   8173429000 |   8173677000 |   8172913000 |   8173391000 |   8172673000 |   8172825000 |   8173419000 |   8147681000 |   8147293000 |   8147357000 |   8147445000 |   8147196000 |   8147355000 |   8147897000 |   8147562000 |   8156983000 |   8157305000 |   8157226000 |   8156330000 |   8156119000 |   8157228000 |   8156018000 |   8156527000 |   8174878000 |   8174855000 |   8175039000 |   8175108000 |   8175170000 |   8175757000 |   8175002000 |   8174397000 |   8110837000 |   8110662000 |   8110781000 |   8111138000 |   8110738000 |   8110714000 |   8111305000 |   8110757000 |   8163221000 |   8163808000 |   8162734000 |   8163372000 |   8163516000 |   8163964000 |   8163116000 |   8163580000 |   8122046000 |   8122257000 |   8122029000 |   8121925000 |   8121813000 |   8121929000 |   8121725000 |   8121934000 |
|                MERGE                |   PMC3  |            0 |            0 |            0 |            0 |            0 |            0 |            0 |            0 |            0 |            0 |            0 |            0 |            0 |            0 |            0 |            0 |            0 |            0 |            0 |            0 |            0 |            0 |            0 |            0 |            0 |            0 |            0 |            0 |            0 |            0 |            0 |            0 |            0 |            0 |            0 |            0 |            0 |            0 |            0 |            0 |            0 |            0 |            0 |            0 |            0 |            0 |            0 |            0 |            0 |            0 |            0 |            0 |            0 |            0 |            0 |            0 |            0 |            0 |            0 |            0 |            0 |            0 |            0 |            0 |            0 |            0 |            0 |            0 |            0 |            0 |            0 |            0 |            0 |            0 |            0 |            0 |            0 |            0 |            0 |            0 |            0 |            0 |            0 |            0 |            0 |            0 |            0 |            0 |            0 |            0 |            0 |            0 |            0 |            0 |            0 |            0 |            0 |            0 |            0 |            0 |            0 |            0 |            0 |            0 |            0 |            0 |            0 |            0 |            0 |            0 |            0 |            0 |            0 |            0 |            0 |            0 |            0 |            0 |            0 |            0 |            0 |            0 |            0 |            0 |            0 |            0 |            0 |            0 |
| RETIRED_SSE_AVX_FLOPS_ALL_SP_SCALAR |   PMC2  |            0 |            0 |            0 |            0 |            0 |            0 |            0 |            0 |            0 |            0 |            0 |            0 |            0 |            0 |            0 |            0 |            0 |            0 |            0 |            0 |            0 |            0 |            0 |            0 |            0 |            0 |            0 |            0 |            0 |            0 |            0 |            0 |            0 |            0 |            0 |            0 |            0 |            0 |            0 |            0 |            0 |            0 |            0 |            0 |            0 |            0 |            0 |            0 |            0 |            0 |            0 |            0 |            0 |            0 |            0 |            0 |            0 |            0 |            0 |            0 |            0 |            0 |            0 |            0 |            0 |            0 |            0 |            0 |            0 |            0 |            0 |            0 |            0 |            0 |            0 |            0 |            0 |            0 |            0 |            0 |            0 |            0 |            0 |            0 |            0 |            0 |            0 |            0 |            0 |            0 |            0 |            0 |            0 |            0 |            0 |            0 |            0 |            0 |            0 |            0 |            0 |            0 |            0 |            0 |            0 |            0 |            0 |            0 |            0 |            0 |            0 |            0 |            0 |            0 |            0 |            0 |            0 |            0 |            0 |            0 |            0 |            0 |            0 |            0 |            0 |            0 |            0 |            0 |
|                MERGE                |   PMC5  |            0 |            0 |            0 |            0 |            0 |            0 |            0 |            0 |            0 |            0 |            0 |            0 |            0 |            0 |            0 |            0 |            0 |            0 |            0 |            0 |            0 |            0 |            0 |            0 |            0 |            0 |            0 |            0 |            0 |            0 |            0 |            0 |            0 |            0 |            0 |            0 |            0 |            0 |            0 |            0 |            0 |            0 |            0 |            0 |            0 |            0 |            0 |            0 |            0 |            0 |            0 |            0 |            0 |            0 |            0 |            0 |            0 |            0 |            0 |            0 |            0 |            0 |            0 |            0 |            0 |            0 |            0 |            0 |            0 |            0 |            0 |            0 |            0 |            0 |            0 |            0 |            0 |            0 |            0 |            0 |            0 |            0 |            0 |            0 |            0 |            0 |            0 |            0 |            0 |            0 |            0 |            0 |            0 |            0 |            0 |            0 |            0 |            0 |            0 |            0 |            0 |            0 |            0 |            0 |            0 |            0 |            0 |            0 |            0 |            0 |            0 |            0 |            0 |            0 |            0 |            0 |            0 |            0 |            0 |            0 |            0 |            0 |            0 |            0 |            0 |            0 |            0 |            0 |
| RETIRED_SSE_AVX_FLOPS_ALL_SP_PACKED |   PMC4  | 515396100000 | 515396100000 | 515396100000 | 515396100000 | 515396100000 | 515396100000 | 515396100000 | 515396100000 | 515396100000 | 515396100000 | 515396100000 | 515396100000 | 515396100000 | 515396100000 | 515396100000 | 515396100000 | 515396100000 | 515396100000 | 515396100000 | 515396100000 | 515396100000 | 515396100000 | 515396100000 | 515396100000 | 515396100000 | 515396100000 | 515396100000 | 515396100000 | 515396100000 | 515396100000 | 515396100000 | 515396100000 | 515396100000 | 515396100000 | 515396100000 | 515396100000 | 515396100000 | 515396100000 | 515396100000 | 515396100000 | 515396100000 | 515396100000 | 515396100000 | 515396100000 | 515396100000 | 515396100000 | 515396100000 | 515396100000 | 515396100000 | 515396100000 | 515396100000 | 515396100000 | 515396100000 | 515396100000 | 515396100000 | 515396100000 | 515396100000 | 515396100000 | 515396100000 | 515396100000 | 515396100000 | 515396100000 | 515396100000 | 515396100000 | 515396100000 | 515396100000 | 515396100000 | 515396100000 | 515396100000 | 515396100000 | 515396100000 | 515396100000 | 515396100000 | 515396100000 | 515396100000 | 515396100000 | 515396100000 | 515396100000 | 515396100000 | 515396100000 | 515396100000 | 515396100000 | 515396100000 | 515396100000 | 515396100000 | 515396100000 | 515396100000 | 515396100000 | 515396100000 | 515396100000 | 515396100000 | 515396100000 | 515396100000 | 515396100000 | 515396100000 | 515396100000 | 515396100000 | 515396100000 | 515396100000 | 515396100000 | 515396100000 | 515396100000 | 515396100000 | 515396100000 | 515396100000 | 515396100000 | 515396100000 | 515396100000 | 515396100000 | 515396100000 | 515396100000 | 515396100000 | 515396100000 | 515396100000 | 515396100000 | 515396100000 | 515396100000 | 515396100000 | 515396100000 | 515396100000 | 515396100000 | 515396100000 | 515396100000 | 515396100000 | 515396100000 | 515396100000 | 515396100000 | 515396100000 |
+-------------------------------------+---------+--------------+--------------+--------------+--------------+--------------+--------------+--------------+--------------+--------------+--------------+--------------+--------------+--------------+--------------+--------------+--------------+--------------+--------------+--------------+--------------+--------------+--------------+--------------+--------------+--------------+--------------+--------------+--------------+--------------+--------------+--------------+--------------+--------------+--------------+--------------+--------------+--------------+--------------+--------------+--------------+--------------+--------------+--------------+--------------+--------------+--------------+--------------+--------------+--------------+--------------+--------------+--------------+--------------+--------------+--------------+--------------+--------------+--------------+--------------+--------------+--------------+--------------+--------------+--------------+--------------+--------------+--------------+--------------+--------------+--------------+--------------+--------------+--------------+--------------+--------------+--------------+--------------+--------------+--------------+--------------+--------------+--------------+--------------+--------------+--------------+--------------+--------------+--------------+--------------+--------------+--------------+--------------+--------------+--------------+--------------+--------------+--------------+--------------+--------------+--------------+--------------+--------------+--------------+--------------+--------------+--------------+--------------+--------------+--------------+--------------+--------------+--------------+--------------+--------------+--------------+--------------+--------------+--------------+--------------+--------------+--------------+--------------+--------------+--------------+--------------+--------------+--------------+--------------+
+------------------------------------------+---------+----------------+--------------+--------------+--------------+
|                   Event                  | Counter |       Sum      |      Min     |      Max     |      Avg     |
+------------------------------------------+---------+----------------+--------------+--------------+--------------+
|           ACTUAL_CPU_CLOCK STAT          |  FIXC1  |  1046906821000 |   8109471000 |   8211407000 | 8.178960e+09 |
|            MAX_CPU_CLOCK STAT            |  FIXC2  |   907831454000 |   7091084000 |   7093367000 | 7.092433e+09 |
|         RETIRED_INSTRUCTIONS STAT        |   PMC0  |  2613935440000 |  20407660000 |  20428300000 |  20421370625 |
|         CPU_CLOCKS_UNHALTED STAT         |   PMC1  |  1042185684000 |   8074152000 |   8175757000 | 8.142076e+09 |
|                MERGE STAT                |   PMC3  |              0 |            0 |            0 |            0 |
| RETIRED_SSE_AVX_FLOPS_ALL_SP_SCALAR STAT |   PMC2  |              0 |            0 |            0 |            0 |
|                MERGE STAT                |   PMC5  |              0 |            0 |            0 |            0 |
| RETIRED_SSE_AVX_FLOPS_ALL_SP_PACKED STAT |   PMC4  | 65970700800000 | 515396100000 | 515396100000 | 515396100000 |
+------------------------------------------+---------+----------------+--------------+--------------+--------------+
+----------------------+-------------+-------------+-------------+-------------+-------------+-------------+-------------+-------------+-------------+-------------+-------------+-------------+-------------+-------------+-------------+-------------+-------------+-------------+-------------+-------------+-------------+-------------+-------------+-------------+-------------+-------------+-------------+-------------+-------------+-------------+-------------+-------------+-------------+-------------+-------------+-------------+-------------+-------------+-------------+-------------+-------------+-------------+-------------+-------------+-------------+-------------+-------------+-------------+-------------+-------------+-------------+-------------+-------------+-------------+-------------+-------------+-------------+-------------+-------------+-------------+-------------+-------------+-------------+-------------+-------------+-------------+-------------+-------------+-------------+-------------+-------------+-------------+-------------+-------------+-------------+-------------+-------------+-------------+-------------+-------------+-------------+-------------+-------------+-------------+-------------+-------------+-------------+-------------+-------------+-------------+-------------+-------------+-------------+-------------+-------------+-------------+-------------+-------------+-------------+-------------+--------------+--------------+--------------+--------------+--------------+--------------+--------------+--------------+--------------+--------------+--------------+--------------+--------------+--------------+--------------+--------------+--------------+--------------+--------------+--------------+--------------+--------------+--------------+--------------+--------------+--------------+--------------+--------------+
|        Metric        |  HWThread 0 |  HWThread 1 |  HWThread 2 |  HWThread 3 |  HWThread 4 |  HWThread 5 |  HWThread 6 |  HWThread 7 |  HWThread 8 |  HWThread 9 | HWThread 10 | HWThread 11 | HWThread 12 | HWThread 13 | HWThread 14 | HWThread 15 | HWThread 16 | HWThread 17 | HWThread 18 | HWThread 19 | HWThread 20 | HWThread 21 | HWThread 22 | HWThread 23 | HWThread 24 | HWThread 25 | HWThread 26 | HWThread 27 | HWThread 28 | HWThread 29 | HWThread 30 | HWThread 31 | HWThread 32 | HWThread 33 | HWThread 34 | HWThread 35 | HWThread 36 | HWThread 37 | HWThread 38 | HWThread 39 | HWThread 40 | HWThread 41 | HWThread 42 | HWThread 43 | HWThread 44 | HWThread 45 | HWThread 46 | HWThread 47 | HWThread 48 | HWThread 49 | HWThread 50 | HWThread 51 | HWThread 52 | HWThread 53 | HWThread 54 | HWThread 55 | HWThread 56 | HWThread 57 | HWThread 58 | HWThread 59 | HWThread 60 | HWThread 61 | HWThread 62 | HWThread 63 | HWThread 64 | HWThread 65 | HWThread 66 | HWThread 67 | HWThread 68 | HWThread 69 | HWThread 70 | HWThread 71 | HWThread 72 | HWThread 73 | HWThread 74 | HWThread 75 | HWThread 76 | HWThread 77 | HWThread 78 | HWThread 79 | HWThread 80 | HWThread 81 | HWThread 82 | HWThread 83 | HWThread 84 | HWThread 85 | HWThread 86 | HWThread 87 | HWThread 88 | HWThread 89 | HWThread 90 | HWThread 91 | HWThread 92 | HWThread 93 | HWThread 94 | HWThread 95 | HWThread 96 | HWThread 97 | HWThread 98 | HWThread 99 | HWThread 100 | HWThread 101 | HWThread 102 | HWThread 103 | HWThread 104 | HWThread 105 | HWThread 106 | HWThread 107 | HWThread 108 | HWThread 109 | HWThread 110 | HWThread 111 | HWThread 112 | HWThread 113 | HWThread 114 | HWThread 115 | HWThread 116 | HWThread 117 | HWThread 118 | HWThread 119 | HWThread 120 | HWThread 121 | HWThread 122 | HWThread 123 | HWThread 124 | HWThread 125 | HWThread 126 | HWThread 127 |
+----------------------+-------------+-------------+-------------+-------------+-------------+-------------+-------------+-------------+-------------+-------------+-------------+-------------+-------------+-------------+-------------+-------------+-------------+-------------+-------------+-------------+-------------+-------------+-------------+-------------+-------------+-------------+-------------+-------------+-------------+-------------+-------------+-------------+-------------+-------------+-------------+-------------+-------------+-------------+-------------+-------------+-------------+-------------+-------------+-------------+-------------+-------------+-------------+-------------+-------------+-------------+-------------+-------------+-------------+-------------+-------------+-------------+-------------+-------------+-------------+-------------+-------------+-------------+-------------+-------------+-------------+-------------+-------------+-------------+-------------+-------------+-------------+-------------+-------------+-------------+-------------+-------------+-------------+-------------+-------------+-------------+-------------+-------------+-------------+-------------+-------------+-------------+-------------+-------------+-------------+-------------+-------------+-------------+-------------+-------------+-------------+-------------+-------------+-------------+-------------+-------------+--------------+--------------+--------------+--------------+--------------+--------------+--------------+--------------+--------------+--------------+--------------+--------------+--------------+--------------+--------------+--------------+--------------+--------------+--------------+--------------+--------------+--------------+--------------+--------------+--------------+--------------+--------------+--------------+
|  Runtime (RDTSC) [s] |      2.6291 |      2.6291 |      2.6291 |      2.6291 |      2.6292 |      2.6291 |      2.6293 |      2.6291 |      2.6290 |      2.6290 |      2.6293 |      2.6290 |      2.6290 |      2.6289 |      2.6290 |      2.6289 |      2.6289 |      2.6289 |      2.6291 |      2.6289 |      2.6290 |      2.6289 |      2.6289 |      2.6291 |      2.6291 |      2.6290 |      2.6290 |      2.6291 |      2.6291 |      2.6291 |      2.6291 |      2.6290 |      2.6290 |      2.6290 |      2.6289 |      2.6290 |      2.6290 |      2.6290 |      2.6289 |      2.6291 |      2.6293 |      2.6290 |      2.6293 |      2.6294 |      2.6290 |      2.6293 |      2.6289 |      2.6289 |      2.6293 |      2.6289 |      2.6291 |      2.6291 |      2.6293 |      2.6291 |      2.6291 |      2.6291 |      2.6291 |      2.6291 |      2.6289 |      2.6290 |      2.6290 |      2.6290 |      2.6293 |      2.6290 |      2.6291 |      2.6291 |      2.6290 |      2.6290 |      2.6290 |      2.6291 |      2.6290 |      2.6291 |      2.6290 |      2.6291 |      2.6292 |      2.6290 |      2.6292 |      2.6289 |      2.6290 |      2.6291 |      2.6289 |      2.6289 |      2.6290 |      2.6290 |      2.6290 |      2.6290 |      2.6291 |      2.6290 |      2.6292 |      2.6293 |      2.6294 |      2.6290 |      2.6290 |      2.6293 |      2.6290 |      2.6293 |      2.6291 |      2.6291 |      2.6293 |      2.6291 |       2.6293 |       2.6293 |       2.6293 |       2.6290 |       2.6290 |       2.6289 |       2.6290 |       2.6291 |       2.6290 |       2.6290 |       2.6291 |       2.6291 |       2.6290 |       2.6291 |       2.6289 |       2.6290 |       2.6292 |       2.6292 |       2.6291 |       2.6292 |       2.6289 |       2.6290 |       2.6289 |       2.6289 |       2.6290 |       2.6291 |       2.6290 |       2.6291 |
| Runtime unhalted [s] |      3.0415 |      3.0416 |      3.0416 |      3.0415 |      3.0416 |      3.0416 |      3.0417 |      3.0415 |      3.0222 |      3.0222 |      3.0226 |      3.0222 |      3.0227 |      3.0221 |      3.0222 |      3.0222 |      3.0408 |      3.0408 |      3.0410 |      3.0408 |      3.0408 |      3.0408 |      3.0408 |      3.0410 |      3.0351 |      3.0348 |      3.0349 |      3.0349 |      3.0351 |      3.0351 |      3.0351 |      3.0350 |      3.0079 |      3.0079 |      3.0078 |      3.0077 |      3.0077 |      3.0077 |      3.0076 |      3.0080 |      3.0339 |      3.0337 |      3.0340 |      3.0340 |      3.0337 |      3.0339 |      3.0335 |      3.0335 |      3.0417 |      3.0415 |      3.0415 |      3.0418 |      3.0420 |      3.0418 |      3.0419 |      3.0420 |      3.0201 |      3.0201 |      3.0203 |      3.0199 |      3.0201 |      3.0205 |      3.0203 |      3.0202 |      3.0389 |      3.0387 |      3.0389 |      3.0388 |      3.0389 |      3.0389 |      3.0388 |      3.0389 |      3.0450 |      3.0454 |      3.0452 |      3.0450 |      3.0452 |      3.0452 |      3.0454 |      3.0450 |      3.0354 |      3.0352 |      3.0353 |      3.0352 |      3.0354 |      3.0357 |      3.0355 |      3.0356 |      3.0391 |      3.0391 |      3.0392 |      3.0389 |      3.0391 |      3.0391 |      3.0390 |      3.0391 |      3.0447 |      3.0448 |      3.0449 |      3.0447 |       3.0448 |       3.0448 |       3.0452 |       3.0450 |       3.0218 |       3.0214 |       3.0218 |       3.0217 |       3.0218 |       3.0215 |       3.0219 |       3.0217 |       3.0408 |       3.0409 |       3.0405 |       3.0407 |       3.0408 |       3.0410 |       3.0410 |       3.0410 |       3.0253 |       3.0255 |       3.0251 |       3.0252 |       3.0254 |       3.0254 |       3.0257 |       3.0254 |
|      Clock [MHz]     |   3117.9842 |   3117.8023 |   3117.8024 |   3117.9889 |   3118.1047 |   3118.1262 |   3118.1418 |   3117.9873 |   3098.0330 |   3098.1057 |   3098.1052 |   3098.1594 |   3098.3426 |   3098.0374 |   3098.1103 |   3098.0358 |   3116.8593 |   3116.8615 |   3116.9790 |   3116.9808 |   3117.0629 |   3116.9921 |   3116.9951 |   3117.0046 |   3110.9291 |   3110.7956 |   3110.8523 |   3110.9299 |   3110.9838 |   3110.9371 |   3110.9372 |   3110.8002 |   3083.3157 |   3083.4072 |   3083.2857 |   3083.4661 |   3083.4725 |   3083.4855 |   3083.5191 |   3083.3502 |   3109.6906 |   3109.6469 |   3109.7818 |   3109.7854 |   3109.6478 |   3109.8371 |   3109.6731 |   3109.9550 |   3117.7685 |   3117.7337 |   3117.9906 |   3117.8111 |   3117.7709 |   3117.9145 |   3117.8369 |   3117.9966 |   3095.7400 |   3096.0667 |   3095.8745 |   3095.5852 |   3095.7378 |   3095.8998 |   3095.8319 |   3095.8701 |   3114.7326 |   3114.5916 |   3114.7442 |   3114.6022 |   3114.7363 |   3114.7452 |   3114.5950 |   3114.8596 |   3121.4288 |   3121.4175 |   3121.4516 |   3121.4084 |   3121.4077 |   3121.4021 |   3121.5427 |   3121.4457 |   3111.3019 |   3111.3466 |   3111.3376 |   3111.4220 |   3111.3532 |   3111.3295 |   3111.3135 |   3111.4376 |   3114.7308 |   3114.8566 |   3114.8744 |   3114.7953 |   3114.9927 |   3114.8884 |   3114.8653 |   3114.8175 |   3121.0189 |   3121.0736 |   3120.9083 |   3120.9812 |    3120.9305 |    3120.9413 |    3121.0533 |    3120.9983 |    3097.3026 |    3097.1922 |    3097.3038 |    3097.1578 |    3097.2958 |    3097.2601 |    3097.3056 |    3097.3295 |    3116.8995 |    3117.0402 |    3116.8333 |    3116.8467 |    3117.0014 |    3116.9894 |    3117.0056 |    3116.8571 |    3101.2088 |    3101.3587 |    3101.3254 |    3101.2035 |    3101.1577 |    3101.1731 |    3101.3006 |    3101.1716 |
|          CPI         |      0.3994 |      0.3999 |      0.3999 |      0.3999 |      0.3999 |      0.3999 |      0.3999 |      0.3999 |      0.3973 |      0.3973 |      0.3973 |      0.3973 |      0.3973 |      0.3973 |      0.3973 |      0.3973 |      0.3995 |      0.3996 |      0.3996 |      0.3995 |      0.3995 |      0.3996 |      0.3995 |      0.3996 |      0.3988 |      0.3988 |      0.3988 |      0.3988 |      0.3988 |      0.3988 |      0.3988 |      0.3988 |      0.3957 |      0.3957 |      0.3957 |      0.3957 |      0.3957 |      0.3957 |      0.3956 |      0.3957 |      0.3987 |      0.3986 |      0.3986 |      0.3987 |      0.3986 |      0.3987 |      0.3985 |      0.3986 |      0.3997 |      0.3996 |      0.3996 |      0.3996 |      0.3997 |      0.3996 |      0.3996 |      0.3996 |      0.3970 |      0.3970 |      0.3970 |      0.3970 |      0.3970 |      0.3970 |      0.3970 |      0.3970 |      0.3994 |      0.3994 |      0.3994 |      0.3994 |      0.3993 |      0.3994 |      0.3993 |      0.3993 |      0.4001 |      0.4001 |      0.4001 |      0.4001 |      0.4001 |      0.4001 |      0.4001 |      0.4001 |      0.3990 |      0.3989 |      0.3990 |      0.3990 |      0.3989 |      0.3990 |      0.3990 |      0.3990 |      0.3994 |      0.3994 |      0.3994 |      0.3993 |      0.3993 |      0.3994 |      0.3993 |      0.3993 |      0.4002 |      0.4002 |      0.4002 |      0.4002 |       0.4002 |       0.4002 |       0.4002 |       0.4002 |       0.3973 |       0.3973 |       0.3973 |       0.3973 |       0.3973 |       0.3973 |       0.3973 |       0.3973 |       0.3997 |       0.3997 |       0.3996 |       0.3997 |       0.3997 |       0.3997 |       0.3997 |       0.3997 |       0.3978 |       0.3978 |       0.3978 |       0.3978 |       0.3978 |       0.3978 |       0.3978 |       0.3978 |
|     SP [MFLOP/s]     | 196035.6305 | 196036.8981 | 196034.1393 | 196032.2752 | 196028.0253 | 196032.4243 | 196018.2587 | 196035.6305 | 196045.2497 | 196044.5786 | 196022.3590 | 196045.1752 | 196042.1924 | 196048.5309 | 196044.7277 | 196049.7987 | 196049.7987 | 196048.6055 | 196037.5692 | 196049.2021 | 196044.3549 | 196047.4869 | 196048.0835 | 196037.4946 | 196038.0912 | 196042.1924 | 196043.0872 | 196033.2445 | 196034.2884 | 196038.0912 | 196038.0912 | 196042.1924 | 196045.1006 | 196044.5786 | 196048.0835 | 196045.2497 | 196044.5786 | 196044.4295 | 196049.4258 | 196036.5253 | 196016.7677 | 196043.9075 | 196020.8680 | 196016.1713 | 196043.8329 | 196017.1404 | 196049.5750 | 196049.2767 | 196017.3641 | 196048.6055 | 196032.1261 | 196032.0515 | 196020.5698 | 196032.1261 | 196033.3936 | 196032.0515 | 196037.4946 | 196034.3629 | 196049.7241 | 196044.5040 | 196043.8329 | 196043.0872 | 196019.3769 | 196043.9820 | 196037.4946 | 196036.3762 | 196043.7583 | 196043.9820 | 196043.9075 | 196031.9770 | 196042.7889 | 196034.8849 | 196044.5786 | 196036.4507 | 196024.2229 | 196044.5786 | 196029.3674 | 196049.5004 | 196041.8941 | 196033.9901 | 196049.2767 | 196049.2767 | 196042.6398 | 196044.2803 | 196043.8329 | 196042.3415 | 196035.4814 | 196043.7583 | 196024.1483 | 196022.8809 | 196016.5440 | 196041.9687 | 196043.8329 | 196020.3461 | 196043.9820 | 196023.4774 | 196033.5428 | 196037.6438 | 196023.6265 | 196032.1261 |  196020.2716 |  196016.9913 |  196023.7010 |  196044.5040 |  196043.0872 |  196049.5750 |  196041.7450 |  196035.7051 |  196042.8635 |  196044.7277 |  196032.1261 |  196037.4201 |  196044.7277 |  196035.9288 |  196049.7241 |  196043.9075 |  196029.9638 |  196029.2928 |  196037.7183 |  196030.5603 |  196048.3072 |  196044.5786 |  196049.2767 |  196049.6496 |  196043.9820 |  196032.0515 |  196044.5786 |  196037.5692 |
+----------------------+-------------+-------------+-------------+-------------+-------------+-------------+-------------+-------------+-------------+-------------+-------------+-------------+-------------+-------------+-------------+-------------+-------------+-------------+-------------+-------------+-------------+-------------+-------------+-------------+-------------+-------------+-------------+-------------+-------------+-------------+-------------+-------------+-------------+-------------+-------------+-------------+-------------+-------------+-------------+-------------+-------------+-------------+-------------+-------------+-------------+-------------+-------------+-------------+-------------+-------------+-------------+-------------+-------------+-------------+-------------+-------------+-------------+-------------+-------------+-------------+-------------+-------------+-------------+-------------+-------------+-------------+-------------+-------------+-------------+-------------+-------------+-------------+-------------+-------------+-------------+-------------+-------------+-------------+-------------+-------------+-------------+-------------+-------------+-------------+-------------+-------------+-------------+-------------+-------------+-------------+-------------+-------------+-------------+-------------+-------------+-------------+-------------+-------------+-------------+-------------+--------------+--------------+--------------+--------------+--------------+--------------+--------------+--------------+--------------+--------------+--------------+--------------+--------------+--------------+--------------+--------------+--------------+--------------+--------------+--------------+--------------+--------------+--------------+--------------+--------------+--------------+--------------+--------------+
+---------------------------+--------------+-------------+-------------+-------------+
|           Metric          |      Sum     |     Min     |     Max     |     Avg     |
+---------------------------+--------------+-------------+-------------+-------------+
|  Runtime (RDTSC) [s] STAT |     336.5204 |      2.6289 |      2.6294 |      2.6291 |
| Runtime unhalted [s] STAT |     388.2763 |      3.0076 |      3.0454 |      3.0334 |
|      Clock [MHz] STAT     |  397996.7157 |   3083.2857 |   3121.5427 |   3109.3493 |
|          CPI STAT         |      51.0336 |      0.3956 |      0.4002 |      0.3987 |
|     SP [MFLOP/s] STAT     | 2.509287e+07 | 196016.1713 | 196049.7987 | 196038.0252 |
+---------------------------+--------------+-------------+-------------+-------------+
