--------------------------------------------------------------------------------
CPU name:	AMD EPYC 9755 128-Core Processor               
CPU type:	AMD K1A (Zen5) architecture
CPU clock:	2.70 GHz
--------------------------------------------------------------------------------
Region bench, Group 1: FLOPS_SP
+-------------------+------------+------------+------------+------------+------------+------------+------------+------------+------------+------------+-------------+-------------+-------------+-------------+-------------+-------------+-------------+-------------+-------------+-------------+-------------+-------------+-------------+-------------+-------------+-------------+-------------+-------------+-------------+-------------+-------------+-------------+-------------+-------------+-------------+-------------+-------------+-------------+-------------+-------------+-------------+-------------+-------------+-------------+-------------+-------------+-------------+-------------+-------------+-------------+-------------+-------------+-------------+-------------+-------------+-------------+-------------+-------------+-------------+-------------+-------------+-------------+-------------+-------------+-------------+-------------+-------------+-------------+-------------+-------------+-------------+-------------+-------------+-------------+-------------+-------------+-------------+-------------+-------------+-------------+-------------+-------------+-------------+-------------+-------------+-------------+-------------+-------------+-------------+-------------+-------------+-------------+-------------+-------------+-------------+-------------+-------------+-------------+-------------+-------------+--------------+--------------+--------------+--------------+--------------+--------------+--------------+--------------+--------------+--------------+--------------+--------------+--------------+--------------+--------------+--------------+--------------+--------------+--------------+--------------+--------------+--------------+--------------+--------------+--------------+--------------+--------------+--------------+
|    Region Info    | HWThread 0 | HWThread 1 | HWThread 2 | HWThread 3 | HWThread 4 | HWThread 5 | HWThread 6 | HWThread 7 | HWThread 8 | HWThread 9 | HWThread 10 | HWThread 11 | HWThread 12 | HWThread 13 | HWThread 14 | HWThread 15 | HWThread 16 | HWThread 17 | HWThread 18 | HWThread 19 | HWThread 20 | HWThread 21 | HWThread 22 | HWThread 23 | HWThread 24 | HWThread 25 | HWThread 26 | HWThread 27 | HWThread 28 | HWThread 29 | HWThread 30 | HWThread 31 | HWThread 32 | HWThread 33 | HWThread 34 | HWThread 35 | HWThread 36 | HWThread 37 | HWThread 38 | HWThread 39 | HWThread 40 | HWThread 41 | HWThread 42 | HWThread 43 | HWThread 44 | HWThread 45 | HWThread 46 | HWThread 47 | HWThread 48 | HWThread 49 | HWThread 50 | HWThread 51 | HWThread 52 | HWThread 53 | HWThread 54 | HWThread 55 | HWThread 56 | HWThread 57 | HWThread 58 | HWThread 59 | HWThread 60 | HWThread 61 | HWThread 62 | HWThread 63 | HWThread 64 | HWThread 65 | HWThread 66 | HWThread 67 | HWThread 68 | HWThread 69 | HWThread 70 | HWThread 71 | HWThread 72 | HWThread 73 | HWThread 74 | HWThread 75 | HWThread 76 | HWThread 77 | HWThread 78 | HWThread 79 | HWThread 80 | HWThread 81 | HWThread 82 | HWThread 83 | HWThread 84 | HWThread 85 | HWThread 86 | HWThread 87 | HWThread 88 | HWThread 89 | HWThread 90 | HWThread 91 | HWThread 92 | HWThread 93 | HWThread 94 | HWThread 95 | HWThread 96 | HWThread 97 | HWThread 98 | HWThread 99 | HWThread 100 | HWThread 101 | HWThread 102 | HWThread 103 | HWThread 104 | HWThread 105 | HWThread 106 | HWThread 107 | HWThread 108 | HWThread 109 | HWThread 110 | HWThread 111 | HWThread 112 | HWThread 113 | HWThread 114 | HWThread 115 | HWThread 116 | HWThread 117 | HWThread 118 | HWThread 119 | HWThread 120 | HWThread 121 | HWThread 122 | HWThread 123 | HWThread 124 | HWThread 125 | HWThread 126 | HWThread 127 |
+-------------------+------------+------------+------------+------------+------------+------------+------------+------------+------------+------------+-------------+-------------+-------------+-------------+-------------+-------------+-------------+-------------+-------------+-------------+-------------+-------------+-------------+-------------+-------------+-------------+-------------+-------------+-------------+-------------+-------------+-------------+-------------+-------------+-------------+-------------+-------------+-------------+-------------+-------------+-------------+-------------+-------------+-------------+-------------+-------------+-------------+-------------+-------------+-------------+-------------+-------------+-------------+-------------+-------------+-------------+-------------+-------------+-------------+-------------+-------------+-------------+-------------+-------------+-------------+-------------+-------------+-------------+-------------+-------------+-------------+-------------+-------------+-------------+-------------+-------------+-------------+-------------+-------------+-------------+-------------+-------------+-------------+-------------+-------------+-------------+-------------+-------------+-------------+-------------+-------------+-------------+-------------+-------------+-------------+-------------+-------------+-------------+-------------+-------------+--------------+--------------+--------------+--------------+--------------+--------------+--------------+--------------+--------------+--------------+--------------+--------------+--------------+--------------+--------------+--------------+--------------+--------------+--------------+--------------+--------------+--------------+--------------+--------------+--------------+--------------+--------------+--------------+
| RDTSC Runtime [s] |   2.088222 |   2.088103 |   2.088103 |   2.088103 |   2.088380 |   2.088077 |   2.088266 |   2.088246 |   2.088056 |   2.088176 |    2.088185 |    2.088139 |    2.088106 |    2.088105 |    2.088105 |    2.088056 |    2.088073 |    2.088106 |    2.088106 |    2.088057 |    2.088165 |    2.088106 |    2.088094 |    2.088139 |    2.088234 |    2.088361 |    2.088522 |    2.088227 |    2.088228 |    2.088381 |    2.088381 |    2.088384 |    2.088094 |    2.088055 |    2.088554 |    2.088260 |    2.088246 |    2.088291 |    2.088403 |    2.088267 |    2.088445 |    2.088200 |    2.088096 |    2.088247 |    2.088251 |    2.088255 |    2.088103 |    2.088397 |    2.088056 |    2.088207 |    2.088505 |    2.088247 |    2.088397 |    2.088388 |    2.088610 |    2.088501 |    2.088426 |    2.088056 |    2.088589 |    2.088501 |    2.088268 |    2.088103 |    2.088363 |    2.088103 |    2.088269 |    2.088233 |    2.088267 |    2.088227 |    2.088139 |    2.088104 |    2.088203 |    2.088056 |    2.088225 |    2.088097 |    2.088228 |    2.088058 |    2.088203 |    2.088210 |    2.088612 |    2.088414 |    2.088057 |    2.088267 |    2.088237 |    2.088088 |    2.088258 |    2.088280 |    2.088257 |    2.088405 |    2.088227 |    2.088102 |    2.088096 |    2.088234 |    2.088096 |    2.088289 |    2.088225 |    2.088378 |    2.088230 |    2.088055 |    2.088201 |    2.088101 |     2.088227 |     2.088223 |     2.088230 |     2.088055 |     2.088257 |     2.088058 |     2.088095 |     2.088394 |     2.088102 |     2.088498 |     2.088382 |     2.088227 |     2.088056 |     2.088056 |     2.088223 |     2.088104 |     2.088223 |     2.088287 |     2.088105 |     2.088094 |     2.088095 |     2.088235 |     2.088237 |     2.088185 |     2.088233 |     2.088224 |     2.088224 |     2.088058 |
|     call count    |          1 |          1 |          1 |          1 |          1 |          1 |          1 |          1 |          1 |          1 |           1 |           1 |           1 |           1 |           1 |           1 |           1 |           1 |           1 |           1 |           1 |           1 |           1 |           1 |           1 |           1 |           1 |           1 |           1 |           1 |           1 |           1 |           1 |           1 |           1 |           1 |           1 |           1 |           1 |           1 |           1 |           1 |           1 |           1 |           1 |           1 |           1 |           1 |           1 |           1 |           1 |           1 |           1 |           1 |           1 |           1 |           1 |           1 |           1 |           1 |           1 |           1 |           1 |           1 |           1 |           1 |           1 |           1 |           1 |           1 |           1 |           1 |           1 |           1 |           1 |           1 |           1 |           1 |           1 |           1 |           1 |           1 |           1 |           1 |           1 |           1 |           1 |           1 |           1 |           1 |           1 |           1 |           1 |           1 |           1 |           1 |           1 |           1 |           1 |           1 |            1 |            1 |            1 |            1 |            1 |            1 |            1 |            1 |            1 |            1 |            1 |            1 |            1 |            1 |            1 |            1 |            1 |            1 |            1 |            1 |            1 |            1 |            1 |            1 |            1 |            1 |            1 |            1 |
+-------------------+------------+------------+------------+------------+------------+------------+------------+------------+------------+------------+-------------+-------------+-------------+-------------+-------------+-------------+-------------+-------------+-------------+-------------+-------------+-------------+-------------+-------------+-------------+-------------+-------------+-------------+-------------+-------------+-------------+-------------+-------------+-------------+-------------+-------------+-------------+-------------+-------------+-------------+-------------+-------------+-------------+-------------+-------------+-------------+-------------+-------------+-------------+-------------+-------------+-------------+-------------+-------------+-------------+-------------+-------------+-------------+-------------+-------------+-------------+-------------+-------------+-------------+-------------+-------------+-------------+-------------+-------------+-------------+-------------+-------------+-------------+-------------+-------------+-------------+-------------+-------------+-------------+-------------+-------------+-------------+-------------+-------------+-------------+-------------+-------------+-------------+-------------+-------------+-------------+-------------+-------------+-------------+-------------+-------------+-------------+-------------+-------------+-------------+--------------+--------------+--------------+--------------+--------------+--------------+--------------+--------------+--------------+--------------+--------------+--------------+--------------+--------------+--------------+--------------+--------------+--------------+--------------+--------------+--------------+--------------+--------------+--------------+--------------+--------------+--------------+--------------+
+-------------------------------------+---------+-------------+-------------+-------------+-------------+-------------+-------------+-------------+-------------+-------------+-------------+-------------+-------------+-------------+-------------+-------------+-------------+-------------+-------------+-------------+-------------+-------------+-------------+-------------+-------------+-------------+-------------+-------------+-------------+-------------+-------------+-------------+-------------+-------------+-------------+-------------+-------------+-------------+-------------+-------------+-------------+-------------+-------------+-------------+-------------+-------------+-------------+-------------+-------------+-------------+-------------+-------------+-------------+-------------+-------------+-------------+-------------+-------------+-------------+-------------+-------------+-------------+-------------+-------------+-------------+-------------+-------------+-------------+-------------+-------------+-------------+-------------+-------------+-------------+-------------+-------------+-------------+-------------+-------------+-------------+-------------+-------------+-------------+-------------+-------------+-------------+-------------+-------------+-------------+-------------+-------------+-------------+-------------+-------------+-------------+-------------+-------------+-------------+-------------+-------------+-------------+--------------+--------------+--------------+--------------+--------------+--------------+--------------+--------------+--------------+--------------+--------------+--------------+--------------+--------------+--------------+--------------+--------------+--------------+--------------+--------------+--------------+--------------+--------------+--------------+--------------+--------------+--------------+--------------+
|                Event                | Counter |  HWThread 0 |  HWThread 1 |  HWThread 2 |  HWThread 3 |  HWThread 4 |  HWThread 5 |  HWThread 6 |  HWThread 7 |  HWThread 8 |  HWThread 9 | HWThread 10 | HWThread 11 | HWThread 12 | HWThread 13 | HWThread 14 | HWThread 15 | HWThread 16 | HWThread 17 | HWThread 18 | HWThread 19 | HWThread 20 | HWThread 21 | HWThread 22 | HWThread 23 | HWThread 24 | HWThread 25 | HWThread 26 | HWThread 27 | HWThread 28 | HWThread 29 | HWThread 30 | HWThread 31 | HWThread 32 | HWThread 33 | HWThread 34 | HWThread 35 | HWThread 36 | HWThread 37 | HWThread 38 | HWThread 39 | HWThread 40 | HWThread 41 | HWThread 42 | HWThread 43 | HWThread 44 | HWThread 45 | HWThread 46 | HWThread 47 | HWThread 48 | HWThread 49 | HWThread 50 | HWThread 51 | HWThread 52 | HWThread 53 | HWThread 54 | HWThread 55 | HWThread 56 | HWThread 57 | HWThread 58 | HWThread 59 | HWThread 60 | HWThread 61 | HWThread 62 | HWThread 63 | HWThread 64 | HWThread 65 | HWThread 66 | HWThread 67 | HWThread 68 | HWThread 69 | HWThread 70 | HWThread 71 | HWThread 72 | HWThread 73 | HWThread 74 | HWThread 75 | HWThread 76 | HWThread 77 | HWThread 78 | HWThread 79 | HWThread 80 | HWThread 81 | HWThread 82 | HWThread 83 | HWThread 84 | HWThread 85 | HWThread 86 | HWThread 87 | HWThread 88 | HWThread 89 | HWThread 90 | HWThread 91 | HWThread 92 | HWThread 93 | HWThread 94 | HWThread 95 | HWThread 96 | HWThread 97 | HWThread 98 | HWThread 99 | HWThread 100 | HWThread 101 | HWThread 102 | HWThread 103 | HWThread 104 | HWThread 105 | HWThread 106 | HWThread 107 | HWThread 108 | HWThread 109 | HWThread 110 | HWThread 111 | HWThread 112 | HWThread 113 | HWThread 114 | HWThread 115 | HWThread 116 | HWThread 117 | HWThread 118 | HWThread 119 | HWThread 120 | HWThread 121 | HWThread 122 | HWThread 123 | HWThread 124 | HWThread 125 | HWThread 126 | HWThread 127 |
+-------------------------------------+---------+-------------+-------------+-------------+-------------+-------------+-------------+-------------+-------------+-------------+-------------+-------------+-------------+-------------+-------------+-------------+-------------+-------------+-------------+-------------+-------------+-------------+-------------+-------------+-------------+-------------+-------------+-------------+-------------+-------------+-------------+-------------+-------------+-------------+-------------+-------------+-------------+-------------+-------------+-------------+-------------+-------------+-------------+-------------+-------------+-------------+-------------+-------------+-------------+-------------+-------------+-------------+-------------+-------------+-------------+-------------+-------------+-------------+-------------+-------------+-------------+-------------+-------------+-------------+-------------+-------------+-------------+-------------+-------------+-------------+-------------+-------------+-------------+-------------+-------------+-------------+-------------+-------------+-------------+-------------+-------------+-------------+-------------+-------------+-------------+-------------+-------------+-------------+-------------+-------------+-------------+-------------+-------------+-------------+-------------+-------------+-------------+-------------+-------------+-------------+-------------+--------------+--------------+--------------+--------------+--------------+--------------+--------------+--------------+--------------+--------------+--------------+--------------+--------------+--------------+--------------+--------------+--------------+--------------+--------------+--------------+--------------+--------------+--------------+--------------+--------------+--------------+--------------+--------------+
|           ACTUAL_CPU_CLOCK          |  FIXC1  |  8357031000 |  8355506000 |  8355575000 |  8355402000 |  8357694000 |  8355405000 |  8356758000 |  8356709000 |  8287999000 |  8288140000 |  8287519000 |  8287596000 |  8287877000 |  8288168000 |  8288244000 |  8287488000 |  8300870000 |  8300692000 |  8300727000 |  8300793000 |  8301166000 |  8300881000 |  8300569000 |  8300772000 |  8312067000 |  8313301000 |  8313620000 |  8312110000 |  8312202000 |  8312856000 |  8313550000 |  8313419000 |  8243428000 |  8243868000 |  8244911000 |  8244827000 |  8244685000 |  8244705000 |  8244727000 |  8244678000 |  8275183000 |  8274952000 |  8273938000 |  8274715000 |  8274632000 |  8274654000 |  8274052000 |  8275990000 |  8309232000 |  8309774000 |  8310085000 |  8309361000 |  8310962000 |  8309931000 |  8310142000 |  8310919000 |  8254383000 |  8253158000 |  8254523000 |  8254633000 |  8254135000 |  8253116000 |  8254280000 |  8253265000 |  8331514000 |  8331066000 |  8331150000 |  8330844000 |  8330332000 |  8330415000 |  8329859000 |  8329846000 |  8331762000 |  8330296000 |  8331685000 |  8330944000 |  8330975000 |  8331968000 |  8332461000 |  8332329000 |  8314663000 |  8316235000 |  8315939000 |  8315379000 |  8316017000 |  8316289000 |  8316106000 |  8316515000 |  8328945000 |  8328519000 |  8328581000 |  8329085000 |  8328260000 |  8329642000 |  8328347000 |  8328762000 |  8324490000 |  8322961000 |  8324037000 |  8323235000 |   8324659000 |   8323773000 |   8323735000 |   8323945000 |   8276957000 |   8276118000 |   8276184000 |   8277884000 |   8276982000 |   8278238000 |   8278208000 |   8276842000 |   8316255000 |   8314907000 |   8315897000 |   8315195000 |   8315884000 |   8316005000 |   8314924000 |   8315092000 |   8273696000 |   8274723000 |   8274671000 |   8274708000 |   8274589000 |   8274639000 |   8274389000 |   8273746000 |
|            MAX_CPU_CLOCK            |  FIXC2  |  5634774000 |  5633735000 |  5633811000 |  5633716000 |  5635471000 |  5633683000 |  5634707000 |  5634680000 |  5634156000 |  5634245000 |  5633665000 |  5633750000 |  5633806000 |  5634262000 |  5634326000 |  5633666000 |  5634162000 |  5634298000 |  5634094000 |  5634104000 |  5634101000 |  5634191000 |  5634214000 |  5634096000 |  5634068000 |  5634993000 |  5635393000 |  5634102000 |  5634125000 |  5634566000 |  5635056000 |  5635176000 |  5632851000 |  5633615000 |  5634027000 |  5634193000 |  5634127000 |  5634151000 |  5633886000 |  5634135000 |  5634637000 |  5634199000 |  5633684000 |  5634154000 |  5634113000 |  5634115000 |  5633706000 |  5635067000 |  5634185000 |  5634243000 |  5634778000 |  5634135000 |  5635265000 |  5634628000 |  5634834000 |  5635274000 |  5634658000 |  5633682000 |  5634767000 |  5634794000 |  5633877000 |  5633661000 |  5634446000 |  5633740000 |  5634681000 |  5634762000 |  5634498000 |  5634620000 |  5634066000 |  5634369000 |  5633391000 |  5633381000 |  5634612000 |  5633762000 |  5634575000 |  5634110000 |  5633933000 |  5634348000 |  5635297000 |  5635155000 |  5633681000 |  5634626000 |  5634639000 |  5634333000 |  5634693000 |  5634451000 |  5634756000 |  5635225000 |  5634629000 |  5634141000 |  5634171000 |  5634708000 |  5633858000 |  5634693000 |  5633583000 |  5634677000 |  5634622000 |  5633604000 |  5633882000 |  5633717000 |   5634523000 |   5634064000 |   5634065000 |   5634081000 |   5634398000 |   5633695000 |   5633747000 |   5635190000 |   5634170000 |   5635223000 |   5635134000 |   5634166000 |   5634195000 |   5633187000 |   5634115000 |   5633684000 |   5634092000 |   5633266000 |   5633691000 |   5633817000 |   5634180000 |   5634592000 |   5634724000 |   5634571000 |   5634353000 |   5634547000 |   5634618000 |   5633858000 |
|         RETIRED_INSTRUCTIONS        |   PMC0  | 21494490000 | 21496900000 | 21496310000 | 21496650000 | 21496800000 | 21496500000 | 21496750000 | 21496750000 | 21483030000 | 21483020000 | 21483160000 | 21483500000 | 21482840000 | 21482850000 | 21483510000 | 21482950000 | 21485970000 | 21485430000 | 21485570000 | 21486290000 | 21485500000 | 21486050000 | 21485480000 | 21485720000 | 21488080000 | 21488880000 | 21487800000 | 21487840000 | 21487740000 | 21487760000 | 21487460000 | 21487670000 | 21476730000 | 21477080000 | 21476980000 | 21475240000 | 21476140000 | 21476850000 | 21476230000 | 21476710000 | 21481700000 | 21480880000 | 21481030000 | 21480950000 | 21480770000 | 21480300000 | 21480550000 | 21480640000 | 21487120000 | 21487020000 | 21486810000 | 21487550000 | 21487720000 | 21486980000 | 21488010000 | 21487560000 | 21477210000 | 21477070000 | 21477670000 | 21477620000 | 21477520000 | 21477380000 | 21477980000 | 21476990000 | 21491620000 | 21491220000 | 21490070000 | 21491590000 | 21491010000 | 21491160000 | 21491160000 | 21490780000 | 21490330000 | 21490810000 | 21491090000 | 21490980000 | 21490880000 | 21490980000 | 21491380000 | 21490780000 | 21488330000 | 21487950000 | 21489370000 | 21488370000 | 21488620000 | 21488090000 | 21488410000 | 21489070000 | 21490410000 | 21490280000 | 21490640000 | 21490830000 | 21491400000 | 21491780000 | 21490250000 | 21490930000 | 21490650000 | 21490610000 | 21490950000 | 21490210000 |  21490480000 |  21490870000 |  21491040000 |  21490670000 |  21481240000 |  21481980000 |  21481560000 |  21481180000 |  21482470000 |  21482490000 |  21481300000 |  21481600000 |  21488720000 |  21489120000 |  21489110000 |  21488890000 |  21488410000 |  21488100000 |  21489680000 |  21488100000 |  21482020000 |  21481090000 |  21481290000 |  21481350000 |  21480510000 |  21481990000 |  21481810000 |  21481580000 |
|         CPU_CLOCKS_UNHALTED         |   PMC1  |  8315046000 |  8324752000 |  8323740000 |  8325192000 |  8325873000 |  8324625000 |  8325266000 |  8324690000 |  8251451000 |  8252118000 |  8251805000 |  8251589000 |  8250833000 |  8251109000 |  8251021000 |  8250971000 |  8264662000 |  8264694000 |  8264659000 |  8264444000 |  8264783000 |  8264684000 |  8264467000 |  8264981000 |  8275896000 |  8276827000 |  8276590000 |  8275709000 |  8275842000 |  8276156000 |  8275766000 |  8277047000 |  8211627000 |  8211774000 |  8213148000 |  8210829000 |  8211611000 |  8211780000 |  8210761000 |  8211336000 |  8238634000 |  8237853000 |  8237480000 |  8237783000 |  8237670000 |  8237914000 |  8235883000 |  8238229000 |  8273224000 |  8273102000 |  8274495000 |  8274049000 |  8274319000 |  8274233000 |  8275317000 |  8274906000 |  8217442000 |  8217326000 |  8219426000 |  8219214000 |  8217710000 |  8216536000 |  8218224000 |  8217116000 |  8296280000 |  8296438000 |  8296433000 |  8296251000 |  8295928000 |  8295914000 |  8296162000 |  8295602000 |  8296316000 |  8295911000 |  8296159000 |  8295849000 |  8296124000 |  8296082000 |  8297388000 |  8296829000 |  8281211000 |  8281534000 |  8281029000 |  8281135000 |  8281139000 |  8281661000 |  8281562000 |  8281351000 |  8294494000 |  8294083000 |  8293921000 |  8294472000 |  8293690000 |  8294281000 |  8294356000 |  8294619000 |  8292510000 |  8292073000 |  8292084000 |  8292099000 |   8291986000 |   8292213000 |   8291992000 |   8291503000 |   8243410000 |   8242856000 |   8242933000 |   8243805000 |   8242745000 |   8244174000 |   8243830000 |   8242972000 |   8282662000 |   8282707000 |   8283294000 |   8283054000 |   8283158000 |   8283317000 |   8282431000 |   8282560000 |   8240921000 |   8241185000 |   8240934000 |   8241240000 |   8241146000 |   8241267000 |   8241039000 |   8240359000 |
|                MERGE                |   PMC3  |           0 |           0 |           0 |           0 |           0 |           0 |           0 |           0 |           0 |           0 |           0 |           0 |           0 |           0 |           0 |           0 |           0 |           0 |           0 |           0 |           0 |           0 |           0 |           0 |           0 |           0 |           0 |           0 |           0 |           0 |           0 |           0 |           0 |           0 |           0 |           0 |           0 |           0 |           0 |           0 |           0 |           0 |           0 |           0 |           0 |           0 |           0 |           0 |           0 |           0 |           0 |           0 |           0 |           0 |           0 |           0 |           0 |           0 |           0 |           0 |           0 |           0 |           0 |           0 |           0 |           0 |           0 |           0 |           0 |           0 |           0 |           0 |           0 |           0 |           0 |           0 |           0 |           0 |           0 |           0 |           0 |           0 |           0 |           0 |           0 |           0 |           0 |           0 |           0 |           0 |           0 |           0 |           0 |           0 |           0 |           0 |           0 |           0 |           0 |           0 |            0 |            0 |            0 |            0 |            0 |            0 |            0 |            0 |            0 |            0 |            0 |            0 |            0 |            0 |            0 |            0 |            0 |            0 |            0 |            0 |            0 |            0 |            0 |            0 |            0 |            0 |            0 |            0 |
| RETIRED_SSE_AVX_FLOPS_ALL_SP_SCALAR |   PMC2  | 17179870000 | 17179870000 | 17179870000 | 17179870000 | 17179870000 | 17179870000 | 17179870000 | 17179870000 | 17179870000 | 17179870000 | 17179870000 | 17179870000 | 17179870000 | 17179870000 | 17179870000 | 17179870000 | 17179870000 | 17179870000 | 17179870000 | 17179870000 | 17179870000 | 17179870000 | 17179870000 | 17179870000 | 17179870000 | 17179870000 | 17179870000 | 17179870000 | 17179870000 | 17179870000 | 17179870000 | 17179870000 | 17179870000 | 17179870000 | 17179870000 | 17179870000 | 17179870000 | 17179870000 | 17179870000 | 17179870000 | 17179870000 | 17179870000 | 17179870000 | 17179870000 | 17179870000 | 17179870000 | 17179870000 | 17179870000 | 17179870000 | 17179870000 | 17179870000 | 17179870000 | 17179870000 | 17179870000 | 17179870000 | 17179870000 | 17179870000 | 17179870000 | 17179870000 | 17179870000 | 17179870000 | 17179870000 | 17179870000 | 17179870000 | 17179870000 | 17179870000 | 17179870000 | 17179870000 | 17179870000 | 17179870000 | 17179870000 | 17179870000 | 17179870000 | 17179870000 | 17179870000 | 17179870000 | 17179870000 | 17179870000 | 17179870000 | 17179870000 | 17179870000 | 17179870000 | 17179870000 | 17179870000 | 17179870000 | 17179870000 | 17179870000 | 17179870000 | 17179870000 | 17179870000 | 17179870000 | 17179870000 | 17179870000 | 17179870000 | 17179870000 | 17179870000 | 17179870000 | 17179870000 | 17179870000 | 17179870000 |  17179870000 |  17179870000 |  17179870000 |  17179870000 |  17179870000 |  17179870000 |  17179870000 |  17179870000 |  17179870000 |  17179870000 |  17179870000 |  17179870000 |  17179870000 |  17179870000 |  17179870000 |  17179870000 |  17179870000 |  17179870000 |  17179870000 |  17179870000 |  17179870000 |  17179870000 |  17179870000 |  17179870000 |  17179870000 |  17179870000 |  17179870000 |  17179870000 |
|                MERGE                |   PMC5  |           0 |           0 |           0 |           0 |           0 |           0 |           0 |           0 |           0 |           0 |           0 |           0 |           0 |           0 |           0 |           0 |           0 |           0 |           0 |           0 |           0 |           0 |           0 |           0 |           0 |           0 |           0 |           0 |           0 |           0 |           0 |           0 |           0 |           0 |           0 |           0 |           0 |           0 |           0 |           0 |           0 |           0 |           0 |           0 |           0 |           0 |           0 |           0 |           0 |           0 |           0 |           0 |           0 |           0 |           0 |           0 |           0 |           0 |           0 |           0 |           0 |           0 |           0 |           0 |           0 |           0 |           0 |           0 |           0 |           0 |           0 |           0 |           0 |           0 |           0 |           0 |           0 |           0 |           0 |           0 |           0 |           0 |           0 |           0 |           0 |           0 |           0 |           0 |           0 |           0 |           0 |           0 |           0 |           0 |           0 |           0 |           0 |           0 |           0 |           0 |            0 |            0 |            0 |            0 |            0 |            0 |            0 |            0 |            0 |            0 |            0 |            0 |            0 |            0 |            0 |            0 |            0 |            0 |            0 |            0 |            0 |            0 |            0 |            0 |            0 |            0 |            0 |            0 |
| RETIRED_SSE_AVX_FLOPS_ALL_SP_PACKED |   PMC4  |           0 |           0 |           0 |           0 |           0 |           0 |           0 |           0 |           0 |           0 |           0 |           0 |           0 |           0 |           0 |           0 |           0 |           0 |           0 |           0 |           0 |           0 |           0 |           0 |           0 |           0 |           0 |           0 |           0 |           0 |           0 |           0 |           0 |           0 |           0 |           0 |           0 |           0 |           0 |           0 |           0 |           0 |           0 |           0 |           0 |           0 |           0 |           0 |           0 |           0 |           0 |           0 |           0 |           0 |           0 |           0 |           0 |           0 |           0 |           0 |           0 |           0 |           0 |           0 |           0 |           0 |           0 |           0 |           0 |           0 |           0 |           0 |           0 |           0 |           0 |           0 |           0 |           0 |           0 |           0 |           0 |           0 |           0 |           0 |           0 |           0 |           0 |           0 |           0 |           0 |           0 |           0 |           0 |           0 |           0 |           0 |           0 |           0 |           0 |           0 |            0 |            0 |            0 |            0 |            0 |            0 |            0 |            0 |            0 |            0 |            0 |            0 |            0 |            0 |            0 |            0 |            0 |            0 |            0 |            0 |            0 |            0 |            0 |            0 |            0 |            0 |            0 |            0 |
+-------------------------------------+---------+-------------+-------------+-------------+-------------+-------------+-------------+-------------+-------------+-------------+-------------+-------------+-------------+-------------+-------------+-------------+-------------+-------------+-------------+-------------+-------------+-------------+-------------+-------------+-------------+-------------+-------------+-------------+-------------+-------------+-------------+-------------+-------------+-------------+-------------+-------------+-------------+-------------+-------------+-------------+-------------+-------------+-------------+-------------+-------------+-------------+-------------+-------------+-------------+-------------+-------------+-------------+-------------+-------------+-------------+-------------+-------------+-------------+-------------+-------------+-------------+-------------+-------------+-------------+-------------+-------------+-------------+-------------+-------------+-------------+-------------+-------------+-------------+-------------+-------------+-------------+-------------+-------------+-------------+-------------+-------------+-------------+-------------+-------------+-------------+-------------+-------------+-------------+-------------+-------------+-------------+-------------+-------------+-------------+-------------+-------------+-------------+-------------+-------------+-------------+-------------+--------------+--------------+--------------+--------------+--------------+--------------+--------------+--------------+--------------+--------------+--------------+--------------+--------------+--------------+--------------+--------------+--------------+--------------+--------------+--------------+--------------+--------------+--------------+--------------+--------------+--------------+--------------+--------------+
+------------------------------------------+---------+---------------+-------------+-------------+--------------+
|                   Event                  | Counter |      Sum      |     Min     |     Max     |      Avg     |
+------------------------------------------+---------+---------------+-------------+-------------+--------------+
|           ACTUAL_CPU_CLOCK STAT          |  FIXC1  | 1062710848000 |  8243428000 |  8357694000 |   8302428500 |
|            MAX_CPU_CLOCK STAT            |  FIXC2  |  721187014000 |  5632851000 |  5635471000 | 5.634274e+09 |
|         RETIRED_INSTRUCTIONS STAT        |   PMC0  | 2750233880000 | 21475240000 | 21496900000 | 2.148620e+10 |
|         CPU_CLOCKS_UNHALTED STAT         |   PMC1  | 1058276902000 |  8210761000 |  8325873000 | 8.267788e+09 |
|                MERGE STAT                |   PMC3  |             0 |           0 |           0 |            0 |
| RETIRED_SSE_AVX_FLOPS_ALL_SP_SCALAR STAT |   PMC2  | 2199023360000 | 17179870000 | 17179870000 |  17179870000 |
|                MERGE STAT                |   PMC5  |             0 |           0 |           0 |            0 |
| RETIRED_SSE_AVX_FLOPS_ALL_SP_PACKED STAT |   PMC4  |             0 |           0 |           0 |            0 |
+------------------------------------------+---------+---------------+-------------+-------------+--------------+
+----------------------+------------+------------+------------+------------+------------+------------+------------+------------+------------+------------+-------------+-------------+-------------+-------------+-------------+-------------+-------------+-------------+-------------+-------------+-------------+-------------+-------------+-------------+-------------+-------------+-------------+-------------+-------------+-------------+-------------+-------------+-------------+-------------+-------------+-------------+-------------+-------------+-------------+-------------+-------------+-------------+-------------+-------------+-------------+-------------+-------------+-------------+-------------+-------------+-------------+-------------+-------------+-------------+-------------+-------------+-------------+-------------+-------------+-------------+-------------+-------------+-------------+-------------+-------------+-------------+-------------+-------------+-------------+-------------+-------------+-------------+-------------+-------------+-------------+-------------+-------------+-------------+-------------+-------------+-------------+-------------+-------------+-------------+-------------+-------------+-------------+-------------+-------------+-------------+-------------+-------------+-------------+-------------+-------------+-------------+-------------+-------------+-------------+-------------+--------------+--------------+--------------+--------------+--------------+--------------+--------------+--------------+--------------+--------------+--------------+--------------+--------------+--------------+--------------+--------------+--------------+--------------+--------------+--------------+--------------+--------------+--------------+--------------+--------------+--------------+--------------+--------------+
|        Metric        | HWThread 0 | HWThread 1 | HWThread 2 | HWThread 3 | HWThread 4 | HWThread 5 | HWThread 6 | HWThread 7 | HWThread 8 | HWThread 9 | HWThread 10 | HWThread 11 | HWThread 12 | HWThread 13 | HWThread 14 | HWThread 15 | HWThread 16 | HWThread 17 | HWThread 18 | HWThread 19 | HWThread 20 | HWThread 21 | HWThread 22 | HWThread 23 | HWThread 24 | HWThread 25 | HWThread 26 | HWThread 27 | HWThread 28 | HWThread 29 | HWThread 30 | HWThread 31 | HWThread 32 | HWThread 33 | HWThread 34 | HWThread 35 | HWThread 36 | HWThread 37 | HWThread 38 | HWThread 39 | HWThread 40 | HWThread 41 | HWThread 42 | HWThread 43 | HWThread 44 | HWThread 45 | HWThread 46 | HWThread 47 | HWThread 48 | HWThread 49 | HWThread 50 | HWThread 51 | HWThread 52 | HWThread 53 | HWThread 54 | HWThread 55 | HWThread 56 | HWThread 57 | HWThread 58 | HWThread 59 | HWThread 60 | HWThread 61 | HWThread 62 | HWThread 63 | HWThread 64 | HWThread 65 | HWThread 66 | HWThread 67 | HWThread 68 | HWThread 69 | HWThread 70 | HWThread 71 | HWThread 72 | HWThread 73 | HWThread 74 | HWThread 75 | HWThread 76 | HWThread 77 | HWThread 78 | HWThread 79 | HWThread 80 | HWThread 81 | HWThread 82 | HWThread 83 | HWThread 84 | HWThread 85 | HWThread 86 | HWThread 87 | HWThread 88 | HWThread 89 | HWThread 90 | HWThread 91 | HWThread 92 | HWThread 93 | HWThread 94 | HWThread 95 | HWThread 96 | HWThread 97 | HWThread 98 | HWThread 99 | HWThread 100 | HWThread 101 | HWThread 102 | HWThread 103 | HWThread 104 | HWThread 105 | HWThread 106 | HWThread 107 | HWThread 108 | HWThread 109 | HWThread 110 | HWThread 111 | HWThread 112 | HWThread 113 | HWThread 114 | HWThread 115 | HWThread 116 | HWThread 117 | HWThread 118 | HWThread 119 | HWThread 120 | HWThread 121 | HWThread 122 | HWThread 123 | HWThread 124 | HWThread 125 | HWThread 126 | HWThread 127 |
+----------------------+------------+------------+------------+------------+------------+------------+------------+------------+------------+------------+-------------+-------------+-------------+-------------+-------------+-------------+-------------+-------------+-------------+-------------+-------------+-------------+-------------+-------------+-------------+-------------+-------------+-------------+-------------+-------------+-------------+-------------+-------------+-------------+-------------+-------------+-------------+-------------+-------------+-------------+-------------+-------------+-------------+-------------+-------------+-------------+-------------+-------------+-------------+-------------+-------------+-------------+-------------+-------------+-------------+-------------+-------------+-------------+-------------+-------------+-------------+-------------+-------------+-------------+-------------+-------------+-------------+-------------+-------------+-------------+-------------+-------------+-------------+-------------+-------------+-------------+-------------+-------------+-------------+-------------+-------------+-------------+-------------+-------------+-------------+-------------+-------------+-------------+-------------+-------------+-------------+-------------+-------------+-------------+-------------+-------------+-------------+-------------+-------------+-------------+--------------+--------------+--------------+--------------+--------------+--------------+--------------+--------------+--------------+--------------+--------------+--------------+--------------+--------------+--------------+--------------+--------------+--------------+--------------+--------------+--------------+--------------+--------------+--------------+--------------+--------------+--------------+--------------+
|  Runtime (RDTSC) [s] |     2.0882 |     2.0881 |     2.0881 |     2.0881 |     2.0884 |     2.0881 |     2.0883 |     2.0882 |     2.0881 |     2.0882 |      2.0882 |      2.0881 |      2.0881 |      2.0881 |      2.0881 |      2.0881 |      2.0881 |      2.0881 |      2.0881 |      2.0881 |      2.0882 |      2.0881 |      2.0881 |      2.0881 |      2.0882 |      2.0884 |      2.0885 |      2.0882 |      2.0882 |      2.0884 |      2.0884 |      2.0884 |      2.0881 |      2.0881 |      2.0886 |      2.0883 |      2.0882 |      2.0883 |      2.0884 |      2.0883 |      2.0884 |      2.0882 |      2.0881 |      2.0882 |      2.0883 |      2.0883 |      2.0881 |      2.0884 |      2.0881 |      2.0882 |      2.0885 |      2.0882 |      2.0884 |      2.0884 |      2.0886 |      2.0885 |      2.0884 |      2.0881 |      2.0886 |      2.0885 |      2.0883 |      2.0881 |      2.0884 |      2.0881 |      2.0883 |      2.0882 |      2.0883 |      2.0882 |      2.0881 |      2.0881 |      2.0882 |      2.0881 |      2.0882 |      2.0881 |      2.0882 |      2.0881 |      2.0882 |      2.0882 |      2.0886 |      2.0884 |      2.0881 |      2.0883 |      2.0882 |      2.0881 |      2.0883 |      2.0883 |      2.0883 |      2.0884 |      2.0882 |      2.0881 |      2.0881 |      2.0882 |      2.0881 |      2.0883 |      2.0882 |      2.0884 |      2.0882 |      2.0881 |      2.0882 |      2.0881 |       2.0882 |       2.0882 |       2.0882 |       2.0881 |       2.0883 |       2.0881 |       2.0881 |       2.0884 |       2.0881 |       2.0885 |       2.0884 |       2.0882 |       2.0881 |       2.0881 |       2.0882 |       2.0881 |       2.0882 |       2.0883 |       2.0881 |       2.0881 |       2.0881 |       2.0882 |       2.0882 |       2.0882 |       2.0882 |       2.0882 |       2.0882 |       2.0881 |
| Runtime unhalted [s] |     3.0996 |     3.0990 |     3.0991 |     3.0990 |     3.0998 |     3.0990 |     3.0995 |     3.0995 |     3.0740 |     3.0740 |      3.0738 |      3.0738 |      3.0739 |      3.0741 |      3.0741 |      3.0738 |      3.0788 |      3.0787 |      3.0787 |      3.0787 |      3.0789 |      3.0788 |      3.0787 |      3.0787 |      3.0829 |      3.0834 |      3.0835 |      3.0829 |      3.0830 |      3.0832 |      3.0835 |      3.0834 |      3.0575 |      3.0576 |      3.0580 |      3.0580 |      3.0579 |      3.0579 |      3.0579 |      3.0579 |      3.0692 |      3.0692 |      3.0688 |      3.0691 |      3.0690 |      3.0690 |      3.0688 |      3.0695 |      3.0819 |      3.0821 |      3.0822 |      3.0819 |      3.0825 |      3.0821 |      3.0822 |      3.0825 |      3.0615 |      3.0611 |      3.0616 |      3.0616 |      3.0614 |      3.0611 |      3.0615 |      3.0611 |      3.0901 |      3.0900 |      3.0900 |      3.0899 |      3.0897 |      3.0897 |      3.0895 |      3.0895 |      3.0902 |      3.0897 |      3.0902 |      3.0899 |      3.0899 |      3.0903 |      3.0905 |      3.0904 |      3.0839 |      3.0845 |      3.0844 |      3.0841 |      3.0844 |      3.0845 |      3.0844 |      3.0846 |      3.0892 |      3.0890 |      3.0890 |      3.0892 |      3.0889 |      3.0894 |      3.0890 |      3.0891 |      3.0875 |      3.0870 |      3.0874 |      3.0871 |       3.0876 |       3.0873 |       3.0872 |       3.0873 |       3.0699 |       3.0696 |       3.0696 |       3.0702 |       3.0699 |       3.0704 |       3.0704 |       3.0699 |       3.0845 |       3.0840 |       3.0843 |       3.0841 |       3.0843 |       3.0844 |       3.0840 |       3.0840 |       3.0687 |       3.0691 |       3.0690 |       3.0691 |       3.0690 |       3.0690 |       3.0689 |       3.0687 |
|      Clock [MHz]     |  3998.7369 |  3998.7446 |  3998.7237 |  3998.7083 |  3998.5596 |  3998.7332 |  3998.6539 |  3998.6496 |  3966.1410 |  3966.1458 |   3966.2569 |   3966.2339 |   3966.3290 |   3966.1472 |   3966.1385 |   3966.2414 |   3972.2960 |   3972.1150 |   3972.2755 |   3972.3001 |   3972.4807 |   3972.2808 |   3972.1153 |   3972.2957 |   3977.7206 |   3977.6581 |   3977.5284 |   3977.7172 |   3977.7450 |   3977.7466 |   3977.7327 |   3977.5854 |   3945.7259 |   3945.4014 |   3945.6120 |   3945.4555 |   3945.4338 |   3945.4265 |   3945.6227 |   3945.4248 |   3959.6700 |   3959.8672 |   3959.7439 |   3959.7854 |   3959.7745 |   3959.7837 |   3959.7830 |   3959.7539 |   3976.2813 |   3976.4998 |   3976.2710 |   3976.3784 |   3976.3470 |   3976.3032 |   3976.2588 |   3976.3201 |   3949.7024 |   3949.8004 |   3949.6930 |   3949.7267 |   3950.1313 |   3949.7951 |   3949.8018 |   3949.8110 |   3986.5932 |   3986.3215 |   3986.5485 |   3986.3157 |   3986.4627 |   3986.2880 |   3986.7140 |   3986.7148 |   3986.7607 |   3986.6606 |   3986.7500 |   3986.7244 |   3986.8645 |   3987.0460 |   3986.6105 |   3986.6478 |   3979.2362 |   3979.3211 |   3979.1703 |   3979.1184 |   3979.1694 |   3979.4705 |   3979.1675 |   3979.0321 |   3985.4007 |   3985.5420 |   3985.5505 |   3985.4118 |   3985.6183 |   3985.6889 |   3985.8545 |   3985.2792 |   3983.2739 |   3983.2619 |   3983.5803 |   3983.3132 |    3983.4248 |    3983.3253 |    3983.3064 |    3983.3956 |    3960.6868 |    3960.7795 |    3960.7745 |    3960.5737 |    3960.8590 |    3960.7199 |    3960.7681 |    3960.7949 |    3979.6351 |    3979.7020 |    3979.5202 |    3979.4887 |    3979.5303 |    3980.1717 |    3979.3541 |    3979.3455 |    3959.2795 |    3959.4815 |    3959.3638 |    3959.4890 |    3959.5853 |    3959.4729 |    3959.3034 |    3959.5298 |
|          CPI         |     0.3868 |     0.3873 |     0.3872 |     0.3873 |     0.3873 |     0.3873 |     0.3873 |     0.3873 |     0.3841 |     0.3841 |      0.3841 |      0.3841 |      0.3841 |      0.3841 |      0.3841 |      0.3841 |      0.3847 |      0.3847 |      0.3847 |      0.3846 |      0.3847 |      0.3847 |      0.3847 |      0.3847 |      0.3851 |      0.3852 |      0.3852 |      0.3851 |      0.3851 |      0.3852 |      0.3851 |      0.3852 |      0.3823 |      0.3824 |      0.3824 |      0.3823 |      0.3824 |      0.3824 |      0.3823 |      0.3823 |      0.3835 |      0.3835 |      0.3835 |      0.3835 |      0.3835 |      0.3835 |      0.3834 |      0.3835 |      0.3850 |      0.3850 |      0.3851 |      0.3851 |      0.3851 |      0.3851 |      0.3851 |      0.3851 |      0.3826 |      0.3826 |      0.3827 |      0.3827 |      0.3826 |      0.3826 |      0.3826 |      0.3826 |      0.3860 |      0.3860 |      0.3861 |      0.3860 |      0.3860 |      0.3860 |      0.3860 |      0.3860 |      0.3860 |      0.3860 |      0.3860 |      0.3860 |      0.3860 |      0.3860 |      0.3861 |      0.3861 |      0.3854 |      0.3854 |      0.3854 |      0.3854 |      0.3854 |      0.3854 |      0.3854 |      0.3854 |      0.3860 |      0.3859 |      0.3859 |      0.3860 |      0.3859 |      0.3859 |      0.3860 |      0.3860 |      0.3859 |      0.3858 |      0.3858 |      0.3859 |       0.3858 |       0.3858 |       0.3858 |       0.3858 |       0.3837 |       0.3837 |       0.3837 |       0.3838 |       0.3837 |       0.3838 |       0.3838 |       0.3837 |       0.3854 |       0.3854 |       0.3855 |       0.3855 |       0.3855 |       0.3855 |       0.3854 |       0.3854 |       0.3836 |       0.3836 |       0.3836 |       0.3836 |       0.3837 |       0.3836 |       0.3836 |       0.3836 |
|     SP [MFLOP/s]     |  8227.0324 |  8227.5012 |  8227.5012 |  8227.5012 |  8226.4099 |  8227.6037 |  8226.8590 |  8226.9378 |  8227.6864 |  8227.2136 |   8227.1781 |   8227.3594 |   8227.4894 |   8227.4933 |   8227.4933 |   8227.6864 |   8227.6194 |   8227.4894 |   8227.4894 |   8227.6825 |   8227.2569 |   8227.4894 |   8227.5367 |   8227.3594 |   8226.9851 |   8226.4848 |   8225.8506 |   8227.0127 |   8227.0087 |   8226.4060 |   8226.4060 |   8226.3942 |   8227.5367 |   8227.6904 |   8225.7246 |   8226.8827 |   8226.9378 |   8226.7605 |   8226.3193 |   8226.8551 |   8226.1539 |   8227.1190 |   8227.5288 |   8226.9339 |   8226.9181 |   8226.9024 |   8227.5012 |   8226.3430 |   8227.6864 |   8227.0915 |   8225.9176 |   8226.9339 |   8226.3430 |   8226.3784 |   8225.5040 |   8225.9333 |   8226.2287 |   8227.6864 |   8225.5867 |   8225.9333 |   8226.8512 |   8227.5012 |   8226.4769 |   8227.5012 |   8226.8472 |   8226.9890 |   8226.8551 |   8227.0127 |   8227.3594 |   8227.4973 |   8227.1072 |   8227.6864 |   8227.0206 |   8227.5249 |   8227.0087 |   8227.6785 |   8227.1072 |   8227.0797 |   8225.4962 |   8226.2760 |   8227.6825 |   8226.8551 |   8226.9733 |   8227.5603 |   8226.8905 |   8226.8039 |   8226.8945 |   8226.3115 |   8227.0127 |   8227.5052 |   8227.5288 |   8226.9851 |   8227.5288 |   8226.7684 |   8227.0206 |   8226.4178 |   8227.0009 |   8227.6904 |   8227.1151 |   8227.5091 |    8227.0127 |    8227.0284 |    8227.0009 |    8227.6904 |    8226.8945 |    8227.6785 |    8227.5328 |    8226.3548 |    8227.5052 |    8225.9452 |    8226.4021 |    8227.0127 |    8227.6864 |    8227.6864 |    8227.0284 |    8227.4973 |    8227.0284 |    8226.7763 |    8227.4933 |    8227.5367 |    8227.5328 |    8226.9812 |    8226.9733 |    8227.1781 |    8226.9890 |    8227.0245 |    8227.0245 |    8227.6785 |
+----------------------+------------+------------+------------+------------+------------+------------+------------+------------+------------+------------+-------------+-------------+-------------+-------------+-------------+-------------+-------------+-------------+-------------+-------------+-------------+-------------+-------------+-------------+-------------+-------------+-------------+-------------+-------------+-------------+-------------+-------------+-------------+-------------+-------------+-------------+-------------+-------------+-------------+-------------+-------------+-------------+-------------+-------------+-------------+-------------+-------------+-------------+-------------+-------------+-------------+-------------+-------------+-------------+-------------+-------------+-------------+-------------+-------------+-------------+-------------+-------------+-------------+-------------+-------------+-------------+-------------+-------------+-------------+-------------+-------------+-------------+-------------+-------------+-------------+-------------+-------------+-------------+-------------+-------------+-------------+-------------+-------------+-------------+-------------+-------------+-------------+-------------+-------------+-------------+-------------+-------------+-------------+-------------+-------------+-------------+-------------+-------------+-------------+-------------+--------------+--------------+--------------+--------------+--------------+--------------+--------------+--------------+--------------+--------------+--------------+--------------+--------------+--------------+--------------+--------------+--------------+--------------+--------------+--------------+--------------+--------------+--------------+--------------+--------------+--------------+--------------+--------------+
+---------------------------+--------------+-----------+-----------+-----------+
|           Metric          |      Sum     |    Min    |    Max    |    Avg    |
+---------------------------+--------------+-----------+-----------+-----------+
|  Runtime (RDTSC) [s] STAT |     267.2929 |    2.0881 |    2.0886 |    2.0882 |
| Runtime unhalted [s] STAT |     394.1559 |    3.0575 |    3.0998 |    3.0793 |
|      Clock [MHz] STAT     |  508539.2670 | 3945.4014 | 3998.7446 | 3972.9630 |
|          CPI STAT         |      49.2537 |    0.3823 |    0.3873 |    0.3848 |
|     SP [MFLOP/s] STAT     | 1.053060e+06 | 8225.4962 | 8227.6904 | 8227.0301 |
+---------------------------+--------------+-----------+-----------+-----------+
