--------------------------------------------------------------------------------
CPU name:	AMD EPYC 9755 128-Core Processor               
CPU type:	AMD K1A (Zen5) architecture
CPU clock:	2.70 GHz
--------------------------------------------------------------------------------
Region bench, Group 1: FLOPS_SP
+-------------------+------------+------------+------------+------------+------------+------------+------------+------------+------------+------------+-------------+-------------+-------------+-------------+-------------+-------------+-------------+-------------+-------------+-------------+-------------+-------------+-------------+-------------+-------------+-------------+-------------+-------------+-------------+-------------+-------------+-------------+-------------+-------------+-------------+-------------+-------------+-------------+-------------+-------------+-------------+-------------+-------------+-------------+-------------+-------------+-------------+-------------+-------------+-------------+-------------+-------------+-------------+-------------+-------------+-------------+-------------+-------------+-------------+-------------+-------------+-------------+-------------+-------------+-------------+-------------+-------------+-------------+-------------+-------------+-------------+-------------+-------------+-------------+-------------+-------------+-------------+-------------+-------------+-------------+-------------+-------------+-------------+-------------+-------------+-------------+-------------+-------------+-------------+-------------+-------------+-------------+-------------+-------------+-------------+-------------+-------------+-------------+-------------+-------------+--------------+--------------+--------------+--------------+--------------+--------------+--------------+--------------+--------------+--------------+--------------+--------------+--------------+--------------+--------------+--------------+--------------+--------------+--------------+--------------+--------------+--------------+--------------+--------------+--------------+--------------+--------------+--------------+
|    Region Info    | HWThread 0 | HWThread 1 | HWThread 2 | HWThread 3 | HWThread 4 | HWThread 5 | HWThread 6 | HWThread 7 | HWThread 8 | HWThread 9 | HWThread 10 | HWThread 11 | HWThread 12 | HWThread 13 | HWThread 14 | HWThread 15 | HWThread 16 | HWThread 17 | HWThread 18 | HWThread 19 | HWThread 20 | HWThread 21 | HWThread 22 | HWThread 23 | HWThread 24 | HWThread 25 | HWThread 26 | HWThread 27 | HWThread 28 | HWThread 29 | HWThread 30 | HWThread 31 | HWThread 32 | HWThread 33 | HWThread 34 | HWThread 35 | HWThread 36 | HWThread 37 | HWThread 38 | HWThread 39 | HWThread 40 | HWThread 41 | HWThread 42 | HWThread 43 | HWThread 44 | HWThread 45 | HWThread 46 | HWThread 47 | HWThread 48 | HWThread 49 | HWThread 50 | HWThread 51 | HWThread 52 | HWThread 53 | HWThread 54 | HWThread 55 | HWThread 56 | HWThread 57 | HWThread 58 | HWThread 59 | HWThread 60 | HWThread 61 | HWThread 62 | HWThread 63 | HWThread 64 | HWThread 65 | HWThread 66 | HWThread 67 | HWThread 68 | HWThread 69 | HWThread 70 | HWThread 71 | HWThread 72 | HWThread 73 | HWThread 74 | HWThread 75 | HWThread 76 | HWThread 77 | HWThread 78 | HWThread 79 | HWThread 80 | HWThread 81 | HWThread 82 | HWThread 83 | HWThread 84 | HWThread 85 | HWThread 86 | HWThread 87 | HWThread 88 | HWThread 89 | HWThread 90 | HWThread 91 | HWThread 92 | HWThread 93 | HWThread 94 | HWThread 95 | HWThread 96 | HWThread 97 | HWThread 98 | HWThread 99 | HWThread 100 | HWThread 101 | HWThread 102 | HWThread 103 | HWThread 104 | HWThread 105 | HWThread 106 | HWThread 107 | HWThread 108 | HWThread 109 | HWThread 110 | HWThread 111 | HWThread 112 | HWThread 113 | HWThread 114 | HWThread 115 | HWThread 116 | HWThread 117 | HWThread 118 | HWThread 119 | HWThread 120 | HWThread 121 | HWThread 122 | HWThread 123 | HWThread 124 | HWThread 125 | HWThread 126 | HWThread 127 |
+-------------------+------------+------------+------------+------------+------------+------------+------------+------------+------------+------------+-------------+-------------+-------------+-------------+-------------+-------------+-------------+-------------+-------------+-------------+-------------+-------------+-------------+-------------+-------------+-------------+-------------+-------------+-------------+-------------+-------------+-------------+-------------+-------------+-------------+-------------+-------------+-------------+-------------+-------------+-------------+-------------+-------------+-------------+-------------+-------------+-------------+-------------+-------------+-------------+-------------+-------------+-------------+-------------+-------------+-------------+-------------+-------------+-------------+-------------+-------------+-------------+-------------+-------------+-------------+-------------+-------------+-------------+-------------+-------------+-------------+-------------+-------------+-------------+-------------+-------------+-------------+-------------+-------------+-------------+-------------+-------------+-------------+-------------+-------------+-------------+-------------+-------------+-------------+-------------+-------------+-------------+-------------+-------------+-------------+-------------+-------------+-------------+-------------+-------------+--------------+--------------+--------------+--------------+--------------+--------------+--------------+--------------+--------------+--------------+--------------+--------------+--------------+--------------+--------------+--------------+--------------+--------------+--------------+--------------+--------------+--------------+--------------+--------------+--------------+--------------+--------------+--------------+
| RDTSC Runtime [s] |   2.088822 |   2.088959 |   2.088612 |   2.088564 |   2.088935 |   2.088828 |   2.089019 |   2.088613 |   2.088567 |   2.089027 |    2.088564 |    2.088673 |    2.089062 |    2.088827 |    2.088669 |    2.088672 |    2.088609 |    2.088673 |    2.088599 |    2.088674 |    2.088602 |    2.088565 |    2.088610 |    2.088565 |    2.088674 |    2.088834 |    2.088673 |    2.088828 |    2.088692 |    2.088673 |    2.088565 |    2.088673 |    2.088719 |    2.088885 |    2.088564 |    2.088955 |    2.088670 |    2.088566 |    2.088672 |    2.088613 |    2.088565 |    2.088950 |    2.088791 |    2.089221 |    2.088655 |    2.089659 |    2.088566 |    2.089682 |    2.088564 |    2.088690 |    2.088625 |    2.088675 |    2.088720 |    2.088564 |    2.088825 |    2.088832 |    2.088883 |    2.088625 |    2.088625 |    2.088826 |    2.088624 |    2.088656 |    2.088564 |    2.088843 |    2.088728 |    2.088827 |    2.088826 |    2.088828 |    2.088565 |    2.088567 |    2.088673 |    2.088566 |    2.088673 |    2.088613 |    2.088671 |    2.088714 |    2.088567 |    2.088627 |    2.088674 |    2.088685 |    2.088626 |    2.088816 |    2.088568 |    2.088676 |    2.088676 |    2.088688 |    2.088688 |    2.088688 |    2.088567 |    2.088676 |    2.088667 |    2.088677 |    2.088628 |    2.088566 |    2.088720 |    2.088844 |    2.088625 |    2.088676 |    2.088817 |    2.088566 |     2.088566 |     2.088614 |     2.088719 |     2.088947 |     2.088678 |     2.088828 |     2.088675 |     2.088565 |     2.088675 |     2.088690 |     2.088613 |     2.088674 |     2.088722 |     2.088674 |     2.088674 |     2.088818 |     2.088691 |     2.088565 |     2.088690 |     2.088565 |     2.088673 |     2.088818 |     2.088615 |     2.088815 |     2.088967 |     2.088853 |     2.088565 |     2.088690 |
|     call count    |          1 |          1 |          1 |          1 |          1 |          1 |          1 |          1 |          1 |          1 |           1 |           1 |           1 |           1 |           1 |           1 |           1 |           1 |           1 |           1 |           1 |           1 |           1 |           1 |           1 |           1 |           1 |           1 |           1 |           1 |           1 |           1 |           1 |           1 |           1 |           1 |           1 |           1 |           1 |           1 |           1 |           1 |           1 |           1 |           1 |           1 |           1 |           1 |           1 |           1 |           1 |           1 |           1 |           1 |           1 |           1 |           1 |           1 |           1 |           1 |           1 |           1 |           1 |           1 |           1 |           1 |           1 |           1 |           1 |           1 |           1 |           1 |           1 |           1 |           1 |           1 |           1 |           1 |           1 |           1 |           1 |           1 |           1 |           1 |           1 |           1 |           1 |           1 |           1 |           1 |           1 |           1 |           1 |           1 |           1 |           1 |           1 |           1 |           1 |           1 |            1 |            1 |            1 |            1 |            1 |            1 |            1 |            1 |            1 |            1 |            1 |            1 |            1 |            1 |            1 |            1 |            1 |            1 |            1 |            1 |            1 |            1 |            1 |            1 |            1 |            1 |            1 |            1 |
+-------------------+------------+------------+------------+------------+------------+------------+------------+------------+------------+------------+-------------+-------------+-------------+-------------+-------------+-------------+-------------+-------------+-------------+-------------+-------------+-------------+-------------+-------------+-------------+-------------+-------------+-------------+-------------+-------------+-------------+-------------+-------------+-------------+-------------+-------------+-------------+-------------+-------------+-------------+-------------+-------------+-------------+-------------+-------------+-------------+-------------+-------------+-------------+-------------+-------------+-------------+-------------+-------------+-------------+-------------+-------------+-------------+-------------+-------------+-------------+-------------+-------------+-------------+-------------+-------------+-------------+-------------+-------------+-------------+-------------+-------------+-------------+-------------+-------------+-------------+-------------+-------------+-------------+-------------+-------------+-------------+-------------+-------------+-------------+-------------+-------------+-------------+-------------+-------------+-------------+-------------+-------------+-------------+-------------+-------------+-------------+-------------+-------------+-------------+--------------+--------------+--------------+--------------+--------------+--------------+--------------+--------------+--------------+--------------+--------------+--------------+--------------+--------------+--------------+--------------+--------------+--------------+--------------+--------------+--------------+--------------+--------------+--------------+--------------+--------------+--------------+--------------+
+-------------------------------------+---------+-------------+-------------+-------------+-------------+-------------+-------------+-------------+-------------+-------------+-------------+-------------+-------------+-------------+-------------+-------------+-------------+-------------+-------------+-------------+-------------+-------------+-------------+-------------+-------------+-------------+-------------+-------------+-------------+-------------+-------------+-------------+-------------+-------------+-------------+-------------+-------------+-------------+-------------+-------------+-------------+-------------+-------------+-------------+-------------+-------------+-------------+-------------+-------------+-------------+-------------+-------------+-------------+-------------+-------------+-------------+-------------+-------------+-------------+-------------+-------------+-------------+-------------+-------------+-------------+-------------+-------------+-------------+-------------+-------------+-------------+-------------+-------------+-------------+-------------+-------------+-------------+-------------+-------------+-------------+-------------+-------------+-------------+-------------+-------------+-------------+-------------+-------------+-------------+-------------+-------------+-------------+-------------+-------------+-------------+-------------+-------------+-------------+-------------+-------------+-------------+--------------+--------------+--------------+--------------+--------------+--------------+--------------+--------------+--------------+--------------+--------------+--------------+--------------+--------------+--------------+--------------+--------------+--------------+--------------+--------------+--------------+--------------+--------------+--------------+--------------+--------------+--------------+--------------+
|                Event                | Counter |  HWThread 0 |  HWThread 1 |  HWThread 2 |  HWThread 3 |  HWThread 4 |  HWThread 5 |  HWThread 6 |  HWThread 7 |  HWThread 8 |  HWThread 9 | HWThread 10 | HWThread 11 | HWThread 12 | HWThread 13 | HWThread 14 | HWThread 15 | HWThread 16 | HWThread 17 | HWThread 18 | HWThread 19 | HWThread 20 | HWThread 21 | HWThread 22 | HWThread 23 | HWThread 24 | HWThread 25 | HWThread 26 | HWThread 27 | HWThread 28 | HWThread 29 | HWThread 30 | HWThread 31 | HWThread 32 | HWThread 33 | HWThread 34 | HWThread 35 | HWThread 36 | HWThread 37 | HWThread 38 | HWThread 39 | HWThread 40 | HWThread 41 | HWThread 42 | HWThread 43 | HWThread 44 | HWThread 45 | HWThread 46 | HWThread 47 | HWThread 48 | HWThread 49 | HWThread 50 | HWThread 51 | HWThread 52 | HWThread 53 | HWThread 54 | HWThread 55 | HWThread 56 | HWThread 57 | HWThread 58 | HWThread 59 | HWThread 60 | HWThread 61 | HWThread 62 | HWThread 63 | HWThread 64 | HWThread 65 | HWThread 66 | HWThread 67 | HWThread 68 | HWThread 69 | HWThread 70 | HWThread 71 | HWThread 72 | HWThread 73 | HWThread 74 | HWThread 75 | HWThread 76 | HWThread 77 | HWThread 78 | HWThread 79 | HWThread 80 | HWThread 81 | HWThread 82 | HWThread 83 | HWThread 84 | HWThread 85 | HWThread 86 | HWThread 87 | HWThread 88 | HWThread 89 | HWThread 90 | HWThread 91 | HWThread 92 | HWThread 93 | HWThread 94 | HWThread 95 | HWThread 96 | HWThread 97 | HWThread 98 | HWThread 99 | HWThread 100 | HWThread 101 | HWThread 102 | HWThread 103 | HWThread 104 | HWThread 105 | HWThread 106 | HWThread 107 | HWThread 108 | HWThread 109 | HWThread 110 | HWThread 111 | HWThread 112 | HWThread 113 | HWThread 114 | HWThread 115 | HWThread 116 | HWThread 117 | HWThread 118 | HWThread 119 | HWThread 120 | HWThread 121 | HWThread 122 | HWThread 123 | HWThread 124 | HWThread 125 | HWThread 126 | HWThread 127 |
+-------------------------------------+---------+-------------+-------------+-------------+-------------+-------------+-------------+-------------+-------------+-------------+-------------+-------------+-------------+-------------+-------------+-------------+-------------+-------------+-------------+-------------+-------------+-------------+-------------+-------------+-------------+-------------+-------------+-------------+-------------+-------------+-------------+-------------+-------------+-------------+-------------+-------------+-------------+-------------+-------------+-------------+-------------+-------------+-------------+-------------+-------------+-------------+-------------+-------------+-------------+-------------+-------------+-------------+-------------+-------------+-------------+-------------+-------------+-------------+-------------+-------------+-------------+-------------+-------------+-------------+-------------+-------------+-------------+-------------+-------------+-------------+-------------+-------------+-------------+-------------+-------------+-------------+-------------+-------------+-------------+-------------+-------------+-------------+-------------+-------------+-------------+-------------+-------------+-------------+-------------+-------------+-------------+-------------+-------------+-------------+-------------+-------------+-------------+-------------+-------------+-------------+-------------+--------------+--------------+--------------+--------------+--------------+--------------+--------------+--------------+--------------+--------------+--------------+--------------+--------------+--------------+--------------+--------------+--------------+--------------+--------------+--------------+--------------+--------------+--------------+--------------+--------------+--------------+--------------+--------------+
|           ACTUAL_CPU_CLOCK          |  FIXC1  |  8353924000 |  8354168000 |  8353685000 |  8352927000 |  8353826000 |  8353660000 |  8353862000 |  8353502000 |  8284438000 |  8285377000 |  8285250000 |  8284914000 |  8285164000 |  8285456000 |  8285424000 |  8285690000 |  8296462000 |  8297053000 |  8296051000 |  8296458000 |  8296189000 |  8296187000 |  8297131000 |  8295897000 |  8309516000 |  8309622000 |  8309203000 |  8309820000 |  8309873000 |  8309477000 |  8308552000 |  8309007000 |  8242144000 |  8241855000 |  8240475000 |  8241724000 |  8241241000 |  8240607000 |  8241180000 |  8242146000 |  8270731000 |  8272058000 |  8272092000 |  8272208000 |  8272340000 |  8272808000 |  8270735000 |  8272288000 |  8302213000 |  8302691000 |  8303237000 |  8303036000 |  8302462000 |  8302159000 |  8302873000 |  8303920000 |  8255050000 |  8255838000 |  8254414000 |  8254618000 |  8255088000 |  8254403000 |  8254040000 |  8254711000 |  8326471000 |  8326694000 |  8326807000 |  8326701000 |  8325626000 |  8325623000 |  8326361000 |  8325835000 |  8329839000 |  8329061000 |  8329441000 |  8329441000 |  8328915000 |  8329635000 |  8329491000 |  8329835000 |  8311308000 |  8312163000 |  8311090000 |  8310914000 |  8311992000 |  8311995000 |  8312372000 |  8311965000 |  8324980000 |  8325816000 |  8326529000 |  8325110000 |  8325671000 |  8325060000 |  8326258000 |  8326274000 |  8322188000 |  8322157000 |  8322323000 |  8320993000 |   8321052000 |   8321794000 |   8322046000 |   8322328000 |   8274411000 |   8274150000 |   8274225000 |   8273904000 |   8274279000 |   8274147000 |   8273079000 |   8273784000 |   8314335000 |   8314389000 |   8313618000 |   8314409000 |   8313556000 |   8313403000 |   8314602000 |   8312528000 |   8272892000 |   8272976000 |   8273199000 |   8272995000 |   8273346000 |   8272960000 |   8272002000 |   8272889000 |
|            MAX_CPU_CLOCK            |  FIXC2  |  5633556000 |  5633849000 |  5633094000 |  5633054000 |  5633795000 |  5633384000 |  5633865000 |  5633699000 |  5632731000 |  5633354000 |  5633097000 |  5633047000 |  5633035000 |  5633269000 |  5633557000 |  5633415000 |  5632530000 |  5632682000 |  5632688000 |  5632356000 |  5632579000 |  5632575000 |  5633049000 |  5632021000 |  5633523000 |  5633463000 |  5633619000 |  5633295000 |  5633318000 |  5633493000 |  5633171000 |  5633515000 |  5633396000 |  5633597000 |  5632578000 |  5633409000 |  5632282000 |  5632682000 |  5633053000 |  5633398000 |  5632613000 |  5633688000 |  5633418000 |  5633899000 |  5633451000 |  5634470000 |  5632625000 |  5633955000 |  5632618000 |  5632112000 |  5632912000 |  5632833000 |  5632403000 |  5632610000 |  5632260000 |  5633479000 |  5632918000 |  5633320000 |  5632988000 |  5632279000 |  5632960000 |  5632987000 |  5632674000 |  5632423000 |  5633395000 |  5633643000 |  5633293000 |  5633647000 |  5633263000 |  5633253000 |  5633457000 |  5633082000 |  5633518000 |  5632994000 |  5633569000 |  5633572000 |  5633193000 |  5633661000 |  5633602000 |  5633406000 |  5633095000 |  5633587000 |  5633219000 |  5632120000 |  5633399000 |  5633493000 |  5633333000 |  5633478000 |  5633220000 |  5633453000 |  5633465000 |  5633045000 |  5632999000 |  5633240000 |  5633291000 |  5633300000 |  5632960000 |  5632917000 |  5633465000 |  5632595000 |   5632618000 |   5632989000 |   5632877000 |   5633663000 |   5633349000 |   5632918000 |   5633603000 |   5633047000 |   5633644000 |   5632906000 |   5632634000 |   5633129000 |   5633497000 |   5633409000 |   5632973000 |   5633400000 |   5632482000 |   5633165000 |   5633247000 |   5632162000 |   5633956000 |   5634157000 |   5633415000 |   5634154000 |   5633819000 |   5634182000 |   5633037000 |   5633660000 |
|         RETIRED_INSTRUCTIONS        |   PMC0  | 21495030000 | 21496820000 | 21495940000 | 21496460000 | 21496930000 | 21496150000 | 21496020000 | 21496470000 | 21483220000 | 21483480000 | 21482320000 | 21482680000 | 21483090000 | 21483080000 | 21482540000 | 21483300000 | 21485900000 | 21485080000 | 21485320000 | 21485020000 | 21485230000 | 21485430000 | 21485530000 | 21485230000 | 21487640000 | 21487310000 | 21487240000 | 21487390000 | 21488000000 | 21487490000 | 21487300000 | 21488110000 | 21476250000 | 21476990000 | 21475430000 | 21476230000 | 21475630000 | 21475890000 | 21475740000 | 21475240000 | 21479860000 | 21481330000 | 21480020000 | 21480770000 | 21480810000 | 21481880000 | 21479850000 | 21481610000 | 21486770000 | 21486150000 | 21485980000 | 21486160000 | 21486640000 | 21485910000 | 21486000000 | 21486060000 | 21477690000 | 21478870000 | 21477570000 | 21477850000 | 21477940000 | 21477090000 | 21477440000 | 21477460000 | 21490790000 | 21491070000 | 21491310000 | 21491180000 | 21491000000 | 21491500000 | 21491060000 | 21490990000 | 21491320000 | 21492020000 | 21490740000 | 21491360000 | 21490450000 | 21491370000 | 21491110000 | 21491100000 | 21488100000 | 21488310000 | 21487730000 | 21488930000 | 21487870000 | 21489090000 | 21488020000 | 21488150000 | 21489300000 | 21490650000 | 21491150000 | 21490590000 | 21490900000 | 21490100000 | 21490430000 | 21490690000 | 21490960000 | 21490060000 | 21490190000 | 21490560000 |  21490410000 |  21489520000 |  21490810000 |  21490190000 |  21481880000 |  21481440000 |  21481650000 |  21480940000 |  21481370000 |  21480680000 |  21481680000 |  21480810000 |  21488500000 |  21488560000 |  21489570000 |  21489300000 |  21488290000 |  21488440000 |  21489160000 |  21488820000 |  21480330000 |  21481390000 |  21480650000 |  21481460000 |  21481160000 |  21481310000 |  21480760000 |  21480770000 |
|         CPU_CLOCKS_UNHALTED         |   PMC1  |  8314272000 |  8325923000 |  8323653000 |  8324366000 |  8325146000 |  8325029000 |  8325427000 |  8324255000 |  8250086000 |  8252064000 |  8249879000 |  8250588000 |  8251742000 |  8251251000 |  8250192000 |  8250260000 |  8262482000 |  8263232000 |  8261935000 |  8263484000 |  8262748000 |  8262837000 |  8262626000 |  8263064000 |  8274455000 |  8275422000 |  8274375000 |  8274898000 |  8274248000 |  8274386000 |  8273722000 |  8274725000 |  8209663000 |  8210226000 |  8209144000 |  8210142000 |  8208828000 |  8209360000 |  8208088000 |  8209240000 |  8235986000 |  8238139000 |  8237198000 |  8238210000 |  8236856000 |  8240760000 |  8234600000 |  8240501000 |  8268369000 |  8268466000 |  8267676000 |  8267927000 |  8268720000 |  8268005000 |  8268887000 |  8268902000 |  8220089000 |  8220334000 |  8219987000 |  8221270000 |  8219713000 |  8220693000 |  8219973000 |  8220766000 |  8293978000 |  8294410000 |  8294165000 |  8294309000 |  8293267000 |  8293104000 |  8293775000 |  8293346000 |  8295821000 |  8295740000 |  8295743000 |  8295728000 |  8295183000 |  8295419000 |  8295499000 |  8296152000 |  8279157000 |  8279938000 |  8279025000 |  8279301000 |  8279267000 |  8279330000 |  8279107000 |  8279313000 |  8291935000 |  8292269000 |  8292213000 |  8292090000 |  8292328000 |  8291841000 |  8291994000 |  8292613000 |  8290831000 |  8290890000 |  8291097000 |  8289784000 |   8290194000 |   8290392000 |   8290769000 |   8291533000 |   8242105000 |   8242002000 |   8241777000 |   8240976000 |   8241328000 |   8241439000 |   8241096000 |   8241305000 |   8282397000 |   8282320000 |   8282132000 |   8283196000 |   8282077000 |   8282025000 |   8282205000 |   8281923000 |   8240020000 |   8240555000 |   8239470000 |   8240326000 |   8240420000 |   8240574000 |   8239577000 |   8239460000 |
|                MERGE                |   PMC3  |           0 |           0 |           0 |           0 |           0 |           0 |           0 |           0 |           0 |           0 |           0 |           0 |           0 |           0 |           0 |           0 |           0 |           0 |           0 |           0 |           0 |           0 |           0 |           0 |           0 |           0 |           0 |           0 |           0 |           0 |           0 |           0 |           0 |           0 |           0 |           0 |           0 |           0 |           0 |           0 |           0 |           0 |           0 |           0 |           0 |           0 |           0 |           0 |           0 |           0 |           0 |           0 |           0 |           0 |           0 |           0 |           0 |           0 |           0 |           0 |           0 |           0 |           0 |           0 |           0 |           0 |           0 |           0 |           0 |           0 |           0 |           0 |           0 |           0 |           0 |           0 |           0 |           0 |           0 |           0 |           0 |           0 |           0 |           0 |           0 |           0 |           0 |           0 |           0 |           0 |           0 |           0 |           0 |           0 |           0 |           0 |           0 |           0 |           0 |           0 |            0 |            0 |            0 |            0 |            0 |            0 |            0 |            0 |            0 |            0 |            0 |            0 |            0 |            0 |            0 |            0 |            0 |            0 |            0 |            0 |            0 |            0 |            0 |            0 |            0 |            0 |            0 |            0 |
| RETIRED_SSE_AVX_FLOPS_ALL_SP_SCALAR |   PMC2  | 17179870000 | 17179870000 | 17179870000 | 17179870000 | 17179870000 | 17179870000 | 17179870000 | 17179870000 | 17179870000 | 17179870000 | 17179870000 | 17179870000 | 17179870000 | 17179870000 | 17179870000 | 17179870000 | 17179870000 | 17179870000 | 17179870000 | 17179870000 | 17179870000 | 17179870000 | 17179870000 | 17179870000 | 17179870000 | 17179870000 | 17179870000 | 17179870000 | 17179870000 | 17179870000 | 17179870000 | 17179870000 | 17179870000 | 17179870000 | 17179870000 | 17179870000 | 17179870000 | 17179870000 | 17179870000 | 17179870000 | 17179870000 | 17179870000 | 17179870000 | 17179870000 | 17179870000 | 17179870000 | 17179870000 | 17179870000 | 17179870000 | 17179870000 | 17179870000 | 17179870000 | 17179870000 | 17179870000 | 17179870000 | 17179870000 | 17179870000 | 17179870000 | 17179870000 | 17179870000 | 17179870000 | 17179870000 | 17179870000 | 17179870000 | 17179870000 | 17179870000 | 17179870000 | 17179870000 | 17179870000 | 17179870000 | 17179870000 | 17179870000 | 17179870000 | 17179870000 | 17179870000 | 17179870000 | 17179870000 | 17179870000 | 17179870000 | 17179870000 | 17179870000 | 17179870000 | 17179870000 | 17179870000 | 17179870000 | 17179870000 | 17179870000 | 17179870000 | 17179870000 | 17179870000 | 17179870000 | 17179870000 | 17179870000 | 17179870000 | 17179870000 | 17179870000 | 17179870000 | 17179870000 | 17179870000 | 17179870000 |  17179870000 |  17179870000 |  17179870000 |  17179870000 |  17179870000 |  17179870000 |  17179870000 |  17179870000 |  17179870000 |  17179870000 |  17179870000 |  17179870000 |  17179870000 |  17179870000 |  17179870000 |  17179870000 |  17179870000 |  17179870000 |  17179870000 |  17179870000 |  17179870000 |  17179870000 |  17179870000 |  17179870000 |  17179870000 |  17179870000 |  17179870000 |  17179870000 |
|                MERGE                |   PMC5  |           0 |           0 |           0 |           0 |           0 |           0 |           0 |           0 |           0 |           0 |           0 |           0 |           0 |           0 |           0 |           0 |           0 |           0 |           0 |           0 |           0 |           0 |           0 |           0 |           0 |           0 |           0 |           0 |           0 |           0 |           0 |           0 |           0 |           0 |           0 |           0 |           0 |           0 |           0 |           0 |           0 |           0 |           0 |           0 |           0 |           0 |           0 |           0 |           0 |           0 |           0 |           0 |           0 |           0 |           0 |           0 |           0 |           0 |           0 |           0 |           0 |           0 |           0 |           0 |           0 |           0 |           0 |           0 |           0 |           0 |           0 |           0 |           0 |           0 |           0 |           0 |           0 |           0 |           0 |           0 |           0 |           0 |           0 |           0 |           0 |           0 |           0 |           0 |           0 |           0 |           0 |           0 |           0 |           0 |           0 |           0 |           0 |           0 |           0 |           0 |            0 |            0 |            0 |            0 |            0 |            0 |            0 |            0 |            0 |            0 |            0 |            0 |            0 |            0 |            0 |            0 |            0 |            0 |            0 |            0 |            0 |            0 |            0 |            0 |            0 |            0 |            0 |            0 |
| RETIRED_SSE_AVX_FLOPS_ALL_SP_PACKED |   PMC4  |           0 |           0 |           0 |           0 |           0 |           0 |           0 |           0 |           0 |           0 |           0 |           0 |           0 |           0 |           0 |           0 |           0 |           0 |           0 |           0 |           0 |           0 |           0 |           0 |           0 |           0 |           0 |           0 |           0 |           0 |           0 |           0 |           0 |           0 |           0 |           0 |           0 |           0 |           0 |           0 |           0 |           0 |           0 |           0 |           0 |           0 |           0 |           0 |           0 |           0 |           0 |           0 |           0 |           0 |           0 |           0 |           0 |           0 |           0 |           0 |           0 |           0 |           0 |           0 |           0 |           0 |           0 |           0 |           0 |           0 |           0 |           0 |           0 |           0 |           0 |           0 |           0 |           0 |           0 |           0 |           0 |           0 |           0 |           0 |           0 |           0 |           0 |           0 |           0 |           0 |           0 |           0 |           0 |           0 |           0 |           0 |           0 |           0 |           0 |           0 |            0 |            0 |            0 |            0 |            0 |            0 |            0 |            0 |            0 |            0 |            0 |            0 |            0 |            0 |            0 |            0 |            0 |            0 |            0 |            0 |            0 |            0 |            0 |            0 |            0 |            0 |            0 |            0 |
+-------------------------------------+---------+-------------+-------------+-------------+-------------+-------------+-------------+-------------+-------------+-------------+-------------+-------------+-------------+-------------+-------------+-------------+-------------+-------------+-------------+-------------+-------------+-------------+-------------+-------------+-------------+-------------+-------------+-------------+-------------+-------------+-------------+-------------+-------------+-------------+-------------+-------------+-------------+-------------+-------------+-------------+-------------+-------------+-------------+-------------+-------------+-------------+-------------+-------------+-------------+-------------+-------------+-------------+-------------+-------------+-------------+-------------+-------------+-------------+-------------+-------------+-------------+-------------+-------------+-------------+-------------+-------------+-------------+-------------+-------------+-------------+-------------+-------------+-------------+-------------+-------------+-------------+-------------+-------------+-------------+-------------+-------------+-------------+-------------+-------------+-------------+-------------+-------------+-------------+-------------+-------------+-------------+-------------+-------------+-------------+-------------+-------------+-------------+-------------+-------------+-------------+-------------+--------------+--------------+--------------+--------------+--------------+--------------+--------------+--------------+--------------+--------------+--------------+--------------+--------------+--------------+--------------+--------------+--------------+--------------+--------------+--------------+--------------+--------------+--------------+--------------+--------------+--------------+--------------+--------------+
+------------------------------------------+---------+---------------+-------------+-------------+--------------+
|                   Event                  | Counter |      Sum      |     Min     |     Max     |      Avg     |
+------------------------------------------+---------+---------------+-------------+-------------+--------------+
|           ACTUAL_CPU_CLOCK STAT          |  FIXC1  | 1062331382000 |  8240475000 |  8354168000 | 8.299464e+09 |
|            MAX_CPU_CLOCK STAT            |  FIXC2  |  721048282000 |  5632021000 |  5634470000 | 5.633190e+09 |
|         RETIRED_INSTRUCTIONS STAT        |   PMC0  | 2750201860000 | 21475240000 | 21496930000 | 2.148595e+10 |
|         CPU_CLOCKS_UNHALTED STAT         |   PMC1  | 1058103045000 |  8208088000 |  8325923000 | 8.266430e+09 |
|                MERGE STAT                |   PMC3  |             0 |           0 |           0 |            0 |
| RETIRED_SSE_AVX_FLOPS_ALL_SP_SCALAR STAT |   PMC2  | 2199023360000 | 17179870000 | 17179870000 |  17179870000 |
|                MERGE STAT                |   PMC5  |             0 |           0 |           0 |            0 |
| RETIRED_SSE_AVX_FLOPS_ALL_SP_PACKED STAT |   PMC4  |             0 |           0 |           0 |            0 |
+------------------------------------------+---------+---------------+-------------+-------------+--------------+
+----------------------+------------+------------+------------+------------+------------+------------+------------+------------+------------+------------+-------------+-------------+-------------+-------------+-------------+-------------+-------------+-------------+-------------+-------------+-------------+-------------+-------------+-------------+-------------+-------------+-------------+-------------+-------------+-------------+-------------+-------------+-------------+-------------+-------------+-------------+-------------+-------------+-------------+-------------+-------------+-------------+-------------+-------------+-------------+-------------+-------------+-------------+-------------+-------------+-------------+-------------+-------------+-------------+-------------+-------------+-------------+-------------+-------------+-------------+-------------+-------------+-------------+-------------+-------------+-------------+-------------+-------------+-------------+-------------+-------------+-------------+-------------+-------------+-------------+-------------+-------------+-------------+-------------+-------------+-------------+-------------+-------------+-------------+-------------+-------------+-------------+-------------+-------------+-------------+-------------+-------------+-------------+-------------+-------------+-------------+-------------+-------------+-------------+-------------+--------------+--------------+--------------+--------------+--------------+--------------+--------------+--------------+--------------+--------------+--------------+--------------+--------------+--------------+--------------+--------------+--------------+--------------+--------------+--------------+--------------+--------------+--------------+--------------+--------------+--------------+--------------+--------------+
|        Metric        | HWThread 0 | HWThread 1 | HWThread 2 | HWThread 3 | HWThread 4 | HWThread 5 | HWThread 6 | HWThread 7 | HWThread 8 | HWThread 9 | HWThread 10 | HWThread 11 | HWThread 12 | HWThread 13 | HWThread 14 | HWThread 15 | HWThread 16 | HWThread 17 | HWThread 18 | HWThread 19 | HWThread 20 | HWThread 21 | HWThread 22 | HWThread 23 | HWThread 24 | HWThread 25 | HWThread 26 | HWThread 27 | HWThread 28 | HWThread 29 | HWThread 30 | HWThread 31 | HWThread 32 | HWThread 33 | HWThread 34 | HWThread 35 | HWThread 36 | HWThread 37 | HWThread 38 | HWThread 39 | HWThread 40 | HWThread 41 | HWThread 42 | HWThread 43 | HWThread 44 | HWThread 45 | HWThread 46 | HWThread 47 | HWThread 48 | HWThread 49 | HWThread 50 | HWThread 51 | HWThread 52 | HWThread 53 | HWThread 54 | HWThread 55 | HWThread 56 | HWThread 57 | HWThread 58 | HWThread 59 | HWThread 60 | HWThread 61 | HWThread 62 | HWThread 63 | HWThread 64 | HWThread 65 | HWThread 66 | HWThread 67 | HWThread 68 | HWThread 69 | HWThread 70 | HWThread 71 | HWThread 72 | HWThread 73 | HWThread 74 | HWThread 75 | HWThread 76 | HWThread 77 | HWThread 78 | HWThread 79 | HWThread 80 | HWThread 81 | HWThread 82 | HWThread 83 | HWThread 84 | HWThread 85 | HWThread 86 | HWThread 87 | HWThread 88 | HWThread 89 | HWThread 90 | HWThread 91 | HWThread 92 | HWThread 93 | HWThread 94 | HWThread 95 | HWThread 96 | HWThread 97 | HWThread 98 | HWThread 99 | HWThread 100 | HWThread 101 | HWThread 102 | HWThread 103 | HWThread 104 | HWThread 105 | HWThread 106 | HWThread 107 | HWThread 108 | HWThread 109 | HWThread 110 | HWThread 111 | HWThread 112 | HWThread 113 | HWThread 114 | HWThread 115 | HWThread 116 | HWThread 117 | HWThread 118 | HWThread 119 | HWThread 120 | HWThread 121 | HWThread 122 | HWThread 123 | HWThread 124 | HWThread 125 | HWThread 126 | HWThread 127 |
+----------------------+------------+------------+------------+------------+------------+------------+------------+------------+------------+------------+-------------+-------------+-------------+-------------+-------------+-------------+-------------+-------------+-------------+-------------+-------------+-------------+-------------+-------------+-------------+-------------+-------------+-------------+-------------+-------------+-------------+-------------+-------------+-------------+-------------+-------------+-------------+-------------+-------------+-------------+-------------+-------------+-------------+-------------+-------------+-------------+-------------+-------------+-------------+-------------+-------------+-------------+-------------+-------------+-------------+-------------+-------------+-------------+-------------+-------------+-------------+-------------+-------------+-------------+-------------+-------------+-------------+-------------+-------------+-------------+-------------+-------------+-------------+-------------+-------------+-------------+-------------+-------------+-------------+-------------+-------------+-------------+-------------+-------------+-------------+-------------+-------------+-------------+-------------+-------------+-------------+-------------+-------------+-------------+-------------+-------------+-------------+-------------+-------------+-------------+--------------+--------------+--------------+--------------+--------------+--------------+--------------+--------------+--------------+--------------+--------------+--------------+--------------+--------------+--------------+--------------+--------------+--------------+--------------+--------------+--------------+--------------+--------------+--------------+--------------+--------------+--------------+--------------+
|  Runtime (RDTSC) [s] |     2.0888 |     2.0890 |     2.0886 |     2.0886 |     2.0889 |     2.0888 |     2.0890 |     2.0886 |     2.0886 |     2.0890 |      2.0886 |      2.0887 |      2.0891 |      2.0888 |      2.0887 |      2.0887 |      2.0886 |      2.0887 |      2.0886 |      2.0887 |      2.0886 |      2.0886 |      2.0886 |      2.0886 |      2.0887 |      2.0888 |      2.0887 |      2.0888 |      2.0887 |      2.0887 |      2.0886 |      2.0887 |      2.0887 |      2.0889 |      2.0886 |      2.0890 |      2.0887 |      2.0886 |      2.0887 |      2.0886 |      2.0886 |      2.0890 |      2.0888 |      2.0892 |      2.0887 |      2.0897 |      2.0886 |      2.0897 |      2.0886 |      2.0887 |      2.0886 |      2.0887 |      2.0887 |      2.0886 |      2.0888 |      2.0888 |      2.0889 |      2.0886 |      2.0886 |      2.0888 |      2.0886 |      2.0887 |      2.0886 |      2.0888 |      2.0887 |      2.0888 |      2.0888 |      2.0888 |      2.0886 |      2.0886 |      2.0887 |      2.0886 |      2.0887 |      2.0886 |      2.0887 |      2.0887 |      2.0886 |      2.0886 |      2.0887 |      2.0887 |      2.0886 |      2.0888 |      2.0886 |      2.0887 |      2.0887 |      2.0887 |      2.0887 |      2.0887 |      2.0886 |      2.0887 |      2.0887 |      2.0887 |      2.0886 |      2.0886 |      2.0887 |      2.0888 |      2.0886 |      2.0887 |      2.0888 |      2.0886 |       2.0886 |       2.0886 |       2.0887 |       2.0889 |       2.0887 |       2.0888 |       2.0887 |       2.0886 |       2.0887 |       2.0887 |       2.0886 |       2.0887 |       2.0887 |       2.0887 |       2.0887 |       2.0888 |       2.0887 |       2.0886 |       2.0887 |       2.0886 |       2.0887 |       2.0888 |       2.0886 |       2.0888 |       2.0890 |       2.0889 |       2.0886 |       2.0887 |
| Runtime unhalted [s] |     3.0984 |     3.0985 |     3.0983 |     3.0980 |     3.0983 |     3.0983 |     3.0983 |     3.0982 |     3.0726 |     3.0729 |      3.0729 |      3.0728 |      3.0729 |      3.0730 |      3.0730 |      3.0731 |      3.0770 |      3.0773 |      3.0769 |      3.0770 |      3.0769 |      3.0769 |      3.0773 |      3.0768 |      3.0819 |      3.0819 |      3.0818 |      3.0820 |      3.0820 |      3.0819 |      3.0815 |      3.0817 |      3.0569 |      3.0568 |      3.0563 |      3.0567 |      3.0566 |      3.0563 |      3.0565 |      3.0569 |      3.0675 |      3.0680 |      3.0680 |      3.0681 |      3.0681 |      3.0683 |      3.0675 |      3.0681 |      3.0792 |      3.0794 |      3.0796 |      3.0795 |      3.0793 |      3.0792 |      3.0794 |      3.0798 |      3.0617 |      3.0620 |      3.0615 |      3.0615 |      3.0617 |      3.0614 |      3.0613 |      3.0616 |      3.0882 |      3.0883 |      3.0883 |      3.0883 |      3.0879 |      3.0879 |      3.0881 |      3.0879 |      3.0894 |      3.0891 |      3.0893 |      3.0893 |      3.0891 |      3.0894 |      3.0893 |      3.0894 |      3.0826 |      3.0829 |      3.0825 |      3.0824 |      3.0828 |      3.0828 |      3.0829 |      3.0828 |      3.0876 |      3.0879 |      3.0882 |      3.0877 |      3.0879 |      3.0877 |      3.0881 |      3.0881 |      3.0866 |      3.0866 |      3.0866 |      3.0861 |       3.0862 |       3.0864 |       3.0865 |       3.0866 |       3.0689 |       3.0688 |       3.0688 |       3.0687 |       3.0688 |       3.0688 |       3.0684 |       3.0686 |       3.0837 |       3.0837 |       3.0834 |       3.0837 |       3.0834 |       3.0833 |       3.0838 |       3.0830 |       3.0683 |       3.0683 |       3.0684 |       3.0683 |       3.0685 |       3.0683 |       3.0680 |       3.0683 |
|      Clock [MHz]     |  3998.2190 |  3998.1278 |  3998.4325 |  3998.0981 |  3998.0025 |  3998.2147 |  3997.9700 |  3997.9155 |  3965.5435 |  3965.5543 |   3965.6745 |   3965.5489 |   3965.6770 |   3965.6520 |   3965.4339 |   3965.6612 |   3971.4408 |   3971.6165 |   3971.1326 |   3971.5615 |   3971.2755 |   3971.2774 |   3971.3951 |   3971.5292 |   3976.9885 |   3977.0816 |   3976.7709 |   3977.2949 |   3977.3041 |   3976.9910 |   3976.7756 |   3976.7505 |   3944.8327 |   3944.5537 |   3944.6067 |   3944.6226 |   3945.1807 |   3944.5970 |   3944.6115 |   3944.8323 |   3959.0652 |   3958.9449 |   3959.1509 |   3958.8684 |   3959.2464 |   3958.7543 |   3959.0587 |   3958.8673 |   3974.1316 |   3974.7175 |   3974.4143 |   3974.3739 |   3974.4025 |   3974.1114 |   3974.7002 |   3974.3412 |   3951.3450 |   3951.4402 |   3950.9915 |   3951.5865 |   3951.3338 |   3950.9869 |   3951.0327 |   3951.5300 |   3985.1938 |   3985.1251 |   3985.4268 |   3985.1256 |   3984.8827 |   3984.8884 |   3985.0973 |   3985.1108 |   3986.7187 |   3986.7172 |   3986.4921 |   3986.4900 |   3986.5065 |   3986.5199 |   3986.4927 |   3986.7961 |   3978.1484 |   3978.2101 |   3977.9565 |   3978.6484 |   3978.2611 |   3978.1961 |   3978.4895 |   3978.1923 |   3984.6039 |   3984.8393 |   3985.1720 |   3984.7900 |   3985.0910 |   3984.6281 |   3985.1654 |   3985.1667 |   3983.4515 |   3983.4670 |   3983.1590 |   3983.1376 |    3983.1495 |    3983.2424 |    3983.4422 |    3983.0214 |    3960.3093 |    3960.4874 |    3960.0417 |    3960.2789 |    3960.0387 |    3960.4944 |    3960.1744 |    3960.1639 |    3979.3132 |    3979.4012 |    3979.3402 |    3979.4172 |    3979.6574 |    3979.1017 |    3979.6176 |    3979.3914 |    3959.1557 |    3959.0546 |    3959.6828 |    3959.0658 |    3959.4692 |    3959.0294 |    3959.3756 |    3959.3623 |
|          CPI         |     0.3868 |     0.3873 |     0.3872 |     0.3872 |     0.3873 |     0.3873 |     0.3873 |     0.3872 |     0.3840 |     0.3841 |      0.3840 |      0.3841 |      0.3841 |      0.3841 |      0.3840 |      0.3840 |      0.3846 |      0.3846 |      0.3845 |      0.3846 |      0.3846 |      0.3846 |      0.3846 |      0.3846 |      0.3851 |      0.3851 |      0.3851 |      0.3851 |      0.3851 |      0.3851 |      0.3851 |      0.3851 |      0.3823 |      0.3823 |      0.3823 |      0.3823 |      0.3822 |      0.3823 |      0.3822 |      0.3823 |      0.3834 |      0.3835 |      0.3835 |      0.3835 |      0.3835 |      0.3836 |      0.3834 |      0.3836 |      0.3848 |      0.3848 |      0.3848 |      0.3848 |      0.3848 |      0.3848 |      0.3848 |      0.3848 |      0.3827 |      0.3827 |      0.3827 |      0.3828 |      0.3827 |      0.3828 |      0.3827 |      0.3828 |      0.3859 |      0.3859 |      0.3859 |      0.3859 |      0.3859 |      0.3859 |      0.3859 |      0.3859 |      0.3860 |      0.3860 |      0.3860 |      0.3860 |      0.3860 |      0.3860 |      0.3860 |      0.3860 |      0.3853 |      0.3853 |      0.3853 |      0.3853 |      0.3853 |      0.3853 |      0.3853 |      0.3853 |      0.3859 |      0.3859 |      0.3858 |      0.3858 |      0.3859 |      0.3858 |      0.3858 |      0.3859 |      0.3858 |      0.3858 |      0.3858 |      0.3857 |       0.3858 |       0.3858 |       0.3858 |       0.3858 |       0.3837 |       0.3837 |       0.3837 |       0.3836 |       0.3837 |       0.3837 |       0.3836 |       0.3837 |       0.3854 |       0.3854 |       0.3854 |       0.3855 |       0.3854 |       0.3854 |       0.3854 |       0.3854 |       0.3836 |       0.3836 |       0.3836 |       0.3836 |       0.3836 |       0.3836 |       0.3836 |       0.3836 |
|     SP [MFLOP/s]     |  8224.6692 |  8224.1298 |  8225.4962 |  8225.6852 |  8224.2243 |  8224.6456 |  8223.8936 |  8225.4922 |  8225.6734 |  8223.8621 |   8225.6852 |   8225.2559 |   8223.7243 |   8224.6495 |   8225.2717 |   8225.2599 |   8225.5080 |   8225.2559 |   8225.5474 |   8225.2520 |   8225.5355 |   8225.6813 |   8225.5040 |   8225.6813 |   8225.2520 |   8224.6220 |   8225.2559 |   8224.6456 |   8225.1811 |   8225.2559 |   8225.6813 |   8225.2559 |   8225.0748 |   8224.4212 |   8225.6852 |   8224.1456 |   8225.2678 |   8225.6773 |   8225.2599 |   8225.4922 |   8225.6813 |   8224.1653 |   8224.7913 |   8223.0985 |   8225.3268 |   8221.3749 |   8225.6773 |   8221.2844 |   8225.6852 |   8225.1890 |   8225.4450 |   8225.2481 |   8225.0709 |   8225.6852 |   8224.6574 |   8224.6298 |   8224.4290 |   8225.4450 |   8225.4450 |   8224.6535 |   8225.4489 |   8225.3229 |   8225.6852 |   8224.5865 |   8225.0394 |   8224.6495 |   8224.6535 |   8224.6456 |   8225.6813 |   8225.6734 |   8225.2559 |   8225.6773 |   8225.2559 |   8225.4922 |   8225.2638 |   8225.0945 |   8225.6734 |   8225.4371 |   8225.2520 |   8225.2087 |   8225.4410 |   8224.6928 |   8225.6695 |   8225.2441 |   8225.2441 |   8225.1969 |   8225.1969 |   8225.1969 |   8225.6734 |   8225.2441 |   8225.2796 |   8225.2402 |   8225.4332 |   8225.6773 |   8225.0709 |   8224.5826 |   8225.4450 |   8225.2441 |   8224.6889 |   8225.6773 |    8225.6773 |    8225.4883 |    8225.0748 |    8224.1771 |    8225.2362 |    8224.6456 |    8225.2481 |    8225.6813 |    8225.2481 |    8225.1890 |    8225.4922 |    8225.2520 |    8225.0630 |    8225.2520 |    8225.2520 |    8224.6850 |    8225.1851 |    8225.6813 |    8225.1890 |    8225.6813 |    8225.2559 |    8224.6850 |    8225.4844 |    8224.6968 |    8224.0983 |    8224.5472 |    8225.6813 |    8225.1890 |
+----------------------+------------+------------+------------+------------+------------+------------+------------+------------+------------+------------+-------------+-------------+-------------+-------------+-------------+-------------+-------------+-------------+-------------+-------------+-------------+-------------+-------------+-------------+-------------+-------------+-------------+-------------+-------------+-------------+-------------+-------------+-------------+-------------+-------------+-------------+-------------+-------------+-------------+-------------+-------------+-------------+-------------+-------------+-------------+-------------+-------------+-------------+-------------+-------------+-------------+-------------+-------------+-------------+-------------+-------------+-------------+-------------+-------------+-------------+-------------+-------------+-------------+-------------+-------------+-------------+-------------+-------------+-------------+-------------+-------------+-------------+-------------+-------------+-------------+-------------+-------------+-------------+-------------+-------------+-------------+-------------+-------------+-------------+-------------+-------------+-------------+-------------+-------------+-------------+-------------+-------------+-------------+-------------+-------------+-------------+-------------+-------------+-------------+-------------+--------------+--------------+--------------+--------------+--------------+--------------+--------------+--------------+--------------+--------------+--------------+--------------+--------------+--------------+--------------+--------------+--------------+--------------+--------------+--------------+--------------+--------------+--------------+--------------+--------------+--------------+--------------+--------------+
+---------------------------+--------------+-----------+-----------+-----------+
|           Metric          |      Sum     |    Min    |    Max    |    Avg    |
+---------------------------+--------------+-----------+-----------+-----------+
|  Runtime (RDTSC) [s] STAT |     267.3568 |    2.0886 |    2.0897 |    2.0887 |
| Runtime unhalted [s] STAT |     394.0049 |    3.0563 |    3.0985 |    3.0782 |
|      Clock [MHz] STAT     |  508468.7807 | 3944.5537 | 3998.4325 | 3972.4123 |
|          CPI STAT         |      49.2462 |    0.3822 |    0.3873 |    0.3847 |
|     SP [MFLOP/s] STAT     | 1.052811e+06 | 8221.2844 | 8225.6852 | 8225.0853 |
+---------------------------+--------------+-----------+-----------+-----------+
