--------------------------------------------------------------------------------
CPU name:	AMD EPYC 9755 128-Core Processor               
CPU type:	AMD K1A (Zen5) architecture
CPU clock:	2.70 GHz
--------------------------------------------------------------------------------
Region bench, Group 1: FLOPS_SP
+-------------------+------------+------------+------------+------------+------------+------------+------------+------------+------------+------------+-------------+-------------+-------------+-------------+-------------+-------------+-------------+-------------+-------------+-------------+-------------+-------------+-------------+-------------+-------------+-------------+-------------+-------------+-------------+-------------+-------------+-------------+
|    Region Info    | HWThread 0 | HWThread 1 | HWThread 2 | HWThread 3 | HWThread 4 | HWThread 5 | HWThread 6 | HWThread 7 | HWThread 8 | HWThread 9 | HWThread 10 | HWThread 11 | HWThread 12 | HWThread 13 | HWThread 14 | HWThread 15 | HWThread 16 | HWThread 17 | HWThread 18 | HWThread 19 | HWThread 20 | HWThread 21 | HWThread 22 | HWThread 23 | HWThread 24 | HWThread 25 | HWThread 26 | HWThread 27 | HWThread 28 | HWThread 29 | HWThread 30 | HWThread 31 |
+-------------------+------------+------------+------------+------------+------------+------------+------------+------------+------------+------------+-------------+-------------+-------------+-------------+-------------+-------------+-------------+-------------+-------------+-------------+-------------+-------------+-------------+-------------+-------------+-------------+-------------+-------------+-------------+-------------+-------------+-------------+
| RDTSC Runtime [s] |   2.004033 |   2.004018 |   2.004006 |   2.003998 |   2.004001 |   2.004064 |   2.004077 |   2.003999 |   2.003998 |   2.004024 |    2.004029 |    2.004029 |    2.004075 |    2.003998 |    2.004024 |    2.004037 |    2.004023 |    2.003999 |    2.004022 |    2.004000 |    2.004018 |    2.004018 |    2.004011 |    2.004025 |    2.004001 |    2.004001 |    2.004045 |    2.003999 |    2.004051 |    2.004023 |    2.004029 |    2.004023 |
|     call count    |          1 |          1 |          1 |          1 |          1 |          1 |          1 |          1 |          1 |          1 |           1 |           1 |           1 |           1 |           1 |           1 |           1 |           1 |           1 |           1 |           1 |           1 |           1 |           1 |           1 |           1 |           1 |           1 |           1 |           1 |           1 |           1 |
+-------------------+------------+------------+------------+------------+------------+------------+------------+------------+------------+------------+-------------+-------------+-------------+-------------+-------------+-------------+-------------+-------------+-------------+-------------+-------------+-------------+-------------+-------------+-------------+-------------+-------------+-------------+-------------+-------------+-------------+-------------+
+-------------------------------------+---------+-------------+-------------+-------------+-------------+-------------+-------------+-------------+-------------+-------------+-------------+-------------+-------------+-------------+-------------+-------------+-------------+-------------+-------------+-------------+-------------+-------------+-------------+-------------+-------------+-------------+-------------+-------------+-------------+-------------+-------------+-------------+-------------+
|                Event                | Counter |  HWThread 0 |  HWThread 1 |  HWThread 2 |  HWThread 3 |  HWThread 4 |  HWThread 5 |  HWThread 6 |  HWThread 7 |  HWThread 8 |  HWThread 9 | HWThread 10 | HWThread 11 | HWThread 12 | HWThread 13 | HWThread 14 | HWThread 15 | HWThread 16 | HWThread 17 | HWThread 18 | HWThread 19 | HWThread 20 | HWThread 21 | HWThread 22 | HWThread 23 | HWThread 24 | HWThread 25 | HWThread 26 | HWThread 27 | HWThread 28 | HWThread 29 | HWThread 30 | HWThread 31 |
+-------------------------------------+---------+-------------+-------------+-------------+-------------+-------------+-------------+-------------+-------------+-------------+-------------+-------------+-------------+-------------+-------------+-------------+-------------+-------------+-------------+-------------+-------------+-------------+-------------+-------------+-------------+-------------+-------------+-------------+-------------+-------------+-------------+-------------+-------------+
|           ACTUAL_CPU_CLOCK          |  FIXC1  |  8270683000 |  8270718000 |  8270610000 |  8270591000 |  8270510000 |  8270686000 |  8270787000 |  8270410000 |  8225167000 |  8225172000 |  8225469000 |  8225324000 |  8225360000 |  8225182000 |  8225183000 |  8225187000 |  8237179000 |  8237319000 |  8237315000 |  8237161000 |  8237123000 |  8237310000 |  8237120000 |  8237251000 |  8248208000 |  8248181000 |  8248333000 |  8248195000 |  8248315000 |  8248314000 |  8248179000 |  8248333000 |
|            MAX_CPU_CLOCK            |  FIXC2  |  5404284000 |  5404219000 |  5404195000 |  5404171000 |  5404098000 |  5404246000 |  5404360000 |  5404092000 |  5404136000 |  5404151000 |  5404288000 |  5404171000 |  5404238000 |  5404108000 |  5404122000 |  5404129000 |  5404103000 |  5404234000 |  5404220000 |  5404097000 |  5404130000 |  5404205000 |  5404115000 |  5404165000 |  5404186000 |  5404208000 |  5404280000 |  5404175000 |  5404273000 |  5404281000 |  5404205000 |  5404280000 |
|         RETIRED_INSTRUCTIONS        |   PMC0  | 21483260000 | 21484820000 | 21484150000 | 21483660000 | 21484250000 | 21483650000 | 21484350000 | 21483980000 | 21475920000 | 21475240000 | 21475500000 | 21475510000 | 21476080000 | 21475550000 | 21475680000 | 21475590000 | 21476810000 | 21477660000 | 21477700000 | 21478250000 | 21477740000 | 21478100000 | 21477940000 | 21478920000 | 21480910000 | 21479900000 | 21480130000 | 21479940000 | 21480390000 | 21479750000 | 21480010000 | 21480170000 |
|         CPU_CLOCKS_UNHALTED         |   PMC1  |  8249894000 |  8256485000 |  8255516000 |  8256321000 |  8255715000 |  8256033000 |  8256057000 |  8255949000 |  8209826000 |  8208937000 |  8209357000 |  8208967000 |  8209112000 |  8208829000 |  8208804000 |  8208873000 |  8221121000 |  8221930000 |  8220795000 |  8221521000 |  8221745000 |  8221392000 |  8221409000 |  8221718000 |  8232131000 |  8232081000 |  8232623000 |  8232341000 |  8232493000 |  8232443000 |  8232284000 |  8232175000 |
|                MERGE                |   PMC3  |           0 |           0 |           0 |           0 |           0 |           0 |           0 |           0 |           0 |           0 |           0 |           0 |           0 |           0 |           0 |           0 |           0 |           0 |           0 |           0 |           0 |           0 |           0 |           0 |           0 |           0 |           0 |           0 |           0 |           0 |           0 |           0 |
| RETIRED_SSE_AVX_FLOPS_ALL_SP_SCALAR |   PMC2  | 17179870000 | 17179870000 | 17179870000 | 17179870000 | 17179870000 | 17179870000 | 17179870000 | 17179870000 | 17179870000 | 17179870000 | 17179870000 | 17179870000 | 17179870000 | 17179870000 | 17179870000 | 17179870000 | 17179870000 | 17179870000 | 17179870000 | 17179870000 | 17179870000 | 17179870000 | 17179870000 | 17179870000 | 17179870000 | 17179870000 | 17179870000 | 17179870000 | 17179870000 | 17179870000 | 17179870000 | 17179870000 |
|                MERGE                |   PMC5  |           0 |           0 |           0 |           0 |           0 |           0 |           0 |           0 |           0 |           0 |           0 |           0 |           0 |           0 |           0 |           0 |           0 |           0 |           0 |           0 |           0 |           0 |           0 |           0 |           0 |           0 |           0 |           0 |           0 |           0 |           0 |           0 |
| RETIRED_SSE_AVX_FLOPS_ALL_SP_PACKED |   PMC4  |           0 |           0 |           0 |           0 |           0 |           0 |           0 |           0 |           0 |           0 |           0 |           0 |           0 |           0 |           0 |           0 |           0 |           0 |           0 |           0 |           0 |           0 |           0 |           0 |           0 |           0 |           0 |           0 |           0 |           0 |           0 |           0 |
+-------------------------------------+---------+-------------+-------------+-------------+-------------+-------------+-------------+-------------+-------------+-------------+-------------+-------------+-------------+-------------+-------------+-------------+-------------+-------------+-------------+-------------+-------------+-------------+-------------+-------------+-------------+-------------+-------------+-------------+-------------+-------------+-------------+-------------+-------------+
+------------------------------------------+---------+--------------+-------------+-------------+--------------+
|                   Event                  | Counter |      Sum     |     Min     |     Max     |      Avg     |
+------------------------------------------+---------+--------------+-------------+-------------+--------------+
|           ACTUAL_CPU_CLOCK STAT          |  FIXC1  | 263850875000 |  8225167000 |  8270787000 | 8.245340e+09 |
|            MAX_CPU_CLOCK STAT            |  FIXC2  | 172934165000 |  5404092000 |  5404360000 | 5.404193e+09 |
|         RETIRED_INSTRUCTIONS STAT        |   PMC0  | 687341510000 | 21475240000 | 21484820000 | 2.147942e+10 |
|         CPU_CLOCKS_UNHALTED STAT         |   PMC1  | 263344877000 |  8208804000 |  8256485000 | 8.229527e+09 |
|                MERGE STAT                |   PMC3  |            0 |           0 |           0 |            0 |
| RETIRED_SSE_AVX_FLOPS_ALL_SP_SCALAR STAT |   PMC2  | 549755840000 | 17179870000 | 17179870000 |  17179870000 |
|                MERGE STAT                |   PMC5  |            0 |           0 |           0 |            0 |
| RETIRED_SSE_AVX_FLOPS_ALL_SP_PACKED STAT |   PMC4  |            0 |           0 |           0 |            0 |
+------------------------------------------+---------+--------------+-------------+-------------+--------------+
+----------------------+------------+------------+------------+------------+------------+------------+------------+------------+------------+------------+-------------+-------------+-------------+-------------+-------------+-------------+-------------+-------------+-------------+-------------+-------------+-------------+-------------+-------------+-------------+-------------+-------------+-------------+-------------+-------------+-------------+-------------+
|        Metric        | HWThread 0 | HWThread 1 | HWThread 2 | HWThread 3 | HWThread 4 | HWThread 5 | HWThread 6 | HWThread 7 | HWThread 8 | HWThread 9 | HWThread 10 | HWThread 11 | HWThread 12 | HWThread 13 | HWThread 14 | HWThread 15 | HWThread 16 | HWThread 17 | HWThread 18 | HWThread 19 | HWThread 20 | HWThread 21 | HWThread 22 | HWThread 23 | HWThread 24 | HWThread 25 | HWThread 26 | HWThread 27 | HWThread 28 | HWThread 29 | HWThread 30 | HWThread 31 |
+----------------------+------------+------------+------------+------------+------------+------------+------------+------------+------------+------------+-------------+-------------+-------------+-------------+-------------+-------------+-------------+-------------+-------------+-------------+-------------+-------------+-------------+-------------+-------------+-------------+-------------+-------------+-------------+-------------+-------------+-------------+
|  Runtime (RDTSC) [s] |     2.0040 |     2.0040 |     2.0040 |     2.0040 |     2.0040 |     2.0041 |     2.0041 |     2.0040 |     2.0040 |     2.0040 |      2.0040 |      2.0040 |      2.0041 |      2.0040 |      2.0040 |      2.0040 |      2.0040 |      2.0040 |      2.0040 |      2.0040 |      2.0040 |      2.0040 |      2.0040 |      2.0040 |      2.0040 |      2.0040 |      2.0040 |      2.0040 |      2.0041 |      2.0040 |      2.0040 |      2.0040 |
| Runtime unhalted [s] |     3.0676 |     3.0676 |     3.0676 |     3.0676 |     3.0675 |     3.0676 |     3.0676 |     3.0675 |     3.0507 |     3.0507 |      3.0508 |      3.0508 |      3.0508 |      3.0507 |      3.0507 |      3.0507 |      3.0552 |      3.0552 |      3.0552 |      3.0552 |      3.0552 |      3.0552 |      3.0551 |      3.0552 |      3.0593 |      3.0593 |      3.0593 |      3.0593 |      3.0593 |      3.0593 |      3.0593 |      3.0593 |
|      Clock [MHz]     |  4126.1610 |  4126.2281 |  4126.1926 |  4126.2014 |  4126.2167 |  4126.1915 |  4126.1549 |  4126.1714 |  4103.5659 |  4103.5570 |   4103.6012 |   4103.6177 |   4103.5848 |   4103.5947 |   4103.5845 |   4103.5812 |   4109.5839 |   4109.5541 |   4109.5627 |   4109.5794 |   4109.5354 |   4109.5716 |   4109.5453 |   4109.5726 |   4115.0231 |   4114.9929 |   4115.0139 |   4115.0250 |   4115.0102 |   4115.0036 |   4114.9942 |   4115.0139 |
|          CPI         |     0.3840 |     0.3843 |     0.3843 |     0.3843 |     0.3843 |     0.3843 |     0.3843 |     0.3843 |     0.3823 |     0.3823 |      0.3823 |      0.3822 |      0.3822 |      0.3822 |      0.3822 |      0.3822 |      0.3828 |      0.3828 |      0.3828 |      0.3828 |      0.3828 |      0.3828 |      0.3828 |      0.3828 |      0.3832 |      0.3832 |      0.3833 |      0.3833 |      0.3833 |      0.3833 |      0.3833 |      0.3832 |
|     SP [MFLOP/s]     |  8572.6483 |  8572.7124 |  8572.7638 |  8572.7980 |  8572.7851 |  8572.5156 |  8572.4600 |  8572.7937 |  8572.7980 |  8572.6868 |   8572.6654 |   8572.6654 |   8572.4686 |   8572.7980 |   8572.6868 |   8572.6311 |   8572.6910 |   8572.7937 |   8572.6953 |   8572.7894 |   8572.7124 |   8572.7124 |   8572.7424 |   8572.6825 |   8572.7851 |   8572.7851 |   8572.5969 |   8572.7937 |   8572.5713 |   8572.6910 |   8572.6654 |   8572.6910 |
+----------------------+------------+------------+------------+------------+------------+------------+------------+------------+------------+------------+-------------+-------------+-------------+-------------+-------------+-------------+-------------+-------------+-------------+-------------+-------------+-------------+-------------+-------------+-------------+-------------+-------------+-------------+-------------+-------------+-------------+-------------+
+---------------------------+-------------+-----------+-----------+-----------+
|           Metric          |     Sum     |    Min    |    Max    |    Avg    |
+---------------------------+-------------+-----------+-----------+-----------+
|  Runtime (RDTSC) [s] STAT |     64.1284 |    2.0040 |    2.0041 |    2.0040 |
| Runtime unhalted [s] STAT |     97.8624 |    3.0507 |    3.0676 |    3.0582 |
|      Clock [MHz] STAT     | 131634.7864 | 4103.5570 | 4126.2281 | 4113.5871 |
|          CPI STAT         |     12.2605 |    0.3822 |    0.3843 |    0.3831 |
|     SP [MFLOP/s] STAT     | 274326.2756 | 8572.4600 | 8572.7980 | 8572.6961 |
+---------------------------+-------------+-----------+-----------+-----------+
