--------------------------------------------------------------------------------
CPU name:	AMD EPYC 9755 128-Core Processor               
CPU type:	AMD K1A (Zen5) architecture
CPU clock:	2.70 GHz
--------------------------------------------------------------------------------
Region bench, Group 1: FLOPS_SP
+-------------------+------------+------------+------------+------------+------------+------------+------------+------------+------------+------------+-------------+-------------+-------------+-------------+-------------+-------------+-------------+-------------+-------------+-------------+-------------+-------------+-------------+-------------+-------------+-------------+-------------+-------------+-------------+-------------+-------------+-------------+
|    Region Info    | HWThread 0 | HWThread 1 | HWThread 2 | HWThread 3 | HWThread 4 | HWThread 5 | HWThread 6 | HWThread 7 | HWThread 8 | HWThread 9 | HWThread 10 | HWThread 11 | HWThread 12 | HWThread 13 | HWThread 14 | HWThread 15 | HWThread 16 | HWThread 17 | HWThread 18 | HWThread 19 | HWThread 20 | HWThread 21 | HWThread 22 | HWThread 23 | HWThread 24 | HWThread 25 | HWThread 26 | HWThread 27 | HWThread 28 | HWThread 29 | HWThread 30 | HWThread 31 |
+-------------------+------------+------------+------------+------------+------------+------------+------------+------------+------------+------------+-------------+-------------+-------------+-------------+-------------+-------------+-------------+-------------+-------------+-------------+-------------+-------------+-------------+-------------+-------------+-------------+-------------+-------------+-------------+-------------+-------------+-------------+
| RDTSC Runtime [s] |   2.004346 |   2.004351 |   2.004346 |   2.004340 |   2.004347 |   2.004346 |   2.004347 |   2.004319 |   2.004323 |   2.004340 |    2.004318 |    2.004342 |    2.004342 |    2.004346 |    2.004328 |    2.004341 |    2.004358 |    2.004318 |    2.004320 |    2.004320 |    2.004320 |    2.004320 |    2.004320 |    2.004352 |    2.004320 |    2.004319 |    2.004316 |    2.004310 |    2.004333 |    2.004319 |    2.004318 |    2.004347 |
|     call count    |          1 |          1 |          1 |          1 |          1 |          1 |          1 |          1 |          1 |          1 |           1 |           1 |           1 |           1 |           1 |           1 |           1 |           1 |           1 |           1 |           1 |           1 |           1 |           1 |           1 |           1 |           1 |           1 |           1 |           1 |           1 |           1 |
+-------------------+------------+------------+------------+------------+------------+------------+------------+------------+------------+------------+-------------+-------------+-------------+-------------+-------------+-------------+-------------+-------------+-------------+-------------+-------------+-------------+-------------+-------------+-------------+-------------+-------------+-------------+-------------+-------------+-------------+-------------+
+-------------------------------------+---------+-------------+-------------+-------------+-------------+-------------+-------------+-------------+-------------+-------------+-------------+-------------+-------------+-------------+-------------+-------------+-------------+-------------+-------------+-------------+-------------+-------------+-------------+-------------+-------------+-------------+-------------+-------------+-------------+-------------+-------------+-------------+-------------+
|                Event                | Counter |  HWThread 0 |  HWThread 1 |  HWThread 2 |  HWThread 3 |  HWThread 4 |  HWThread 5 |  HWThread 6 |  HWThread 7 |  HWThread 8 |  HWThread 9 | HWThread 10 | HWThread 11 | HWThread 12 | HWThread 13 | HWThread 14 | HWThread 15 | HWThread 16 | HWThread 17 | HWThread 18 | HWThread 19 | HWThread 20 | HWThread 21 | HWThread 22 | HWThread 23 | HWThread 24 | HWThread 25 | HWThread 26 | HWThread 27 | HWThread 28 | HWThread 29 | HWThread 30 | HWThread 31 |
+-------------------------------------+---------+-------------+-------------+-------------+-------------+-------------+-------------+-------------+-------------+-------------+-------------+-------------+-------------+-------------+-------------+-------------+-------------+-------------+-------------+-------------+-------------+-------------+-------------+-------------+-------------+-------------+-------------+-------------+-------------+-------------+-------------+-------------+-------------+
|           ACTUAL_CPU_CLOCK          |  FIXC1  |  8271440000 |  8271382000 |  8271363000 |  8271294000 |  8271233000 |  8271422000 |  8271518000 |  8271261000 |  8226455000 |  8226552000 |  8226554000 |  8226557000 |  8226628000 |  8226518000 |  8226459000 |  8226504000 |  8237263000 |  8237342000 |  8237317000 |  8237115000 |  8237297000 |  8237330000 |  8237122000 |  8237344000 |  8250834000 |  8250811000 |  8250765000 |  8250821000 |  8250734000 |  8250746000 |  8250600000 |  8250646000 |
|            MAX_CPU_CLOCK            |  FIXC2  |  5404342000 |  5404350000 |  5404263000 |  5404310000 |  5404221000 |  5404345000 |  5404401000 |  5404210000 |  5404175000 |  5404344000 |  5404222000 |  5404347000 |  5404349000 |  5404273000 |  5404180000 |  5404257000 |  5404309000 |  5404140000 |  5404232000 |  5404187000 |  5404245000 |  5404248000 |  5404309000 |  5404378000 |  5404260000 |  5404226000 |  5404205000 |  5404343000 |  5404190000 |  5404230000 |  5404181000 |  5404275000 |
|         RETIRED_INSTRUCTIONS        |   PMC0  | 21482660000 | 21484470000 | 21483910000 | 21484190000 | 21484100000 | 21484230000 | 21483830000 | 21484330000 | 21476320000 | 21476180000 | 21475590000 | 21476500000 | 21475510000 | 21475590000 | 21475260000 | 21475240000 | 21477900000 | 21477760000 | 21478170000 | 21477110000 | 21477380000 | 21478270000 | 21477940000 | 21477590000 | 21480030000 | 21480100000 | 21479440000 | 21479280000 | 21480010000 | 21480310000 | 21479960000 | 21479720000 |
|         CPU_CLOCKS_UNHALTED         |   PMC1  |  8250041000 |  8256927000 |  8255324000 |  8256440000 |  8256224000 |  8256522000 |  8255764000 |  8256260000 |  8209647000 |  8209552000 |  8209627000 |  8209699000 |  8209432000 |  8209433000 |  8209553000 |  8209427000 |  8220796000 |  8221085000 |  8220704000 |  8220769000 |  8220710000 |  8220749000 |  8220668000 |  8220942000 |  8234151000 |  8234257000 |  8234181000 |  8234406000 |  8234033000 |  8233881000 |  8233752000 |  8233846000 |
|                MERGE                |   PMC3  |           0 |           0 |           0 |           0 |           0 |           0 |           0 |           0 |           0 |           0 |           0 |           0 |           0 |           0 |           0 |           0 |           0 |           0 |           0 |           0 |           0 |           0 |           0 |           0 |           0 |           0 |           0 |           0 |           0 |           0 |           0 |           0 |
| RETIRED_SSE_AVX_FLOPS_ALL_SP_SCALAR |   PMC2  | 17179870000 | 17179870000 | 17179870000 | 17179870000 | 17179870000 | 17179870000 | 17179870000 | 17179870000 | 17179870000 | 17179870000 | 17179870000 | 17179870000 | 17179870000 | 17179870000 | 17179870000 | 17179870000 | 17179870000 | 17179870000 | 17179870000 | 17179870000 | 17179870000 | 17179870000 | 17179870000 | 17179870000 | 17179870000 | 17179870000 | 17179870000 | 17179870000 | 17179870000 | 17179870000 | 17179870000 | 17179870000 |
|                MERGE                |   PMC5  |           0 |           0 |           0 |           0 |           0 |           0 |           0 |           0 |           0 |           0 |           0 |           0 |           0 |           0 |           0 |           0 |           0 |           0 |           0 |           0 |           0 |           0 |           0 |           0 |           0 |           0 |           0 |           0 |           0 |           0 |           0 |           0 |
| RETIRED_SSE_AVX_FLOPS_ALL_SP_PACKED |   PMC4  |           0 |           0 |           0 |           0 |           0 |           0 |           0 |           0 |           0 |           0 |           0 |           0 |           0 |           0 |           0 |           0 |           0 |           0 |           0 |           0 |           0 |           0 |           0 |           0 |           0 |           0 |           0 |           0 |           0 |           0 |           0 |           0 |
+-------------------------------------+---------+-------------+-------------+-------------+-------------+-------------+-------------+-------------+-------------+-------------+-------------+-------------+-------------+-------------+-------------+-------------+-------------+-------------+-------------+-------------+-------------+-------------+-------------+-------------+-------------+-------------+-------------+-------------+-------------+-------------+-------------+-------------+-------------+
+------------------------------------------+---------+--------------+-------------+-------------+--------------+
|                   Event                  | Counter |      Sum     |     Min     |     Max     |      Avg     |
+------------------------------------------+---------+--------------+-------------+-------------+--------------+
|           ACTUAL_CPU_CLOCK STAT          |  FIXC1  | 263887227000 |  8226455000 |  8271518000 | 8.246476e+09 |
|            MAX_CPU_CLOCK STAT            |  FIXC2  | 172936547000 |  5404140000 |  5404401000 | 5.404267e+09 |
|         RETIRED_INSTRUCTIONS STAT        |   PMC0  | 687338880000 | 21475240000 | 21484470000 |  21479340000 |
|         CPU_CLOCKS_UNHALTED STAT         |   PMC1  | 263358802000 |  8209427000 |  8256927000 | 8.229963e+09 |
|                MERGE STAT                |   PMC3  |            0 |           0 |           0 |            0 |
| RETIRED_SSE_AVX_FLOPS_ALL_SP_SCALAR STAT |   PMC2  | 549755840000 | 17179870000 | 17179870000 |  17179870000 |
|                MERGE STAT                |   PMC5  |            0 |           0 |           0 |            0 |
| RETIRED_SSE_AVX_FLOPS_ALL_SP_PACKED STAT |   PMC4  |            0 |           0 |           0 |            0 |
+------------------------------------------+---------+--------------+-------------+-------------+--------------+
+----------------------+------------+------------+------------+------------+------------+------------+------------+------------+------------+------------+-------------+-------------+-------------+-------------+-------------+-------------+-------------+-------------+-------------+-------------+-------------+-------------+-------------+-------------+-------------+-------------+-------------+-------------+-------------+-------------+-------------+-------------+
|        Metric        | HWThread 0 | HWThread 1 | HWThread 2 | HWThread 3 | HWThread 4 | HWThread 5 | HWThread 6 | HWThread 7 | HWThread 8 | HWThread 9 | HWThread 10 | HWThread 11 | HWThread 12 | HWThread 13 | HWThread 14 | HWThread 15 | HWThread 16 | HWThread 17 | HWThread 18 | HWThread 19 | HWThread 20 | HWThread 21 | HWThread 22 | HWThread 23 | HWThread 24 | HWThread 25 | HWThread 26 | HWThread 27 | HWThread 28 | HWThread 29 | HWThread 30 | HWThread 31 |
+----------------------+------------+------------+------------+------------+------------+------------+------------+------------+------------+------------+-------------+-------------+-------------+-------------+-------------+-------------+-------------+-------------+-------------+-------------+-------------+-------------+-------------+-------------+-------------+-------------+-------------+-------------+-------------+-------------+-------------+-------------+
|  Runtime (RDTSC) [s] |     2.0043 |     2.0044 |     2.0043 |     2.0043 |     2.0043 |     2.0043 |     2.0043 |     2.0043 |     2.0043 |     2.0043 |      2.0043 |      2.0043 |      2.0043 |      2.0043 |      2.0043 |      2.0043 |      2.0044 |      2.0043 |      2.0043 |      2.0043 |      2.0043 |      2.0043 |      2.0043 |      2.0044 |      2.0043 |      2.0043 |      2.0043 |      2.0043 |      2.0043 |      2.0043 |      2.0043 |      2.0043 |
| Runtime unhalted [s] |     3.0689 |     3.0689 |     3.0689 |     3.0689 |     3.0689 |     3.0689 |     3.0690 |     3.0689 |     3.0523 |     3.0523 |      3.0523 |      3.0523 |      3.0523 |      3.0523 |      3.0523 |      3.0523 |      3.0563 |      3.0563 |      3.0563 |      3.0562 |      3.0563 |      3.0563 |      3.0562 |      3.0563 |      3.0613 |      3.0613 |      3.0613 |      3.0613 |      3.0613 |      3.0613 |      3.0612 |      3.0612 |
|      Clock [MHz]     |  4125.0601 |  4125.0250 |  4125.0820 |  4125.0117 |  4125.0492 |  4125.0488 |  4125.0539 |  4125.0715 |  4102.7523 |  4102.6724 |   4102.7660 |   4102.6726 |   4102.7065 |   4102.7093 |   4102.7505 |   4102.7145 |   4108.0407 |   4108.2086 |   4108.1261 |   4108.0596 |   4108.1063 |   4108.1205 |   4107.9704 |   4108.0286 |   4114.8460 |   4114.8605 |   4114.8535 |   4114.7764 |   4114.8495 |   4114.8250 |   4114.7895 |   4114.7409 |
|          CPI         |     0.3840 |     0.3843 |     0.3843 |     0.3843 |     0.3843 |     0.3843 |     0.3843 |     0.3843 |     0.3823 |     0.3823 |      0.3823 |      0.3823 |      0.3823 |      0.3823 |      0.3823 |      0.3823 |      0.3828 |      0.3828 |      0.3827 |      0.3828 |      0.3828 |      0.3827 |      0.3827 |      0.3828 |      0.3833 |      0.3833 |      0.3834 |      0.3834 |      0.3833 |      0.3833 |      0.3833 |      0.3833 |
|     SP [MFLOP/s]     |  8571.3095 |  8571.2882 |  8571.3095 |  8571.3352 |  8571.3053 |  8571.3095 |  8571.3053 |  8571.4250 |  8571.4079 |  8571.3352 |   8571.4293 |   8571.3266 |   8571.3266 |   8571.3095 |   8571.3865 |   8571.3309 |   8571.2582 |   8571.4293 |   8571.4207 |   8571.4207 |   8571.4207 |   8571.4207 |   8571.4207 |   8571.2839 |   8571.4207 |   8571.4250 |   8571.4378 |   8571.4635 |   8571.3651 |   8571.4250 |   8571.4293 |   8571.3053 |
+----------------------+------------+------------+------------+------------+------------+------------+------------+------------+------------+------------+-------------+-------------+-------------+-------------+-------------+-------------+-------------+-------------+-------------+-------------+-------------+-------------+-------------+-------------+-------------+-------------+-------------+-------------+-------------+-------------+-------------+-------------+
+---------------------------+-------------+-----------+-----------+-----------+
|           Metric          |     Sum     |    Min    |    Max    |    Avg    |
+---------------------------+-------------+-----------+-----------+-----------+
|  Runtime (RDTSC) [s] STAT |     64.1379 |    2.0043 |    2.0044 |    2.0043 |
| Runtime unhalted [s] STAT |     97.9101 |    3.0523 |    3.0690 |    3.0597 |
|      Clock [MHz] STAT     | 131605.3484 | 4102.6724 | 4125.0820 | 4112.6671 |
|          CPI STAT         |     12.2612 |    0.3823 |    0.3843 |    0.3832 |
|     SP [MFLOP/s] STAT     | 274283.7866 | 8571.2582 | 8571.4635 | 8571.3683 |
+---------------------------+-------------+-----------+-----------+-----------+
