--------------------------------------------------------------------------------
CPU name:	AMD EPYC 9755 128-Core Processor               
CPU type:	AMD K1A (Zen5) architecture
CPU clock:	2.70 GHz
--------------------------------------------------------------------------------
Region bench, Group 1: FLOPS_DP
+-------------------+------------+------------+------------+------------+------------+------------+------------+------------+------------+------------+-------------+-------------+-------------+-------------+-------------+-------------+-------------+-------------+-------------+-------------+-------------+-------------+-------------+-------------+-------------+-------------+-------------+-------------+-------------+-------------+-------------+-------------+
|    Region Info    | HWThread 0 | HWThread 1 | HWThread 2 | HWThread 3 | HWThread 4 | HWThread 5 | HWThread 6 | HWThread 7 | HWThread 8 | HWThread 9 | HWThread 10 | HWThread 11 | HWThread 12 | HWThread 13 | HWThread 14 | HWThread 15 | HWThread 16 | HWThread 17 | HWThread 18 | HWThread 19 | HWThread 20 | HWThread 21 | HWThread 22 | HWThread 23 | HWThread 24 | HWThread 25 | HWThread 26 | HWThread 27 | HWThread 28 | HWThread 29 | HWThread 30 | HWThread 31 |
+-------------------+------------+------------+------------+------------+------------+------------+------------+------------+------------+------------+-------------+-------------+-------------+-------------+-------------+-------------+-------------+-------------+-------------+-------------+-------------+-------------+-------------+-------------+-------------+-------------+-------------+-------------+-------------+-------------+-------------+-------------+
| RDTSC Runtime [s] |   1.680379 |   1.680414 |   1.680358 |   1.680420 |   1.680406 |   1.680378 |   1.680473 |   1.680477 |   1.680382 |   1.680397 |    1.680248 |    1.680445 |    1.680227 |    1.680390 |    1.680378 |    1.680438 |    1.680378 |    1.680380 |    1.680398 |    1.680356 |    1.680372 |    1.680382 |    1.680437 |    1.680399 |    1.680378 |    1.680437 |    1.680436 |    1.680373 |    1.680437 |    1.680378 |    1.680386 |    1.680369 |
|     call count    |          1 |          1 |          1 |          1 |          1 |          1 |          1 |          1 |          1 |          1 |           1 |           1 |           1 |           1 |           1 |           1 |           1 |           1 |           1 |           1 |           1 |           1 |           1 |           1 |           1 |           1 |           1 |           1 |           1 |           1 |           1 |           1 |
+-------------------+------------+------------+------------+------------+------------+------------+------------+------------+------------+------------+-------------+-------------+-------------+-------------+-------------+-------------+-------------+-------------+-------------+-------------+-------------+-------------+-------------+-------------+-------------+-------------+-------------+-------------+-------------+-------------+-------------+-------------+
+-------------------------------------+---------+--------------+--------------+--------------+--------------+--------------+--------------+--------------+--------------+--------------+--------------+--------------+--------------+--------------+--------------+--------------+--------------+--------------+--------------+--------------+--------------+--------------+--------------+--------------+--------------+--------------+--------------+--------------+--------------+--------------+--------------+--------------+--------------+
|                Event                | Counter |  HWThread 0  |  HWThread 1  |  HWThread 2  |  HWThread 3  |  HWThread 4  |  HWThread 5  |  HWThread 6  |  HWThread 7  |  HWThread 8  |  HWThread 9  |  HWThread 10 |  HWThread 11 |  HWThread 12 |  HWThread 13 |  HWThread 14 |  HWThread 15 |  HWThread 16 |  HWThread 17 |  HWThread 18 |  HWThread 19 |  HWThread 20 |  HWThread 21 |  HWThread 22 |  HWThread 23 |  HWThread 24 |  HWThread 25 |  HWThread 26 |  HWThread 27 |  HWThread 28 |  HWThread 29 |  HWThread 30 |  HWThread 31 |
+-------------------------------------+---------+--------------+--------------+--------------+--------------+--------------+--------------+--------------+--------------+--------------+--------------+--------------+--------------+--------------+--------------+--------------+--------------+--------------+--------------+--------------+--------------+--------------+--------------+--------------+--------------+--------------+--------------+--------------+--------------+--------------+--------------+--------------+--------------+
|           ACTUAL_CPU_CLOCK          |  FIXC1  |   4056964000 |   4056993000 |   4057023000 |   4057003000 |   4057114000 |   4056975000 |   4057185000 |   4056968000 |   4042154000 |   4042214000 |   4042103000 |   4042235000 |   4042237000 |   4042147000 |   4042225000 |   4042331000 |   4068985000 |   4068880000 |   4068972000 |   4068790000 |   4068772000 |   4068885000 |   4068869000 |   4068837000 |   4043579000 |   4043588000 |   4043691000 |   4043494000 |   4043497000 |   4043497000 |   4043601000 |   4043710000 |
|            MAX_CPU_CLOCK            |  FIXC2  |   4531833000 |   4531880000 |   4531910000 |   4531894000 |   4532020000 |   4531802000 |   4532106000 |   4531831000 |   4531782000 |   4531840000 |   4531798000 |   4531889000 |   4531903000 |   4531753000 |   4531906000 |   4531997000 |   4532023000 |   4531901000 |   4532015000 |   4531771000 |   4531696000 |   4531897000 |   4531883000 |   4531831000 |   4531920000 |   4531894000 |   4532011000 |   4531785000 |   4531767000 |   4531791000 |   4531915000 |   4532022000 |
|         RETIRED_INSTRUCTIONS        |   PMC0  |  10206280000 |  10206860000 |  10206700000 |  10206810000 |  10206790000 |  10206790000 |  10206670000 |  10206780000 |  10203900000 |  10203880000 |  10203870000 |  10203910000 |  10203860000 |  10203860000 |  10203830000 |  10203890000 |  10208680000 |  10208680000 |  10208670000 |  10208650000 |  10208640000 |  10208690000 |  10208670000 |  10208720000 |  10204150000 |  10204200000 |  10204150000 |  10204180000 |  10204180000 |  10204140000 |  10204140000 |  10204130000 |
|         CPU_CLOCKS_UNHALTED         |   PMC1  |   4042295000 |   4045472000 |   4044587000 |   4045289000 |   4045185000 |   4045139000 |   4044897000 |   4044945000 |   4029014000 |   4028862000 |   4028662000 |   4029001000 |   4028599000 |   4029017000 |   4028644000 |   4028934000 |   4055824000 |   4055740000 |   4055556000 |   4055596000 |   4055574000 |   4055839000 |   4055687000 |   4055990000 |   4030508000 |   4030640000 |   4030331000 |   4030552000 |   4030612000 |   4030345000 |   4030229000 |   4030243000 |
|                MERGE                |   PMC3  |            0 |            0 |            0 |            0 |            0 |            0 |            0 |            0 |            0 |            0 |            0 |            0 |            0 |            0 |            0 |            0 |            0 |            0 |            0 |            0 |            0 |            0 |            0 |            0 |            0 |            0 |            0 |            0 |            0 |            0 |            0 |            0 |
| RETIRED_SSE_AVX_FLOPS_ALL_DP_SCALAR |   PMC2  |           12 |           12 |           12 |           12 |           12 |           12 |           12 |           12 |           12 |           12 |           12 |           12 |           12 |           12 |           12 |           12 |           12 |           12 |           12 |           12 |           12 |           12 |           12 |           12 |           12 |           12 |           12 |           12 |           12 |           12 |           12 |           12 |
|                MERGE                |   PMC5  |            0 |            0 |            0 |            0 |            0 |            0 |            0 |            0 |            0 |            0 |            0 |            0 |            0 |            0 |            0 |            0 |            0 |            0 |            0 |            0 |            0 |            0 |            0 |            0 |            0 |            0 |            0 |            0 |            0 |            0 |            0 |            0 |
| RETIRED_SSE_AVX_FLOPS_ALL_DP_PACKED |   PMC4  | 128849000000 | 128849000000 | 128849000000 | 128849000000 | 128849000000 | 128849000000 | 128849000000 | 128849000000 | 128849000000 | 128849000000 | 128849000000 | 128849000000 | 128849000000 | 128849000000 | 128849000000 | 128849000000 | 128849000000 | 128849000000 | 128849000000 | 128849000000 | 128849000000 | 128849000000 | 128849000000 | 128849000000 | 128849000000 | 128849000000 | 128849000000 | 128849000000 | 128849000000 | 128849000000 | 128849000000 | 128849000000 |
+-------------------------------------+---------+--------------+--------------+--------------+--------------+--------------+--------------+--------------+--------------+--------------+--------------+--------------+--------------+--------------+--------------+--------------+--------------+--------------+--------------+--------------+--------------+--------------+--------------+--------------+--------------+--------------+--------------+--------------+--------------+--------------+--------------+--------------+--------------+
+------------------------------------------+---------+---------------+--------------+--------------+--------------+
|                   Event                  | Counter |      Sum      |      Min     |      Max     |      Avg     |
+------------------------------------------+---------+---------------+--------------+--------------+--------------+
|           ACTUAL_CPU_CLOCK STAT          |  FIXC1  |  129693518000 |   4042103000 |   4068985000 | 4.052922e+09 |
|            MAX_CPU_CLOCK STAT            |  FIXC2  |  145020266000 |   4531696000 |   4532106000 | 4.531883e+09 |
|         RETIRED_INSTRUCTIONS STAT        |   PMC0  |  326587350000 |  10203830000 |  10208720000 | 1.020585e+10 |
|         CPU_CLOCKS_UNHALTED STAT         |   PMC1  |  129277808000 |   4028599000 |   4055990000 |   4039931500 |
|                MERGE STAT                |   PMC3  |             0 |            0 |            0 |            0 |
| RETIRED_SSE_AVX_FLOPS_ALL_DP_SCALAR STAT |   PMC2  |           384 |           12 |           12 |           12 |
|                MERGE STAT                |   PMC5  |             0 |            0 |            0 |            0 |
| RETIRED_SSE_AVX_FLOPS_ALL_DP_PACKED STAT |   PMC4  | 4123168000000 | 128849000000 | 128849000000 | 128849000000 |
+------------------------------------------+---------+---------------+--------------+--------------+--------------+
+----------------------+------------+------------+------------+------------+------------+------------+------------+------------+------------+------------+-------------+-------------+-------------+-------------+-------------+-------------+-------------+-------------+-------------+-------------+-------------+-------------+-------------+-------------+-------------+-------------+-------------+-------------+-------------+-------------+-------------+-------------+
|        Metric        | HWThread 0 | HWThread 1 | HWThread 2 | HWThread 3 | HWThread 4 | HWThread 5 | HWThread 6 | HWThread 7 | HWThread 8 | HWThread 9 | HWThread 10 | HWThread 11 | HWThread 12 | HWThread 13 | HWThread 14 | HWThread 15 | HWThread 16 | HWThread 17 | HWThread 18 | HWThread 19 | HWThread 20 | HWThread 21 | HWThread 22 | HWThread 23 | HWThread 24 | HWThread 25 | HWThread 26 | HWThread 27 | HWThread 28 | HWThread 29 | HWThread 30 | HWThread 31 |
+----------------------+------------+------------+------------+------------+------------+------------+------------+------------+------------+------------+-------------+-------------+-------------+-------------+-------------+-------------+-------------+-------------+-------------+-------------+-------------+-------------+-------------+-------------+-------------+-------------+-------------+-------------+-------------+-------------+-------------+-------------+
|  Runtime (RDTSC) [s] |     1.6804 |     1.6804 |     1.6804 |     1.6804 |     1.6804 |     1.6804 |     1.6805 |     1.6805 |     1.6804 |     1.6804 |      1.6802 |      1.6804 |      1.6802 |      1.6804 |      1.6804 |      1.6804 |      1.6804 |      1.6804 |      1.6804 |      1.6804 |      1.6804 |      1.6804 |      1.6804 |      1.6804 |      1.6804 |      1.6804 |      1.6804 |      1.6804 |      1.6804 |      1.6804 |      1.6804 |      1.6804 |
| Runtime unhalted [s] |     1.5046 |     1.5047 |     1.5047 |     1.5047 |     1.5047 |     1.5047 |     1.5047 |     1.5047 |     1.4992 |     1.4992 |      1.4991 |      1.4992 |      1.4992 |      1.4992 |      1.4992 |      1.4992 |      1.5091 |      1.5091 |      1.5091 |      1.5090 |      1.5090 |      1.5091 |      1.5091 |      1.5091 |      1.4997 |      1.4997 |      1.4997 |      1.4997 |      1.4997 |      1.4997 |      1.4997 |      1.4997 |
|      Clock [MHz]     |  2413.7539 |  2413.7461 |  2413.7480 |  2413.7446 |  2413.7436 |  2413.7770 |  2413.7400 |  2413.7574 |  2404.9695 |  2404.9745 |   2404.9307 |   2404.9610 |   2404.9547 |   2404.9808 |   2404.9460 |   2404.9608 |   2420.8045 |   2420.8072 |   2420.8010 |   2420.8231 |   2420.8525 |   2420.8123 |   2420.8103 |   2420.8190 |   2405.7441 |   2405.7633 |   2405.7624 |   2405.7652 |   2405.7766 |   2405.7638 |   2405.7599 |   2405.7679 |
|          CPI         |     0.3961 |     0.3963 |     0.3963 |     0.3963 |     0.3963 |     0.3963 |     0.3963 |     0.3963 |     0.3949 |     0.3948 |      0.3948 |      0.3948 |      0.3948 |      0.3949 |      0.3948 |      0.3948 |      0.3973 |      0.3973 |      0.3973 |      0.3973 |      0.3973 |      0.3973 |      0.3973 |      0.3973 |      0.3950 |      0.3950 |      0.3950 |      0.3950 |      0.3950 |      0.3950 |      0.3950 |      0.3950 |
|     DP [MFLOP/s]     | 76678.5350 | 76676.9380 | 76679.4933 | 76676.6642 | 76677.3030 | 76678.5807 | 76674.2459 | 76674.0634 | 76678.3981 | 76677.7137 |  76684.5132 |  76675.5235 |  76685.4717 |  76678.0331 |  76678.5807 |  76675.8429 |  76678.5807 |  76678.4894 |  76677.6680 |  76679.5846 |  76678.8545 |  76678.3981 |  76675.8885 |  76677.6224 |  76678.5807 |  76675.8885 |  76675.9341 |  76678.8088 |  76675.8885 |  76678.5807 |  76678.2156 |  76678.9913 |
+----------------------+------------+------------+------------+------------+------------+------------+------------+------------+------------+------------+-------------+-------------+-------------+-------------+-------------+-------------+-------------+-------------+-------------+-------------+-------------+-------------+-------------+-------------+-------------+-------------+-------------+-------------+-------------+-------------+-------------+-------------+
+---------------------------+--------------+------------+------------+------------+
|           Metric          |      Sum     |     Min    |     Max    |     Avg    |
+---------------------------+--------------+------------+------------+------------+
|  Runtime (RDTSC) [s] STAT |      53.7726 |     1.6802 |     1.6805 |     1.6804 |
| Runtime unhalted [s] STAT |      48.1012 |     1.4991 |     1.5091 |     1.5032 |
|      Clock [MHz] STAT     |   77162.3217 |  2404.9307 |  2420.8525 |  2411.3226 |
|          CPI STAT         |      12.6672 |     0.3948 |     0.3973 |     0.3958 |
|     DP [MFLOP/s] STAT     | 2.453696e+06 | 76674.0634 | 76685.4717 | 76677.9961 |
+---------------------------+--------------+------------+------------+------------+
