--------------------------------------------------------------------------------
CPU name:	AMD EPYC 9755 128-Core Processor               
CPU type:	AMD K1A (Zen5) architecture
CPU clock:	2.70 GHz
--------------------------------------------------------------------------------
Region bench, Group 1: FLOPS_DP
+-------------------+------------+------------+------------+------------+------------+------------+------------+------------+------------+------------+-------------+-------------+-------------+-------------+-------------+-------------+-------------+-------------+-------------+-------------+-------------+-------------+-------------+-------------+-------------+-------------+-------------+-------------+-------------+-------------+-------------+-------------+
|    Region Info    | HWThread 0 | HWThread 1 | HWThread 2 | HWThread 3 | HWThread 4 | HWThread 5 | HWThread 6 | HWThread 7 | HWThread 8 | HWThread 9 | HWThread 10 | HWThread 11 | HWThread 12 | HWThread 13 | HWThread 14 | HWThread 15 | HWThread 16 | HWThread 17 | HWThread 18 | HWThread 19 | HWThread 20 | HWThread 21 | HWThread 22 | HWThread 23 | HWThread 24 | HWThread 25 | HWThread 26 | HWThread 27 | HWThread 28 | HWThread 29 | HWThread 30 | HWThread 31 |
+-------------------+------------+------------+------------+------------+------------+------------+------------+------------+------------+------------+-------------+-------------+-------------+-------------+-------------+-------------+-------------+-------------+-------------+-------------+-------------+-------------+-------------+-------------+-------------+-------------+-------------+-------------+-------------+-------------+-------------+-------------+
| RDTSC Runtime [s] |   1.681069 |   1.681074 |   1.681039 |   1.681051 |   1.681069 |   1.681069 |   1.681030 |   1.681072 |   1.681071 |   1.681079 |    1.681030 |    1.681029 |    1.681030 |    1.681042 |    1.681029 |    1.681075 |    1.681071 |    1.681051 |    1.681059 |    1.681098 |    1.681053 |    1.681069 |    1.681060 |    1.681027 |    1.681084 |    1.681122 |    1.681066 |    1.681117 |    1.681058 |    1.681122 |    1.681028 |    1.681057 |
|     call count    |          1 |          1 |          1 |          1 |          1 |          1 |          1 |          1 |          1 |          1 |           1 |           1 |           1 |           1 |           1 |           1 |           1 |           1 |           1 |           1 |           1 |           1 |           1 |           1 |           1 |           1 |           1 |           1 |           1 |           1 |           1 |           1 |
+-------------------+------------+------------+------------+------------+------------+------------+------------+------------+------------+------------+-------------+-------------+-------------+-------------+-------------+-------------+-------------+-------------+-------------+-------------+-------------+-------------+-------------+-------------+-------------+-------------+-------------+-------------+-------------+-------------+-------------+-------------+
+-------------------------------------+---------+--------------+--------------+--------------+--------------+--------------+--------------+--------------+--------------+--------------+--------------+--------------+--------------+--------------+--------------+--------------+--------------+--------------+--------------+--------------+--------------+--------------+--------------+--------------+--------------+--------------+--------------+--------------+--------------+--------------+--------------+--------------+--------------+
|                Event                | Counter |  HWThread 0  |  HWThread 1  |  HWThread 2  |  HWThread 3  |  HWThread 4  |  HWThread 5  |  HWThread 6  |  HWThread 7  |  HWThread 8  |  HWThread 9  |  HWThread 10 |  HWThread 11 |  HWThread 12 |  HWThread 13 |  HWThread 14 |  HWThread 15 |  HWThread 16 |  HWThread 17 |  HWThread 18 |  HWThread 19 |  HWThread 20 |  HWThread 21 |  HWThread 22 |  HWThread 23 |  HWThread 24 |  HWThread 25 |  HWThread 26 |  HWThread 27 |  HWThread 28 |  HWThread 29 |  HWThread 30 |  HWThread 31 |
+-------------------------------------+---------+--------------+--------------+--------------+--------------+--------------+--------------+--------------+--------------+--------------+--------------+--------------+--------------+--------------+--------------+--------------+--------------+--------------+--------------+--------------+--------------+--------------+--------------+--------------+--------------+--------------+--------------+--------------+--------------+--------------+--------------+--------------+--------------+
|           ACTUAL_CPU_CLOCK          |  FIXC1  |   4059404000 |   4059468000 |   4059351000 |   4059270000 |   4059361000 |   4059325000 |   4059443000 |   4059389000 |   4043682000 |   4043588000 |   4043543000 |   4043662000 |   4043754000 |   4043604000 |   4043690000 |   4043790000 |   4068387000 |   4068519000 |   4068494000 |   4068491000 |   4068487000 |   4068492000 |   4068509000 |   4068500000 |   4041838000 |   4041615000 |   4041609000 |   4041621000 |   4041610000 |   4041606000 |   4041515000 |   4041605000 |
|            MAX_CPU_CLOCK            |  FIXC2  |   4533793000 |   4533831000 |   4533717000 |   4533616000 |   4533713000 |   4533727000 |   4533772000 |   4533784000 |   4533718000 |   4533645000 |   4533622000 |   4533629000 |   4533818000 |   4533710000 |   4533709000 |   4533829000 |   4533670000 |   4533805000 |   4533776000 |   4533700000 |   4533753000 |   4533799000 |   4533813000 |   4533853000 |   4534050000 |   4533702000 |   4533619000 |   4533665000 |   4533656000 |   4533604000 |   4533512000 |   4533555000 |
|         RETIRED_INSTRUCTIONS        |   PMC0  |  10206760000 |  10207320000 |  10207250000 |  10207280000 |  10207250000 |  10207310000 |  10207170000 |  10207300000 |  10204190000 |  10204180000 |  10204180000 |  10204210000 |  10204180000 |  10204200000 |  10204150000 |  10204190000 |  10208650000 |  10208660000 |  10208630000 |  10208690000 |  10208630000 |  10208580000 |  10208590000 |  10208630000 |  10203830000 |  10203970000 |  10203890000 |  10203970000 |  10203910000 |  10203980000 |  10203840000 |  10203920000 |
|         CPU_CLOCKS_UNHALTED         |   PMC1  |   4045160000 |   4048270000 |   4047766000 |   4047970000 |   4047861000 |   4048181000 |   4047810000 |   4048048000 |   4030676000 |   4030690000 |   4030574000 |   4030784000 |   4030658000 |   4030799000 |   4030542000 |   4030634000 |   4055601000 |   4055621000 |   4055558000 |   4055665000 |   4055460000 |   4055295000 |   4055307000 |   4055440000 |   4028802000 |   4029382000 |   4028969000 |   4029282000 |   4029147000 |   4029356000 |   4028701000 |   4029128000 |
|                MERGE                |   PMC3  |            0 |            0 |            0 |            0 |            0 |            0 |            0 |            0 |            0 |            0 |            0 |            0 |            0 |            0 |            0 |            0 |            0 |            0 |            0 |            0 |            0 |            0 |            0 |            0 |            0 |            0 |            0 |            0 |            0 |            0 |            0 |            0 |
| RETIRED_SSE_AVX_FLOPS_ALL_DP_SCALAR |   PMC2  |           12 |           12 |           12 |           12 |           12 |           12 |           12 |           12 |           12 |           12 |           12 |           12 |           12 |           12 |           12 |           12 |           12 |           12 |           12 |           12 |           12 |           12 |           12 |           12 |           12 |           12 |           12 |           12 |           12 |           12 |           12 |           12 |
|                MERGE                |   PMC5  |            0 |            0 |            0 |            0 |            0 |            0 |            0 |            0 |            0 |            0 |            0 |            0 |            0 |            0 |            0 |            0 |            0 |            0 |            0 |            0 |            0 |            0 |            0 |            0 |            0 |            0 |            0 |            0 |            0 |            0 |            0 |            0 |
| RETIRED_SSE_AVX_FLOPS_ALL_DP_PACKED |   PMC4  | 128849000000 | 128849000000 | 128849000000 | 128849000000 | 128849000000 | 128849000000 | 128849000000 | 128849000000 | 128849000000 | 128849000000 | 128849000000 | 128849000000 | 128849000000 | 128849000000 | 128849000000 | 128849000000 | 128849000000 | 128849000000 | 128849000000 | 128849000000 | 128849000000 | 128849000000 | 128849000000 | 128849000000 | 128849000000 | 128849000000 | 128849000000 | 128849000000 | 128849000000 | 128849000000 | 128849000000 | 128849000000 |
+-------------------------------------+---------+--------------+--------------+--------------+--------------+--------------+--------------+--------------+--------------+--------------+--------------+--------------+--------------+--------------+--------------+--------------+--------------+--------------+--------------+--------------+--------------+--------------+--------------+--------------+--------------+--------------+--------------+--------------+--------------+--------------+--------------+--------------+--------------+
+------------------------------------------+---------+---------------+--------------+--------------+--------------+
|                   Event                  | Counter |      Sum      |      Min     |      Max     |      Avg     |
+------------------------------------------+---------+---------------+--------------+--------------+--------------+
|           ACTUAL_CPU_CLOCK STAT          |  FIXC1  |  129705222000 |   4041515000 |   4068519000 | 4.053288e+09 |
|            MAX_CPU_CLOCK STAT            |  FIXC2  |  145079165000 |   4533512000 |   4534050000 | 4.533724e+09 |
|         RETIRED_INSTRUCTIONS STAT        |   PMC0  |  326591490000 |  10203830000 |  10208690000 | 1.020598e+10 |
|         CPU_CLOCKS_UNHALTED STAT         |   PMC1  |  129303137000 |   4028701000 |   4055665000 | 4.040723e+09 |
|                MERGE STAT                |   PMC3  |             0 |            0 |            0 |            0 |
| RETIRED_SSE_AVX_FLOPS_ALL_DP_SCALAR STAT |   PMC2  |           384 |           12 |           12 |           12 |
|                MERGE STAT                |   PMC5  |             0 |            0 |            0 |            0 |
| RETIRED_SSE_AVX_FLOPS_ALL_DP_PACKED STAT |   PMC4  | 4123168000000 | 128849000000 | 128849000000 | 128849000000 |
+------------------------------------------+---------+---------------+--------------+--------------+--------------+
+----------------------+------------+------------+------------+------------+------------+------------+------------+------------+------------+------------+-------------+-------------+-------------+-------------+-------------+-------------+-------------+-------------+-------------+-------------+-------------+-------------+-------------+-------------+-------------+-------------+-------------+-------------+-------------+-------------+-------------+-------------+
|        Metric        | HWThread 0 | HWThread 1 | HWThread 2 | HWThread 3 | HWThread 4 | HWThread 5 | HWThread 6 | HWThread 7 | HWThread 8 | HWThread 9 | HWThread 10 | HWThread 11 | HWThread 12 | HWThread 13 | HWThread 14 | HWThread 15 | HWThread 16 | HWThread 17 | HWThread 18 | HWThread 19 | HWThread 20 | HWThread 21 | HWThread 22 | HWThread 23 | HWThread 24 | HWThread 25 | HWThread 26 | HWThread 27 | HWThread 28 | HWThread 29 | HWThread 30 | HWThread 31 |
+----------------------+------------+------------+------------+------------+------------+------------+------------+------------+------------+------------+-------------+-------------+-------------+-------------+-------------+-------------+-------------+-------------+-------------+-------------+-------------+-------------+-------------+-------------+-------------+-------------+-------------+-------------+-------------+-------------+-------------+-------------+
|  Runtime (RDTSC) [s] |     1.6811 |     1.6811 |     1.6810 |     1.6811 |     1.6811 |     1.6811 |     1.6810 |     1.6811 |     1.6811 |     1.6811 |      1.6810 |      1.6810 |      1.6810 |      1.6810 |      1.6810 |      1.6811 |      1.6811 |      1.6811 |      1.6811 |      1.6811 |      1.6811 |      1.6811 |      1.6811 |      1.6810 |      1.6811 |      1.6811 |      1.6811 |      1.6811 |      1.6811 |      1.6811 |      1.6810 |      1.6811 |
| Runtime unhalted [s] |     1.5056 |     1.5056 |     1.5056 |     1.5055 |     1.5056 |     1.5056 |     1.5056 |     1.5056 |     1.4998 |     1.4997 |      1.4997 |      1.4997 |      1.4998 |      1.4997 |      1.4998 |      1.4998 |      1.5089 |      1.5090 |      1.5090 |      1.5090 |      1.5090 |      1.5090 |      1.5090 |      1.5090 |      1.4991 |      1.4990 |      1.4990 |      1.4990 |      1.4990 |      1.4990 |      1.4990 |      1.4990 |
|      Clock [MHz]     |  2414.1084 |  2414.1262 |  2414.1174 |  2414.1230 |  2414.1254 |  2414.0966 |  2414.1428 |  2414.1043 |  2404.7984 |  2404.7812 |   2404.7666 |   2404.8337 |   2404.7882 |   2404.7562 |   2404.8079 |   2404.8037 |   2419.5162 |   2419.5227 |   2419.5233 |   2419.5620 |   2419.5314 |   2419.5098 |   2419.5124 |   2419.4857 |   2403.5257 |   2403.5776 |   2403.6181 |   2403.6008 |   2403.5990 |   2403.6242 |   2403.6189 |   2403.6496 |
|          CPI         |     0.3963 |     0.3966 |     0.3966 |     0.3966 |     0.3966 |     0.3966 |     0.3966 |     0.3966 |     0.3950 |     0.3950 |      0.3950 |      0.3950 |      0.3950 |      0.3950 |      0.3950 |      0.3950 |      0.3973 |      0.3973 |      0.3973 |      0.3973 |      0.3973 |      0.3972 |      0.3972 |      0.3973 |      0.3948 |      0.3949 |      0.3948 |      0.3949 |      0.3949 |      0.3949 |      0.3948 |      0.3949 |
|     DP [MFLOP/s]     | 76647.0621 | 76646.8341 | 76648.4299 | 76647.8828 | 76647.0621 | 76647.0621 | 76648.8403 | 76646.9253 | 76646.9709 | 76646.6061 |  76648.8403 |  76648.8859 |  76648.8403 |  76648.2931 |  76648.8859 |  76646.7885 |  76646.9709 |  76647.8828 |  76647.5180 |  76645.7399 |  76647.7916 |  76647.0621 |  76647.4724 |  76648.9771 |  76646.3782 |  76644.6457 |  76647.1989 |  76644.8736 |  76647.5636 |  76644.6457 |  76648.9315 |  76647.6092 |
+----------------------+------------+------------+------------+------------+------------+------------+------------+------------+------------+------------+-------------+-------------+-------------+-------------+-------------+-------------+-------------+-------------+-------------+-------------+-------------+-------------+-------------+-------------+-------------+-------------+-------------+-------------+-------------+-------------+-------------+-------------+
+---------------------------+--------------+------------+------------+------------+
|           Metric          |      Sum     |     Min    |     Max    |     Avg    |
+---------------------------+--------------+------------+------------+------------+
|  Runtime (RDTSC) [s] STAT |      53.7943 |     1.6810 |     1.6811 |     1.6811 |
| Runtime unhalted [s] STAT |      48.1067 |     1.4990 |     1.5090 |     1.5033 |
|      Clock [MHz] STAT     |   77136.2574 |  2403.5257 |  2419.5620 |  2410.5080 |
|          CPI STAT         |      12.6696 |     0.3948 |     0.3973 |     0.3959 |
|     DP [MFLOP/s] STAT     | 2.452715e+06 | 76644.6457 | 76648.9771 | 76647.3585 |
+---------------------------+--------------+------------+------------+------------+
