--------------------------------------------------------------------------------
CPU name:	AMD EPYC 9755 128-Core Processor               
CPU type:	AMD K1A (Zen5) architecture
CPU clock:	2.70 GHz
--------------------------------------------------------------------------------
Region bench, Group 1: FLOPS_DP
+-------------------+------------+------------+------------+------------+------------+------------+------------+------------+------------+------------+-------------+-------------+-------------+-------------+-------------+-------------+-------------+-------------+-------------+-------------+-------------+-------------+-------------+-------------+-------------+-------------+-------------+-------------+-------------+-------------+-------------+-------------+-------------+-------------+-------------+-------------+-------------+-------------+-------------+-------------+-------------+-------------+-------------+-------------+-------------+-------------+-------------+-------------+-------------+-------------+-------------+-------------+-------------+-------------+-------------+-------------+-------------+-------------+-------------+-------------+-------------+-------------+-------------+-------------+-------------+-------------+-------------+-------------+-------------+-------------+-------------+-------------+-------------+-------------+-------------+-------------+-------------+-------------+-------------+-------------+-------------+-------------+-------------+-------------+-------------+-------------+-------------+-------------+-------------+-------------+-------------+-------------+-------------+-------------+-------------+-------------+-------------+-------------+-------------+-------------+--------------+--------------+--------------+--------------+--------------+--------------+--------------+--------------+--------------+--------------+--------------+--------------+--------------+--------------+--------------+--------------+--------------+--------------+--------------+--------------+--------------+--------------+--------------+--------------+--------------+--------------+--------------+--------------+
|    Region Info    | HWThread 0 | HWThread 1 | HWThread 2 | HWThread 3 | HWThread 4 | HWThread 5 | HWThread 6 | HWThread 7 | HWThread 8 | HWThread 9 | HWThread 10 | HWThread 11 | HWThread 12 | HWThread 13 | HWThread 14 | HWThread 15 | HWThread 16 | HWThread 17 | HWThread 18 | HWThread 19 | HWThread 20 | HWThread 21 | HWThread 22 | HWThread 23 | HWThread 24 | HWThread 25 | HWThread 26 | HWThread 27 | HWThread 28 | HWThread 29 | HWThread 30 | HWThread 31 | HWThread 32 | HWThread 33 | HWThread 34 | HWThread 35 | HWThread 36 | HWThread 37 | HWThread 38 | HWThread 39 | HWThread 40 | HWThread 41 | HWThread 42 | HWThread 43 | HWThread 44 | HWThread 45 | HWThread 46 | HWThread 47 | HWThread 48 | HWThread 49 | HWThread 50 | HWThread 51 | HWThread 52 | HWThread 53 | HWThread 54 | HWThread 55 | HWThread 56 | HWThread 57 | HWThread 58 | HWThread 59 | HWThread 60 | HWThread 61 | HWThread 62 | HWThread 63 | HWThread 64 | HWThread 65 | HWThread 66 | HWThread 67 | HWThread 68 | HWThread 69 | HWThread 70 | HWThread 71 | HWThread 72 | HWThread 73 | HWThread 74 | HWThread 75 | HWThread 76 | HWThread 77 | HWThread 78 | HWThread 79 | HWThread 80 | HWThread 81 | HWThread 82 | HWThread 83 | HWThread 84 | HWThread 85 | HWThread 86 | HWThread 87 | HWThread 88 | HWThread 89 | HWThread 90 | HWThread 91 | HWThread 92 | HWThread 93 | HWThread 94 | HWThread 95 | HWThread 96 | HWThread 97 | HWThread 98 | HWThread 99 | HWThread 100 | HWThread 101 | HWThread 102 | HWThread 103 | HWThread 104 | HWThread 105 | HWThread 106 | HWThread 107 | HWThread 108 | HWThread 109 | HWThread 110 | HWThread 111 | HWThread 112 | HWThread 113 | HWThread 114 | HWThread 115 | HWThread 116 | HWThread 117 | HWThread 118 | HWThread 119 | HWThread 120 | HWThread 121 | HWThread 122 | HWThread 123 | HWThread 124 | HWThread 125 | HWThread 126 | HWThread 127 |
+-------------------+------------+------------+------------+------------+------------+------------+------------+------------+------------+------------+-------------+-------------+-------------+-------------+-------------+-------------+-------------+-------------+-------------+-------------+-------------+-------------+-------------+-------------+-------------+-------------+-------------+-------------+-------------+-------------+-------------+-------------+-------------+-------------+-------------+-------------+-------------+-------------+-------------+-------------+-------------+-------------+-------------+-------------+-------------+-------------+-------------+-------------+-------------+-------------+-------------+-------------+-------------+-------------+-------------+-------------+-------------+-------------+-------------+-------------+-------------+-------------+-------------+-------------+-------------+-------------+-------------+-------------+-------------+-------------+-------------+-------------+-------------+-------------+-------------+-------------+-------------+-------------+-------------+-------------+-------------+-------------+-------------+-------------+-------------+-------------+-------------+-------------+-------------+-------------+-------------+-------------+-------------+-------------+-------------+-------------+-------------+-------------+-------------+-------------+--------------+--------------+--------------+--------------+--------------+--------------+--------------+--------------+--------------+--------------+--------------+--------------+--------------+--------------+--------------+--------------+--------------+--------------+--------------+--------------+--------------+--------------+--------------+--------------+--------------+--------------+--------------+--------------+
| RDTSC Runtime [s] |   1.683454 |   1.683455 |   1.683455 |   1.683457 |   1.683457 |   1.683606 |   1.683450 |   1.683457 |   1.683724 |   1.683671 |    1.683752 |    1.683690 |    1.683751 |    1.683552 |    1.684702 |    1.684575 |    1.683477 |    1.683577 |    1.683577 |    1.683450 |    1.683606 |    1.683473 |    1.683477 |    1.683568 |    1.683537 |    1.683494 |    1.683553 |    1.683437 |    1.683527 |    1.683455 |    1.683566 |    1.683458 |    1.683451 |    1.683586 |    1.683541 |    1.683719 |    1.683457 |    1.683435 |    1.683409 |    1.683499 |    1.683401 |    1.683452 |    1.683635 |    1.683524 |    1.683525 |    1.683436 |    1.683646 |    1.683495 |    1.683453 |    1.683504 |    1.683437 |    1.683496 |    1.683450 |    1.683504 |    1.683504 |    1.683469 |    1.684373 |    1.683437 |    1.683475 |    1.684221 |    1.683641 |    1.683406 |    1.683437 |    1.683408 |    1.683451 |    1.683464 |    1.683458 |    1.683604 |    1.683475 |    1.683434 |    1.683531 |    1.683405 |    1.683436 |    1.683436 |    1.683555 |    1.683461 |    1.683501 |    1.683404 |    1.683437 |    1.683406 |    1.684032 |    1.683458 |    1.684586 |    1.683458 |    1.683454 |    1.683853 |    1.683458 |    1.683902 |    1.683403 |    1.683406 |    1.683464 |    1.683529 |    1.683403 |    1.683466 |    1.683462 |    1.683458 |    1.683561 |    1.683412 |    1.683412 |    1.683566 |     1.683442 |     1.683666 |     1.683566 |     1.683402 |     1.683638 |     1.683469 |     1.683410 |     1.683706 |     1.683458 |     1.683543 |     1.683475 |     1.683574 |     1.683458 |     1.683455 |     1.683760 |     1.683406 |     1.683407 |     1.683442 |     1.683503 |     1.683400 |     1.684162 |     1.683456 |     1.683528 |     1.683457 |     1.683441 |     1.683441 |     1.683597 |     1.683451 |
|     call count    |          1 |          1 |          1 |          1 |          1 |          1 |          1 |          1 |          1 |          1 |           1 |           1 |           1 |           1 |           1 |           1 |           1 |           1 |           1 |           1 |           1 |           1 |           1 |           1 |           1 |           1 |           1 |           1 |           1 |           1 |           1 |           1 |           1 |           1 |           1 |           1 |           1 |           1 |           1 |           1 |           1 |           1 |           1 |           1 |           1 |           1 |           1 |           1 |           1 |           1 |           1 |           1 |           1 |           1 |           1 |           1 |           1 |           1 |           1 |           1 |           1 |           1 |           1 |           1 |           1 |           1 |           1 |           1 |           1 |           1 |           1 |           1 |           1 |           1 |           1 |           1 |           1 |           1 |           1 |           1 |           1 |           1 |           1 |           1 |           1 |           1 |           1 |           1 |           1 |           1 |           1 |           1 |           1 |           1 |           1 |           1 |           1 |           1 |           1 |           1 |            1 |            1 |            1 |            1 |            1 |            1 |            1 |            1 |            1 |            1 |            1 |            1 |            1 |            1 |            1 |            1 |            1 |            1 |            1 |            1 |            1 |            1 |            1 |            1 |            1 |            1 |            1 |            1 |
+-------------------+------------+------------+------------+------------+------------+------------+------------+------------+------------+------------+-------------+-------------+-------------+-------------+-------------+-------------+-------------+-------------+-------------+-------------+-------------+-------------+-------------+-------------+-------------+-------------+-------------+-------------+-------------+-------------+-------------+-------------+-------------+-------------+-------------+-------------+-------------+-------------+-------------+-------------+-------------+-------------+-------------+-------------+-------------+-------------+-------------+-------------+-------------+-------------+-------------+-------------+-------------+-------------+-------------+-------------+-------------+-------------+-------------+-------------+-------------+-------------+-------------+-------------+-------------+-------------+-------------+-------------+-------------+-------------+-------------+-------------+-------------+-------------+-------------+-------------+-------------+-------------+-------------+-------------+-------------+-------------+-------------+-------------+-------------+-------------+-------------+-------------+-------------+-------------+-------------+-------------+-------------+-------------+-------------+-------------+-------------+-------------+-------------+-------------+--------------+--------------+--------------+--------------+--------------+--------------+--------------+--------------+--------------+--------------+--------------+--------------+--------------+--------------+--------------+--------------+--------------+--------------+--------------+--------------+--------------+--------------+--------------+--------------+--------------+--------------+--------------+--------------+
+-------------------------------------+---------+--------------+--------------+--------------+--------------+--------------+--------------+--------------+--------------+--------------+--------------+--------------+--------------+--------------+--------------+--------------+--------------+--------------+--------------+--------------+--------------+--------------+--------------+--------------+--------------+--------------+--------------+--------------+--------------+--------------+--------------+--------------+--------------+--------------+--------------+--------------+--------------+--------------+--------------+--------------+--------------+--------------+--------------+--------------+--------------+--------------+--------------+--------------+--------------+--------------+--------------+--------------+--------------+--------------+--------------+--------------+--------------+--------------+--------------+--------------+--------------+--------------+--------------+--------------+--------------+--------------+--------------+--------------+--------------+--------------+--------------+--------------+--------------+--------------+--------------+--------------+--------------+--------------+--------------+--------------+--------------+--------------+--------------+--------------+--------------+--------------+--------------+--------------+--------------+--------------+--------------+--------------+--------------+--------------+--------------+--------------+--------------+--------------+--------------+--------------+--------------+--------------+--------------+--------------+--------------+--------------+--------------+--------------+--------------+--------------+--------------+--------------+--------------+--------------+--------------+--------------+--------------+--------------+--------------+--------------+--------------+--------------+--------------+--------------+--------------+--------------+--------------+--------------+--------------+
|                Event                | Counter |  HWThread 0  |  HWThread 1  |  HWThread 2  |  HWThread 3  |  HWThread 4  |  HWThread 5  |  HWThread 6  |  HWThread 7  |  HWThread 8  |  HWThread 9  |  HWThread 10 |  HWThread 11 |  HWThread 12 |  HWThread 13 |  HWThread 14 |  HWThread 15 |  HWThread 16 |  HWThread 17 |  HWThread 18 |  HWThread 19 |  HWThread 20 |  HWThread 21 |  HWThread 22 |  HWThread 23 |  HWThread 24 |  HWThread 25 |  HWThread 26 |  HWThread 27 |  HWThread 28 |  HWThread 29 |  HWThread 30 |  HWThread 31 |  HWThread 32 |  HWThread 33 |  HWThread 34 |  HWThread 35 |  HWThread 36 |  HWThread 37 |  HWThread 38 |  HWThread 39 |  HWThread 40 |  HWThread 41 |  HWThread 42 |  HWThread 43 |  HWThread 44 |  HWThread 45 |  HWThread 46 |  HWThread 47 |  HWThread 48 |  HWThread 49 |  HWThread 50 |  HWThread 51 |  HWThread 52 |  HWThread 53 |  HWThread 54 |  HWThread 55 |  HWThread 56 |  HWThread 57 |  HWThread 58 |  HWThread 59 |  HWThread 60 |  HWThread 61 |  HWThread 62 |  HWThread 63 |  HWThread 64 |  HWThread 65 |  HWThread 66 |  HWThread 67 |  HWThread 68 |  HWThread 69 |  HWThread 70 |  HWThread 71 |  HWThread 72 |  HWThread 73 |  HWThread 74 |  HWThread 75 |  HWThread 76 |  HWThread 77 |  HWThread 78 |  HWThread 79 |  HWThread 80 |  HWThread 81 |  HWThread 82 |  HWThread 83 |  HWThread 84 |  HWThread 85 |  HWThread 86 |  HWThread 87 |  HWThread 88 |  HWThread 89 |  HWThread 90 |  HWThread 91 |  HWThread 92 |  HWThread 93 |  HWThread 94 |  HWThread 95 |  HWThread 96 |  HWThread 97 |  HWThread 98 |  HWThread 99 | HWThread 100 | HWThread 101 | HWThread 102 | HWThread 103 | HWThread 104 | HWThread 105 | HWThread 106 | HWThread 107 | HWThread 108 | HWThread 109 | HWThread 110 | HWThread 111 | HWThread 112 | HWThread 113 | HWThread 114 | HWThread 115 | HWThread 116 | HWThread 117 | HWThread 118 | HWThread 119 | HWThread 120 | HWThread 121 | HWThread 122 | HWThread 123 | HWThread 124 | HWThread 125 | HWThread 126 | HWThread 127 |
+-------------------------------------+---------+--------------+--------------+--------------+--------------+--------------+--------------+--------------+--------------+--------------+--------------+--------------+--------------+--------------+--------------+--------------+--------------+--------------+--------------+--------------+--------------+--------------+--------------+--------------+--------------+--------------+--------------+--------------+--------------+--------------+--------------+--------------+--------------+--------------+--------------+--------------+--------------+--------------+--------------+--------------+--------------+--------------+--------------+--------------+--------------+--------------+--------------+--------------+--------------+--------------+--------------+--------------+--------------+--------------+--------------+--------------+--------------+--------------+--------------+--------------+--------------+--------------+--------------+--------------+--------------+--------------+--------------+--------------+--------------+--------------+--------------+--------------+--------------+--------------+--------------+--------------+--------------+--------------+--------------+--------------+--------------+--------------+--------------+--------------+--------------+--------------+--------------+--------------+--------------+--------------+--------------+--------------+--------------+--------------+--------------+--------------+--------------+--------------+--------------+--------------+--------------+--------------+--------------+--------------+--------------+--------------+--------------+--------------+--------------+--------------+--------------+--------------+--------------+--------------+--------------+--------------+--------------+--------------+--------------+--------------+--------------+--------------+--------------+--------------+--------------+--------------+--------------+--------------+--------------+
|           ACTUAL_CPU_CLOCK          |  FIXC1  |   4069553000 |   4069160000 |   4069138000 |   4069156000 |   4069146000 |   4069213000 |   4069609000 |   4069814000 |   4055675000 |   4054908000 |   4054963000 |   4054910000 |   4054963000 |   4054767000 |   4055226000 |   4055292000 |   4083206000 |   4083429000 |   4083399000 |   4083685000 |   4083443000 |   4083378000 |   4083236000 |   4083477000 |   4053353000 |   4053666000 |   4053876000 |   4053126000 |   4053503000 |   4053777000 |   4053549000 |   4053801000 |   4049018000 |   4049792000 |   4049379000 |   4049357000 |   4049466000 |   4048373000 |   4048733000 |   4049125000 |   4068514000 |   4068808000 |   4069271000 |   4069072000 |   4069180000 |   4069151000 |   4069087000 |   4069116000 |   4060919000 |   4060803000 |   4061089000 |   4060926000 |   4060563000 |   4061097000 |   4060811000 |   4060623000 |   4055839000 |   4054770000 |   4054843000 |   4055507000 |   4055718000 |   4054318000 |   4055010000 |   4055142000 |   4057311000 |   4057601000 |   4057361000 |   4056988000 |   4056922000 |   4056242000 |   4056935000 |   4056924000 |   4064715000 |   4064664000 |   4065387000 |   4064787000 |   4065254000 |   4064562000 |   4064395000 |   4064390000 |   4060137000 |   4060210000 |   4060245000 |   4060285000 |   4060263000 |   4060072000 |   4060320000 |   4060567000 |   4057909000 |   4057659000 |   4058346000 |   4058168000 |   4057919000 |   4058496000 |   4058354000 |   4058428000 |   4074175000 |   4073507000 |   4074197000 |   4074204000 |   4074110000 |   4074461000 |   4074149000 |   4073312000 |   4076603000 |   4076009000 |   4075769000 |   4076215000 |   4075788000 |   4076120000 |   4076245000 |   4076490000 |   4073294000 |   4073291000 |   4073819000 |   4072919000 |   4072847000 |   4073717000 |   4073304000 |   4072882000 |   4058864000 |   4058123000 |   4058446000 |   4058822000 |   4058735000 |   4058585000 |   4058463000 |   4058535000 |
|            MAX_CPU_CLOCK            |  FIXC2  |   4543125000 |   4543212000 |   4543207000 |   4543216000 |   4543202000 |   4543311000 |   4543630000 |   4543465000 |   4543831000 |   4543775000 |   4544146000 |   4543853000 |   4544127000 |   4543256000 |   4544617000 |   4544607000 |   4543525000 |   4543330000 |   4543282000 |   4543036000 |   4543351000 |   4543254000 |   4543522000 |   4543339000 |   4543403000 |   4543877000 |   4543653000 |   4543183000 |   4543168000 |   4543409000 |   4543213000 |   4543534000 |   4542528000 |   4543095000 |   4543446000 |   4542972000 |   4543228000 |   4541690000 |   4542886000 |   4542610000 |   4542519000 |   4542862000 |   4543260000 |   4542442000 |   4543243000 |   4543154000 |   4543472000 |   4543161000 |   4543361000 |   4543276000 |   4543060000 |   4543328000 |   4543486000 |   4543087000 |   4543290000 |   4543510000 |   4544367000 |   4542824000 |   4543445000 |   4544547000 |   4543924000 |   4542104000 |   4543146000 |   4543283000 |   4543598000 |   4543445000 |   4543653000 |   4543343000 |   4543243000 |   4542930000 |   4543291000 |   4543170000 |   4542777000 |   4542726000 |   4543777000 |   4543055000 |   4543335000 |   4542818000 |   4542952000 |   4542933000 |   4543603000 |   4543016000 |   4543746000 |   4543100000 |   4543073000 |   4543423000 |   4543118000 |   4544179000 |   4542600000 |   4542899000 |   4543229000 |   4543516000 |   4542282000 |   4543276000 |   4543633000 |   4543303000 |   4543337000 |   4542926000 |   4543232000 |   4543332000 |   4543296000 |   4543600000 |   4543329000 |   4542515000 |   4544241000 |   4543017000 |   4543288000 |   4543675000 |   4543247000 |   4543840000 |   4543789000 |   4543682000 |   4543857000 |   4543821000 |   4544665000 |   4542995000 |   4543317000 |   4543844000 |   4543705000 |   4542889000 |   4544385000 |   4543183000 |   4543087000 |   4543552000 |   4543381000 |   4543715000 |   4543116000 |   4543620000 |
|         RETIRED_INSTRUCTIONS        |   PMC0  |  10206870000 |  10207130000 |  10207080000 |  10207150000 |  10207080000 |  10207230000 |  10207020000 |  10207130000 |  10204640000 |  10204650000 |  10204610000 |  10204630000 |  10204570000 |  10204540000 |  10204920000 |  10204970000 |  10209670000 |  10209720000 |  10209690000 |  10209650000 |  10209660000 |  10209680000 |  10209670000 |  10209690000 |  10204260000 |  10204270000 |  10204300000 |  10204260000 |  10204260000 |  10204290000 |  10204260000 |  10204250000 |  10204040000 |  10204110000 |  10204010000 |  10203840000 |  10203990000 |  10204020000 |  10203860000 |  10204040000 |  10207130000 |  10207150000 |  10207190000 |  10207160000 |  10207140000 |  10207100000 |  10207000000 |  10207090000 |  10205540000 |  10205560000 |  10205530000 |  10205600000 |  10205540000 |  10205600000 |  10205620000 |  10205490000 |  10204740000 |  10204450000 |  10204480000 |  10204800000 |  10204270000 |  10204230000 |  10204200000 |  10204190000 |  10204950000 |  10204970000 |  10204910000 |  10205010000 |  10204970000 |  10204930000 |  10204980000 |  10204920000 |  10206850000 |  10206320000 |  10206910000 |  10206890000 |  10206880000 |  10206840000 |  10206820000 |  10206830000 |  10205800000 |  10205580000 |  10205930000 |  10205540000 |  10205490000 |  10205460000 |  10205470000 |  10205700000 |  10205210000 |  10205190000 |  10205190000 |  10205240000 |  10204920000 |  10204700000 |  10204870000 |  10204820000 |  10208250000 |  10208220000 |  10208120000 |  10208240000 |  10208140000 |  10208320000 |  10208160000 |  10208130000 |  10208520000 |  10208500000 |  10208420000 |  10208560000 |  10208430000 |  10208510000 |  10208410000 |  10208490000 |  10207860000 |  10207880000 |  10207970000 |  10207870000 |  10207850000 |  10207870000 |  10207820000 |  10207860000 |  10205550000 |  10205330000 |  10205330000 |  10205250000 |  10204980000 |  10204930000 |  10204940000 |  10204930000 |
|         CPU_CLOCKS_UNHALTED         |   PMC1  |   4046104000 |   4047450000 |   4047175000 |   4047548000 |   4047242000 |   4047887000 |   4047291000 |   4047402000 |   4033465000 |   4033466000 |   4033253000 |   4033350000 |   4033182000 |   4032905000 |   4035005000 |   4035272000 |   4061514000 |   4061780000 |   4061619000 |   4061517000 |   4061555000 |   4061590000 |   4061549000 |   4061678000 |   4031420000 |   4031434000 |   4031517000 |   4031328000 |   4031374000 |   4031392000 |   4031334000 |   4031245000 |   4030118000 |   4030436000 |   4029914000 |   4029860000 |   4029926000 |   4029957000 |   4029093000 |   4030131000 |   4047348000 |   4047488000 |   4047891000 |   4047689000 |   4047487000 |   4047354000 |   4046872000 |   4047374000 |   4038655000 |   4038655000 |   4038520000 |   4038849000 |   4038538000 |   4038867000 |   4038547000 |   4038370000 |   4033994000 |   4032533000 |   4032592000 |   4034356000 |   4032792000 |   4032585000 |   4032414000 |   4032412000 |   4035297000 |   4035477000 |   4035238000 |   4035570000 |   4035433000 |   4035208000 |   4035387000 |   4035128000 |   4045816000 |   4043001000 |   4046110000 |   4046044000 |   4046053000 |   4045812000 |   4045715000 |   4045725000 |   4039976000 |   4038794000 |   4040708000 |   4038563000 |   4038408000 |   4038283000 |   4038296000 |   4039462000 |   4036604000 |   4036536000 |   4036575000 |   4036882000 |   4036486000 |   4036275000 |   4036329000 |   4036043000 |   4053595000 |   4053512000 |   4052933000 |   4053541000 |   4053084000 |   4053652000 |   4053158000 |   4053083000 |   4055064000 |   4055087000 |   4054722000 |   4055386000 |   4054751000 |   4055054000 |   4054605000 |   4054981000 |   4051503000 |   4051651000 |   4052119000 |   4051576000 |   4051441000 |   4051532000 |   4051300000 |   4051503000 |   4038389000 |   4036955000 |   4037000000 |   4036802000 |   4036868000 |   4036561000 |   4036594000 |   4036598000 |
|                MERGE                |   PMC3  |            0 |            0 |            0 |            0 |            0 |            0 |            0 |            0 |            0 |            0 |            0 |            0 |            0 |            0 |            0 |            0 |            0 |            0 |            0 |            0 |            0 |            0 |            0 |            0 |            0 |            0 |            0 |            0 |            0 |            0 |            0 |            0 |            0 |            0 |            0 |            0 |            0 |            0 |            0 |            0 |            0 |            0 |            0 |            0 |            0 |            0 |            0 |            0 |            0 |            0 |            0 |            0 |            0 |            0 |            0 |            0 |            0 |            0 |            0 |            0 |            0 |            0 |            0 |            0 |            0 |            0 |            0 |            0 |            0 |            0 |            0 |            0 |            0 |            0 |            0 |            0 |            0 |            0 |            0 |            0 |            0 |            0 |            0 |            0 |            0 |            0 |            0 |            0 |            0 |            0 |            0 |            0 |            0 |            0 |            0 |            0 |            0 |            0 |            0 |            0 |            0 |            0 |            0 |            0 |            0 |            0 |            0 |            0 |            0 |            0 |            0 |            0 |            0 |            0 |            0 |            0 |            0 |            0 |            0 |            0 |            0 |            0 |            0 |            0 |            0 |            0 |            0 |            0 |
| RETIRED_SSE_AVX_FLOPS_ALL_DP_SCALAR |   PMC2  |           12 |           12 |           12 |           12 |           12 |           12 |           12 |           12 |           12 |           12 |           12 |           12 |           12 |           12 |           12 |           12 |           12 |           12 |           12 |           12 |           12 |           12 |           12 |           12 |           12 |           12 |           12 |           12 |           12 |           12 |           12 |           12 |           12 |           12 |           12 |           12 |           12 |           12 |           12 |           12 |           12 |           12 |           12 |           12 |           12 |           12 |           12 |           12 |           12 |           12 |           12 |           12 |           12 |           12 |           12 |           12 |           12 |           12 |           12 |           12 |           12 |           12 |           12 |           12 |           12 |           12 |           12 |           12 |           12 |           12 |           12 |           12 |           12 |           12 |           12 |           12 |           12 |           12 |           12 |           12 |           12 |           12 |           12 |           12 |           12 |           12 |           12 |           12 |           12 |           12 |           12 |           12 |           12 |           12 |           12 |           12 |           12 |           12 |           12 |           12 |           12 |           12 |           12 |           12 |           12 |           12 |           12 |           12 |           12 |           12 |           12 |           12 |           12 |           12 |           12 |           12 |           12 |           12 |           12 |           12 |           12 |           12 |           12 |           12 |           12 |           12 |           12 |           12 |
|                MERGE                |   PMC5  |            0 |            0 |            0 |            0 |            0 |            0 |            0 |            0 |            0 |            0 |            0 |            0 |            0 |            0 |            0 |            0 |            0 |            0 |            0 |            0 |            0 |            0 |            0 |            0 |            0 |            0 |            0 |            0 |            0 |            0 |            0 |            0 |            0 |            0 |            0 |            0 |            0 |            0 |            0 |            0 |            0 |            0 |            0 |            0 |            0 |            0 |            0 |            0 |            0 |            0 |            0 |            0 |            0 |            0 |            0 |            0 |            0 |            0 |            0 |            0 |            0 |            0 |            0 |            0 |            0 |            0 |            0 |            0 |            0 |            0 |            0 |            0 |            0 |            0 |            0 |            0 |            0 |            0 |            0 |            0 |            0 |            0 |            0 |            0 |            0 |            0 |            0 |            0 |            0 |            0 |            0 |            0 |            0 |            0 |            0 |            0 |            0 |            0 |            0 |            0 |            0 |            0 |            0 |            0 |            0 |            0 |            0 |            0 |            0 |            0 |            0 |            0 |            0 |            0 |            0 |            0 |            0 |            0 |            0 |            0 |            0 |            0 |            0 |            0 |            0 |            0 |            0 |            0 |
| RETIRED_SSE_AVX_FLOPS_ALL_DP_PACKED |   PMC4  | 128849000000 | 128849000000 | 128849000000 | 128849000000 | 128849000000 | 128849000000 | 128849000000 | 128849000000 | 128849000000 | 128849000000 | 128849000000 | 128849000000 | 128849000000 | 128849000000 | 128849000000 | 128849000000 | 128849000000 | 128849000000 | 128849000000 | 128849000000 | 128849000000 | 128849000000 | 128849000000 | 128849000000 | 128849000000 | 128849000000 | 128849000000 | 128849000000 | 128849000000 | 128849000000 | 128849000000 | 128849000000 | 128849000000 | 128849000000 | 128849000000 | 128849000000 | 128849000000 | 128849000000 | 128849000000 | 128849000000 | 128849000000 | 128849000000 | 128849000000 | 128849000000 | 128849000000 | 128849000000 | 128849000000 | 128849000000 | 128849000000 | 128849000000 | 128849000000 | 128849000000 | 128849000000 | 128849000000 | 128849000000 | 128849000000 | 128849000000 | 128849000000 | 128849000000 | 128849000000 | 128849000000 | 128849000000 | 128849000000 | 128849000000 | 128849000000 | 128849000000 | 128849000000 | 128849000000 | 128849000000 | 128849000000 | 128849000000 | 128849000000 | 128849000000 | 128849000000 | 128849000000 | 128849000000 | 128849000000 | 128849000000 | 128849000000 | 128849000000 | 128849000000 | 128849000000 | 128849000000 | 128849000000 | 128849000000 | 128849000000 | 128849000000 | 128849000000 | 128849000000 | 128849000000 | 128849000000 | 128849000000 | 128849000000 | 128849000000 | 128849000000 | 128849000000 | 128849000000 | 128849000000 | 128849000000 | 128849000000 | 128849000000 | 128849000000 | 128849000000 | 128849000000 | 128849000000 | 128849000000 | 128849000000 | 128849000000 | 128849000000 | 128849000000 | 128849000000 | 128849000000 | 128849000000 | 128849000000 | 128849000000 | 128849000000 | 128849000000 | 128849000000 | 128849000000 | 128849000000 | 128849000000 | 128849000000 | 128849000000 | 128849000000 | 128849000000 | 128849000000 | 128849000000 | 128849000000 |
+-------------------------------------+---------+--------------+--------------+--------------+--------------+--------------+--------------+--------------+--------------+--------------+--------------+--------------+--------------+--------------+--------------+--------------+--------------+--------------+--------------+--------------+--------------+--------------+--------------+--------------+--------------+--------------+--------------+--------------+--------------+--------------+--------------+--------------+--------------+--------------+--------------+--------------+--------------+--------------+--------------+--------------+--------------+--------------+--------------+--------------+--------------+--------------+--------------+--------------+--------------+--------------+--------------+--------------+--------------+--------------+--------------+--------------+--------------+--------------+--------------+--------------+--------------+--------------+--------------+--------------+--------------+--------------+--------------+--------------+--------------+--------------+--------------+--------------+--------------+--------------+--------------+--------------+--------------+--------------+--------------+--------------+--------------+--------------+--------------+--------------+--------------+--------------+--------------+--------------+--------------+--------------+--------------+--------------+--------------+--------------+--------------+--------------+--------------+--------------+--------------+--------------+--------------+--------------+--------------+--------------+--------------+--------------+--------------+--------------+--------------+--------------+--------------+--------------+--------------+--------------+--------------+--------------+--------------+--------------+--------------+--------------+--------------+--------------+--------------+--------------+--------------+--------------+--------------+--------------+--------------+
+------------------------------------------+---------+----------------+--------------+--------------+--------------+
|                   Event                  | Counter |       Sum      |      Min     |      Max     |      Avg     |
+------------------------------------------+---------+----------------+--------------+--------------+--------------+
|           ACTUAL_CPU_CLOCK STAT          |  FIXC1  |   520142633000 |   4048373000 |   4083685000 | 4.063614e+09 |
|            MAX_CPU_CLOCK STAT            |  FIXC2  |   581547785000 |   4541690000 |   4544665000 | 4.543342e+09 |
|         RETIRED_INSTRUCTIONS STAT        |   PMC0  |  1306391240000 |  10203840000 |  10209720000 | 1.020618e+10 |
|         CPU_CLOCKS_UNHALTED STAT         |   PMC1  |   517409294000 |   4029093000 |   4061780000 | 4.042260e+09 |
|                MERGE STAT                |   PMC3  |              0 |            0 |            0 |            0 |
| RETIRED_SSE_AVX_FLOPS_ALL_DP_SCALAR STAT |   PMC2  |           1536 |           12 |           12 |           12 |
|                MERGE STAT                |   PMC5  |              0 |            0 |            0 |            0 |
| RETIRED_SSE_AVX_FLOPS_ALL_DP_PACKED STAT |   PMC4  | 16492672000000 | 128849000000 | 128849000000 | 128849000000 |
+------------------------------------------+---------+----------------+--------------+--------------+--------------+
+----------------------+------------+------------+------------+------------+------------+------------+------------+------------+------------+------------+-------------+-------------+-------------+-------------+-------------+-------------+-------------+-------------+-------------+-------------+-------------+-------------+-------------+-------------+-------------+-------------+-------------+-------------+-------------+-------------+-------------+-------------+-------------+-------------+-------------+-------------+-------------+-------------+-------------+-------------+-------------+-------------+-------------+-------------+-------------+-------------+-------------+-------------+-------------+-------------+-------------+-------------+-------------+-------------+-------------+-------------+-------------+-------------+-------------+-------------+-------------+-------------+-------------+-------------+-------------+-------------+-------------+-------------+-------------+-------------+-------------+-------------+-------------+-------------+-------------+-------------+-------------+-------------+-------------+-------------+-------------+-------------+-------------+-------------+-------------+-------------+-------------+-------------+-------------+-------------+-------------+-------------+-------------+-------------+-------------+-------------+-------------+-------------+-------------+-------------+--------------+--------------+--------------+--------------+--------------+--------------+--------------+--------------+--------------+--------------+--------------+--------------+--------------+--------------+--------------+--------------+--------------+--------------+--------------+--------------+--------------+--------------+--------------+--------------+--------------+--------------+--------------+--------------+
|        Metric        | HWThread 0 | HWThread 1 | HWThread 2 | HWThread 3 | HWThread 4 | HWThread 5 | HWThread 6 | HWThread 7 | HWThread 8 | HWThread 9 | HWThread 10 | HWThread 11 | HWThread 12 | HWThread 13 | HWThread 14 | HWThread 15 | HWThread 16 | HWThread 17 | HWThread 18 | HWThread 19 | HWThread 20 | HWThread 21 | HWThread 22 | HWThread 23 | HWThread 24 | HWThread 25 | HWThread 26 | HWThread 27 | HWThread 28 | HWThread 29 | HWThread 30 | HWThread 31 | HWThread 32 | HWThread 33 | HWThread 34 | HWThread 35 | HWThread 36 | HWThread 37 | HWThread 38 | HWThread 39 | HWThread 40 | HWThread 41 | HWThread 42 | HWThread 43 | HWThread 44 | HWThread 45 | HWThread 46 | HWThread 47 | HWThread 48 | HWThread 49 | HWThread 50 | HWThread 51 | HWThread 52 | HWThread 53 | HWThread 54 | HWThread 55 | HWThread 56 | HWThread 57 | HWThread 58 | HWThread 59 | HWThread 60 | HWThread 61 | HWThread 62 | HWThread 63 | HWThread 64 | HWThread 65 | HWThread 66 | HWThread 67 | HWThread 68 | HWThread 69 | HWThread 70 | HWThread 71 | HWThread 72 | HWThread 73 | HWThread 74 | HWThread 75 | HWThread 76 | HWThread 77 | HWThread 78 | HWThread 79 | HWThread 80 | HWThread 81 | HWThread 82 | HWThread 83 | HWThread 84 | HWThread 85 | HWThread 86 | HWThread 87 | HWThread 88 | HWThread 89 | HWThread 90 | HWThread 91 | HWThread 92 | HWThread 93 | HWThread 94 | HWThread 95 | HWThread 96 | HWThread 97 | HWThread 98 | HWThread 99 | HWThread 100 | HWThread 101 | HWThread 102 | HWThread 103 | HWThread 104 | HWThread 105 | HWThread 106 | HWThread 107 | HWThread 108 | HWThread 109 | HWThread 110 | HWThread 111 | HWThread 112 | HWThread 113 | HWThread 114 | HWThread 115 | HWThread 116 | HWThread 117 | HWThread 118 | HWThread 119 | HWThread 120 | HWThread 121 | HWThread 122 | HWThread 123 | HWThread 124 | HWThread 125 | HWThread 126 | HWThread 127 |
+----------------------+------------+------------+------------+------------+------------+------------+------------+------------+------------+------------+-------------+-------------+-------------+-------------+-------------+-------------+-------------+-------------+-------------+-------------+-------------+-------------+-------------+-------------+-------------+-------------+-------------+-------------+-------------+-------------+-------------+-------------+-------------+-------------+-------------+-------------+-------------+-------------+-------------+-------------+-------------+-------------+-------------+-------------+-------------+-------------+-------------+-------------+-------------+-------------+-------------+-------------+-------------+-------------+-------------+-------------+-------------+-------------+-------------+-------------+-------------+-------------+-------------+-------------+-------------+-------------+-------------+-------------+-------------+-------------+-------------+-------------+-------------+-------------+-------------+-------------+-------------+-------------+-------------+-------------+-------------+-------------+-------------+-------------+-------------+-------------+-------------+-------------+-------------+-------------+-------------+-------------+-------------+-------------+-------------+-------------+-------------+-------------+-------------+-------------+--------------+--------------+--------------+--------------+--------------+--------------+--------------+--------------+--------------+--------------+--------------+--------------+--------------+--------------+--------------+--------------+--------------+--------------+--------------+--------------+--------------+--------------+--------------+--------------+--------------+--------------+--------------+--------------+
|  Runtime (RDTSC) [s] |     1.6835 |     1.6835 |     1.6835 |     1.6835 |     1.6835 |     1.6836 |     1.6834 |     1.6835 |     1.6837 |     1.6837 |      1.6838 |      1.6837 |      1.6838 |      1.6836 |      1.6847 |      1.6846 |      1.6835 |      1.6836 |      1.6836 |      1.6834 |      1.6836 |      1.6835 |      1.6835 |      1.6836 |      1.6835 |      1.6835 |      1.6836 |      1.6834 |      1.6835 |      1.6835 |      1.6836 |      1.6835 |      1.6835 |      1.6836 |      1.6835 |      1.6837 |      1.6835 |      1.6834 |      1.6834 |      1.6835 |      1.6834 |      1.6835 |      1.6836 |      1.6835 |      1.6835 |      1.6834 |      1.6836 |      1.6835 |      1.6835 |      1.6835 |      1.6834 |      1.6835 |      1.6834 |      1.6835 |      1.6835 |      1.6835 |      1.6844 |      1.6834 |      1.6835 |      1.6842 |      1.6836 |      1.6834 |      1.6834 |      1.6834 |      1.6835 |      1.6835 |      1.6835 |      1.6836 |      1.6835 |      1.6834 |      1.6835 |      1.6834 |      1.6834 |      1.6834 |      1.6836 |      1.6835 |      1.6835 |      1.6834 |      1.6834 |      1.6834 |      1.6840 |      1.6835 |      1.6846 |      1.6835 |      1.6835 |      1.6839 |      1.6835 |      1.6839 |      1.6834 |      1.6834 |      1.6835 |      1.6835 |      1.6834 |      1.6835 |      1.6835 |      1.6835 |      1.6836 |      1.6834 |      1.6834 |      1.6836 |       1.6834 |       1.6837 |       1.6836 |       1.6834 |       1.6836 |       1.6835 |       1.6834 |       1.6837 |       1.6835 |       1.6835 |       1.6835 |       1.6836 |       1.6835 |       1.6835 |       1.6838 |       1.6834 |       1.6834 |       1.6834 |       1.6835 |       1.6834 |       1.6842 |       1.6835 |       1.6835 |       1.6835 |       1.6834 |       1.6834 |       1.6836 |       1.6835 |
| Runtime unhalted [s] |     1.5098 |     1.5097 |     1.5096 |     1.5097 |     1.5097 |     1.5097 |     1.5098 |     1.5099 |     1.5047 |     1.5044 |      1.5044 |      1.5044 |      1.5044 |      1.5043 |      1.5045 |      1.5045 |      1.5149 |      1.5149 |      1.5149 |      1.5150 |      1.5150 |      1.5149 |      1.5149 |      1.5150 |      1.5038 |      1.5039 |      1.5040 |      1.5037 |      1.5038 |      1.5039 |      1.5039 |      1.5040 |      1.5022 |      1.5025 |      1.5023 |      1.5023 |      1.5023 |      1.5019 |      1.5021 |      1.5022 |      1.5094 |      1.5095 |      1.5097 |      1.5096 |      1.5097 |      1.5097 |      1.5096 |      1.5096 |      1.5066 |      1.5066 |      1.5067 |      1.5066 |      1.5065 |      1.5067 |      1.5066 |      1.5065 |      1.5047 |      1.5043 |      1.5043 |      1.5046 |      1.5047 |      1.5041 |      1.5044 |      1.5045 |      1.5053 |      1.5054 |      1.5053 |      1.5051 |      1.5051 |      1.5049 |      1.5051 |      1.5051 |      1.5080 |      1.5080 |      1.5083 |      1.5080 |      1.5082 |      1.5080 |      1.5079 |      1.5079 |      1.5063 |      1.5063 |      1.5063 |      1.5064 |      1.5064 |      1.5063 |      1.5064 |      1.5065 |      1.5055 |      1.5054 |      1.5056 |      1.5056 |      1.5055 |      1.5057 |      1.5056 |      1.5057 |      1.5115 |      1.5113 |      1.5115 |      1.5115 |       1.5115 |       1.5116 |       1.5115 |       1.5112 |       1.5124 |       1.5122 |       1.5121 |       1.5123 |       1.5121 |       1.5122 |       1.5123 |       1.5124 |       1.5112 |       1.5112 |       1.5114 |       1.5111 |       1.5110 |       1.5113 |       1.5112 |       1.5110 |       1.5058 |       1.5056 |       1.5057 |       1.5058 |       1.5058 |       1.5057 |       1.5057 |       1.5057 |
|      Clock [MHz]     |  2414.4532 |  2414.1738 |  2414.1634 |  2414.1693 |  2414.1708 |  2414.1527 |  2414.2181 |  2414.4274 |  2405.8456 |  2405.4202 |   2405.2565 |   2405.3801 |   2405.2665 |   2405.6114 |   2405.1632 |   2405.2076 |   2422.3402 |   2422.5765 |   2422.5843 |   2422.8852 |   2422.5736 |   2422.5868 |   2422.3596 |   2422.6002 |   2404.6947 |   2404.6295 |   2404.8726 |   2404.6764 |   2404.9080 |   2404.9430 |   2404.9115 |   2404.8911 |   2402.5856 |   2402.7449 |   2402.3143 |   2402.5519 |   2402.4812 |   2402.6461 |   2402.2272 |   2402.6057 |   2414.1588 |   2414.1510 |   2414.2142 |   2414.5308 |   2414.1692 |   2414.1993 |   2413.9924 |   2414.1748 |   2409.2055 |   2409.1818 |   2409.4660 |   2409.2272 |   2408.9281 |   2409.4565 |   2409.1791 |   2408.9509 |   2405.6591 |   2405.8419 |   2405.5564 |   2405.3669 |   2405.8218 |   2405.9550 |   2405.8138 |   2405.8195 |   2406.9395 |   2407.1926 |   2406.9400 |   2406.8830 |   2406.8968 |   2406.6591 |   2406.8791 |   2406.9366 |   2411.7676 |   2411.7644 |   2411.6354 |   2411.6627 |   2411.7912 |   2411.6550 |   2411.4848 |   2411.4919 |   2408.6133 |   2408.9678 |   2408.6016 |   2408.9678 |   2408.9691 |   2408.6702 |   2408.9790 |   2408.5631 |   2407.8231 |   2407.5163 |   2407.7490 |   2407.4913 |   2407.9976 |   2407.8131 |   2407.5397 |   2407.7585 |   2417.0826 |   2416.9050 |   2417.1516 |   2417.1025 |    2417.0659 |    2417.1124 |    2417.0715 |    2417.0080 |    2418.0420 |    2418.3410 |    2418.0544 |    2418.1130 |    2418.0875 |    2417.9689 |    2418.0702 |    2418.2724 |    2416.2834 |    2416.3008 |    2416.1652 |    2416.5194 |    2416.3054 |    2416.5413 |    2416.3702 |    2416.5538 |    2407.4438 |    2407.6411 |    2407.8836 |    2407.8602 |    2407.8993 |    2407.6333 |    2407.8783 |    2407.6539 |
|          CPI         |     0.3964 |     0.3965 |     0.3965 |     0.3965 |     0.3965 |     0.3966 |     0.3965 |     0.3965 |     0.3953 |     0.3953 |      0.3952 |      0.3952 |      0.3952 |      0.3952 |      0.3954 |      0.3954 |      0.3978 |      0.3978 |      0.3978 |      0.3978 |      0.3978 |      0.3978 |      0.3978 |      0.3978 |      0.3951 |      0.3951 |      0.3951 |      0.3951 |      0.3951 |      0.3951 |      0.3951 |      0.3951 |      0.3950 |      0.3950 |      0.3949 |      0.3949 |      0.3949 |      0.3949 |      0.3949 |      0.3950 |      0.3965 |      0.3965 |      0.3966 |      0.3966 |      0.3965 |      0.3965 |      0.3965 |      0.3965 |      0.3957 |      0.3957 |      0.3957 |      0.3957 |      0.3957 |      0.3958 |      0.3957 |      0.3957 |      0.3953 |      0.3952 |      0.3952 |      0.3953 |      0.3952 |      0.3952 |      0.3952 |      0.3952 |      0.3954 |      0.3954 |      0.3954 |      0.3954 |      0.3954 |      0.3954 |      0.3954 |      0.3954 |      0.3964 |      0.3961 |      0.3964 |      0.3964 |      0.3964 |      0.3964 |      0.3964 |      0.3964 |      0.3959 |      0.3957 |      0.3959 |      0.3957 |      0.3957 |      0.3957 |      0.3957 |      0.3958 |      0.3955 |      0.3955 |      0.3955 |      0.3956 |      0.3955 |      0.3955 |      0.3955 |      0.3955 |      0.3971 |      0.3971 |      0.3970 |      0.3971 |       0.3970 |       0.3971 |       0.3971 |       0.3970 |       0.3972 |       0.3972 |       0.3972 |       0.3973 |       0.3972 |       0.3972 |       0.3972 |       0.3972 |       0.3969 |       0.3969 |       0.3970 |       0.3969 |       0.3969 |       0.3969 |       0.3969 |       0.3969 |       0.3957 |       0.3956 |       0.3956 |       0.3956 |       0.3956 |       0.3956 |       0.3956 |       0.3956 |
|     DP [MFLOP/s]     | 76538.4739 | 76538.4284 | 76538.4284 | 76538.3375 | 76538.3375 | 76531.5638 | 76538.6557 | 76538.3375 | 76526.2003 | 76528.6092 |  76524.9277 |  76527.7456 |  76524.9731 |  76534.0186 |  76481.7754 |  76487.5414 |  76537.4282 |  76532.8821 |  76532.8821 |  76538.6557 |  76531.5638 |  76537.6101 |  76537.4282 |  76533.2912 |  76534.7005 |  76536.6553 |  76533.9731 |  76539.2468 |  76535.1551 |  76538.4284 |  76533.3821 |  76538.2920 |  76538.6103 |  76532.4730 |  76534.5186 |  76526.4275 |  76538.3375 |  76539.3377 |  76540.5199 |  76536.4280 |  76540.8836 |  76538.5648 |  76530.2456 |  76535.2915 |  76535.2460 |  76539.2923 |  76529.7456 |  76536.6099 |  76538.5193 |  76536.2007 |  76539.2468 |  76536.5644 |  76538.6557 |  76536.2007 |  76536.2007 |  76537.7919 |  76496.7142 |  76539.2468 |  76537.5191 |  76503.6180 |  76529.9728 |  76540.6563 |  76539.2468 |  76540.5653 |  76538.6103 |  76538.0192 |  76538.2920 |  76531.6547 |  76537.5191 |  76539.3832 |  76534.9732 |  76540.7017 |  76539.2923 |  76539.2923 |  76533.8822 |  76538.1556 |  76536.3371 |  76540.7472 |  76539.2468 |  76540.6563 |  76512.2041 |  76538.2920 |  76487.0419 |  76538.2920 |  76538.4739 |  76520.3376 |  76538.2920 |  76518.1109 |  76540.7927 |  76540.6563 |  76538.0192 |  76535.0641 |  76540.7927 |  76537.9283 |  76538.1102 |  76538.2920 |  76533.6094 |  76540.3835 |  76540.3835 |  76533.3821 |   76539.0195 |   76528.8365 |   76533.3821 |   76540.8381 |   76530.1092 |   76537.7919 |   76540.4744 |   76527.0184 |   76538.2920 |   76534.4277 |   76537.5191 |   76533.0185 |   76538.2920 |   76538.4284 |   76524.5641 |   76540.6563 |   76540.6108 |   76539.0195 |   76536.2462 |   76540.9291 |   76506.2981 |   76538.3830 |   76535.1096 |   76538.3375 |   76539.0649 |   76539.0649 |   76531.9729 |   76538.6103 |
+----------------------+------------+------------+------------+------------+------------+------------+------------+------------+------------+------------+-------------+-------------+-------------+-------------+-------------+-------------+-------------+-------------+-------------+-------------+-------------+-------------+-------------+-------------+-------------+-------------+-------------+-------------+-------------+-------------+-------------+-------------+-------------+-------------+-------------+-------------+-------------+-------------+-------------+-------------+-------------+-------------+-------------+-------------+-------------+-------------+-------------+-------------+-------------+-------------+-------------+-------------+-------------+-------------+-------------+-------------+-------------+-------------+-------------+-------------+-------------+-------------+-------------+-------------+-------------+-------------+-------------+-------------+-------------+-------------+-------------+-------------+-------------+-------------+-------------+-------------+-------------+-------------+-------------+-------------+-------------+-------------+-------------+-------------+-------------+-------------+-------------+-------------+-------------+-------------+-------------+-------------+-------------+-------------+-------------+-------------+-------------+-------------+-------------+-------------+--------------+--------------+--------------+--------------+--------------+--------------+--------------+--------------+--------------+--------------+--------------+--------------+--------------+--------------+--------------+--------------+--------------+--------------+--------------+--------------+--------------+--------------+--------------+--------------+--------------+--------------+--------------+--------------+
+---------------------------+--------------+------------+------------+------------+
|           Metric          |      Sum     |     Min    |     Max    |     Avg    |
+---------------------------+--------------+------------+------------+------------+
|  Runtime (RDTSC) [s] STAT |     215.4957 |     1.6834 |     1.6847 |     1.6836 |
| Runtime unhalted [s] STAT |     192.9729 |     1.5019 |     1.5150 |     1.5076 |
|      Clock [MHz] STAT     |  308584.2720 |  2402.2272 |  2422.8852 |  2410.8146 |
|          CPI STAT         |      50.6953 |     0.3949 |     0.3978 |     0.3961 |
|     DP [MFLOP/s] STAT     | 9.796349e+06 | 76481.7754 | 76540.9291 | 76533.9759 |
+---------------------------+--------------+------------+------------+------------+
