--------------------------------------------------------------------------------
CPU name:	AMD EPYC 9755 128-Core Processor               
CPU type:	AMD K1A (Zen5) architecture
CPU clock:	2.70 GHz
--------------------------------------------------------------------------------
Region bench, Group 1: FLOPS_DP
+-------------------+------------+------------+------------+------------+------------+------------+------------+------------+------------+------------+-------------+-------------+-------------+-------------+-------------+-------------+-------------+-------------+-------------+-------------+-------------+-------------+-------------+-------------+-------------+-------------+-------------+-------------+-------------+-------------+-------------+-------------+-------------+-------------+-------------+-------------+-------------+-------------+-------------+-------------+-------------+-------------+-------------+-------------+-------------+-------------+-------------+-------------+-------------+-------------+-------------+-------------+-------------+-------------+-------------+-------------+-------------+-------------+-------------+-------------+-------------+-------------+-------------+-------------+-------------+-------------+-------------+-------------+-------------+-------------+-------------+-------------+-------------+-------------+-------------+-------------+-------------+-------------+-------------+-------------+-------------+-------------+-------------+-------------+-------------+-------------+-------------+-------------+-------------+-------------+-------------+-------------+-------------+-------------+-------------+-------------+-------------+-------------+-------------+-------------+--------------+--------------+--------------+--------------+--------------+--------------+--------------+--------------+--------------+--------------+--------------+--------------+--------------+--------------+--------------+--------------+--------------+--------------+--------------+--------------+--------------+--------------+--------------+--------------+--------------+--------------+--------------+--------------+
|    Region Info    | HWThread 0 | HWThread 1 | HWThread 2 | HWThread 3 | HWThread 4 | HWThread 5 | HWThread 6 | HWThread 7 | HWThread 8 | HWThread 9 | HWThread 10 | HWThread 11 | HWThread 12 | HWThread 13 | HWThread 14 | HWThread 15 | HWThread 16 | HWThread 17 | HWThread 18 | HWThread 19 | HWThread 20 | HWThread 21 | HWThread 22 | HWThread 23 | HWThread 24 | HWThread 25 | HWThread 26 | HWThread 27 | HWThread 28 | HWThread 29 | HWThread 30 | HWThread 31 | HWThread 32 | HWThread 33 | HWThread 34 | HWThread 35 | HWThread 36 | HWThread 37 | HWThread 38 | HWThread 39 | HWThread 40 | HWThread 41 | HWThread 42 | HWThread 43 | HWThread 44 | HWThread 45 | HWThread 46 | HWThread 47 | HWThread 48 | HWThread 49 | HWThread 50 | HWThread 51 | HWThread 52 | HWThread 53 | HWThread 54 | HWThread 55 | HWThread 56 | HWThread 57 | HWThread 58 | HWThread 59 | HWThread 60 | HWThread 61 | HWThread 62 | HWThread 63 | HWThread 64 | HWThread 65 | HWThread 66 | HWThread 67 | HWThread 68 | HWThread 69 | HWThread 70 | HWThread 71 | HWThread 72 | HWThread 73 | HWThread 74 | HWThread 75 | HWThread 76 | HWThread 77 | HWThread 78 | HWThread 79 | HWThread 80 | HWThread 81 | HWThread 82 | HWThread 83 | HWThread 84 | HWThread 85 | HWThread 86 | HWThread 87 | HWThread 88 | HWThread 89 | HWThread 90 | HWThread 91 | HWThread 92 | HWThread 93 | HWThread 94 | HWThread 95 | HWThread 96 | HWThread 97 | HWThread 98 | HWThread 99 | HWThread 100 | HWThread 101 | HWThread 102 | HWThread 103 | HWThread 104 | HWThread 105 | HWThread 106 | HWThread 107 | HWThread 108 | HWThread 109 | HWThread 110 | HWThread 111 | HWThread 112 | HWThread 113 | HWThread 114 | HWThread 115 | HWThread 116 | HWThread 117 | HWThread 118 | HWThread 119 | HWThread 120 | HWThread 121 | HWThread 122 | HWThread 123 | HWThread 124 | HWThread 125 | HWThread 126 | HWThread 127 |
+-------------------+------------+------------+------------+------------+------------+------------+------------+------------+------------+------------+-------------+-------------+-------------+-------------+-------------+-------------+-------------+-------------+-------------+-------------+-------------+-------------+-------------+-------------+-------------+-------------+-------------+-------------+-------------+-------------+-------------+-------------+-------------+-------------+-------------+-------------+-------------+-------------+-------------+-------------+-------------+-------------+-------------+-------------+-------------+-------------+-------------+-------------+-------------+-------------+-------------+-------------+-------------+-------------+-------------+-------------+-------------+-------------+-------------+-------------+-------------+-------------+-------------+-------------+-------------+-------------+-------------+-------------+-------------+-------------+-------------+-------------+-------------+-------------+-------------+-------------+-------------+-------------+-------------+-------------+-------------+-------------+-------------+-------------+-------------+-------------+-------------+-------------+-------------+-------------+-------------+-------------+-------------+-------------+-------------+-------------+-------------+-------------+-------------+-------------+--------------+--------------+--------------+--------------+--------------+--------------+--------------+--------------+--------------+--------------+--------------+--------------+--------------+--------------+--------------+--------------+--------------+--------------+--------------+--------------+--------------+--------------+--------------+--------------+--------------+--------------+--------------+--------------+
| RDTSC Runtime [s] |   1.683574 |   1.683655 |   1.683701 |   1.683750 |   1.683651 |   1.683658 |   1.683574 |   1.683574 |   1.683576 |   1.683637 |    1.683791 |    1.683632 |    1.683816 |    1.683576 |    1.683817 |    1.683792 |    1.683890 |    1.683827 |    1.684673 |    1.683822 |    1.683800 |    1.684227 |    1.683592 |    1.683915 |    1.683651 |    1.683699 |    1.683806 |    1.683815 |    1.683805 |    1.683605 |    1.683651 |    1.683651 |    1.683818 |    1.683653 |    1.683802 |    1.683700 |    1.683795 |    1.683650 |    1.683574 |    1.683574 |    1.683574 |    1.683904 |    1.683834 |    1.683651 |    1.683650 |    1.683578 |    1.683641 |    1.683821 |    1.683578 |    1.683804 |    1.683576 |    1.683821 |    1.683805 |    1.683821 |    1.683870 |    1.683804 |    1.683800 |    1.683580 |    1.684026 |    1.683751 |    1.683805 |    1.683792 |    1.683751 |    1.683808 |    1.683639 |    1.683916 |    1.683578 |    1.683577 |    1.683704 |    1.683650 |    1.683882 |    1.683578 |    1.683745 |    1.684106 |    1.683824 |    1.683807 |    1.683868 |    1.683745 |    1.683650 |    1.683609 |    1.683579 |    1.683892 |    1.683799 |    1.683632 |    1.683797 |    1.683632 |    1.683794 |    1.683648 |    1.683854 |    1.683646 |    1.683575 |    1.683835 |    1.683577 |    1.683835 |    1.683576 |    1.683835 |    1.683608 |    1.683609 |    1.683609 |    1.683692 |     1.683651 |     1.683609 |     1.683883 |     1.683570 |     1.684118 |     1.683927 |     1.683637 |     1.683577 |     1.683920 |     1.683839 |     1.683651 |     1.684052 |     1.683578 |     1.684010 |     1.683794 |     1.684643 |     1.684010 |     1.684089 |     1.684002 |     1.683637 |     1.684080 |     1.683636 |     1.683803 |     1.684129 |     1.683803 |     1.683577 |     1.683835 |     1.683823 |
|     call count    |          1 |          1 |          1 |          1 |          1 |          1 |          1 |          1 |          1 |          1 |           1 |           1 |           1 |           1 |           1 |           1 |           1 |           1 |           1 |           1 |           1 |           1 |           1 |           1 |           1 |           1 |           1 |           1 |           1 |           1 |           1 |           1 |           1 |           1 |           1 |           1 |           1 |           1 |           1 |           1 |           1 |           1 |           1 |           1 |           1 |           1 |           1 |           1 |           1 |           1 |           1 |           1 |           1 |           1 |           1 |           1 |           1 |           1 |           1 |           1 |           1 |           1 |           1 |           1 |           1 |           1 |           1 |           1 |           1 |           1 |           1 |           1 |           1 |           1 |           1 |           1 |           1 |           1 |           1 |           1 |           1 |           1 |           1 |           1 |           1 |           1 |           1 |           1 |           1 |           1 |           1 |           1 |           1 |           1 |           1 |           1 |           1 |           1 |           1 |           1 |            1 |            1 |            1 |            1 |            1 |            1 |            1 |            1 |            1 |            1 |            1 |            1 |            1 |            1 |            1 |            1 |            1 |            1 |            1 |            1 |            1 |            1 |            1 |            1 |            1 |            1 |            1 |            1 |
+-------------------+------------+------------+------------+------------+------------+------------+------------+------------+------------+------------+-------------+-------------+-------------+-------------+-------------+-------------+-------------+-------------+-------------+-------------+-------------+-------------+-------------+-------------+-------------+-------------+-------------+-------------+-------------+-------------+-------------+-------------+-------------+-------------+-------------+-------------+-------------+-------------+-------------+-------------+-------------+-------------+-------------+-------------+-------------+-------------+-------------+-------------+-------------+-------------+-------------+-------------+-------------+-------------+-------------+-------------+-------------+-------------+-------------+-------------+-------------+-------------+-------------+-------------+-------------+-------------+-------------+-------------+-------------+-------------+-------------+-------------+-------------+-------------+-------------+-------------+-------------+-------------+-------------+-------------+-------------+-------------+-------------+-------------+-------------+-------------+-------------+-------------+-------------+-------------+-------------+-------------+-------------+-------------+-------------+-------------+-------------+-------------+-------------+-------------+--------------+--------------+--------------+--------------+--------------+--------------+--------------+--------------+--------------+--------------+--------------+--------------+--------------+--------------+--------------+--------------+--------------+--------------+--------------+--------------+--------------+--------------+--------------+--------------+--------------+--------------+--------------+--------------+
+-------------------------------------+---------+--------------+--------------+--------------+--------------+--------------+--------------+--------------+--------------+--------------+--------------+--------------+--------------+--------------+--------------+--------------+--------------+--------------+--------------+--------------+--------------+--------------+--------------+--------------+--------------+--------------+--------------+--------------+--------------+--------------+--------------+--------------+--------------+--------------+--------------+--------------+--------------+--------------+--------------+--------------+--------------+--------------+--------------+--------------+--------------+--------------+--------------+--------------+--------------+--------------+--------------+--------------+--------------+--------------+--------------+--------------+--------------+--------------+--------------+--------------+--------------+--------------+--------------+--------------+--------------+--------------+--------------+--------------+--------------+--------------+--------------+--------------+--------------+--------------+--------------+--------------+--------------+--------------+--------------+--------------+--------------+--------------+--------------+--------------+--------------+--------------+--------------+--------------+--------------+--------------+--------------+--------------+--------------+--------------+--------------+--------------+--------------+--------------+--------------+--------------+--------------+--------------+--------------+--------------+--------------+--------------+--------------+--------------+--------------+--------------+--------------+--------------+--------------+--------------+--------------+--------------+--------------+--------------+--------------+--------------+--------------+--------------+--------------+--------------+--------------+--------------+--------------+--------------+--------------+
|                Event                | Counter |  HWThread 0  |  HWThread 1  |  HWThread 2  |  HWThread 3  |  HWThread 4  |  HWThread 5  |  HWThread 6  |  HWThread 7  |  HWThread 8  |  HWThread 9  |  HWThread 10 |  HWThread 11 |  HWThread 12 |  HWThread 13 |  HWThread 14 |  HWThread 15 |  HWThread 16 |  HWThread 17 |  HWThread 18 |  HWThread 19 |  HWThread 20 |  HWThread 21 |  HWThread 22 |  HWThread 23 |  HWThread 24 |  HWThread 25 |  HWThread 26 |  HWThread 27 |  HWThread 28 |  HWThread 29 |  HWThread 30 |  HWThread 31 |  HWThread 32 |  HWThread 33 |  HWThread 34 |  HWThread 35 |  HWThread 36 |  HWThread 37 |  HWThread 38 |  HWThread 39 |  HWThread 40 |  HWThread 41 |  HWThread 42 |  HWThread 43 |  HWThread 44 |  HWThread 45 |  HWThread 46 |  HWThread 47 |  HWThread 48 |  HWThread 49 |  HWThread 50 |  HWThread 51 |  HWThread 52 |  HWThread 53 |  HWThread 54 |  HWThread 55 |  HWThread 56 |  HWThread 57 |  HWThread 58 |  HWThread 59 |  HWThread 60 |  HWThread 61 |  HWThread 62 |  HWThread 63 |  HWThread 64 |  HWThread 65 |  HWThread 66 |  HWThread 67 |  HWThread 68 |  HWThread 69 |  HWThread 70 |  HWThread 71 |  HWThread 72 |  HWThread 73 |  HWThread 74 |  HWThread 75 |  HWThread 76 |  HWThread 77 |  HWThread 78 |  HWThread 79 |  HWThread 80 |  HWThread 81 |  HWThread 82 |  HWThread 83 |  HWThread 84 |  HWThread 85 |  HWThread 86 |  HWThread 87 |  HWThread 88 |  HWThread 89 |  HWThread 90 |  HWThread 91 |  HWThread 92 |  HWThread 93 |  HWThread 94 |  HWThread 95 |  HWThread 96 |  HWThread 97 |  HWThread 98 |  HWThread 99 | HWThread 100 | HWThread 101 | HWThread 102 | HWThread 103 | HWThread 104 | HWThread 105 | HWThread 106 | HWThread 107 | HWThread 108 | HWThread 109 | HWThread 110 | HWThread 111 | HWThread 112 | HWThread 113 | HWThread 114 | HWThread 115 | HWThread 116 | HWThread 117 | HWThread 118 | HWThread 119 | HWThread 120 | HWThread 121 | HWThread 122 | HWThread 123 | HWThread 124 | HWThread 125 | HWThread 126 | HWThread 127 |
+-------------------------------------+---------+--------------+--------------+--------------+--------------+--------------+--------------+--------------+--------------+--------------+--------------+--------------+--------------+--------------+--------------+--------------+--------------+--------------+--------------+--------------+--------------+--------------+--------------+--------------+--------------+--------------+--------------+--------------+--------------+--------------+--------------+--------------+--------------+--------------+--------------+--------------+--------------+--------------+--------------+--------------+--------------+--------------+--------------+--------------+--------------+--------------+--------------+--------------+--------------+--------------+--------------+--------------+--------------+--------------+--------------+--------------+--------------+--------------+--------------+--------------+--------------+--------------+--------------+--------------+--------------+--------------+--------------+--------------+--------------+--------------+--------------+--------------+--------------+--------------+--------------+--------------+--------------+--------------+--------------+--------------+--------------+--------------+--------------+--------------+--------------+--------------+--------------+--------------+--------------+--------------+--------------+--------------+--------------+--------------+--------------+--------------+--------------+--------------+--------------+--------------+--------------+--------------+--------------+--------------+--------------+--------------+--------------+--------------+--------------+--------------+--------------+--------------+--------------+--------------+--------------+--------------+--------------+--------------+--------------+--------------+--------------+--------------+--------------+--------------+--------------+--------------+--------------+--------------+--------------+
|           ACTUAL_CPU_CLOCK          |  FIXC1  |   4070951000 |   4071099000 |   4071190000 |   4071068000 |   4071075000 |   4071344000 |   4071787000 |   4070970000 |   4054920000 |   4055602000 |   4055879000 |   4054804000 |   4055841000 |   4055579000 |   4055901000 |   4055523000 |   4079390000 |   4079707000 |   4079968000 |   4079713000 |   4079568000 |   4079989000 |   4079366000 |   4079634000 |   4056049000 |   4056734000 |   4056506000 |   4056519000 |   4057142000 |   4056200000 |   4056031000 |   4056919000 |   4051618000 |   4050714000 |   4051612000 |   4051149000 |   4051085000 |   4050988000 |   4051142000 |   4051649000 |   4065330000 |   4065616000 |   4065860000 |   4065171000 |   4065216000 |   4065418000 |   4065213000 |   4065807000 |   4061092000 |   4061713000 |   4061676000 |   4061661000 |   4061580000 |   4061599000 |   4061265000 |   4061635000 |   4058635000 |   4058104000 |   4058703000 |   4058665000 |   4058751000 |   4058610000 |   4058165000 |   4058673000 |   4058266000 |   4058638000 |   4058237000 |   4057496000 |   4058322000 |   4058116000 |   4058295000 |   4057536000 |   4068820000 |   4069889000 |   4069560000 |   4068630000 |   4068693000 |   4068857000 |   4068735000 |   4068675000 |   4065300000 |   4064953000 |   4065149000 |   4064640000 |   4065246000 |   4064630000 |   4065523000 |   4064937000 |   4059641000 |   4058978000 |   4059688000 |   4059656000 |   4059514000 |   4059686000 |   4059245000 |   4060142000 |   4073861000 |   4073206000 |   4073477000 |   4073142000 |   4073658000 |   4073842000 |   4073810000 |   4073277000 |   4073185000 |   4072908000 |   4072728000 |   4072319000 |   4073241000 |   4072986000 |   4072704000 |   4073238000 |   4074697000 |   4075558000 |   4075228000 |   4075696000 |   4075771000 |   4075557000 |   4075583000 |   4074921000 |   4059175000 |   4058327000 |   4058850000 |   4059213000 |   4058770000 |   4058714000 |   4058971000 |   4058912000 |
|            MAX_CPU_CLOCK            |  FIXC2  |   4543281000 |   4544212000 |   4543984000 |   4544181000 |   4544157000 |   4544220000 |   4544773000 |   4543286000 |   4543573000 |   4544554000 |   4545165000 |   4543487000 |   4545280000 |   4544584000 |   4545345000 |   4544768000 |   4544633000 |   4545184000 |   4546171000 |   4545187000 |   4545033000 |   4545983000 |   4544596000 |   4545300000 |   4544154000 |   4544464000 |   4544611000 |   4544614000 |   4545172000 |   4544041000 |   4544136000 |   4544702000 |   4544745000 |   4543323000 |   4544721000 |   4544296000 |   4543687000 |   4544155000 |   4544038000 |   4544672000 |   4544556000 |   4544647000 |   4545310000 |   4544672000 |   4544722000 |   4544654000 |   4544718000 |   4545289000 |   4544135000 |   4544734000 |   4544681000 |   4544700000 |   4544616000 |   4544633000 |   4544043000 |   4544672000 |   4544608000 |   4544102000 |   4544666000 |   4544657000 |   4544702000 |   4544601000 |   4544045000 |   4544634000 |   4544613000 |   4545234000 |   4544577000 |   4543789000 |   4544835000 |   4544644000 |   4544626000 |   4543871000 |   4544070000 |   4545897000 |   4545075000 |   4543716000 |   4544080000 |   4544124000 |   4544268000 |   4544199000 |   4544138000 |   4543288000 |   4543706000 |   4543202000 |   4543821000 |   4543199000 |   4544640000 |   4543246000 |   4544742000 |   4544188000 |   4544563000 |   4544772000 |   4544366000 |   4544777000 |   4544089000 |   4545226000 |   4544583000 |   4544191000 |   4544628000 |   4544190000 |   4544664000 |   4544569000 |   4544496000 |   4544062000 |   4545198000 |   4544700000 |   4544206000 |   4544152000 |   4545142000 |   4544755000 |   4544228000 |   4545015000 |   4544703000 |   4545760000 |   4545239000 |   4546206000 |   4545765000 |   4545711000 |   4545809000 |   4544633000 |   4545713000 |   4544662000 |   4545212000 |   4545808000 |   4544794000 |   4544595000 |   4545242000 |   4545202000 |
|         RETIRED_INSTRUCTIONS        |   PMC0  |  10206890000 |  10207850000 |  10207800000 |  10207860000 |  10207790000 |  10207810000 |  10207760000 |  10207640000 |  10204280000 |  10204450000 |  10204420000 |  10204450000 |  10204430000 |  10204340000 |  10204400000 |  10204410000 |  10208770000 |  10208780000 |  10208980000 |  10208760000 |  10208750000 |  10208900000 |  10208640000 |  10208750000 |  10204690000 |  10204760000 |  10204770000 |  10204760000 |  10204720000 |  10204700000 |  10204640000 |  10204710000 |  10204380000 |  10204190000 |  10204370000 |  10203840000 |  10204250000 |  10204290000 |  10204070000 |  10204130000 |  10206030000 |  10206150000 |  10206120000 |  10206070000 |  10206060000 |  10206020000 |  10205970000 |  10206110000 |  10205290000 |  10205400000 |  10205290000 |  10205390000 |  10205370000 |  10205420000 |  10205390000 |  10205350000 |  10204870000 |  10204880000 |  10205010000 |  10204930000 |  10204650000 |  10204660000 |  10204640000 |  10204650000 |  10205100000 |  10205230000 |  10205060000 |  10205040000 |  10205080000 |  10205150000 |  10205120000 |  10205030000 |  10206880000 |  10206980000 |  10206900000 |  10206930000 |  10206880000 |  10206880000 |  10206810000 |  10206840000 |  10206340000 |  10206350000 |  10206290000 |  10206270000 |  10206390000 |  10206230000 |  10206230000 |  10206220000 |  10205170000 |  10205110000 |  10205060000 |  10205150000 |  10204770000 |  10204840000 |  10204730000 |  10204850000 |  10207860000 |  10207860000 |  10207820000 |  10207890000 |  10207830000 |  10207830000 |  10207950000 |  10207810000 |  10207890000 |  10207850000 |  10207730000 |  10207590000 |  10207670000 |  10207790000 |  10207670000 |  10207720000 |  10208210000 |  10208340000 |  10208220000 |  10208590000 |  10208290000 |  10208340000 |  10208280000 |  10208190000 |  10205190000 |  10205060000 |  10205090000 |  10205180000 |  10204810000 |  10204720000 |  10204760000 |  10204800000 |
|         CPU_CLOCKS_UNHALTED         |   PMC1  |   4045935000 |   4051313000 |   4051060000 |   4051388000 |   4051024000 |   4051150000 |   4050893000 |   4050613000 |   4031366000 |   4032360000 |   4032381000 |   4032364000 |   4032304000 |   4031698000 |   4032211000 |   4032234000 |   4056437000 |   4056504000 |   4057669000 |   4056422000 |   4056386000 |   4057151000 |   4055766000 |   4056356000 |   4033723000 |   4034046000 |   4034143000 |   4034111000 |   4033940000 |   4033671000 |   4033409000 |   4033798000 |   4032023000 |   4030969000 |   4032022000 |   4030078000 |   4031639000 |   4031506000 |   4030338000 |   4030678000 |   4041231000 |   4041837000 |   4041747000 |   4041462000 |   4041412000 |   4041161000 |   4040983000 |   4041683000 |   4037014000 |   4037652000 |   4037061000 |   4037611000 |   4037566000 |   4037760000 |   4037574000 |   4037540000 |   4034831000 |   4034774000 |   4035507000 |   4035139000 |   4035058000 |   4035053000 |   4034883000 |   4035062000 |   4035927000 |   4036687000 |   4035777000 |   4035689000 |   4035878000 |   4035871000 |   4036087000 |   4035614000 |   4045899000 |   4046497000 |   4046099000 |   4046183000 |   4045995000 |   4045928000 |   4045609000 |   4045704000 |   4042927000 |   4042955000 |   4042699000 |   4042560000 |   4043217000 |   4042289000 |   4042374000 |   4042290000 |   4036336000 |   4036013000 |   4035773000 |   4036308000 |   4035585000 |   4036020000 |   4035374000 |   4036096000 |   4051417000 |   4051436000 |   4051210000 |   4051555000 |   4051262000 |   4051272000 |   4051599000 |   4051136000 |   4051569000 |   4051365000 |   4050674000 |   4049861000 |   4050394000 |   4051001000 |   4050423000 |   4050632000 |   4053318000 |   4054142000 |   4053538000 |   4055543000 |   4053885000 |   4054129000 |   4053842000 |   4053296000 |   4036482000 |   4035728000 |   4035948000 |   4036454000 |   4035864000 |   4035270000 |   4035567000 |   4035785000 |
|                MERGE                |   PMC3  |            0 |            0 |            0 |            0 |            0 |            0 |            0 |            0 |            0 |            0 |            0 |            0 |            0 |            0 |            0 |            0 |            0 |            0 |            0 |            0 |            0 |            0 |            0 |            0 |            0 |            0 |            0 |            0 |            0 |            0 |            0 |            0 |            0 |            0 |            0 |            0 |            0 |            0 |            0 |            0 |            0 |            0 |            0 |            0 |            0 |            0 |            0 |            0 |            0 |            0 |            0 |            0 |            0 |            0 |            0 |            0 |            0 |            0 |            0 |            0 |            0 |            0 |            0 |            0 |            0 |            0 |            0 |            0 |            0 |            0 |            0 |            0 |            0 |            0 |            0 |            0 |            0 |            0 |            0 |            0 |            0 |            0 |            0 |            0 |            0 |            0 |            0 |            0 |            0 |            0 |            0 |            0 |            0 |            0 |            0 |            0 |            0 |            0 |            0 |            0 |            0 |            0 |            0 |            0 |            0 |            0 |            0 |            0 |            0 |            0 |            0 |            0 |            0 |            0 |            0 |            0 |            0 |            0 |            0 |            0 |            0 |            0 |            0 |            0 |            0 |            0 |            0 |            0 |
| RETIRED_SSE_AVX_FLOPS_ALL_DP_SCALAR |   PMC2  |           12 |           12 |           12 |           12 |           12 |           12 |           12 |           12 |           12 |           12 |           12 |           12 |           12 |           12 |           12 |           12 |           12 |           12 |           12 |           12 |           12 |           12 |           12 |           12 |           12 |           12 |           12 |           12 |           12 |           12 |           12 |           12 |           12 |           12 |           12 |           12 |           12 |           12 |           12 |           12 |           12 |           12 |           12 |           12 |           12 |           12 |           12 |           12 |           12 |           12 |           12 |           12 |           12 |           12 |           12 |           12 |           12 |           12 |           12 |           12 |           12 |           12 |           12 |           12 |           12 |           12 |           12 |           12 |           12 |           12 |           12 |           12 |           12 |           12 |           12 |           12 |           12 |           12 |           12 |           12 |           12 |           12 |           12 |           12 |           12 |           12 |           12 |           12 |           12 |           12 |           12 |           12 |           12 |           12 |           12 |           12 |           12 |           12 |           12 |           12 |           12 |           12 |           12 |           12 |           12 |           12 |           12 |           12 |           12 |           12 |           12 |           12 |           12 |           12 |           12 |           12 |           12 |           12 |           12 |           12 |           12 |           12 |           12 |           12 |           12 |           12 |           12 |           12 |
|                MERGE                |   PMC5  |            0 |            0 |            0 |            0 |            0 |            0 |            0 |            0 |            0 |            0 |            0 |            0 |            0 |            0 |            0 |            0 |            0 |            0 |            0 |            0 |            0 |            0 |            0 |            0 |            0 |            0 |            0 |            0 |            0 |            0 |            0 |            0 |            0 |            0 |            0 |            0 |            0 |            0 |            0 |            0 |            0 |            0 |            0 |            0 |            0 |            0 |            0 |            0 |            0 |            0 |            0 |            0 |            0 |            0 |            0 |            0 |            0 |            0 |            0 |            0 |            0 |            0 |            0 |            0 |            0 |            0 |            0 |            0 |            0 |            0 |            0 |            0 |            0 |            0 |            0 |            0 |            0 |            0 |            0 |            0 |            0 |            0 |            0 |            0 |            0 |            0 |            0 |            0 |            0 |            0 |            0 |            0 |            0 |            0 |            0 |            0 |            0 |            0 |            0 |            0 |            0 |            0 |            0 |            0 |            0 |            0 |            0 |            0 |            0 |            0 |            0 |            0 |            0 |            0 |            0 |            0 |            0 |            0 |            0 |            0 |            0 |            0 |            0 |            0 |            0 |            0 |            0 |            0 |
| RETIRED_SSE_AVX_FLOPS_ALL_DP_PACKED |   PMC4  | 128849000000 | 128849000000 | 128849000000 | 128849000000 | 128849000000 | 128849000000 | 128849000000 | 128849000000 | 128849000000 | 128849000000 | 128849000000 | 128849000000 | 128849000000 | 128849000000 | 128849000000 | 128849000000 | 128849000000 | 128849000000 | 128849000000 | 128849000000 | 128849000000 | 128849000000 | 128849000000 | 128849000000 | 128849000000 | 128849000000 | 128849000000 | 128849000000 | 128849000000 | 128849000000 | 128849000000 | 128849000000 | 128849000000 | 128849000000 | 128849000000 | 128849000000 | 128849000000 | 128849000000 | 128849000000 | 128849000000 | 128849000000 | 128849000000 | 128849000000 | 128849000000 | 128849000000 | 128849000000 | 128849000000 | 128849000000 | 128849000000 | 128849000000 | 128849000000 | 128849000000 | 128849000000 | 128849000000 | 128849000000 | 128849000000 | 128849000000 | 128849000000 | 128849000000 | 128849000000 | 128849000000 | 128849000000 | 128849000000 | 128849000000 | 128849000000 | 128849000000 | 128849000000 | 128849000000 | 128849000000 | 128849000000 | 128849000000 | 128849000000 | 128849000000 | 128849000000 | 128849000000 | 128849000000 | 128849000000 | 128849000000 | 128849000000 | 128849000000 | 128849000000 | 128849000000 | 128849000000 | 128849000000 | 128849000000 | 128849000000 | 128849000000 | 128849000000 | 128849000000 | 128849000000 | 128849000000 | 128849000000 | 128849000000 | 128849000000 | 128849000000 | 128849000000 | 128849000000 | 128849000000 | 128849000000 | 128849000000 | 128849000000 | 128849000000 | 128849000000 | 128849000000 | 128849000000 | 128849000000 | 128849000000 | 128849000000 | 128849000000 | 128849000000 | 128849000000 | 128849000000 | 128849000000 | 128849000000 | 128849000000 | 128849000000 | 128849000000 | 128849000000 | 128849000000 | 128849000000 | 128849000000 | 128849000000 | 128849000000 | 128849000000 | 128849000000 | 128849000000 | 128849000000 | 128849000000 |
+-------------------------------------+---------+--------------+--------------+--------------+--------------+--------------+--------------+--------------+--------------+--------------+--------------+--------------+--------------+--------------+--------------+--------------+--------------+--------------+--------------+--------------+--------------+--------------+--------------+--------------+--------------+--------------+--------------+--------------+--------------+--------------+--------------+--------------+--------------+--------------+--------------+--------------+--------------+--------------+--------------+--------------+--------------+--------------+--------------+--------------+--------------+--------------+--------------+--------------+--------------+--------------+--------------+--------------+--------------+--------------+--------------+--------------+--------------+--------------+--------------+--------------+--------------+--------------+--------------+--------------+--------------+--------------+--------------+--------------+--------------+--------------+--------------+--------------+--------------+--------------+--------------+--------------+--------------+--------------+--------------+--------------+--------------+--------------+--------------+--------------+--------------+--------------+--------------+--------------+--------------+--------------+--------------+--------------+--------------+--------------+--------------+--------------+--------------+--------------+--------------+--------------+--------------+--------------+--------------+--------------+--------------+--------------+--------------+--------------+--------------+--------------+--------------+--------------+--------------+--------------+--------------+--------------+--------------+--------------+--------------+--------------+--------------+--------------+--------------+--------------+--------------+--------------+--------------+--------------+--------------+
+------------------------------------------+---------+----------------+--------------+--------------+--------------+
|                   Event                  | Counter |       Sum      |      Min     |      Max     |      Avg     |
+------------------------------------------+---------+----------------+--------------+--------------+--------------+
|           ACTUAL_CPU_CLOCK STAT          |  FIXC1  |   520256301000 |   4050714000 |   4079989000 | 4.064502e+09 |
|            MAX_CPU_CLOCK STAT            |  FIXC2  |   581706679000 |   4543199000 |   4546206000 | 4.544583e+09 |
|         RETIRED_INSTRUCTIONS STAT        |   PMC0  |  1306384640000 |  10203840000 |  10208980000 |  10206130000 |
|         CPU_CLOCKS_UNHALTED STAT         |   PMC1  |   517364537000 |   4030078000 |   4057669000 | 4.041910e+09 |
|                MERGE STAT                |   PMC3  |              0 |            0 |            0 |            0 |
| RETIRED_SSE_AVX_FLOPS_ALL_DP_SCALAR STAT |   PMC2  |           1536 |           12 |           12 |           12 |
|                MERGE STAT                |   PMC5  |              0 |            0 |            0 |            0 |
| RETIRED_SSE_AVX_FLOPS_ALL_DP_PACKED STAT |   PMC4  | 16492672000000 | 128849000000 | 128849000000 | 128849000000 |
+------------------------------------------+---------+----------------+--------------+--------------+--------------+
+----------------------+------------+------------+------------+------------+------------+------------+------------+------------+------------+------------+-------------+-------------+-------------+-------------+-------------+-------------+-------------+-------------+-------------+-------------+-------------+-------------+-------------+-------------+-------------+-------------+-------------+-------------+-------------+-------------+-------------+-------------+-------------+-------------+-------------+-------------+-------------+-------------+-------------+-------------+-------------+-------------+-------------+-------------+-------------+-------------+-------------+-------------+-------------+-------------+-------------+-------------+-------------+-------------+-------------+-------------+-------------+-------------+-------------+-------------+-------------+-------------+-------------+-------------+-------------+-------------+-------------+-------------+-------------+-------------+-------------+-------------+-------------+-------------+-------------+-------------+-------------+-------------+-------------+-------------+-------------+-------------+-------------+-------------+-------------+-------------+-------------+-------------+-------------+-------------+-------------+-------------+-------------+-------------+-------------+-------------+-------------+-------------+-------------+-------------+--------------+--------------+--------------+--------------+--------------+--------------+--------------+--------------+--------------+--------------+--------------+--------------+--------------+--------------+--------------+--------------+--------------+--------------+--------------+--------------+--------------+--------------+--------------+--------------+--------------+--------------+--------------+--------------+
|        Metric        | HWThread 0 | HWThread 1 | HWThread 2 | HWThread 3 | HWThread 4 | HWThread 5 | HWThread 6 | HWThread 7 | HWThread 8 | HWThread 9 | HWThread 10 | HWThread 11 | HWThread 12 | HWThread 13 | HWThread 14 | HWThread 15 | HWThread 16 | HWThread 17 | HWThread 18 | HWThread 19 | HWThread 20 | HWThread 21 | HWThread 22 | HWThread 23 | HWThread 24 | HWThread 25 | HWThread 26 | HWThread 27 | HWThread 28 | HWThread 29 | HWThread 30 | HWThread 31 | HWThread 32 | HWThread 33 | HWThread 34 | HWThread 35 | HWThread 36 | HWThread 37 | HWThread 38 | HWThread 39 | HWThread 40 | HWThread 41 | HWThread 42 | HWThread 43 | HWThread 44 | HWThread 45 | HWThread 46 | HWThread 47 | HWThread 48 | HWThread 49 | HWThread 50 | HWThread 51 | HWThread 52 | HWThread 53 | HWThread 54 | HWThread 55 | HWThread 56 | HWThread 57 | HWThread 58 | HWThread 59 | HWThread 60 | HWThread 61 | HWThread 62 | HWThread 63 | HWThread 64 | HWThread 65 | HWThread 66 | HWThread 67 | HWThread 68 | HWThread 69 | HWThread 70 | HWThread 71 | HWThread 72 | HWThread 73 | HWThread 74 | HWThread 75 | HWThread 76 | HWThread 77 | HWThread 78 | HWThread 79 | HWThread 80 | HWThread 81 | HWThread 82 | HWThread 83 | HWThread 84 | HWThread 85 | HWThread 86 | HWThread 87 | HWThread 88 | HWThread 89 | HWThread 90 | HWThread 91 | HWThread 92 | HWThread 93 | HWThread 94 | HWThread 95 | HWThread 96 | HWThread 97 | HWThread 98 | HWThread 99 | HWThread 100 | HWThread 101 | HWThread 102 | HWThread 103 | HWThread 104 | HWThread 105 | HWThread 106 | HWThread 107 | HWThread 108 | HWThread 109 | HWThread 110 | HWThread 111 | HWThread 112 | HWThread 113 | HWThread 114 | HWThread 115 | HWThread 116 | HWThread 117 | HWThread 118 | HWThread 119 | HWThread 120 | HWThread 121 | HWThread 122 | HWThread 123 | HWThread 124 | HWThread 125 | HWThread 126 | HWThread 127 |
+----------------------+------------+------------+------------+------------+------------+------------+------------+------------+------------+------------+-------------+-------------+-------------+-------------+-------------+-------------+-------------+-------------+-------------+-------------+-------------+-------------+-------------+-------------+-------------+-------------+-------------+-------------+-------------+-------------+-------------+-------------+-------------+-------------+-------------+-------------+-------------+-------------+-------------+-------------+-------------+-------------+-------------+-------------+-------------+-------------+-------------+-------------+-------------+-------------+-------------+-------------+-------------+-------------+-------------+-------------+-------------+-------------+-------------+-------------+-------------+-------------+-------------+-------------+-------------+-------------+-------------+-------------+-------------+-------------+-------------+-------------+-------------+-------------+-------------+-------------+-------------+-------------+-------------+-------------+-------------+-------------+-------------+-------------+-------------+-------------+-------------+-------------+-------------+-------------+-------------+-------------+-------------+-------------+-------------+-------------+-------------+-------------+-------------+-------------+--------------+--------------+--------------+--------------+--------------+--------------+--------------+--------------+--------------+--------------+--------------+--------------+--------------+--------------+--------------+--------------+--------------+--------------+--------------+--------------+--------------+--------------+--------------+--------------+--------------+--------------+--------------+--------------+
|  Runtime (RDTSC) [s] |     1.6836 |     1.6837 |     1.6837 |     1.6838 |     1.6837 |     1.6837 |     1.6836 |     1.6836 |     1.6836 |     1.6836 |      1.6838 |      1.6836 |      1.6838 |      1.6836 |      1.6838 |      1.6838 |      1.6839 |      1.6838 |      1.6847 |      1.6838 |      1.6838 |      1.6842 |      1.6836 |      1.6839 |      1.6837 |      1.6837 |      1.6838 |      1.6838 |      1.6838 |      1.6836 |      1.6837 |      1.6837 |      1.6838 |      1.6837 |      1.6838 |      1.6837 |      1.6838 |      1.6837 |      1.6836 |      1.6836 |      1.6836 |      1.6839 |      1.6838 |      1.6837 |      1.6837 |      1.6836 |      1.6836 |      1.6838 |      1.6836 |      1.6838 |      1.6836 |      1.6838 |      1.6838 |      1.6838 |      1.6839 |      1.6838 |      1.6838 |      1.6836 |      1.6840 |      1.6838 |      1.6838 |      1.6838 |      1.6838 |      1.6838 |      1.6836 |      1.6839 |      1.6836 |      1.6836 |      1.6837 |      1.6837 |      1.6839 |      1.6836 |      1.6837 |      1.6841 |      1.6838 |      1.6838 |      1.6839 |      1.6837 |      1.6837 |      1.6836 |      1.6836 |      1.6839 |      1.6838 |      1.6836 |      1.6838 |      1.6836 |      1.6838 |      1.6836 |      1.6839 |      1.6836 |      1.6836 |      1.6838 |      1.6836 |      1.6838 |      1.6836 |      1.6838 |      1.6836 |      1.6836 |      1.6836 |      1.6837 |       1.6837 |       1.6836 |       1.6839 |       1.6836 |       1.6841 |       1.6839 |       1.6836 |       1.6836 |       1.6839 |       1.6838 |       1.6837 |       1.6841 |       1.6836 |       1.6840 |       1.6838 |       1.6846 |       1.6840 |       1.6841 |       1.6840 |       1.6836 |       1.6841 |       1.6836 |       1.6838 |       1.6841 |       1.6838 |       1.6836 |       1.6838 |       1.6838 |
| Runtime unhalted [s] |     1.5104 |     1.5105 |     1.5105 |     1.5105 |     1.5105 |     1.5106 |     1.5107 |     1.5104 |     1.5045 |     1.5047 |      1.5048 |      1.5044 |      1.5048 |      1.5047 |      1.5048 |      1.5047 |      1.5135 |      1.5137 |      1.5138 |      1.5137 |      1.5136 |      1.5138 |      1.5135 |      1.5136 |      1.5049 |      1.5051 |      1.5051 |      1.5051 |      1.5053 |      1.5049 |      1.5049 |      1.5052 |      1.5032 |      1.5029 |      1.5032 |      1.5031 |      1.5030 |      1.5030 |      1.5031 |      1.5033 |      1.5083 |      1.5084 |      1.5085 |      1.5083 |      1.5083 |      1.5084 |      1.5083 |      1.5085 |      1.5068 |      1.5070 |      1.5070 |      1.5070 |      1.5069 |      1.5069 |      1.5068 |      1.5070 |      1.5058 |      1.5056 |      1.5059 |      1.5059 |      1.5059 |      1.5058 |      1.5057 |      1.5059 |      1.5057 |      1.5058 |      1.5057 |      1.5054 |      1.5057 |      1.5057 |      1.5057 |      1.5054 |      1.5096 |      1.5100 |      1.5099 |      1.5096 |      1.5096 |      1.5096 |      1.5096 |      1.5096 |      1.5083 |      1.5082 |      1.5083 |      1.5081 |      1.5083 |      1.5081 |      1.5084 |      1.5082 |      1.5062 |      1.5060 |      1.5062 |      1.5062 |      1.5062 |      1.5062 |      1.5061 |      1.5064 |      1.5115 |      1.5113 |      1.5114 |      1.5112 |       1.5114 |       1.5115 |       1.5115 |       1.5113 |       1.5112 |       1.5111 |       1.5111 |       1.5109 |       1.5113 |       1.5112 |       1.5111 |       1.5113 |       1.5118 |       1.5121 |       1.5120 |       1.5122 |       1.5122 |       1.5121 |       1.5121 |       1.5119 |       1.5060 |       1.5057 |       1.5059 |       1.5061 |       1.5059 |       1.5059 |       1.5060 |       1.5059 |
|      Clock [MHz]     |  2415.0471 |  2414.6401 |  2414.8152 |  2414.6382 |  2414.6551 |  2414.7812 |  2414.7501 |  2415.0557 |  2405.3823 |  2405.2675 |   2405.1085 |   2405.3590 |   2405.0251 |   2405.2380 |   2405.0263 |   2405.1074 |   2419.3335 |   2419.2282 |   2418.8577 |   2419.2302 |   2419.2261 |   2418.9702 |   2419.3390 |   2419.1232 |   2405.7444 |   2405.9865 |   2405.7735 |   2405.7796 |   2405.8537 |   2405.8938 |   2405.7432 |   2405.9703 |   2402.8038 |   2403.0195 |   2402.8129 |   2402.7630 |   2403.0471 |   2402.7421 |   2402.8953 |   2402.8607 |   2411.0359 |   2411.1572 |   2410.9502 |   2410.8801 |   2410.8802 |   2411.0361 |   2410.8806 |   2410.9299 |   2408.7456 |   2408.7964 |   2408.8026 |   2408.7836 |   2408.7801 |   2408.7823 |   2408.8970 |   2408.7830 |   2407.0377 |   2406.9908 |   2407.0473 |   2407.0296 |   2407.0567 |   2407.0266 |   2407.0572 |   2407.0465 |   2406.8162 |   2406.7080 |   2406.8181 |   2406.7960 |   2406.7319 |   2406.7109 |   2406.8266 |   2406.7763 |   2413.3638 |   2413.0277 |   2413.2690 |   2413.4391 |   2413.2832 |   2413.3571 |   2413.2082 |   2413.2093 |   2411.2399 |   2411.4851 |   2411.3796 |   2411.3451 |   2411.3761 |   2411.3408 |   2411.1058 |   2411.4979 |   2407.5634 |   2407.4636 |   2407.6861 |   2407.5564 |   2407.6872 |   2407.5715 |   2407.6745 |   2407.6041 |   2416.0810 |   2415.9010 |   2415.8294 |   2415.8635 |    2415.9176 |    2416.0772 |    2416.0970 |    2416.0117 |    2415.3533 |    2415.4537 |    2415.6095 |    2415.3956 |    2415.4162 |    2415.4707 |    2415.5836 |    2415.4819 |    2416.5130 |    2416.4616 |    2416.5429 |    2416.3064 |    2416.5853 |    2416.4871 |    2416.4504 |    2416.6831 |    2406.7728 |    2406.8265 |    2406.8454 |    2406.7450 |    2407.0193 |    2407.0915 |    2406.9012 |    2406.8874 |
|          CPI         |     0.3964 |     0.3969 |     0.3969 |     0.3969 |     0.3969 |     0.3969 |     0.3968 |     0.3968 |     0.3951 |     0.3952 |      0.3952 |      0.3952 |      0.3952 |      0.3951 |      0.3951 |      0.3951 |      0.3973 |      0.3974 |      0.3975 |      0.3973 |      0.3973 |      0.3974 |      0.3973 |      0.3973 |      0.3953 |      0.3953 |      0.3953 |      0.3953 |      0.3953 |      0.3953 |      0.3953 |      0.3953 |      0.3951 |      0.3950 |      0.3951 |      0.3950 |      0.3951 |      0.3951 |      0.3950 |      0.3950 |      0.3960 |      0.3960 |      0.3960 |      0.3960 |      0.3960 |      0.3960 |      0.3959 |      0.3960 |      0.3956 |      0.3956 |      0.3956 |      0.3956 |      0.3956 |      0.3956 |      0.3956 |      0.3956 |      0.3954 |      0.3954 |      0.3954 |      0.3954 |      0.3954 |      0.3954 |      0.3954 |      0.3954 |      0.3955 |      0.3956 |      0.3955 |      0.3955 |      0.3955 |      0.3955 |      0.3955 |      0.3955 |      0.3964 |      0.3964 |      0.3964 |      0.3964 |      0.3964 |      0.3964 |      0.3964 |      0.3964 |      0.3961 |      0.3961 |      0.3961 |      0.3961 |      0.3961 |      0.3961 |      0.3961 |      0.3961 |      0.3955 |      0.3955 |      0.3955 |      0.3955 |      0.3955 |      0.3955 |      0.3954 |      0.3955 |      0.3969 |      0.3969 |      0.3969 |      0.3969 |       0.3969 |       0.3969 |       0.3969 |       0.3969 |       0.3969 |       0.3969 |       0.3968 |       0.3967 |       0.3968 |       0.3969 |       0.3968 |       0.3968 |       0.3971 |       0.3971 |       0.3971 |       0.3973 |       0.3971 |       0.3971 |       0.3971 |       0.3971 |       0.3955 |       0.3955 |       0.3955 |       0.3955 |       0.3955 |       0.3954 |       0.3955 |       0.3955 |
|     DP [MFLOP/s]     | 76533.0185 | 76529.3365 | 76527.2456 | 76525.0186 | 76529.5183 | 76529.2001 | 76533.0185 | 76533.0185 | 76532.9275 | 76530.1547 |  76523.1552 |  76530.3819 |  76522.0190 |  76532.9275 |  76521.9736 |  76523.1097 |  76518.6562 |  76521.5191 |  76483.0920 |  76521.7464 |  76522.7462 |  76503.3455 |  76532.2002 |  76517.5202 |  76529.5183 |  76527.3365 |  76522.4735 |  76522.0645 |  76522.5189 |  76531.6093 |  76529.5183 |  76529.5183 |  76521.9281 |  76529.4274 |  76522.6553 |  76527.2911 |  76522.9734 |  76529.5638 |  76533.0185 |  76533.0185 |  76533.0185 |  76518.0200 |  76521.2010 |  76529.5183 |  76529.5638 |  76532.8366 |  76529.9728 |  76521.7918 |  76532.8366 |  76522.5644 |  76532.9275 |  76521.7918 |  76522.5189 |  76521.7918 |  76519.5651 |  76522.5644 |  76522.7462 |  76532.7457 |  76512.4767 |  76524.9731 |  76522.5189 |  76523.1097 |  76524.9731 |  76522.3826 |  76530.0638 |  76517.4748 |  76532.8366 |  76532.8821 |  76527.1093 |  76529.5638 |  76519.0197 |  76532.8366 |  76525.2458 |  76508.8421 |  76521.6555 |  76522.4281 |  76519.6559 |  76525.2458 |  76529.5638 |  76531.4274 |  76532.7912 |  76518.5653 |  76522.7916 |  76530.3819 |  76522.8825 |  76530.3819 |  76523.0189 |  76529.6547 |  76520.2921 |  76529.7456 |  76532.9730 |  76521.1556 |  76532.8821 |  76521.1556 |  76532.9275 |  76521.1556 |  76531.4729 |  76531.4274 |  76531.4274 |  76527.6547 |   76529.5183 |   76531.4274 |   76518.9743 |   76533.2003 |   76508.2969 |   76516.9749 |   76530.1547 |   76532.8821 |   76517.2930 |   76520.9738 |   76529.5183 |   76511.2954 |   76532.8366 |   76513.2036 |   76523.0189 |   76484.4540 |   76513.2036 |   76509.6144 |   76513.5671 |   76530.1547 |   76510.0233 |   76530.2001 |   76522.6098 |   76507.7972 |   76522.6098 |   76532.8821 |   76521.1556 |   76521.7009 |
+----------------------+------------+------------+------------+------------+------------+------------+------------+------------+------------+------------+-------------+-------------+-------------+-------------+-------------+-------------+-------------+-------------+-------------+-------------+-------------+-------------+-------------+-------------+-------------+-------------+-------------+-------------+-------------+-------------+-------------+-------------+-------------+-------------+-------------+-------------+-------------+-------------+-------------+-------------+-------------+-------------+-------------+-------------+-------------+-------------+-------------+-------------+-------------+-------------+-------------+-------------+-------------+-------------+-------------+-------------+-------------+-------------+-------------+-------------+-------------+-------------+-------------+-------------+-------------+-------------+-------------+-------------+-------------+-------------+-------------+-------------+-------------+-------------+-------------+-------------+-------------+-------------+-------------+-------------+-------------+-------------+-------------+-------------+-------------+-------------+-------------+-------------+-------------+-------------+-------------+-------------+-------------+-------------+-------------+-------------+-------------+-------------+-------------+-------------+--------------+--------------+--------------+--------------+--------------+--------------+--------------+--------------+--------------+--------------+--------------+--------------+--------------+--------------+--------------+--------------+--------------+--------------+--------------+--------------+--------------+--------------+--------------+--------------+--------------+--------------+--------------+--------------+
+---------------------------+--------------+------------+------------+------------+
|           Metric          |      Sum     |     Min    |     Max    |     Avg    |
+---------------------------+--------------+------------+------------+------------+
|  Runtime (RDTSC) [s] STAT |     215.5220 |     1.6836 |     1.6847 |     1.6838 |
| Runtime unhalted [s] STAT |     193.0270 |     1.5029 |     1.5138 |     1.5080 |
|      Clock [MHz] STAT     |  308547.8878 |  2402.7421 |  2419.3390 |  2410.5304 |
|          CPI STAT         |      50.6919 |     0.3950 |     0.3975 |     0.3960 |
|     DP [MFLOP/s] STAT     | 9.795130e+06 | 76483.0920 | 76533.2003 | 76524.4517 |
+---------------------------+--------------+------------+------------+------------+
