--------------------------------------------------------------------------------
CPU name:	AMD EPYC 9755 128-Core Processor               
CPU type:	AMD K1A (Zen5) architecture
CPU clock:	2.70 GHz
--------------------------------------------------------------------------------
Region bench, Group 1: FLOPS_DP
+-------------------+------------+------------+------------+------------+------------+------------+------------+------------+------------+------------+-------------+-------------+-------------+-------------+-------------+-------------+-------------+-------------+-------------+-------------+-------------+-------------+-------------+-------------+-------------+-------------+-------------+-------------+-------------+-------------+-------------+-------------+
|    Region Info    | HWThread 0 | HWThread 1 | HWThread 2 | HWThread 3 | HWThread 4 | HWThread 5 | HWThread 6 | HWThread 7 | HWThread 8 | HWThread 9 | HWThread 10 | HWThread 11 | HWThread 12 | HWThread 13 | HWThread 14 | HWThread 15 | HWThread 16 | HWThread 17 | HWThread 18 | HWThread 19 | HWThread 20 | HWThread 21 | HWThread 22 | HWThread 23 | HWThread 24 | HWThread 25 | HWThread 26 | HWThread 27 | HWThread 28 | HWThread 29 | HWThread 30 | HWThread 31 |
+-------------------+------------+------------+------------+------------+------------+------------+------------+------------+------------+------------+-------------+-------------+-------------+-------------+-------------+-------------+-------------+-------------+-------------+-------------+-------------+-------------+-------------+-------------+-------------+-------------+-------------+-------------+-------------+-------------+-------------+-------------+
| RDTSC Runtime [s] |   1.824998 |   1.824998 |   1.824983 |   1.824971 |   1.825012 |   1.824985 |   1.824977 |   1.825025 |   1.824976 |   1.824988 |    1.824988 |    1.825010 |    1.824977 |    1.824985 |    1.824985 |    1.824984 |    1.824986 |    1.825019 |    1.825018 |    1.824986 |    1.824982 |    1.824982 |    1.824982 |    1.824957 |    1.824956 |    1.824988 |    1.824985 |    1.824988 |    1.825004 |    1.824997 |    1.824957 |    1.824985 |
|     call count    |          1 |          1 |          1 |          1 |          1 |          1 |          1 |          1 |          1 |          1 |           1 |           1 |           1 |           1 |           1 |           1 |           1 |           1 |           1 |           1 |           1 |           1 |           1 |           1 |           1 |           1 |           1 |           1 |           1 |           1 |           1 |           1 |
+-------------------+------------+------------+------------+------------+------------+------------+------------+------------+------------+------------+-------------+-------------+-------------+-------------+-------------+-------------+-------------+-------------+-------------+-------------+-------------+-------------+-------------+-------------+-------------+-------------+-------------+-------------+-------------+-------------+-------------+-------------+
+-------------------------------------+---------+--------------+--------------+--------------+--------------+--------------+--------------+--------------+--------------+--------------+--------------+--------------+--------------+--------------+--------------+--------------+--------------+--------------+--------------+--------------+--------------+--------------+--------------+--------------+--------------+--------------+--------------+--------------+--------------+--------------+--------------+--------------+--------------+
|                Event                | Counter |  HWThread 0  |  HWThread 1  |  HWThread 2  |  HWThread 3  |  HWThread 4  |  HWThread 5  |  HWThread 6  |  HWThread 7  |  HWThread 8  |  HWThread 9  |  HWThread 10 |  HWThread 11 |  HWThread 12 |  HWThread 13 |  HWThread 14 |  HWThread 15 |  HWThread 16 |  HWThread 17 |  HWThread 18 |  HWThread 19 |  HWThread 20 |  HWThread 21 |  HWThread 22 |  HWThread 23 |  HWThread 24 |  HWThread 25 |  HWThread 26 |  HWThread 27 |  HWThread 28 |  HWThread 29 |  HWThread 30 |  HWThread 31 |
+-------------------------------------+---------+--------------+--------------+--------------+--------------+--------------+--------------+--------------+--------------+--------------+--------------+--------------+--------------+--------------+--------------+--------------+--------------+--------------+--------------+--------------+--------------+--------------+--------------+--------------+--------------+--------------+--------------+--------------+--------------+--------------+--------------+--------------+--------------+
|           ACTUAL_CPU_CLOCK          |  FIXC1  |   4407866000 |   4407968000 |   4407849000 |   4407834000 |   4407949000 |   4407858000 |   4407842000 |   4407825000 |   4383910000 |   4383939000 |   4383869000 |   4383904000 |   4383920000 |   4383856000 |   4383889000 |   4383815000 |   4424157000 |   4424048000 |   4424093000 |   4424109000 |   4423991000 |   4424165000 |   4424087000 |   4423964000 |   4399780000 |   4399749000 |   4399850000 |   4399915000 |   4399815000 |   4399781000 |   4399755000 |   4399757000 |
|            MAX_CPU_CLOCK            |  FIXC2  |   4921658000 |   4921733000 |   4921724000 |   4921631000 |   4921841000 |   4921753000 |   4921722000 |   4921634000 |   4921686000 |   4921655000 |   4921497000 |   4921637000 |   4921590000 |   4921528000 |   4921539000 |   4921525000 |   4921783000 |   4921648000 |   4921682000 |   4921664000 |   4921619000 |   4921802000 |   4921667000 |   4921515000 |   4921601000 |   4921504000 |   4921764000 |   4921841000 |   4921645000 |   4921635000 |   4921546000 |   4921509000 |
|         RETIRED_INSTRUCTIONS        |   PMC0  |  18261650000 |  18262100000 |  18261700000 |  18261670000 |  18262130000 |  18261990000 |  18261570000 |  18261940000 |  18257330000 |  18257090000 |  18256900000 |  18257120000 |  18257260000 |  18257240000 |  18257670000 |  18257090000 |  18264860000 |  18264710000 |  18264830000 |  18264500000 |  18264520000 |  18264670000 |  18264640000 |  18264290000 |  18260410000 |  18260200000 |  18260360000 |  18260600000 |  18260640000 |  18259570000 |  18260110000 |  18260590000 |
|         CPU_CLOCKS_UNHALTED         |   PMC1  |   4392276000 |   4394904000 |   4394588000 |   4394847000 |   4394944000 |   4394962000 |   4394970000 |   4395012000 |   4369976000 |   4369753000 |   4369917000 |   4370146000 |   4369855000 |   4369916000 |   4369764000 |   4369814000 |   4409973000 |   4410366000 |   4409681000 |   4410255000 |   4409922000 |   4410003000 |   4409913000 |   4409838000 |   4386087000 |   4386422000 |   4386287000 |   4386102000 |   4386196000 |   4385973000 |   4385874000 |   4386150000 |
|                MERGE                |   PMC3  |            0 |            0 |            0 |            0 |            0 |            0 |            0 |            0 |            0 |            0 |            0 |            0 |            0 |            0 |            0 |            0 |            0 |            0 |            0 |            0 |            0 |            0 |            0 |            0 |            0 |            0 |            0 |            0 |            0 |            0 |            0 |            0 |
| RETIRED_SSE_AVX_FLOPS_ALL_DP_SCALAR |   PMC2  |           12 |           12 |           12 |           12 |           12 |           12 |           12 |           12 |           12 |           12 |           12 |           12 |           12 |           12 |           12 |           12 |           12 |           12 |           12 |           12 |           12 |           12 |           12 |           12 |           12 |           12 |           12 |           12 |           12 |           12 |           12 |           12 |
|                MERGE                |   PMC5  |            0 |            0 |            0 |            0 |            0 |            0 |            0 |            0 |            0 |            0 |            0 |            0 |            0 |            0 |            0 |            0 |            0 |            0 |            0 |            0 |            0 |            0 |            0 |            0 |            0 |            0 |            0 |            0 |            0 |            0 |            0 |            0 |
| RETIRED_SSE_AVX_FLOPS_ALL_DP_PACKED |   PMC4  | 193273500000 | 193273500000 | 193273500000 | 193273500000 | 193273500000 | 193273500000 | 193273500000 | 193273500000 | 193273500000 | 193273500000 | 193273500000 | 193273500000 | 193273500000 | 193273500000 | 193273500000 | 193273500000 | 193273500000 | 193273500000 | 193273500000 | 193273500000 | 193273500000 | 193273500000 | 193273500000 | 193273500000 | 193273500000 | 193273500000 | 193273500000 | 193273500000 | 193273500000 | 193273500000 | 193273500000 | 193273500000 |
+-------------------------------------+---------+--------------+--------------+--------------+--------------+--------------+--------------+--------------+--------------+--------------+--------------+--------------+--------------+--------------+--------------+--------------+--------------+--------------+--------------+--------------+--------------+--------------+--------------+--------------+--------------+--------------+--------------+--------------+--------------+--------------+--------------+--------------+--------------+
+------------------------------------------+---------+---------------+--------------+--------------+--------------+
|                   Event                  | Counter |      Sum      |      Min     |      Max     |      Avg     |
+------------------------------------------+---------+---------------+--------------+--------------+--------------+
|           ACTUAL_CPU_CLOCK STAT          |  FIXC1  |  140925109000 |   4383815000 |   4424165000 | 4.403910e+09 |
|            MAX_CPU_CLOCK STAT            |  FIXC2  |  157492778000 |   4921497000 |   4921841000 | 4.921649e+09 |
|         RETIRED_INSTRUCTIONS STAT        |   PMC0  |  584351950000 |  18256900000 |  18264860000 | 1.826100e+10 |
|         CPU_CLOCKS_UNHALTED STAT         |   PMC1  |  140484686000 |   4369753000 |   4410366000 | 4.390146e+09 |
|                MERGE STAT                |   PMC3  |             0 |            0 |            0 |            0 |
| RETIRED_SSE_AVX_FLOPS_ALL_DP_SCALAR STAT |   PMC2  |           384 |           12 |           12 |           12 |
|                MERGE STAT                |   PMC5  |             0 |            0 |            0 |            0 |
| RETIRED_SSE_AVX_FLOPS_ALL_DP_PACKED STAT |   PMC4  | 6184752000000 | 193273500000 | 193273500000 | 193273500000 |
+------------------------------------------+---------+---------------+--------------+--------------+--------------+
+----------------------+-------------+-------------+-------------+-------------+-------------+-------------+-------------+-------------+-------------+-------------+-------------+-------------+-------------+-------------+-------------+-------------+-------------+-------------+-------------+-------------+-------------+-------------+-------------+-------------+-------------+-------------+-------------+-------------+-------------+-------------+-------------+-------------+
|        Metric        |  HWThread 0 |  HWThread 1 |  HWThread 2 |  HWThread 3 |  HWThread 4 |  HWThread 5 |  HWThread 6 |  HWThread 7 |  HWThread 8 |  HWThread 9 | HWThread 10 | HWThread 11 | HWThread 12 | HWThread 13 | HWThread 14 | HWThread 15 | HWThread 16 | HWThread 17 | HWThread 18 | HWThread 19 | HWThread 20 | HWThread 21 | HWThread 22 | HWThread 23 | HWThread 24 | HWThread 25 | HWThread 26 | HWThread 27 | HWThread 28 | HWThread 29 | HWThread 30 | HWThread 31 |
+----------------------+-------------+-------------+-------------+-------------+-------------+-------------+-------------+-------------+-------------+-------------+-------------+-------------+-------------+-------------+-------------+-------------+-------------+-------------+-------------+-------------+-------------+-------------+-------------+-------------+-------------+-------------+-------------+-------------+-------------+-------------+-------------+-------------+
|  Runtime (RDTSC) [s] |      1.8250 |      1.8250 |      1.8250 |      1.8250 |      1.8250 |      1.8250 |      1.8250 |      1.8250 |      1.8250 |      1.8250 |      1.8250 |      1.8250 |      1.8250 |      1.8250 |      1.8250 |      1.8250 |      1.8250 |      1.8250 |      1.8250 |      1.8250 |      1.8250 |      1.8250 |      1.8250 |      1.8250 |      1.8250 |      1.8250 |      1.8250 |      1.8250 |      1.8250 |      1.8250 |      1.8250 |      1.8250 |
| Runtime unhalted [s] |      1.6348 |      1.6348 |      1.6348 |      1.6348 |      1.6348 |      1.6348 |      1.6348 |      1.6348 |      1.6259 |      1.6259 |      1.6259 |      1.6259 |      1.6259 |      1.6259 |      1.6259 |      1.6259 |      1.6408 |      1.6408 |      1.6408 |      1.6408 |      1.6408 |      1.6408 |      1.6408 |      1.6408 |      1.6318 |      1.6318 |      1.6318 |      1.6318 |      1.6318 |      1.6318 |      1.6318 |      1.6318 |
|      Clock [MHz]     |   2414.8118 |   2414.8309 |   2414.7701 |   2414.8075 |   2414.7675 |   2414.7608 |   2414.7672 |   2414.8011 |   2401.6740 |   2401.7050 |   2401.7438 |   2401.6947 |   2401.7264 |   2401.7216 |   2401.7343 |   2401.7006 |   2423.6751 |   2423.6819 |   2423.6898 |   2423.7074 |   2423.6649 |   2423.6701 |   2423.6939 |   2423.7014 |   2410.4099 |   2410.4404 |   2410.3684 |   2410.3663 |   2410.4075 |   2410.3938 |   2410.4231 |   2410.4423 |
|          CPI         |      0.2405 |      0.2407 |      0.2406 |      0.2407 |      0.2407 |      0.2407 |      0.2407 |      0.2407 |      0.2394 |      0.2393 |      0.2394 |      0.2394 |      0.2393 |      0.2394 |      0.2393 |      0.2393 |      0.2414 |      0.2415 |      0.2414 |      0.2415 |      0.2414 |      0.2414 |      0.2414 |      0.2414 |      0.2402 |      0.2402 |      0.2402 |      0.2402 |      0.2402 |      0.2402 |      0.2402 |      0.2402 |
|     DP [MFLOP/s]     | 105903.4037 | 105903.4037 | 105904.2742 | 105904.9706 | 105902.5913 | 105904.1581 | 105904.6224 | 105901.8370 | 105904.6804 | 105903.9840 | 105903.9840 | 105902.7074 | 105904.6224 | 105904.1581 | 105904.1581 | 105904.2162 | 105904.1001 | 105902.1851 | 105902.2432 | 105904.1001 | 105904.3322 | 105904.3322 | 105904.3322 | 105905.7830 | 105905.8410 | 105903.9840 | 105904.1581 | 105903.9840 | 105903.0556 | 105903.4618 | 105905.7830 | 105904.1581 |
+----------------------+-------------+-------------+-------------+-------------+-------------+-------------+-------------+-------------+-------------+-------------+-------------+-------------+-------------+-------------+-------------+-------------+-------------+-------------+-------------+-------------+-------------+-------------+-------------+-------------+-------------+-------------+-------------+-------------+-------------+-------------+-------------+-------------+
+---------------------------+--------------+-------------+-------------+-------------+
|           Metric          |      Sum     |     Min     |     Max     |     Avg     |
+---------------------------+--------------+-------------+-------------+-------------+
|  Runtime (RDTSC) [s] STAT |      58.4000 |      1.8250 |      1.8250 |      1.8250 |
| Runtime unhalted [s] STAT |      52.2664 |      1.6259 |      1.6408 |      1.6333 |
|      Clock [MHz] STAT     |   77204.7535 |   2401.6740 |   2423.7074 |   2412.6485 |
|          CPI STAT         |       7.6931 |      0.2393 |      0.2415 |      0.2404 |
|     DP [MFLOP/s] STAT     | 3.388928e+06 | 105901.8370 | 105905.8410 | 105903.9877 |
+---------------------------+--------------+-------------+-------------+-------------+
