--------------------------------------------------------------------------------
CPU name:	AMD EPYC 9755 128-Core Processor               
CPU type:	AMD K1A (Zen5) architecture
CPU clock:	2.70 GHz
--------------------------------------------------------------------------------
Region bench, Group 1: L2BW
+-------------------+------------+------------+------------+------------+------------+------------+------------+------------+------------+------------+-------------+-------------+-------------+-------------+-------------+-------------+-------------+-------------+-------------+-------------+-------------+-------------+-------------+-------------+-------------+-------------+-------------+-------------+-------------+-------------+-------------+-------------+-------------+-------------+-------------+-------------+-------------+-------------+-------------+-------------+-------------+-------------+-------------+-------------+-------------+-------------+-------------+-------------+-------------+-------------+-------------+-------------+-------------+-------------+-------------+-------------+-------------+-------------+-------------+-------------+-------------+-------------+-------------+-------------+-------------+-------------+-------------+-------------+-------------+-------------+-------------+-------------+-------------+-------------+-------------+-------------+-------------+-------------+-------------+-------------+-------------+-------------+-------------+-------------+-------------+-------------+-------------+-------------+-------------+-------------+-------------+-------------+-------------+-------------+-------------+-------------+-------------+-------------+-------------+-------------+--------------+--------------+--------------+--------------+--------------+--------------+--------------+--------------+--------------+--------------+--------------+--------------+--------------+--------------+--------------+--------------+--------------+--------------+--------------+--------------+--------------+--------------+--------------+--------------+--------------+--------------+--------------+--------------+
|    Region Info    | HWThread 0 | HWThread 1 | HWThread 2 | HWThread 3 | HWThread 4 | HWThread 5 | HWThread 6 | HWThread 7 | HWThread 8 | HWThread 9 | HWThread 10 | HWThread 11 | HWThread 12 | HWThread 13 | HWThread 14 | HWThread 15 | HWThread 16 | HWThread 17 | HWThread 18 | HWThread 19 | HWThread 20 | HWThread 21 | HWThread 22 | HWThread 23 | HWThread 24 | HWThread 25 | HWThread 26 | HWThread 27 | HWThread 28 | HWThread 29 | HWThread 30 | HWThread 31 | HWThread 32 | HWThread 33 | HWThread 34 | HWThread 35 | HWThread 36 | HWThread 37 | HWThread 38 | HWThread 39 | HWThread 40 | HWThread 41 | HWThread 42 | HWThread 43 | HWThread 44 | HWThread 45 | HWThread 46 | HWThread 47 | HWThread 48 | HWThread 49 | HWThread 50 | HWThread 51 | HWThread 52 | HWThread 53 | HWThread 54 | HWThread 55 | HWThread 56 | HWThread 57 | HWThread 58 | HWThread 59 | HWThread 60 | HWThread 61 | HWThread 62 | HWThread 63 | HWThread 64 | HWThread 65 | HWThread 66 | HWThread 67 | HWThread 68 | HWThread 69 | HWThread 70 | HWThread 71 | HWThread 72 | HWThread 73 | HWThread 74 | HWThread 75 | HWThread 76 | HWThread 77 | HWThread 78 | HWThread 79 | HWThread 80 | HWThread 81 | HWThread 82 | HWThread 83 | HWThread 84 | HWThread 85 | HWThread 86 | HWThread 87 | HWThread 88 | HWThread 89 | HWThread 90 | HWThread 91 | HWThread 92 | HWThread 93 | HWThread 94 | HWThread 95 | HWThread 96 | HWThread 97 | HWThread 98 | HWThread 99 | HWThread 100 | HWThread 101 | HWThread 102 | HWThread 103 | HWThread 104 | HWThread 105 | HWThread 106 | HWThread 107 | HWThread 108 | HWThread 109 | HWThread 110 | HWThread 111 | HWThread 112 | HWThread 113 | HWThread 114 | HWThread 115 | HWThread 116 | HWThread 117 | HWThread 118 | HWThread 119 | HWThread 120 | HWThread 121 | HWThread 122 | HWThread 123 | HWThread 124 | HWThread 125 | HWThread 126 | HWThread 127 |
+-------------------+------------+------------+------------+------------+------------+------------+------------+------------+------------+------------+-------------+-------------+-------------+-------------+-------------+-------------+-------------+-------------+-------------+-------------+-------------+-------------+-------------+-------------+-------------+-------------+-------------+-------------+-------------+-------------+-------------+-------------+-------------+-------------+-------------+-------------+-------------+-------------+-------------+-------------+-------------+-------------+-------------+-------------+-------------+-------------+-------------+-------------+-------------+-------------+-------------+-------------+-------------+-------------+-------------+-------------+-------------+-------------+-------------+-------------+-------------+-------------+-------------+-------------+-------------+-------------+-------------+-------------+-------------+-------------+-------------+-------------+-------------+-------------+-------------+-------------+-------------+-------------+-------------+-------------+-------------+-------------+-------------+-------------+-------------+-------------+-------------+-------------+-------------+-------------+-------------+-------------+-------------+-------------+-------------+-------------+-------------+-------------+-------------+-------------+--------------+--------------+--------------+--------------+--------------+--------------+--------------+--------------+--------------+--------------+--------------+--------------+--------------+--------------+--------------+--------------+--------------+--------------+--------------+--------------+--------------+--------------+--------------+--------------+--------------+--------------+--------------+--------------+
| RDTSC Runtime [s] |   1.876835 |   1.876574 |   1.876827 |   1.876843 |   1.876836 |   1.876574 |   1.876944 |   1.876651 |   1.876914 |   1.876825 |    1.876826 |    1.876789 |    1.876824 |    1.876839 |    1.876788 |    1.876807 |    1.876915 |    1.876808 |    1.876824 |    1.876571 |    1.876776 |    1.876803 |    1.876744 |    1.876803 |    1.876857 |    1.877997 |    1.878000 |    1.876875 |    1.876833 |    1.876806 |    1.878000 |    1.877077 |    1.876574 |    1.876811 |    1.876851 |    1.876574 |    1.876574 |    1.876637 |    1.876573 |    1.876587 |    1.876571 |    1.876636 |    1.876859 |    1.876878 |    1.876571 |    1.876799 |    1.876799 |    1.876881 |    1.876905 |    1.876572 |    1.876572 |    1.877238 |    1.876774 |    1.876802 |    1.876570 |    1.876868 |    1.876806 |    1.876650 |    1.876803 |    1.876814 |    1.876631 |    1.876631 |    1.876607 |    1.876808 |    1.876631 |    1.876604 |    1.876605 |    1.876632 |    1.876573 |    1.877106 |    1.876604 |    1.876630 |    1.876629 |    1.876606 |    1.876606 |    1.876742 |    1.876637 |    1.876587 |    1.876587 |    1.876587 |    1.876809 |    1.876605 |    1.876683 |    1.876792 |    1.876648 |    1.876636 |    1.876648 |    1.876684 |    1.876626 |    1.876628 |    1.876648 |    1.876626 |    1.876792 |    1.876627 |    1.876571 |    1.876777 |    1.877061 |    1.877102 |    1.877102 |    1.876807 |     1.876789 |     1.876997 |     1.876792 |     1.876853 |     1.876636 |     1.876602 |     1.876897 |     1.876606 |     1.876606 |     1.876636 |     1.876632 |     1.876636 |     1.876595 |     1.878003 |     1.876791 |     1.877938 |     1.876805 |     1.877928 |     1.876804 |     1.877683 |     1.877229 |     1.876803 |     1.876803 |     1.876622 |     1.876775 |     1.876775 |     1.876622 |     1.876633 |
|     call count    |          1 |          1 |          1 |          1 |          1 |          1 |          1 |          1 |          1 |          1 |           1 |           1 |           1 |           1 |           1 |           1 |           1 |           1 |           1 |           1 |           1 |           1 |           1 |           1 |           1 |           1 |           1 |           1 |           1 |           1 |           1 |           1 |           1 |           1 |           1 |           1 |           1 |           1 |           1 |           1 |           1 |           1 |           1 |           1 |           1 |           1 |           1 |           1 |           1 |           1 |           1 |           1 |           1 |           1 |           1 |           1 |           1 |           1 |           1 |           1 |           1 |           1 |           1 |           1 |           1 |           1 |           1 |           1 |           1 |           1 |           1 |           1 |           1 |           1 |           1 |           1 |           1 |           1 |           1 |           1 |           1 |           1 |           1 |           1 |           1 |           1 |           1 |           1 |           1 |           1 |           1 |           1 |           1 |           1 |           1 |           1 |           1 |           1 |           1 |           1 |            1 |            1 |            1 |            1 |            1 |            1 |            1 |            1 |            1 |            1 |            1 |            1 |            1 |            1 |            1 |            1 |            1 |            1 |            1 |            1 |            1 |            1 |            1 |            1 |            1 |            1 |            1 |            1 |
+-------------------+------------+------------+------------+------------+------------+------------+------------+------------+------------+------------+-------------+-------------+-------------+-------------+-------------+-------------+-------------+-------------+-------------+-------------+-------------+-------------+-------------+-------------+-------------+-------------+-------------+-------------+-------------+-------------+-------------+-------------+-------------+-------------+-------------+-------------+-------------+-------------+-------------+-------------+-------------+-------------+-------------+-------------+-------------+-------------+-------------+-------------+-------------+-------------+-------------+-------------+-------------+-------------+-------------+-------------+-------------+-------------+-------------+-------------+-------------+-------------+-------------+-------------+-------------+-------------+-------------+-------------+-------------+-------------+-------------+-------------+-------------+-------------+-------------+-------------+-------------+-------------+-------------+-------------+-------------+-------------+-------------+-------------+-------------+-------------+-------------+-------------+-------------+-------------+-------------+-------------+-------------+-------------+-------------+-------------+-------------+-------------+-------------+-------------+--------------+--------------+--------------+--------------+--------------+--------------+--------------+--------------+--------------+--------------+--------------+--------------+--------------+--------------+--------------+--------------+--------------+--------------+--------------+--------------+--------------+--------------+--------------+--------------+--------------+--------------+--------------+--------------+
+----------------------------+---------+-------------+-------------+-------------+-------------+-------------+-------------+-------------+-------------+-------------+-------------+-------------+-------------+-------------+-------------+-------------+-------------+-------------+-------------+-------------+-------------+-------------+-------------+-------------+-------------+-------------+-------------+-------------+-------------+-------------+-------------+-------------+-------------+-------------+-------------+-------------+-------------+-------------+-------------+-------------+-------------+-------------+-------------+-------------+-------------+-------------+-------------+-------------+-------------+-------------+-------------+-------------+-------------+-------------+-------------+-------------+-------------+-------------+-------------+-------------+-------------+-------------+-------------+-------------+-------------+-------------+-------------+-------------+-------------+-------------+-------------+-------------+-------------+-------------+-------------+-------------+-------------+-------------+-------------+-------------+-------------+-------------+-------------+-------------+-------------+-------------+-------------+-------------+-------------+-------------+-------------+-------------+-------------+-------------+-------------+-------------+-------------+-------------+-------------+-------------+-------------+--------------+--------------+--------------+--------------+--------------+--------------+--------------+--------------+--------------+--------------+--------------+--------------+--------------+--------------+--------------+--------------+--------------+--------------+--------------+--------------+--------------+--------------+--------------+--------------+--------------+--------------+--------------+--------------+
|            Event           | Counter |  HWThread 0 |  HWThread 1 |  HWThread 2 |  HWThread 3 |  HWThread 4 |  HWThread 5 |  HWThread 6 |  HWThread 7 |  HWThread 8 |  HWThread 9 | HWThread 10 | HWThread 11 | HWThread 12 | HWThread 13 | HWThread 14 | HWThread 15 | HWThread 16 | HWThread 17 | HWThread 18 | HWThread 19 | HWThread 20 | HWThread 21 | HWThread 22 | HWThread 23 | HWThread 24 | HWThread 25 | HWThread 26 | HWThread 27 | HWThread 28 | HWThread 29 | HWThread 30 | HWThread 31 | HWThread 32 | HWThread 33 | HWThread 34 | HWThread 35 | HWThread 36 | HWThread 37 | HWThread 38 | HWThread 39 | HWThread 40 | HWThread 41 | HWThread 42 | HWThread 43 | HWThread 44 | HWThread 45 | HWThread 46 | HWThread 47 | HWThread 48 | HWThread 49 | HWThread 50 | HWThread 51 | HWThread 52 | HWThread 53 | HWThread 54 | HWThread 55 | HWThread 56 | HWThread 57 | HWThread 58 | HWThread 59 | HWThread 60 | HWThread 61 | HWThread 62 | HWThread 63 | HWThread 64 | HWThread 65 | HWThread 66 | HWThread 67 | HWThread 68 | HWThread 69 | HWThread 70 | HWThread 71 | HWThread 72 | HWThread 73 | HWThread 74 | HWThread 75 | HWThread 76 | HWThread 77 | HWThread 78 | HWThread 79 | HWThread 80 | HWThread 81 | HWThread 82 | HWThread 83 | HWThread 84 | HWThread 85 | HWThread 86 | HWThread 87 | HWThread 88 | HWThread 89 | HWThread 90 | HWThread 91 | HWThread 92 | HWThread 93 | HWThread 94 | HWThread 95 | HWThread 96 | HWThread 97 | HWThread 98 | HWThread 99 | HWThread 100 | HWThread 101 | HWThread 102 | HWThread 103 | HWThread 104 | HWThread 105 | HWThread 106 | HWThread 107 | HWThread 108 | HWThread 109 | HWThread 110 | HWThread 111 | HWThread 112 | HWThread 113 | HWThread 114 | HWThread 115 | HWThread 116 | HWThread 117 | HWThread 118 | HWThread 119 | HWThread 120 | HWThread 121 | HWThread 122 | HWThread 123 | HWThread 124 | HWThread 125 | HWThread 126 | HWThread 127 |
+----------------------------+---------+-------------+-------------+-------------+-------------+-------------+-------------+-------------+-------------+-------------+-------------+-------------+-------------+-------------+-------------+-------------+-------------+-------------+-------------+-------------+-------------+-------------+-------------+-------------+-------------+-------------+-------------+-------------+-------------+-------------+-------------+-------------+-------------+-------------+-------------+-------------+-------------+-------------+-------------+-------------+-------------+-------------+-------------+-------------+-------------+-------------+-------------+-------------+-------------+-------------+-------------+-------------+-------------+-------------+-------------+-------------+-------------+-------------+-------------+-------------+-------------+-------------+-------------+-------------+-------------+-------------+-------------+-------------+-------------+-------------+-------------+-------------+-------------+-------------+-------------+-------------+-------------+-------------+-------------+-------------+-------------+-------------+-------------+-------------+-------------+-------------+-------------+-------------+-------------+-------------+-------------+-------------+-------------+-------------+-------------+-------------+-------------+-------------+-------------+-------------+-------------+--------------+--------------+--------------+--------------+--------------+--------------+--------------+--------------+--------------+--------------+--------------+--------------+--------------+--------------+--------------+--------------+--------------+--------------+--------------+--------------+--------------+--------------+--------------+--------------+--------------+--------------+--------------+--------------+
|      ACTUAL_CPU_CLOCK      |  FIXC1  |  4534518000 |  4534064000 |  4535271000 |  4534815000 |  4534828000 |  4534702000 |  4535351000 |  4534129000 |  4510643000 |  4510655000 |  4511059000 |  4510439000 |  4511003000 |  4510729000 |  4510986000 |  4510648000 |  4550799000 |  4550918000 |  4551133000 |  4550223000 |  4551108000 |  4551143000 |  4550479000 |  4550839000 |  4519137000 |  4519407000 |  4519430000 |  4519600000 |  4519200000 |  4519000000 |  4519824000 |  4519650000 |  4511569000 |  4512134000 |  4512026000 |  4511592000 |  4511623000 |  4511407000 |  4511104000 |  4511655000 |  4529834000 |  4529247000 |  4530245000 |  4530255000 |  4529645000 |  4530188000 |  4530468000 |  4530248000 |  4533608000 |  4532803000 |  4532759000 |  4533774000 |  4533287000 |  4533522000 |  4532788000 |  4533364000 |  4520047000 |  4519624000 |  4520129000 |  4520199000 |  4519548000 |  4519589000 |  4519664000 |  4520148000 |  4515733000 |  4516320000 |  4516302000 |  4516114000 |  4516178000 |  4517136000 |  4516175000 |  4516134000 |  4537085000 |  4536912000 |  4536557000 |  4536901000 |  4536867000 |  4536827000 |  4536859000 |  4536842000 |  4527546000 |  4526860000 |  4526646000 |  4527549000 |  4526996000 |  4526879000 |  4527550000 |  4527006000 |  4523121000 |  4522888000 |  4522962000 |  4522834000 |  4523424000 |  4522777000 |  4523122000 |  4523415000 |  4534245000 |  4534200000 |  4534417000 |  4533864000 |   4533672000 |   4533928000 |   4533904000 |   4534137000 |   4533638000 |   4533890000 |   4533728000 |   4533486000 |   4533848000 |   4533736000 |   4533682000 |   4533373000 |   4537039000 |   4538825000 |   4537707000 |   4538508000 |   4538249000 |   4538729000 |   4538538000 |   4538206000 |   4520598000 |   4520304000 |   4520385000 |   4519402000 |   4520384000 |   4520822000 |   4519749000 |   4520085000 |
|        MAX_CPU_CLOCK       |  FIXC2  |  5063051000 |  5063339000 |  5064558000 |  5063920000 |  5063967000 |  5062848000 |  5065022000 |  5063418000 |  5063946000 |  5063952000 |  5064546000 |  5063838000 |  5064488000 |  5064016000 |  5064494000 |  5063939000 |  5064406000 |  5064003000 |  5064493000 |  5063350000 |  5064527000 |  5064525000 |  5064035000 |  5063961000 |  5064007000 |  5064967000 |  5064957000 |  5064604000 |  5064033000 |  5063891000 |  5065580000 |  5065106000 |  5063914000 |  5064601000 |  5064482000 |  5063896000 |  5063989000 |  5063710000 |  5063171000 |  5063649000 |  5063987000 |  5062676000 |  5064027000 |  5064033000 |  5063276000 |  5063924000 |  5064407000 |  5064045000 |  5063679000 |  5062411000 |  5063289000 |  5064693000 |  5063344000 |  5063885000 |  5063284000 |  5063134000 |  5064479000 |  5063766000 |  5064169000 |  5064229000 |  5063691000 |  5063738000 |  5063948000 |  5064176000 |  5063419000 |  5063930000 |  5063881000 |  5064052000 |  5064132000 |  5065130000 |  5063887000 |  5063833000 |  5064089000 |  5063366000 |  5063330000 |  5063877000 |  5063322000 |  5063267000 |  5063229000 |  5063314000 |  5064201000 |  5063670000 |  5063207000 |  5064211000 |  5063804000 |  5063685000 |  5064600000 |  5063781000 |  5063315000 |  5063353000 |  5063415000 |  5063269000 |  5063834000 |  5063314000 |  5063490000 |  5063796000 |  5064845000 |  5065045000 |  5065150000 |  5064008000 |   5063941000 |   5064638000 |   5064437000 |   5064555000 |   5063950000 |   5063912000 |   5063788000 |   5063267000 |   5063864000 |   5063691000 |   5064003000 |   5063472000 |   5063320000 |   5065593000 |   5063866000 |   5065248000 |   5064584000 |   5065499000 |   5064610000 |   5064948000 |   5064206000 |   5063750000 |   5063777000 |   5062413000 |   5063823000 |   5064305000 |   5063353000 |   5063875000 |
|    RETIRED_INSTRUCTIONS    |   PMC0  | 11846980000 | 11848270000 | 11848180000 | 11848240000 | 11847420000 | 11847920000 | 11848100000 | 11848050000 | 11842540000 | 11843190000 | 11843110000 | 11843300000 | 11842540000 | 11843210000 | 11843110000 | 11843110000 | 11849600000 | 11850500000 | 11850840000 | 11850670000 | 11849530000 | 11850580000 | 11850430000 | 11850240000 | 11844560000 | 11846220000 | 11846330000 | 11845440000 | 11844410000 | 11845050000 | 11846110000 | 11845350000 | 11840930000 | 11844480000 | 11843770000 | 11842670000 | 11841000000 | 11843340000 | 11843050000 | 11843380000 | 11844350000 | 11846560000 | 11847290000 | 11846600000 | 11843970000 | 11846450000 | 11846250000 | 11846350000 | 11844680000 | 11847020000 | 11846850000 | 11847870000 | 11844670000 | 11847100000 | 11846710000 | 11846920000 | 11843400000 | 11842590000 | 11842620000 | 11842600000 | 11840640000 | 11842550000 | 11842580000 | 11821480000 | 11839900000 | 11843900000 | 11843930000 | 11844020000 | 11840000000 | 11845060000 | 11843730000 | 11844000000 | 11844110000 | 11847810000 | 11847890000 | 11847930000 | 11844490000 | 11847720000 | 11848270000 | 11847450000 | 11842790000 | 11846070000 | 11846060000 | 11846370000 | 11841960000 | 11845950000 | 11845720000 | 11845850000 | 11839970000 | 11844150000 | 11844090000 | 11843460000 | 11840130000 | 11843520000 | 11843350000 | 11823730000 | 11815130000 | 11848660000 | 11848640000 | 11848230000 |  11842830000 |  11848190000 |  11848260000 |  11848190000 |  11843560000 |  11814230000 |  11847710000 |  11848120000 |  11842230000 |  11848150000 |  11811680000 |  11814130000 |  11844870000 |  11818010000 |  11849320000 |  11850120000 |  11843660000 |  11850050000 |  11849140000 |  11849810000 |  11843020000 |  11842450000 |  11842130000 |  11841490000 |  11837400000 |  11842010000 |  11842100000 |  11819430000 |
|     CPU_CLOCKS_UNHALTED    |   PMC1  |  4507737000 |  4513110000 |  4512893000 |  4513613000 |  4513653000 |  4512608000 |  4512980000 |  4512583000 |  4486027000 |  4485301000 |  4485533000 |  4485493000 |  4485833000 |  4485729000 |  4485313000 |  4485352000 |  4526840000 |  4526406000 |  4527008000 |  4526313000 |  4525989000 |  4526454000 |  4525952000 |  4525391000 |  4493783000 |  4495914000 |  4496237000 |  4494085000 |  4493656000 |  4492776000 |  4496041000 |  4494094000 |  4487146000 |  4488306000 |  4487289000 |  4486016000 |  4486868000 |  4486787000 |  4485273000 |  4486978000 |  4504449000 |  4504438000 |  4504892000 |  4504815000 |  4504044000 |  4504118000 |  4503278000 |  4504364000 |  4507314000 |  4507398000 |  4506297000 |  4508467000 |  4507494000 |  4507481000 |  4506723000 |  4507298000 |  4491486000 |  4491659000 |  4492062000 |  4492170000 |  4491589000 |  4491239000 |  4491249000 |  4491442000 |  4489561000 |  4489678000 |  4490022000 |  4490209000 |  4489827000 |  4490712000 |  4489595000 |  4490172000 |  4511969000 |  4511845000 |  4512023000 |  4512381000 |  4511473000 |  4511305000 |  4511121000 |  4511172000 |  4502201000 |  4501876000 |  4502033000 |  4502052000 |  4501880000 |  4501718000 |  4500564000 |  4501379000 |  4496172000 |  4496218000 |  4496148000 |  4495956000 |  4496319000 |  4495784000 |  4495377000 |  4495335000 |  4510965000 |  4511860000 |  4511933000 |  4510719000 |   4511537000 |   4511449000 |   4510954000 |   4511589000 |   4510955000 |   4510221000 |   4511188000 |   4510891000 |   4510767000 |   4510889000 |   4510273000 |   4510250000 |   4514873000 |   4516864000 |   4514777000 |   4517422000 |   4514928000 |   4517324000 |   4514528000 |   4516363000 |   4495818000 |   4494639000 |   4494524000 |   4494072000 |   4494660000 |   4494086000 |   4493466000 |   4493761000 |
| REQUESTS_TO_L2_GRP1_RD_ANY |   PMC2  |  1074381000 |  1074176000 |  1074224000 |  1074216000 |  1074361000 |  1074210000 |  1074234000 |  1074255000 |  1074349000 |  1074196000 |  1074174000 |  1074235000 |  1074330000 |  1074195000 |  1074197000 |  1074189000 |  1074337000 |  1074198000 |  1074233000 |  1074250000 |  1074397000 |  1074160000 |  1074220000 |  1074210000 |  1074366000 |  1074238000 |  1074212000 |  1074248000 |  1074357000 |  1074229000 |  1074185000 |  1074203000 |  1074684000 |  1074270000 |  1074240000 |  1074267000 |  1074565000 |  1074222000 |  1074240000 |  1074232000 |  1074618000 |  1074229000 |  1074244000 |  1074242000 |  1074697000 |  1074222000 |  1074225000 |  1074240000 |  1074720000 |  1074236000 |  1074269000 |  1074233000 |  1074691000 |  1074210000 |  1074237000 |  1074247000 |  1074243000 |  1074270000 |  1074270000 |  1074275000 |  1074678000 |  1074250000 |  1074234000 |  1074503000 |  1074830000 |  1074237000 |  1074257000 |  1074263000 |  1075019000 |  1074240000 |  1074247000 |  1074220000 |  1074910000 |  1074220000 |  1074263000 |  1074265000 |  1074825000 |  1074242000 |  1074265000 |  1074265000 |  1074770000 |  1074263000 |  1074244000 |  1074235000 |  1075002000 |  1074232000 |  1074240000 |  1074244000 |  1074835000 |  1074264000 |  1074237000 |  1074255000 |  1074797000 |  1074244000 |  1074244000 |  1074370000 |  1074561000 |  1074253000 |  1074264000 |  1074242000 |   1075296000 |   1074238000 |   1074242000 |   1074268000 |   1075060000 |   1074274000 |   1074247000 |   1074256000 |   1075253000 |   1074229000 |   1074258000 |   1074265000 |   1074842000 |   1074278000 |   1074242000 |   1074234000 |   1075311000 |   1074215000 |   1074239000 |   1074220000 |   1074245000 |   1074245000 |   1074283000 |   1074260000 |   1075250000 |   1074251000 |   1074256000 |   1074587000 |
|     L2_PF_HIT_IN_L2_ALL    |   PMC3  |  2251751000 |  2314163000 |  2317105000 |  2311450000 |  2298391000 |  2311162000 |  2286811000 |  2293202000 |  2296593000 |  2293596000 |  2296070000 |  2283932000 |  2297861000 |  2321159000 |  2300838000 |  2313952000 |  2301967000 |  2309729000 |  2301442000 |  2301617000 |  2283941000 |  2296056000 |  2290435000 |  2280174000 |  2295500000 |  2303189000 |  2302086000 |  2300358000 |  2293812000 |  2228791000 |  2259042000 |  2160939000 |  2277199000 |  2277322000 |  2302510000 |  2300522000 |  2288577000 |  2291106000 |  2233902000 |  2281932000 |  2275297000 |  2299528000 |  2317160000 |  2298937000 |  2275217000 |  2303493000 |  2226484000 |  2302348000 |  2289154000 |  2283118000 |  2229602000 |  2302018000 |  2258035000 |  2297538000 |  2296136000 |  2316386000 |  2308919000 |  2299222000 |  2289958000 |  2272205000 |  2280886000 |  2232400000 |  2270502000 |  1556291000 |  2262450000 |  2273948000 |  2295973000 |  2305268000 |  2273986000 |  2287072000 |  2271964000 |  2301590000 |  2286216000 |  2265477000 |  2296485000 |  2293106000 |  2279034000 |  2300981000 |  2291206000 |  2274456000 |  2278933000 |  2276836000 |  2301788000 |  2301231000 |  2265903000 |  2263809000 |  2297054000 |  2307387000 |  2266609000 |  2251382000 |  2300419000 |  2277157000 |  2268826000 |  2291037000 |  2290296000 |  1572015000 |  1693422000 |  2279330000 |  2289775000 |  2147164000 |   2245509000 |   2282382000 |   2251832000 |   2292927000 |   2246344000 |   1867274000 |   2289441000 |   2270607000 |   2276247000 |   2289876000 |   1910896000 |   1857910000 |   2298570000 |   1892423000 |   2294052000 |   2294049000 |   2237542000 |   2298734000 |   2291798000 |   2282019000 |   2278072000 |   1936491000 |   2285244000 |   2292972000 |   1996441000 |   2301898000 |   2262509000 |   1561115000 |
+----------------------------+---------+-------------+-------------+-------------+-------------+-------------+-------------+-------------+-------------+-------------+-------------+-------------+-------------+-------------+-------------+-------------+-------------+-------------+-------------+-------------+-------------+-------------+-------------+-------------+-------------+-------------+-------------+-------------+-------------+-------------+-------------+-------------+-------------+-------------+-------------+-------------+-------------+-------------+-------------+-------------+-------------+-------------+-------------+-------------+-------------+-------------+-------------+-------------+-------------+-------------+-------------+-------------+-------------+-------------+-------------+-------------+-------------+-------------+-------------+-------------+-------------+-------------+-------------+-------------+-------------+-------------+-------------+-------------+-------------+-------------+-------------+-------------+-------------+-------------+-------------+-------------+-------------+-------------+-------------+-------------+-------------+-------------+-------------+-------------+-------------+-------------+-------------+-------------+-------------+-------------+-------------+-------------+-------------+-------------+-------------+-------------+-------------+-------------+-------------+-------------+-------------+--------------+--------------+--------------+--------------+--------------+--------------+--------------+--------------+--------------+--------------+--------------+--------------+--------------+--------------+--------------+--------------+--------------+--------------+--------------+--------------+--------------+--------------+--------------+--------------+--------------+--------------+--------------+--------------+
+---------------------------------+---------+---------------+-------------+-------------+--------------+
|              Event              | Counter |      Sum      |     Min     |     Max     |      Avg     |
+---------------------------------+---------+---------------+-------------+-------------+--------------+
|      ACTUAL_CPU_CLOCK STAT      |  FIXC1  |  579519618000 |  4510439000 |  4551143000 | 4.527497e+09 |
|        MAX_CPU_CLOCK STAT       |  FIXC2  |  648188228000 |  5062411000 |  5065593000 | 5.063971e+09 |
|    RETIRED_INSTRUCTIONS STAT    |   PMC0  | 1515980180000 | 11811680000 | 11850840000 | 1.184360e+10 |
|     CPU_CLOCKS_UNHALTED STAT    |   PMC1  |  576323748000 |  4485273000 |  4527008000 | 4.502529e+09 |
| REQUESTS_TO_L2_GRP1_RD_ANY STAT |   PMC2  |  137518176000 |  1074160000 |  1075311000 |   1074360750 |
|     L2_PF_HIT_IN_L2_ALL STAT    |   PMC3  |  287295777000 |  1556291000 |  2321159000 | 2.244498e+09 |
+---------------------------------+---------+---------------+-------------+-------------+--------------+
+-------------------------------+------------+------------+------------+------------+------------+------------+------------+------------+------------+------------+-------------+-------------+-------------+-------------+-------------+-------------+-------------+-------------+-------------+-------------+-------------+-------------+-------------+-------------+-------------+-------------+-------------+-------------+-------------+-------------+-------------+-------------+-------------+-------------+-------------+-------------+-------------+-------------+-------------+-------------+-------------+-------------+-------------+-------------+-------------+-------------+-------------+-------------+-------------+-------------+-------------+-------------+-------------+-------------+-------------+-------------+-------------+-------------+-------------+-------------+-------------+-------------+-------------+-------------+-------------+-------------+-------------+-------------+-------------+-------------+-------------+-------------+-------------+-------------+-------------+-------------+-------------+-------------+-------------+-------------+-------------+-------------+-------------+-------------+-------------+-------------+-------------+-------------+-------------+-------------+-------------+-------------+-------------+-------------+-------------+-------------+-------------+-------------+-------------+-------------+--------------+--------------+--------------+--------------+--------------+--------------+--------------+--------------+--------------+--------------+--------------+--------------+--------------+--------------+--------------+--------------+--------------+--------------+--------------+--------------+--------------+--------------+--------------+--------------+--------------+--------------+--------------+--------------+
|             Metric            | HWThread 0 | HWThread 1 | HWThread 2 | HWThread 3 | HWThread 4 | HWThread 5 | HWThread 6 | HWThread 7 | HWThread 8 | HWThread 9 | HWThread 10 | HWThread 11 | HWThread 12 | HWThread 13 | HWThread 14 | HWThread 15 | HWThread 16 | HWThread 17 | HWThread 18 | HWThread 19 | HWThread 20 | HWThread 21 | HWThread 22 | HWThread 23 | HWThread 24 | HWThread 25 | HWThread 26 | HWThread 27 | HWThread 28 | HWThread 29 | HWThread 30 | HWThread 31 | HWThread 32 | HWThread 33 | HWThread 34 | HWThread 35 | HWThread 36 | HWThread 37 | HWThread 38 | HWThread 39 | HWThread 40 | HWThread 41 | HWThread 42 | HWThread 43 | HWThread 44 | HWThread 45 | HWThread 46 | HWThread 47 | HWThread 48 | HWThread 49 | HWThread 50 | HWThread 51 | HWThread 52 | HWThread 53 | HWThread 54 | HWThread 55 | HWThread 56 | HWThread 57 | HWThread 58 | HWThread 59 | HWThread 60 | HWThread 61 | HWThread 62 | HWThread 63 | HWThread 64 | HWThread 65 | HWThread 66 | HWThread 67 | HWThread 68 | HWThread 69 | HWThread 70 | HWThread 71 | HWThread 72 | HWThread 73 | HWThread 74 | HWThread 75 | HWThread 76 | HWThread 77 | HWThread 78 | HWThread 79 | HWThread 80 | HWThread 81 | HWThread 82 | HWThread 83 | HWThread 84 | HWThread 85 | HWThread 86 | HWThread 87 | HWThread 88 | HWThread 89 | HWThread 90 | HWThread 91 | HWThread 92 | HWThread 93 | HWThread 94 | HWThread 95 | HWThread 96 | HWThread 97 | HWThread 98 | HWThread 99 | HWThread 100 | HWThread 101 | HWThread 102 | HWThread 103 | HWThread 104 | HWThread 105 | HWThread 106 | HWThread 107 | HWThread 108 | HWThread 109 | HWThread 110 | HWThread 111 | HWThread 112 | HWThread 113 | HWThread 114 | HWThread 115 | HWThread 116 | HWThread 117 | HWThread 118 | HWThread 119 | HWThread 120 | HWThread 121 | HWThread 122 | HWThread 123 | HWThread 124 | HWThread 125 | HWThread 126 | HWThread 127 |
+-------------------------------+------------+------------+------------+------------+------------+------------+------------+------------+------------+------------+-------------+-------------+-------------+-------------+-------------+-------------+-------------+-------------+-------------+-------------+-------------+-------------+-------------+-------------+-------------+-------------+-------------+-------------+-------------+-------------+-------------+-------------+-------------+-------------+-------------+-------------+-------------+-------------+-------------+-------------+-------------+-------------+-------------+-------------+-------------+-------------+-------------+-------------+-------------+-------------+-------------+-------------+-------------+-------------+-------------+-------------+-------------+-------------+-------------+-------------+-------------+-------------+-------------+-------------+-------------+-------------+-------------+-------------+-------------+-------------+-------------+-------------+-------------+-------------+-------------+-------------+-------------+-------------+-------------+-------------+-------------+-------------+-------------+-------------+-------------+-------------+-------------+-------------+-------------+-------------+-------------+-------------+-------------+-------------+-------------+-------------+-------------+-------------+-------------+-------------+--------------+--------------+--------------+--------------+--------------+--------------+--------------+--------------+--------------+--------------+--------------+--------------+--------------+--------------+--------------+--------------+--------------+--------------+--------------+--------------+--------------+--------------+--------------+--------------+--------------+--------------+--------------+--------------+
|      Runtime (RDTSC) [s]      |     1.8768 |     1.8766 |     1.8768 |     1.8768 |     1.8768 |     1.8766 |     1.8769 |     1.8767 |     1.8769 |     1.8768 |      1.8768 |      1.8768 |      1.8768 |      1.8768 |      1.8768 |      1.8768 |      1.8769 |      1.8768 |      1.8768 |      1.8766 |      1.8768 |      1.8768 |      1.8767 |      1.8768 |      1.8769 |      1.8780 |      1.8780 |      1.8769 |      1.8768 |      1.8768 |      1.8780 |      1.8771 |      1.8766 |      1.8768 |      1.8769 |      1.8766 |      1.8766 |      1.8766 |      1.8766 |      1.8766 |      1.8766 |      1.8766 |      1.8769 |      1.8769 |      1.8766 |      1.8768 |      1.8768 |      1.8769 |      1.8769 |      1.8766 |      1.8766 |      1.8772 |      1.8768 |      1.8768 |      1.8766 |      1.8769 |      1.8768 |      1.8766 |      1.8768 |      1.8768 |      1.8766 |      1.8766 |      1.8766 |      1.8768 |      1.8766 |      1.8766 |      1.8766 |      1.8766 |      1.8766 |      1.8771 |      1.8766 |      1.8766 |      1.8766 |      1.8766 |      1.8766 |      1.8767 |      1.8766 |      1.8766 |      1.8766 |      1.8766 |      1.8768 |      1.8766 |      1.8767 |      1.8768 |      1.8766 |      1.8766 |      1.8766 |      1.8767 |      1.8766 |      1.8766 |      1.8766 |      1.8766 |      1.8768 |      1.8766 |      1.8766 |      1.8768 |      1.8771 |      1.8771 |      1.8771 |      1.8768 |       1.8768 |       1.8770 |       1.8768 |       1.8769 |       1.8766 |       1.8766 |       1.8769 |       1.8766 |       1.8766 |       1.8766 |       1.8766 |       1.8766 |       1.8766 |       1.8780 |       1.8768 |       1.8779 |       1.8768 |       1.8779 |       1.8768 |       1.8777 |       1.8772 |       1.8768 |       1.8768 |       1.8766 |       1.8768 |       1.8768 |       1.8766 |       1.8766 |
|      Runtime unhalted [s]     |     1.6824 |     1.6823 |     1.6827 |     1.6826 |     1.6826 |     1.6825 |     1.6828 |     1.6823 |     1.6736 |     1.6736 |      1.6737 |      1.6735 |      1.6737 |      1.6736 |      1.6737 |      1.6736 |      1.6885 |      1.6885 |      1.6886 |      1.6883 |      1.6886 |      1.6886 |      1.6884 |      1.6885 |      1.6767 |      1.6768 |      1.6769 |      1.6769 |      1.6768 |      1.6767 |      1.6770 |      1.6769 |      1.6739 |      1.6741 |      1.6741 |      1.6739 |      1.6740 |      1.6739 |      1.6738 |      1.6740 |      1.6807 |      1.6805 |      1.6809 |      1.6809 |      1.6806 |      1.6808 |      1.6809 |      1.6809 |      1.6821 |      1.6818 |      1.6818 |      1.6822 |      1.6820 |      1.6821 |      1.6818 |      1.6820 |      1.6771 |      1.6769 |      1.6771 |      1.6771 |      1.6769 |      1.6769 |      1.6769 |      1.6771 |      1.6755 |      1.6757 |      1.6757 |      1.6756 |      1.6756 |      1.6760 |      1.6756 |      1.6756 |      1.6834 |      1.6833 |      1.6832 |      1.6833 |      1.6833 |      1.6833 |      1.6833 |      1.6833 |      1.6799 |      1.6796 |      1.6795 |      1.6799 |      1.6797 |      1.6796 |      1.6799 |      1.6797 |      1.6782 |      1.6781 |      1.6782 |      1.6781 |      1.6783 |      1.6781 |      1.6782 |      1.6783 |      1.6823 |      1.6823 |      1.6824 |      1.6822 |       1.6821 |       1.6822 |       1.6822 |       1.6823 |       1.6821 |       1.6822 |       1.6822 |       1.6821 |       1.6822 |       1.6822 |       1.6821 |       1.6820 |       1.6834 |       1.6840 |       1.6836 |       1.6839 |       1.6838 |       1.6840 |       1.6839 |       1.6838 |       1.6773 |       1.6772 |       1.6772 |       1.6768 |       1.6772 |       1.6774 |       1.6770 |       1.6771 |
|          Clock [MHz]          |  2413.8376 |  2413.4587 |  2413.5201 |  2413.5815 |  2413.5660 |  2414.0324 |  2413.3416 |  2413.4556 |  2400.7040 |  2400.7075 |   2400.6410 |   2400.6466 |   2400.6387 |   2400.7166 |   2400.6268 |   2400.7100 |   2421.8563 |   2422.1123 |   2421.9924 |   2422.0548 |   2421.9628 |   2421.9824 |   2421.8634 |   2422.0904 |   2405.1958 |   2404.8836 |   2404.9006 |   2405.1587 |   2405.2170 |   2405.1780 |   2404.8144 |   2404.9469 |   2401.2120 |   2401.1870 |   2401.1859 |   2401.2328 |   2401.2052 |   2401.2225 |   2401.3169 |   2401.3835 |   2410.8985 |   2411.2103 |   2411.0982 |   2411.1007 |   2411.1365 |   2411.1169 |   2411.0360 |   2411.0912 |   2413.0539 |   2413.2297 |   2412.7878 |   2412.6591 |   2413.0427 |   2412.9100 |   2412.8057 |   2413.1838 |   2405.4559 |   2405.5695 |   2405.6468 |   2405.6555 |   2405.5646 |   2405.5641 |   2405.5043 |   2405.6536 |   2403.6632 |   2403.7331 |   2403.7467 |   2403.5655 |   2403.5616 |   2403.5978 |   2403.6763 |   2403.6801 |   2414.7091 |   2414.9618 |   2414.7900 |   2414.7122 |   2414.9588 |   2414.9637 |   2414.9989 |   2414.9493 |   2409.5790 |   2409.4665 |   2409.5729 |   2409.5758 |   2409.4751 |   2409.4695 |   2409.3913 |   2409.4914 |   2407.6452 |   2407.5031 |   2407.5130 |   2407.5143 |   2407.5597 |   2407.4625 |   2407.5625 |   2407.5730 |   2412.8374 |   2412.7181 |   2412.7836 |   2413.0334 |    2412.9631 |    2412.7673 |    2412.8503 |    2412.9180 |    2412.9407 |    2413.0930 |    2413.0658 |    2413.1853 |    2413.0935 |    2413.1163 |    2412.9389 |    2413.0275 |    2415.0513 |    2414.9179 |    2415.1464 |    2414.9137 |    2415.0925 |    2414.9116 |    2415.2339 |    2414.8960 |    2405.8788 |    2405.9390 |    2405.9693 |    2406.0942 |    2405.9469 |    2405.9510 |    2405.8322 |    2405.7630 |
|              CPI              |     0.3805 |     0.3809 |     0.3809 |     0.3810 |     0.3810 |     0.3809 |     0.3809 |     0.3809 |     0.3788 |     0.3787 |      0.3787 |      0.3787 |      0.3788 |      0.3788 |      0.3787 |      0.3787 |      0.3820 |      0.3820 |      0.3820 |      0.3819 |      0.3820 |      0.3820 |      0.3819 |      0.3819 |      0.3794 |      0.3795 |      0.3795 |      0.3794 |      0.3794 |      0.3793 |      0.3795 |      0.3794 |      0.3790 |      0.3789 |      0.3789 |      0.3788 |      0.3789 |      0.3788 |      0.3787 |      0.3789 |      0.3803 |      0.3802 |      0.3802 |      0.3803 |      0.3803 |      0.3802 |      0.3801 |      0.3802 |      0.3805 |      0.3805 |      0.3804 |      0.3805 |      0.3806 |      0.3805 |      0.3804 |      0.3805 |      0.3792 |      0.3793 |      0.3793 |      0.3793 |      0.3793 |      0.3792 |      0.3792 |      0.3799 |      0.3792 |      0.3791 |      0.3791 |      0.3791 |      0.3792 |      0.3791 |      0.3791 |      0.3791 |      0.3809 |      0.3808 |      0.3808 |      0.3809 |      0.3809 |      0.3808 |      0.3807 |      0.3808 |      0.3802 |      0.3800 |      0.3800 |      0.3800 |      0.3802 |      0.3800 |      0.3799 |      0.3800 |      0.3797 |      0.3796 |      0.3796 |      0.3796 |      0.3798 |      0.3796 |      0.3796 |      0.3802 |      0.3818 |      0.3808 |      0.3808 |      0.3807 |       0.3810 |       0.3808 |       0.3807 |       0.3808 |       0.3809 |       0.3818 |       0.3808 |       0.3807 |       0.3809 |       0.3807 |       0.3818 |       0.3818 |       0.3812 |       0.3822 |       0.3810 |       0.3812 |       0.3812 |       0.3812 |       0.3810 |       0.3811 |       0.3796 |       0.3795 |       0.3795 |       0.3795 |       0.3797 |       0.3795 |       0.3794 |       0.3802 |
|    L2 bandwidth [MBytes/s]    | 36636.3500 | 36634.4541 | 36631.1525 | 36630.5674 | 36635.6485 | 36635.6136 | 36629.2100 | 36635.6451 | 36633.7168 | 36630.2367 |  36629.4670 |  36632.2693 |  36634.8256 |  36629.9294 |  36630.9930 |  36630.3493 |  36633.2881 |  36630.6367 |  36631.5179 |  36637.0364 |  36638.0474 |  36629.4385 |  36632.6361 |  36631.1435 |  36635.4091 |  36608.8082 |  36607.8637 |  36631.0340 |  36635.5707 |  36631.7328 |  36606.9436 |  36625.5577 |  36651.7793 |  36633.0334 |  36631.2297 |  36637.5576 |  36647.7208 |  36634.7930 |  36636.6563 |  36636.1101 |  36649.5869 |  36635.0512 |  36631.2099 |  36630.7709 |  36652.2812 |  36631.6308 |  36631.7331 |  36630.6441 |  36646.5431 |  36636.5394 |  36637.6648 |  36623.4393 |  36648.1121 |  36631.1630 |  36636.6125 |  36631.1366 |  36632.2103 |  36636.1762 |  36633.1895 |  36633.1453 |  36650.4614 |  36635.8650 |  36635.7879 |  36641.0373 |  36655.6451 |  36635.9488 |  36636.6113 |  36636.2888 |  36663.2239 |  36626.2534 |  36636.2898 |  36634.8614 |  36658.4125 |  36635.3300 |  36636.7964 |  36634.2097 |  36655.3574 |  36636.4512 |  36637.2356 |  36637.2356 |  36650.1226 |  36636.8160 |  36634.6453 |  36632.2107 |  36661.1789 |  36635.1535 |  36635.1921 |  36634.6258 |  36655.9133 |  36636.4010 |  36635.0898 |  36636.1331 |  36651.3753 |  36635.7385 |  36636.8318 |  36637.1071 |  36638.0762 |  36626.7747 |  36627.1497 |  36632.1566 |   36668.4502 |   36628.3121 |   36632.4494 |   36632.1454 |   36663.3913 |   36637.2497 |   36630.5706 |   36636.5577 |   36670.5595 |   36635.0512 |   36636.1183 |   36636.2790 |   36656.7576 |   36610.0544 |   36632.4689 |   36609.8220 |   36668.6491 |   36609.3695 |   36632.1129 |   36614.3167 |   36624.0240 |   36632.3370 |   36633.6328 |   36636.3818 |   36667.1551 |   36633.0881 |   36636.2453 |   36647.3189 |
|    L2 data volume [GBytes]    |    68.7604 |    68.7473 |    68.7503 |    68.7498 |    68.7591 |    68.7494 |    68.7510 |    68.7523 |    68.7583 |    68.7485 |     68.7471 |     68.7510 |     68.7571 |     68.7485 |     68.7486 |     68.7481 |     68.7576 |     68.7487 |     68.7509 |     68.7520 |     68.7614 |     68.7462 |     68.7501 |     68.7494 |     68.7594 |     68.7512 |     68.7496 |     68.7519 |     68.7588 |     68.7507 |     68.7478 |     68.7490 |     68.7798 |     68.7533 |     68.7514 |     68.7531 |     68.7722 |     68.7502 |     68.7514 |     68.7508 |     68.7756 |     68.7507 |     68.7516 |     68.7515 |     68.7806 |     68.7502 |     68.7504 |     68.7514 |     68.7821 |     68.7511 |     68.7532 |     68.7509 |     68.7802 |     68.7494 |     68.7512 |     68.7518 |     68.7516 |     68.7533 |     68.7533 |     68.7536 |     68.7794 |     68.7520 |     68.7510 |     68.7682 |     68.7891 |     68.7512 |     68.7524 |     68.7528 |     68.8012 |     68.7514 |     68.7518 |     68.7501 |     68.7942 |     68.7501 |     68.7528 |     68.7530 |     68.7888 |     68.7515 |     68.7530 |     68.7530 |     68.7853 |     68.7528 |     68.7516 |     68.7510 |     68.8001 |     68.7508 |     68.7514 |     68.7516 |     68.7894 |     68.7529 |     68.7512 |     68.7523 |     68.7870 |     68.7516 |     68.7516 |     68.7597 |     68.7719 |     68.7522 |     68.7529 |     68.7515 |      68.8189 |      68.7512 |      68.7515 |      68.7532 |      68.8038 |      68.7535 |      68.7518 |      68.7524 |      68.8162 |      68.7507 |      68.7525 |      68.7530 |      68.7899 |      68.7538 |      68.7515 |      68.7510 |      68.8199 |      68.7498 |      68.7513 |      68.7501 |      68.7517 |      68.7517 |      68.7541 |      68.7526 |      68.8160 |      68.7521 |      68.7524 |      68.7736 |
| Prefetch bandwidth [MBytes/s] | 76784.6209 | 78923.8431 | 79013.5266 | 78820.0185 | 78375.0013 | 78821.4949 | 77975.6370 | 78205.7655 | 78310.4351 | 78211.9505 |  78296.2725 |  77883.9006 |  78357.4294 |  79151.2623 |  78460.4505 |  78906.8498 |  78493.6388 |  78762.8015 |  78479.5420 |  78496.0910 |  77884.7470 |  78296.7546 |  78107.5309 |  77755.1698 |  78275.5426 |  78490.0594 |  78452.3450 |  78440.4460 |  78218.9827 |  76002.8602 |  76985.4569 |  73678.4351 |  77663.1969 |  77657.5841 |  78514.8315 |  78458.6209 |  78051.2402 |  78134.8679 |  76186.6061 |  77824.0753 |  77598.4538 |  78422.1298 |  79014.0549 |  78391.8656 |  77595.7254 |  78550.5278 |  75924.4735 |  78508.0525 |  78057.1505 |  77865.1456 |  76039.9963 |  78481.8718 |  77001.4077 |  78347.3334 |  78309.2046 |  78987.2831 |  78735.2641 |  78411.1092 |  78088.8095 |  77482.9685 |  77786.5782 |  76133.0278 |  77433.4360 |  53070.2256 |  77157.8430 |  77551.0827 |  78302.1851 |  78618.0519 |  77553.6598 |  77977.8063 |  77483.4201 |  78492.7023 |  77968.4338 |  77262.1040 |  78319.6046 |  78198.6997 |  77723.1697 |  78473.7313 |  78140.3601 |  77569.1103 |  77712.6026 |  77649.5341 |  78497.2379 |  78473.6849 |  77274.9029 |  77203.9842 |  78337.2566 |  78688.1372 |  77299.8861 |  76780.5063 |  78452.0144 |  77659.6125 |  77368.6503 |  78132.9311 |  78109.9910 |  53607.3066 |  57738.6713 |  77714.0081 |  78070.1315 |  73219.3007 |   76573.6457 |   77822.4195 |   76789.1423 |   78187.9710 |   76608.3652 |   63681.8761 |   78067.2695 |   77437.0582 |   77629.4054 |   78092.9621 |   65168.5274 |   63361.3764 |   78391.1712 |   64491.4156 |   78228.9173 |   78181.0347 |   76301.3142 |   78341.1164 |   78151.5129 |   77781.6149 |   77665.8618 |   66035.3932 |   77928.0596 |   78199.1301 |   68080.7364 |   78497.1411 |   77160.2251 |   53239.6904 |
| Prefetch data volume [GBytes] |   144.1121 |   148.1064 |   148.2947 |   147.9328 |   147.0970 |   147.9144 |   146.3559 |   146.7649 |   146.9820 |   146.7901 |    146.9485 |    146.1716 |    147.0631 |    148.5542 |    147.2536 |    148.0929 |    147.3259 |    147.8227 |    147.2923 |    147.3035 |    146.1722 |    146.9476 |    146.5878 |    145.9311 |    146.9120 |    147.4041 |    147.3335 |    147.2229 |    146.8040 |    142.6426 |    144.5787 |    138.3001 |    145.7407 |    145.7486 |    147.3606 |    147.2334 |    146.4689 |    146.6308 |    142.9697 |    146.0436 |    145.6190 |    147.1698 |    148.2982 |    147.1320 |    145.6139 |    147.4236 |    142.4950 |    147.3503 |    146.5059 |    146.1196 |    142.6945 |    147.3292 |    144.5142 |    147.0424 |    146.9527 |    148.2487 |    147.7708 |    147.1502 |    146.5573 |    145.4211 |    145.9767 |    142.8736 |    145.3121 |     99.6026 |    144.7968 |    145.5327 |    146.9423 |    147.5372 |    145.5351 |    146.3726 |    145.4057 |    147.3018 |    146.3178 |    144.9905 |    146.9750 |    146.7588 |    145.8582 |    147.2628 |    146.6372 |    145.5652 |    145.8517 |    145.7175 |    147.3144 |    147.2788 |    145.0178 |    144.8838 |    147.0115 |    147.6728 |    145.0630 |    144.0884 |    147.2268 |    145.7380 |    145.2049 |    146.6264 |    146.5789 |    100.6090 |    108.3790 |    145.8771 |    146.5456 |    137.4185 |     143.7126 |     146.0724 |     144.1172 |     146.7473 |     143.7660 |     119.5055 |     146.5242 |     145.3188 |     145.6798 |     146.5521 |     122.2973 |     118.9062 |     147.1085 |     121.1151 |     146.8193 |     146.8191 |     143.2027 |     147.1190 |     146.6751 |     146.0492 |     145.7966 |     123.9354 |     146.2556 |     146.7502 |     127.7722 |     147.3215 |     144.8006 |      99.9114 |
+-------------------------------+------------+------------+------------+------------+------------+------------+------------+------------+------------+------------+-------------+-------------+-------------+-------------+-------------+-------------+-------------+-------------+-------------+-------------+-------------+-------------+-------------+-------------+-------------+-------------+-------------+-------------+-------------+-------------+-------------+-------------+-------------+-------------+-------------+-------------+-------------+-------------+-------------+-------------+-------------+-------------+-------------+-------------+-------------+-------------+-------------+-------------+-------------+-------------+-------------+-------------+-------------+-------------+-------------+-------------+-------------+-------------+-------------+-------------+-------------+-------------+-------------+-------------+-------------+-------------+-------------+-------------+-------------+-------------+-------------+-------------+-------------+-------------+-------------+-------------+-------------+-------------+-------------+-------------+-------------+-------------+-------------+-------------+-------------+-------------+-------------+-------------+-------------+-------------+-------------+-------------+-------------+-------------+-------------+-------------+-------------+-------------+-------------+-------------+--------------+--------------+--------------+--------------+--------------+--------------+--------------+--------------+--------------+--------------+--------------+--------------+--------------+--------------+--------------+--------------+--------------+--------------+--------------+--------------+--------------+--------------+--------------+--------------+--------------+--------------+--------------+--------------+
+------------------------------------+--------------+------------+------------+------------+
|               Metric               |      Sum     |     Min    |     Max    |     Avg    |
+------------------------------------+--------------+------------+------------+------------+
|      Runtime (RDTSC) [s] STAT      |     240.2308 |     1.8766 |     1.8780 |     1.8768 |
|      Runtime unhalted [s] STAT     |     215.0193 |     1.6735 |     1.6886 |     1.6798 |
|          Clock [MHz] STAT          |  308436.8084 |  2400.6268 |  2422.1123 |  2409.6626 |
|              CPI STAT              |      48.6607 |     0.3787 |     0.3822 |     0.3802 |
|    L2 bandwidth [MBytes/s] STAT    | 4.689434e+06 | 36606.9436 | 36670.5595 | 36636.2006 |
|    L2 data volume [GBytes] STAT    |    8801.1634 |    68.7462 |    68.8199 |    68.7591 |
| Prefetch bandwidth [MBytes/s] STAT | 9.796923e+06 | 53070.2256 | 79151.2623 | 76538.4582 |
| Prefetch data volume [GBytes] STAT |   18386.9294 |    99.6026 |   148.5542 |   143.6479 |
+------------------------------------+--------------+------------+------------+------------+
