--------------------------------------------------------------------------------
CPU name:	AMD EPYC 9755 128-Core Processor               
CPU type:	AMD K1A (Zen5) architecture
CPU clock:	2.70 GHz
--------------------------------------------------------------------------------
Region bench, Group 1: L2BW
+-------------------+------------+------------+------------+------------+------------+------------+------------+------------+------------+------------+-------------+-------------+-------------+-------------+-------------+-------------+-------------+-------------+-------------+-------------+-------------+-------------+-------------+-------------+-------------+-------------+-------------+-------------+-------------+-------------+-------------+-------------+
|    Region Info    | HWThread 0 | HWThread 1 | HWThread 2 | HWThread 3 | HWThread 4 | HWThread 5 | HWThread 6 | HWThread 7 | HWThread 8 | HWThread 9 | HWThread 10 | HWThread 11 | HWThread 12 | HWThread 13 | HWThread 14 | HWThread 15 | HWThread 16 | HWThread 17 | HWThread 18 | HWThread 19 | HWThread 20 | HWThread 21 | HWThread 22 | HWThread 23 | HWThread 24 | HWThread 25 | HWThread 26 | HWThread 27 | HWThread 28 | HWThread 29 | HWThread 30 | HWThread 31 |
+-------------------+------------+------------+------------+------------+------------+------------+------------+------------+------------+------------+-------------+-------------+-------------+-------------+-------------+-------------+-------------+-------------+-------------+-------------+-------------+-------------+-------------+-------------+-------------+-------------+-------------+-------------+-------------+-------------+-------------+-------------+
| RDTSC Runtime [s] |   2.420649 |   2.420707 |   2.420673 |   2.420727 |   2.420673 |   2.420731 |   2.420734 |   2.420726 |   2.420640 |   2.420650 |    2.420661 |    2.420648 |    2.420709 |    2.420708 |    2.420649 |    2.420648 |    2.420649 |    2.420709 |    2.420659 |    2.420674 |    2.420649 |    2.420648 |    2.420708 |    2.420645 |    2.420649 |    2.420647 |    2.420707 |    2.420709 |    2.420696 |    2.420658 |    2.420677 |    2.420733 |
|     call count    |          1 |          1 |          1 |          1 |          1 |          1 |          1 |          1 |          1 |          1 |           1 |           1 |           1 |           1 |           1 |           1 |           1 |           1 |           1 |           1 |           1 |           1 |           1 |           1 |           1 |           1 |           1 |           1 |           1 |           1 |           1 |           1 |
+-------------------+------------+------------+------------+------------+------------+------------+------------+------------+------------+------------+-------------+-------------+-------------+-------------+-------------+-------------+-------------+-------------+-------------+-------------+-------------+-------------+-------------+-------------+-------------+-------------+-------------+-------------+-------------+-------------+-------------+-------------+
+----------------------------+---------+------------+------------+------------+------------+------------+------------+------------+------------+------------+------------+-------------+-------------+-------------+-------------+-------------+-------------+-------------+-------------+-------------+-------------+-------------+-------------+-------------+-------------+-------------+-------------+-------------+-------------+-------------+-------------+-------------+-------------+
|            Event           | Counter | HWThread 0 | HWThread 1 | HWThread 2 | HWThread 3 | HWThread 4 | HWThread 5 | HWThread 6 | HWThread 7 | HWThread 8 | HWThread 9 | HWThread 10 | HWThread 11 | HWThread 12 | HWThread 13 | HWThread 14 | HWThread 15 | HWThread 16 | HWThread 17 | HWThread 18 | HWThread 19 | HWThread 20 | HWThread 21 | HWThread 22 | HWThread 23 | HWThread 24 | HWThread 25 | HWThread 26 | HWThread 27 | HWThread 28 | HWThread 29 | HWThread 30 | HWThread 31 |
+----------------------------+---------+------------+------------+------------+------------+------------+------------+------------+------------+------------+------------+-------------+-------------+-------------+-------------+-------------+-------------+-------------+-------------+-------------+-------------+-------------+-------------+-------------+-------------+-------------+-------------+-------------+-------------+-------------+-------------+-------------+-------------+
|      ACTUAL_CPU_CLOCK      |  FIXC1  | 5844801000 | 5845050000 | 5845106000 | 5844886000 | 5844777000 | 5844890000 | 5844941000 | 5844897000 | 5823029000 | 5823047000 |  5823099000 |  5822858000 |  5823051000 |  5823078000 |  5823008000 |  5823010000 |  5863932000 |  5863896000 |  5863767000 |  5863681000 |  5863987000 |  5863839000 |  5863917000 |  5863780000 |  5838350000 |  5838231000 |  5838311000 |  5838573000 |  5838341000 |  5838486000 |  5838256000 |  5838401000 |
|        MAX_CPU_CLOCK       |  FIXC2  | 6526226000 | 6526418000 | 6526449000 | 6526167000 | 6526142000 | 6526229000 | 6526238000 | 6526218000 | 6526219000 | 6526284000 |  6526271000 |  6526048000 |  6526192000 |  6526226000 |  6526270000 |  6526184000 |  6526371000 |  6526282000 |  6526078000 |  6526022000 |  6526471000 |  6526225000 |  6526303000 |  6526085000 |  6526176000 |  6526080000 |  6526157000 |  6526390000 |  6526251000 |  6526332000 |  6526097000 |  6526270000 |
|    RETIRED_INSTRUCTIONS    |   PMC0  | 3803636000 | 3776976000 | 3779987000 | 3777773000 | 3779371000 | 3779243000 | 3796945000 | 3774149000 | 3787296000 | 3761341000 |  3767134000 |  3764626000 |  3765889000 |  3765401000 |  3786742000 |  3759121000 |  3760057000 |  3765402000 |  3773477000 |  3770027000 |  3764796000 |  3766915000 |  3760008000 |  3763842000 |  3775308000 |  3768934000 |  3796150000 |  3775244000 |  3788480000 |  3772236000 |  3767835000 |  3766963000 |
|     CPU_CLOCKS_UNHALTED    |   PMC1  | 5797484000 | 5799106000 | 5798458000 | 5798455000 | 5799494000 | 5799893000 | 5798401000 | 5799720000 | 5775768000 | 5775125000 |  5775768000 |  5775685000 |  5775332000 |  5776188000 |  5775405000 |  5775446000 |  5816460000 |  5816733000 |  5815279000 |  5816421000 |  5816253000 |  5816098000 |  5816512000 |  5816588000 |  5791903000 |  5791890000 |  5792699000 |  5792084000 |  5792232000 |  5792333000 |  5791930000 |  5792454000 |
| REQUESTS_TO_L2_GRP1_RD_ANY |   PMC2  | 2148543000 | 2148860000 | 2148520000 | 2148554000 | 2148636000 | 2148965000 | 2148497000 | 2148965000 | 2148485000 | 2149001000 |  2148485000 |  2148658000 |  2148591000 |  2148907000 |  2148529000 |  2149513000 |  2149046000 |  2148933000 |  2148593000 |  2148923000 |  2149076000 |  2148870000 |  2149326000 |  2149066000 |  2148633000 |  2148925000 |  2148332000 |  2148619000 |  2148454000 |  2148848000 |  2149233000 |  2149091000 |
|     L2_PF_HIT_IN_L2_ALL    |   PMC3  |  885760700 | 1068438000 | 1067573000 | 1041667000 | 1067030000 | 1006711000 |  915964400 | 1083121000 |  948904300 | 1118064000 |  1088833000 |  1059431000 |  1117809000 |  1056922000 |   933176000 |  1141892000 |  1234921000 |  1128653000 |  1046830000 |  1053912000 |  1166542000 |  1077272000 |  1218944000 |  1124633000 |  1113445000 |  1114935000 |   887949800 |  1022342000 |   942401300 |  1055553000 |  1163227000 |  1125498000 |
+----------------------------+---------+------------+------------+------------+------------+------------+------------+------------+------------+------------+------------+-------------+-------------+-------------+-------------+-------------+-------------+-------------+-------------+-------------+-------------+-------------+-------------+-------------+-------------+-------------+-------------+-------------+-------------+-------------+-------------+-------------+-------------+
+---------------------------------+---------+--------------+------------+------------+--------------+
|              Event              | Counter |      Sum     |     Min    |     Max    |      Avg     |
+---------------------------------+---------+--------------+------------+------------+--------------+
|      ACTUAL_CPU_CLOCK STAT      |  FIXC1  | 186961276000 | 5822858000 | 5863987000 |   5842539875 |
|        MAX_CPU_CLOCK STAT       |  FIXC2  | 208839371000 | 6526022000 | 6526471000 | 6.526230e+09 |
|    RETIRED_INSTRUCTIONS STAT    |   PMC0  | 120761304000 | 3759121000 | 3803636000 |   3773790750 |
|     CPU_CLOCKS_UNHALTED STAT    |   PMC1  | 185463597000 | 5775125000 | 5816733000 | 5.795737e+09 |
| REQUESTS_TO_L2_GRP1_RD_ANY STAT |   PMC2  |  68761677000 | 2148332000 | 2149513000 | 2.148802e+09 |
|     L2_PF_HIT_IN_L2_ALL STAT    |   PMC3  |  34078354500 |  885760700 | 1234921000 | 1.064949e+09 |
+---------------------------------+---------+--------------+------------+------------+--------------+
+-------------------------------+------------+------------+------------+------------+------------+------------+------------+------------+------------+------------+-------------+-------------+-------------+-------------+-------------+-------------+-------------+-------------+-------------+-------------+-------------+-------------+-------------+-------------+-------------+-------------+-------------+-------------+-------------+-------------+-------------+-------------+
|             Metric            | HWThread 0 | HWThread 1 | HWThread 2 | HWThread 3 | HWThread 4 | HWThread 5 | HWThread 6 | HWThread 7 | HWThread 8 | HWThread 9 | HWThread 10 | HWThread 11 | HWThread 12 | HWThread 13 | HWThread 14 | HWThread 15 | HWThread 16 | HWThread 17 | HWThread 18 | HWThread 19 | HWThread 20 | HWThread 21 | HWThread 22 | HWThread 23 | HWThread 24 | HWThread 25 | HWThread 26 | HWThread 27 | HWThread 28 | HWThread 29 | HWThread 30 | HWThread 31 |
+-------------------------------+------------+------------+------------+------------+------------+------------+------------+------------+------------+------------+-------------+-------------+-------------+-------------+-------------+-------------+-------------+-------------+-------------+-------------+-------------+-------------+-------------+-------------+-------------+-------------+-------------+-------------+-------------+-------------+-------------+-------------+
|      Runtime (RDTSC) [s]      |     2.4206 |     2.4207 |     2.4207 |     2.4207 |     2.4207 |     2.4207 |     2.4207 |     2.4207 |     2.4206 |     2.4207 |      2.4207 |      2.4206 |      2.4207 |      2.4207 |      2.4206 |      2.4206 |      2.4206 |      2.4207 |      2.4207 |      2.4207 |      2.4206 |      2.4206 |      2.4207 |      2.4206 |      2.4206 |      2.4206 |      2.4207 |      2.4207 |      2.4207 |      2.4207 |      2.4207 |      2.4207 |
|      Runtime unhalted [s]     |     2.1685 |     2.1686 |     2.1687 |     2.1686 |     2.1685 |     2.1686 |     2.1686 |     2.1686 |     2.1605 |     2.1605 |      2.1605 |      2.1604 |      2.1605 |      2.1605 |      2.1605 |      2.1605 |      2.1756 |      2.1756 |      2.1756 |      2.1756 |      2.1757 |      2.1756 |      2.1756 |      2.1756 |      2.1662 |      2.1661 |      2.1661 |      2.1662 |      2.1662 |      2.1662 |      2.1661 |      2.1662 |
|          Clock [MHz]          |  2413.8391 |  2413.8709 |  2413.8826 |  2413.8960 |  2413.8602 |  2413.8747 |  2413.8925 |  2413.8817 |  2404.8501 |  2404.8335 |   2404.8598 |   2404.8424 |   2404.8691 |   2404.8677 |   2404.8226 |   2404.8551 |   2421.6862 |   2421.7043 |   2421.7267 |   2421.7120 |   2421.6718 |   2421.7019 |   2421.7052 |   2421.7295 |   2411.1934 |   2411.1797 |   2411.1843 |   2411.2064 |   2411.1619 |   2411.1919 |   2411.1837 |   2411.1797 |
|              CPI              |     1.5242 |     1.5354 |     1.5340 |     1.5349 |     1.5345 |     1.5347 |     1.5271 |     1.5367 |     1.5250 |     1.5354 |      1.5332 |      1.5342 |      1.5336 |      1.5340 |      1.5252 |      1.5364 |      1.5469 |      1.5448 |      1.5411 |      1.5428 |      1.5449 |      1.5440 |      1.5469 |      1.5454 |      1.5342 |      1.5367 |      1.5259 |      1.5342 |      1.5289 |      1.5355 |      1.5372 |      1.5377 |
|    L2 bandwidth [MBytes/s]    | 56805.7376 | 56812.7576 | 56804.5663 | 56804.1981 | 56807.6332 | 56814.9704 | 56802.5268 | 56815.0877 | 56804.4154 | 56817.8233 |  56803.9226 |  56808.8016 |  56805.5987 |  56813.9767 |  56805.3675 |  56831.4071 |  56819.0365 |  56814.6407 |  56806.8249 |  56815.1978 |  56819.8297 |  56814.4067 |  56825.0545 |  56819.6592 |  56808.1172 |  56815.8843 |  56798.7980 |  56806.3390 |  56802.2817 |  56813.5904 |  56823.3234 |  56818.2546 |
|    L2 data volume [GBytes]    |   137.5068 |   137.5270 |   137.5053 |   137.5075 |   137.5127 |   137.5338 |   137.5038 |   137.5338 |   137.5030 |   137.5361 |    137.5030 |    137.5141 |    137.5098 |    137.5300 |    137.5059 |    137.5688 |    137.5389 |    137.5317 |    137.5100 |    137.5311 |    137.5409 |    137.5277 |    137.5569 |    137.5402 |    137.5125 |    137.5312 |    137.4932 |    137.5116 |    137.5011 |    137.5263 |    137.5509 |    137.5418 |
| Prefetch bandwidth [MBytes/s] | 23418.7959 | 28247.9590 | 28225.4861 | 27539.9448 | 28211.1297 | 26615.7223 | 24216.5069 | 28635.9315 | 25088.3548 | 29560.6949 |  28787.7204 |  28010.5096 |  29553.2325 |  27943.4810 |  24672.4180 |  30190.7126 |  32650.3115 |  29839.9320 |  27677.2234 |  27864.2923 |  30842.4261 |  28482.2114 |  32227.1071 |  29734.4352 |  29438.5844 |  29478.0032 |  23476.1114 |  27029.2249 |  24915.8437 |  27907.8631 |  30754.4245 |  29756.2234 |
| Prefetch data volume [GBytes] |    56.6887 |    68.3800 |    68.3247 |    66.6667 |    68.2899 |    64.4295 |    58.6217 |    69.3197 |    60.7299 |    71.5561 |     69.6853 |     67.8036 |     71.5398 |     67.6430 |     59.7233 |     73.0811 |     79.0349 |     72.2338 |     66.9971 |     67.4504 |     74.6587 |     68.9454 |     78.0124 |     71.9765 |     71.2605 |     71.3558 |     56.8288 |     65.4299 |     60.3137 |     67.5554 |     74.4465 |     72.0319 |
+-------------------------------+------------+------------+------------+------------+------------+------------+------------+------------+------------+------------+-------------+-------------+-------------+-------------+-------------+-------------+-------------+-------------+-------------+-------------+-------------+-------------+-------------+-------------+-------------+-------------+-------------+-------------+-------------+-------------+-------------+-------------+
+------------------------------------+--------------+------------+------------+------------+
|               Metric               |      Sum     |     Min    |     Max    |     Avg    |
+------------------------------------+--------------+------------+------------+------------+
|      Runtime (RDTSC) [s] STAT      |      77.4613 |     2.4206 |     2.4207 |     2.4207 |
|      Runtime unhalted [s] STAT     |      69.3668 |     2.1604 |     2.1757 |     2.1677 |
|          Clock [MHz] STAT          |   77212.9166 |  2404.8226 |  2421.7295 |  2412.9036 |
|              CPI STAT              |      49.1456 |     1.5242 |     1.5469 |     1.5358 |
|    L2 bandwidth [MBytes/s] STAT    | 1.817980e+06 | 56798.7980 | 56831.4071 | 56811.8759 |
|    L2 data volume [GBytes] STAT    |    4400.7474 |   137.4932 |   137.5688 |   137.5234 |
| Prefetch bandwidth [MBytes/s] STAT |  900992.8176 | 23418.7959 | 32650.3115 | 28156.0256 |
| Prefetch data volume [GBytes] STAT |    2181.0147 |    56.6887 |    79.0349 |    68.1567 |
+------------------------------------+--------------+------------+------------+------------+
