--------------------------------------------------------------------------------
CPU name:	AMD EPYC 9755 128-Core Processor               
CPU type:	AMD K1A (Zen5) architecture
CPU clock:	2.70 GHz
--------------------------------------------------------------------------------
Region bench, Group 1: L2BW
+-------------------+------------+------------+------------+------------+------------+------------+------------+------------+------------+------------+-------------+-------------+-------------+-------------+-------------+-------------+-------------+-------------+-------------+-------------+-------------+-------------+-------------+-------------+-------------+-------------+-------------+-------------+-------------+-------------+-------------+-------------+-------------+-------------+-------------+-------------+-------------+-------------+-------------+-------------+-------------+-------------+-------------+-------------+-------------+-------------+-------------+-------------+-------------+-------------+-------------+-------------+-------------+-------------+-------------+-------------+-------------+-------------+-------------+-------------+-------------+-------------+-------------+-------------+-------------+-------------+-------------+-------------+-------------+-------------+-------------+-------------+-------------+-------------+-------------+-------------+-------------+-------------+-------------+-------------+-------------+-------------+-------------+-------------+-------------+-------------+-------------+-------------+-------------+-------------+-------------+-------------+-------------+-------------+-------------+-------------+-------------+-------------+-------------+-------------+--------------+--------------+--------------+--------------+--------------+--------------+--------------+--------------+--------------+--------------+--------------+--------------+--------------+--------------+--------------+--------------+--------------+--------------+--------------+--------------+--------------+--------------+--------------+--------------+--------------+--------------+--------------+--------------+
|    Region Info    | HWThread 0 | HWThread 1 | HWThread 2 | HWThread 3 | HWThread 4 | HWThread 5 | HWThread 6 | HWThread 7 | HWThread 8 | HWThread 9 | HWThread 10 | HWThread 11 | HWThread 12 | HWThread 13 | HWThread 14 | HWThread 15 | HWThread 16 | HWThread 17 | HWThread 18 | HWThread 19 | HWThread 20 | HWThread 21 | HWThread 22 | HWThread 23 | HWThread 24 | HWThread 25 | HWThread 26 | HWThread 27 | HWThread 28 | HWThread 29 | HWThread 30 | HWThread 31 | HWThread 32 | HWThread 33 | HWThread 34 | HWThread 35 | HWThread 36 | HWThread 37 | HWThread 38 | HWThread 39 | HWThread 40 | HWThread 41 | HWThread 42 | HWThread 43 | HWThread 44 | HWThread 45 | HWThread 46 | HWThread 47 | HWThread 48 | HWThread 49 | HWThread 50 | HWThread 51 | HWThread 52 | HWThread 53 | HWThread 54 | HWThread 55 | HWThread 56 | HWThread 57 | HWThread 58 | HWThread 59 | HWThread 60 | HWThread 61 | HWThread 62 | HWThread 63 | HWThread 64 | HWThread 65 | HWThread 66 | HWThread 67 | HWThread 68 | HWThread 69 | HWThread 70 | HWThread 71 | HWThread 72 | HWThread 73 | HWThread 74 | HWThread 75 | HWThread 76 | HWThread 77 | HWThread 78 | HWThread 79 | HWThread 80 | HWThread 81 | HWThread 82 | HWThread 83 | HWThread 84 | HWThread 85 | HWThread 86 | HWThread 87 | HWThread 88 | HWThread 89 | HWThread 90 | HWThread 91 | HWThread 92 | HWThread 93 | HWThread 94 | HWThread 95 | HWThread 96 | HWThread 97 | HWThread 98 | HWThread 99 | HWThread 100 | HWThread 101 | HWThread 102 | HWThread 103 | HWThread 104 | HWThread 105 | HWThread 106 | HWThread 107 | HWThread 108 | HWThread 109 | HWThread 110 | HWThread 111 | HWThread 112 | HWThread 113 | HWThread 114 | HWThread 115 | HWThread 116 | HWThread 117 | HWThread 118 | HWThread 119 | HWThread 120 | HWThread 121 | HWThread 122 | HWThread 123 | HWThread 124 | HWThread 125 | HWThread 126 | HWThread 127 |
+-------------------+------------+------------+------------+------------+------------+------------+------------+------------+------------+------------+-------------+-------------+-------------+-------------+-------------+-------------+-------------+-------------+-------------+-------------+-------------+-------------+-------------+-------------+-------------+-------------+-------------+-------------+-------------+-------------+-------------+-------------+-------------+-------------+-------------+-------------+-------------+-------------+-------------+-------------+-------------+-------------+-------------+-------------+-------------+-------------+-------------+-------------+-------------+-------------+-------------+-------------+-------------+-------------+-------------+-------------+-------------+-------------+-------------+-------------+-------------+-------------+-------------+-------------+-------------+-------------+-------------+-------------+-------------+-------------+-------------+-------------+-------------+-------------+-------------+-------------+-------------+-------------+-------------+-------------+-------------+-------------+-------------+-------------+-------------+-------------+-------------+-------------+-------------+-------------+-------------+-------------+-------------+-------------+-------------+-------------+-------------+-------------+-------------+-------------+--------------+--------------+--------------+--------------+--------------+--------------+--------------+--------------+--------------+--------------+--------------+--------------+--------------+--------------+--------------+--------------+--------------+--------------+--------------+--------------+--------------+--------------+--------------+--------------+--------------+--------------+--------------+--------------+
| RDTSC Runtime [s] |   2.544370 |   2.544112 |   2.545105 |   2.544181 |   2.544181 |   2.544115 |   2.544359 |   2.544111 |   2.544168 |   2.544114 |    2.544552 |    2.544250 |    2.544161 |    2.544363 |    2.544113 |    2.544159 |    2.544800 |    2.544171 |    2.544179 |    2.544172 |    2.544176 |    2.544198 |    2.544385 |    2.544660 |    2.544362 |    2.544393 |    2.544800 |    2.544353 |    2.544365 |    2.544365 |    2.544366 |    2.544651 |    2.544168 |    2.544175 |    2.544367 |    2.544354 |    2.544634 |    2.544395 |    2.544385 |    2.544590 |    2.544387 |    2.544109 |    2.544355 |    2.544111 |    2.544367 |    2.544110 |    2.544175 |    2.544364 |    2.544627 |    2.544191 |    2.544818 |    2.544652 |    2.544660 |    2.544356 |    2.544388 |    2.544553 |    2.544112 |    2.544428 |    2.544356 |    2.544151 |    2.544358 |    2.544583 |    2.544637 |    2.544109 |    2.544356 |    2.544112 |    2.544356 |    2.544626 |    2.544168 |    2.544860 |    2.544170 |    2.544180 |    2.544366 |    2.544366 |    2.544861 |    2.544403 |    2.544367 |    2.544172 |    2.544339 |    2.544111 |    2.544110 |    2.544388 |    2.544401 |    2.544182 |    2.544114 |    2.544114 |    2.544490 |    2.544110 |    2.544675 |    2.544499 |    2.544356 |    2.544810 |    2.544175 |    2.544673 |    2.544553 |    2.544171 |    2.544441 |    2.544115 |    2.544115 |    2.544173 |     2.544173 |     2.544404 |     2.544155 |     2.544284 |     2.544115 |     2.544358 |     2.544175 |     2.544357 |     2.544175 |     2.544115 |     2.544116 |     2.544357 |     2.544176 |     2.544854 |     2.544175 |     2.544112 |     2.544357 |     2.544282 |     2.544176 |     2.544175 |     2.544109 |     2.544110 |     2.544110 |     2.544171 |     2.544109 |     2.544109 |     2.544177 |     2.544110 |
|     call count    |          1 |          1 |          1 |          1 |          1 |          1 |          1 |          1 |          1 |          1 |           1 |           1 |           1 |           1 |           1 |           1 |           1 |           1 |           1 |           1 |           1 |           1 |           1 |           1 |           1 |           1 |           1 |           1 |           1 |           1 |           1 |           1 |           1 |           1 |           1 |           1 |           1 |           1 |           1 |           1 |           1 |           1 |           1 |           1 |           1 |           1 |           1 |           1 |           1 |           1 |           1 |           1 |           1 |           1 |           1 |           1 |           1 |           1 |           1 |           1 |           1 |           1 |           1 |           1 |           1 |           1 |           1 |           1 |           1 |           1 |           1 |           1 |           1 |           1 |           1 |           1 |           1 |           1 |           1 |           1 |           1 |           1 |           1 |           1 |           1 |           1 |           1 |           1 |           1 |           1 |           1 |           1 |           1 |           1 |           1 |           1 |           1 |           1 |           1 |           1 |            1 |            1 |            1 |            1 |            1 |            1 |            1 |            1 |            1 |            1 |            1 |            1 |            1 |            1 |            1 |            1 |            1 |            1 |            1 |            1 |            1 |            1 |            1 |            1 |            1 |            1 |            1 |            1 |
+-------------------+------------+------------+------------+------------+------------+------------+------------+------------+------------+------------+-------------+-------------+-------------+-------------+-------------+-------------+-------------+-------------+-------------+-------------+-------------+-------------+-------------+-------------+-------------+-------------+-------------+-------------+-------------+-------------+-------------+-------------+-------------+-------------+-------------+-------------+-------------+-------------+-------------+-------------+-------------+-------------+-------------+-------------+-------------+-------------+-------------+-------------+-------------+-------------+-------------+-------------+-------------+-------------+-------------+-------------+-------------+-------------+-------------+-------------+-------------+-------------+-------------+-------------+-------------+-------------+-------------+-------------+-------------+-------------+-------------+-------------+-------------+-------------+-------------+-------------+-------------+-------------+-------------+-------------+-------------+-------------+-------------+-------------+-------------+-------------+-------------+-------------+-------------+-------------+-------------+-------------+-------------+-------------+-------------+-------------+-------------+-------------+-------------+-------------+--------------+--------------+--------------+--------------+--------------+--------------+--------------+--------------+--------------+--------------+--------------+--------------+--------------+--------------+--------------+--------------+--------------+--------------+--------------+--------------+--------------+--------------+--------------+--------------+--------------+--------------+--------------+--------------+
+----------------------------+---------+------------+------------+------------+------------+------------+------------+------------+------------+------------+------------+-------------+-------------+-------------+-------------+-------------+-------------+-------------+-------------+-------------+-------------+-------------+-------------+-------------+-------------+-------------+-------------+-------------+-------------+-------------+-------------+-------------+-------------+-------------+-------------+-------------+-------------+-------------+-------------+-------------+-------------+-------------+-------------+-------------+-------------+-------------+-------------+-------------+-------------+-------------+-------------+-------------+-------------+-------------+-------------+-------------+-------------+-------------+-------------+-------------+-------------+-------------+-------------+-------------+-------------+-------------+-------------+-------------+-------------+-------------+-------------+-------------+-------------+-------------+-------------+-------------+-------------+-------------+-------------+-------------+-------------+-------------+-------------+-------------+-------------+-------------+-------------+-------------+-------------+-------------+-------------+-------------+-------------+-------------+-------------+-------------+-------------+-------------+-------------+-------------+-------------+--------------+--------------+--------------+--------------+--------------+--------------+--------------+--------------+--------------+--------------+--------------+--------------+--------------+--------------+--------------+--------------+--------------+--------------+--------------+--------------+--------------+--------------+--------------+--------------+--------------+--------------+--------------+--------------+
|            Event           | Counter | HWThread 0 | HWThread 1 | HWThread 2 | HWThread 3 | HWThread 4 | HWThread 5 | HWThread 6 | HWThread 7 | HWThread 8 | HWThread 9 | HWThread 10 | HWThread 11 | HWThread 12 | HWThread 13 | HWThread 14 | HWThread 15 | HWThread 16 | HWThread 17 | HWThread 18 | HWThread 19 | HWThread 20 | HWThread 21 | HWThread 22 | HWThread 23 | HWThread 24 | HWThread 25 | HWThread 26 | HWThread 27 | HWThread 28 | HWThread 29 | HWThread 30 | HWThread 31 | HWThread 32 | HWThread 33 | HWThread 34 | HWThread 35 | HWThread 36 | HWThread 37 | HWThread 38 | HWThread 39 | HWThread 40 | HWThread 41 | HWThread 42 | HWThread 43 | HWThread 44 | HWThread 45 | HWThread 46 | HWThread 47 | HWThread 48 | HWThread 49 | HWThread 50 | HWThread 51 | HWThread 52 | HWThread 53 | HWThread 54 | HWThread 55 | HWThread 56 | HWThread 57 | HWThread 58 | HWThread 59 | HWThread 60 | HWThread 61 | HWThread 62 | HWThread 63 | HWThread 64 | HWThread 65 | HWThread 66 | HWThread 67 | HWThread 68 | HWThread 69 | HWThread 70 | HWThread 71 | HWThread 72 | HWThread 73 | HWThread 74 | HWThread 75 | HWThread 76 | HWThread 77 | HWThread 78 | HWThread 79 | HWThread 80 | HWThread 81 | HWThread 82 | HWThread 83 | HWThread 84 | HWThread 85 | HWThread 86 | HWThread 87 | HWThread 88 | HWThread 89 | HWThread 90 | HWThread 91 | HWThread 92 | HWThread 93 | HWThread 94 | HWThread 95 | HWThread 96 | HWThread 97 | HWThread 98 | HWThread 99 | HWThread 100 | HWThread 101 | HWThread 102 | HWThread 103 | HWThread 104 | HWThread 105 | HWThread 106 | HWThread 107 | HWThread 108 | HWThread 109 | HWThread 110 | HWThread 111 | HWThread 112 | HWThread 113 | HWThread 114 | HWThread 115 | HWThread 116 | HWThread 117 | HWThread 118 | HWThread 119 | HWThread 120 | HWThread 121 | HWThread 122 | HWThread 123 | HWThread 124 | HWThread 125 | HWThread 126 | HWThread 127 |
+----------------------------+---------+------------+------------+------------+------------+------------+------------+------------+------------+------------+------------+-------------+-------------+-------------+-------------+-------------+-------------+-------------+-------------+-------------+-------------+-------------+-------------+-------------+-------------+-------------+-------------+-------------+-------------+-------------+-------------+-------------+-------------+-------------+-------------+-------------+-------------+-------------+-------------+-------------+-------------+-------------+-------------+-------------+-------------+-------------+-------------+-------------+-------------+-------------+-------------+-------------+-------------+-------------+-------------+-------------+-------------+-------------+-------------+-------------+-------------+-------------+-------------+-------------+-------------+-------------+-------------+-------------+-------------+-------------+-------------+-------------+-------------+-------------+-------------+-------------+-------------+-------------+-------------+-------------+-------------+-------------+-------------+-------------+-------------+-------------+-------------+-------------+-------------+-------------+-------------+-------------+-------------+-------------+-------------+-------------+-------------+-------------+-------------+-------------+-------------+--------------+--------------+--------------+--------------+--------------+--------------+--------------+--------------+--------------+--------------+--------------+--------------+--------------+--------------+--------------+--------------+--------------+--------------+--------------+--------------+--------------+--------------+--------------+--------------+--------------+--------------+--------------+--------------+
|      ACTUAL_CPU_CLOCK      |  FIXC1  | 6144954000 | 6144619000 | 6145336000 | 6144806000 | 6144466000 | 6144874000 | 6144981000 | 6144660000 | 6109686000 | 6110450000 |  6110229000 |  6109432000 |  6109590000 |  6109885000 |  6109577000 |  6110248000 |  6154326000 |  6153134000 |  6153507000 |  6153774000 |  6153524000 |  6153581000 |  6153994000 |  6153645000 |  6124634000 |  6124886000 |  6125422000 |  6125566000 |  6125003000 |  6124568000 |  6124871000 |  6125227000 |  6105582000 |  6105090000 |  6105830000 |  6105793000 |  6106104000 |  6105389000 |  6106016000 |  6106362000 |  6128620000 |  6128353000 |  6129142000 |  6128786000 |  6128711000 |  6128753000 |  6128663000 |  6129253000 |  6130343000 |  6130131000 |  6131111000 |  6130889000 |  6130945000 |  6130204000 |  6130646000 |  6131005000 |  6114092000 |  6114934000 |  6114400000 |  6113705000 |  6114796000 |  6114719000 |  6114684000 |  6114025000 |  6119690000 |  6118971000 |  6119296000 |  6119650000 |  6119013000 |  6119700000 |  6119141000 |  6119517000 |  6137582000 |  6138240000 |  6138814000 |  6138220000 |  6138297000 |  6137315000 |  6137581000 |  6137658000 |  6134517000 |  6134739000 |  6134977000 |  6134303000 |  6134454000 |  6134338000 |  6134766000 |  6134540000 |  6131230000 |  6131817000 |  6131404000 |  6131255000 |  6130666000 |  6131200000 |  6131273000 |  6130693000 |  6139784000 |  6139154000 |  6139388000 |  6138887000 |   6139226000 |   6139228000 |   6139444000 |   6139384000 |   6129287000 |   6129509000 |   6129029000 |   6129547000 |   6128964000 |   6129714000 |   6129597000 |   6129598000 |   6146297000 |   6147108000 |   6146244000 |   6146473000 |   6146625000 |   6146721000 |   6146216000 |   6146212000 |   6114145000 |   6114631000 |   6113979000 |   6114552000 |   6113981000 |   6114364000 |   6114348000 |   6114081000 |
|        MAX_CPU_CLOCK       |  FIXC2  | 6863062000 | 6862697000 | 6863489000 | 6862620000 | 6862321000 | 6862524000 | 6863084000 | 6862375000 | 6861702000 | 6862664000 |  6862819000 |  6861769000 |  6861580000 |  6862477000 |  6861606000 |  6862110000 |  6863692000 |  6861880000 |  6862328000 |  6862336000 |  6862351000 |  6862428000 |  6862920000 |  6862887000 |  6861499000 |  6861814000 |  6863341000 |  6862859000 |  6862461000 |  6861429000 |  6862008000 |  6863141000 |  6862444000 |  6861850000 |  6863084000 |  6863036000 |  6863547000 |  6862563000 |  6862978000 |  6863578000 |  6862378000 |  6861738000 |  6863014000 |  6862268000 |  6862445000 |  6862593000 |  6862473000 |  6862839000 |  6862914000 |  6862414000 |  6863913000 |  6863353000 |  6863444000 |  6862466000 |  6863000000 |  6863560000 |  6861746000 |  6863072000 |  6862414000 |  6861706000 |  6862918000 |  6862957000 |  6862979000 |  6862018000 |  6862498000 |  6861619000 |  6862329000 |  6863016000 |  6861704000 |  6863175000 |  6861811000 |  6862348000 |  6861611000 |  6863003000 |  6863694000 |  6862587000 |  6862732000 |  6860969000 |  6861607000 |  6861924000 |  6862521000 |  6863073000 |  6863046000 |  6862605000 |  6862407000 |  6861896000 |  6863127000 |  6862221000 |  6862936000 |  6863355000 |  6863061000 |  6863261000 |  6861859000 |  6862916000 |  6862972000 |  6861879000 |  6862964000 |  6862195000 |  6862180000 |  6861859000 |   6862296000 |   6862576000 |   6862252000 |   6862178000 |   6861808000 |   6862465000 |   6861902000 |   6862427000 |   6861873000 |   6862138000 |   6862333000 |   6862430000 |   6861911000 |   6863209000 |   6861887000 |   6861834000 |   6862344000 |   6862500000 |   6861855000 |   6861825000 |   6861797000 |   6862151000 |   6861718000 |   6862432000 |   6861690000 |   6861801000 |   6862135000 |   6861728000 |
|    RETIRED_INSTRUCTIONS    |   PMC0  | 7680251000 | 7675782000 | 7678824000 | 7675556000 | 7687247000 | 7675667000 | 7680730000 | 7675871000 | 7671217000 | 7670859000 |  7672209000 |  7668583000 |  7679354000 |  7668652000 |  7679876000 |  7668355000 |  7677843000 |  7677322000 |  7678641000 |  7676360000 |  7686188000 |  7678169000 |  7682635000 |  7679567000 |  7673961000 |  7671333000 |  7672598000 |  7670752000 |  7678540000 |  7670539000 |  7671818000 |  7671882000 |  7666710000 |  7665299000 |  7666062000 |  7666085000 |  7669970000 |  7665471000 |  7668787000 |  7665490000 |  7679457000 |  7675888000 |  7673526000 |  7671416000 |  7678180000 |  7671395000 |  7676904000 |  7673390000 |  7671868000 |  7671205000 |  7673612000 |  7673715000 |  7678669000 |  7670516000 |  7673589000 |  7671616000 |  7669691000 |  7669897000 |  7669296000 |  7668046000 |  7675357000 |  7667856000 |  7670709000 |  7645179000 |  7671503000 |  7671579000 |  7670729000 |  7670514000 |  7672333000 |  7670862000 |  7676584000 |  7672138000 |  7676270000 |  7675174000 |  7676886000 |  7672691000 |  7677888000 |  7674290000 |  7676754000 |  7673819000 |  7669932000 |  7669009000 |  7669479000 |  7668425000 |  7673272000 |  7670493000 |  7673289000 |  7669759000 |  7673255000 |  7671063000 |  7671170000 |  7670935000 |  7673325000 |  7671526000 |  7670776000 |  7650872000 |  7677527000 |  7672359000 |  7675028000 |  7671966000 |   7676030000 |   7672045000 |   7677399000 |   7673228000 |   7615019000 |   7614174000 |   7610941000 |   7609233000 |   7609446000 |   7610673000 |   7533780000 |   7612192000 |   7556892000 |   7556429000 |   7630056000 |   7631736000 |   7630392000 |   7632241000 |   7530533000 |   7631056000 |   7603321000 |   7598584000 |   7598546000 |   7603757000 |   7598585000 |   7597152000 |   7599032000 |   7517220000 |
|     CPU_CLOCKS_UNHALTED    |   PMC1  | 6105589000 | 6111339000 | 6113233000 | 6111495000 | 6111727000 | 6111730000 | 6111935000 | 6111576000 | 6075856000 | 6075417000 |  6076666000 |  6075815000 |  6075585000 |  6076287000 |  6075502000 |  6075346000 |  6119806000 |  6118776000 |  6118386000 |  6117476000 |  6118622000 |  6118793000 |  6118525000 |  6118349000 |  6089768000 |  6090631000 |  6091182000 |  6090286000 |  6090068000 |  6090303000 |  6089784000 |  6090761000 |  6070573000 |  6070122000 |  6071286000 |  6069912000 |  6071489000 |  6071533000 |  6070259000 |  6071341000 |  6093600000 |  6092870000 |  6093584000 |  6093377000 |  6094027000 |  6093231000 |  6092002000 |  6093204000 |  6095548000 |  6094187000 |  6096287000 |  6095971000 |  6095883000 |  6095339000 |  6094880000 |  6095219000 |  6075138000 |  6076638000 |  6076491000 |  6076279000 |  6075823000 |  6077135000 |  6077059000 |  6076332000 |  6083003000 |  6082868000 |  6083266000 |  6084108000 |  6083125000 |  6084212000 |  6082654000 |  6082609000 |  6102309000 |  6102068000 |  6103099000 |  6102357000 |  6101809000 |  6101984000 |  6102276000 |  6100786000 |  6097487000 |  6098128000 |  6097377000 |  6098072000 |  6097738000 |  6097698000 |  6098436000 |  6097787000 |  6091743000 |  6091520000 |  6091556000 |  6092365000 |  6091093000 |  6091777000 |  6091291000 |  6090828000 |  6106155000 |  6105442000 |  6106139000 |  6106168000 |   6106176000 |   6106893000 |   6106005000 |   6106376000 |   6096767000 |   6096763000 |   6097699000 |   6097670000 |   6097272000 |   6098061000 |   6096851000 |   6097871000 |   6114032000 |   6115626000 |   6114196000 |   6113579000 |   6114834000 |   6116031000 |   6114570000 |   6114584000 |   6078595000 |   6078447000 |   6078490000 |   6078740000 |   6078983000 |   6077971000 |   6078691000 |   6078713000 |
| REQUESTS_TO_L2_GRP1_RD_ANY |   PMC2  | 2148048000 | 2148102000 | 2148101000 | 2148168000 | 2148075000 | 2148082000 | 2148126000 | 2148123000 | 2148196000 | 2148098000 |  2148122000 |  2148081000 |  2148083000 |  2148144000 |  2148052000 |  2148150000 |  2148215000 |  2148124000 |  2148097000 |  2148109000 |  2148148000 |  2148127000 |  2148134000 |  2148110000 |  2148022000 |  2148160000 |  2148128000 |  2148164000 |  2148106000 |  2148154000 |  2148178000 |  2148068000 |  2148122000 |  2148088000 |  2148152000 |  2148490000 |  2148111000 |  2148038000 |  2148079000 |  2148193000 |  2148022000 |  2148059000 |  2148082000 |  2148093000 |  2148132000 |  2148064000 |  2148086000 |  2148063000 |  2148083000 |  2148061000 |  2148081000 |  2148179000 |  2148136000 |  2148123000 |  2148079000 |  2148112000 |  2148069000 |  2148120000 |  2148130000 |  2148175000 |  2148085000 |  2148185000 |  2148055000 |  2152879000 |  2148039000 |  2148073000 |  2148112000 |  2148126000 |  2148114000 |  2148076000 |  2148062000 |  2148079000 |  2148014000 |  2148042000 |  2148067000 |  2148094000 |  2148081000 |  2148016000 |  2148061000 |  2148112000 |  2148039000 |  2148147000 |  2148092000 |  2148311000 |  2148204000 |  2148060000 |  2148033000 |  2148051000 |  2148095000 |  2148132000 |  2148172000 |  2148105000 |  2148090000 |  2148043000 |  2148076000 |  2152866000 |  2148005000 |  2148100000 |  2148118000 |  2148106000 |   2148033000 |   2148161000 |   2148115000 |   2148067000 |   2148099000 |   2148120000 |   2148151000 |   2148071000 |   2148115000 |   2148042000 |   2148256000 |   2148124000 |   2148131000 |   2148249000 |   2148367000 |   2148163000 |   2148227000 |   2148123000 |   2148198000 |   2148188000 |   2148115000 |   2148173000 |   2148237000 |   2148239000 |   2148195000 |   2148133000 |   2148110000 |   2153385000 |
|     L2_PF_HIT_IN_L2_ALL    |   PMC3  | 1217217000 | 1231431000 | 1228284000 | 1237755000 | 1231552000 | 1229692000 | 1229002000 | 1227248000 | 1217991000 | 1229740000 |  1230944000 |  1238510000 |  1227492000 |  1227125000 |  1234663000 |  1222346000 |  1210629000 |  1228939000 |  1225799000 |  1238682000 |  1228584000 |  1233444000 |  1227212000 |  1227321000 |  1217731000 |  1228957000 |  1226124000 |  1240712000 |  1224277000 |  1230970000 |  1225472000 |  1226771000 |  1204175000 |  1231748000 |  1224670000 |  1205392000 |  1224087000 |  1226751000 |  1220718000 |  1220085000 |  1219319000 |  1219263000 |  1228335000 |  1235764000 |  1227416000 |  1230209000 |  1233501000 |  1227226000 |  1217447000 |  1226706000 |  1228663000 |  1223915000 |  1222767000 |  1218685000 |  1226283000 |  1225158000 |  1212590000 |  1231436000 |  1228544000 |  1252090000 |  1235544000 |  1238330000 |  1232293000 |   934409700 |  1212188000 |  1234533000 |  1222478000 |  1232907000 |  1223365000 |  1226556000 |  1232024000 |  1228649000 |  1196258000 |  1234600000 |  1229024000 |  1239196000 |  1218859000 |  1234375000 |  1229696000 |  1222639000 |  1210730000 |  1219854000 |  1210630000 |  1233441000 |  1201882000 |  1205128000 |  1226100000 |  1220516000 |  1219036000 |  1231012000 |  1233988000 |  1238429000 |  1226409000 |  1242930000 |  1226175000 |   937166100 |  1211020000 |  1224978000 |  1217598000 |  1232317000 |   1190912000 |   1220406000 |   1230003000 |   1228295000 |   1180274000 |   1249834000 |   1173085000 |   1218517000 |   1211298000 |   1206992000 |   1377304000 |   1221414000 |   1385344000 |   1407772000 |   1209349000 |   1237592000 |   1225819000 |   1221323000 |   1390171000 |   1228812000 |   1189055000 |   1253803000 |   1182287000 |   1214857000 |   1214055000 |   1211547000 |   1218860000 |   1204125000 |
+----------------------------+---------+------------+------------+------------+------------+------------+------------+------------+------------+------------+------------+-------------+-------------+-------------+-------------+-------------+-------------+-------------+-------------+-------------+-------------+-------------+-------------+-------------+-------------+-------------+-------------+-------------+-------------+-------------+-------------+-------------+-------------+-------------+-------------+-------------+-------------+-------------+-------------+-------------+-------------+-------------+-------------+-------------+-------------+-------------+-------------+-------------+-------------+-------------+-------------+-------------+-------------+-------------+-------------+-------------+-------------+-------------+-------------+-------------+-------------+-------------+-------------+-------------+-------------+-------------+-------------+-------------+-------------+-------------+-------------+-------------+-------------+-------------+-------------+-------------+-------------+-------------+-------------+-------------+-------------+-------------+-------------+-------------+-------------+-------------+-------------+-------------+-------------+-------------+-------------+-------------+-------------+-------------+-------------+-------------+-------------+-------------+-------------+-------------+-------------+--------------+--------------+--------------+--------------+--------------+--------------+--------------+--------------+--------------+--------------+--------------+--------------+--------------+--------------+--------------+--------------+--------------+--------------+--------------+--------------+--------------+--------------+--------------+--------------+--------------+--------------+--------------+--------------+
+---------------------------------+---------+--------------+------------+------------+--------------+
|              Event              | Counter |      Sum     |     Min    |     Max    |      Avg     |
+---------------------------------+---------+--------------+------------+------------+--------------+
|      ACTUAL_CPU_CLOCK STAT      |  FIXC1  | 784525105000 | 6105090000 | 6154326000 | 6.129102e+09 |
|        MAX_CPU_CLOCK STAT       |  FIXC2  | 878394430000 | 6860969000 | 6863913000 | 6.862456e+09 |
|    RETIRED_INSTRUCTIONS STAT    |   PMC0  | 980305198000 | 7517220000 | 7687247000 | 7.658634e+09 |
|     CPU_CLOCKS_UNHALTED STAT    |   PMC1  | 780025052000 | 6069912000 | 6119806000 | 6.093946e+09 |
| REQUESTS_TO_L2_GRP1_RD_ANY STAT |   PMC2  | 274973821000 | 2148005000 | 2153385000 | 2.148233e+09 |
|     L2_PF_HIT_IN_L2_ALL STAT    |   PMC3  | 156725926800 |  934409700 | 1407772000 | 1.224421e+09 |
+---------------------------------+---------+--------------+------------+------------+--------------+
+-------------------------------+------------+------------+------------+------------+------------+------------+------------+------------+------------+------------+-------------+-------------+-------------+-------------+-------------+-------------+-------------+-------------+-------------+-------------+-------------+-------------+-------------+-------------+-------------+-------------+-------------+-------------+-------------+-------------+-------------+-------------+-------------+-------------+-------------+-------------+-------------+-------------+-------------+-------------+-------------+-------------+-------------+-------------+-------------+-------------+-------------+-------------+-------------+-------------+-------------+-------------+-------------+-------------+-------------+-------------+-------------+-------------+-------------+-------------+-------------+-------------+-------------+-------------+-------------+-------------+-------------+-------------+-------------+-------------+-------------+-------------+-------------+-------------+-------------+-------------+-------------+-------------+-------------+-------------+-------------+-------------+-------------+-------------+-------------+-------------+-------------+-------------+-------------+-------------+-------------+-------------+-------------+-------------+-------------+-------------+-------------+-------------+-------------+-------------+--------------+--------------+--------------+--------------+--------------+--------------+--------------+--------------+--------------+--------------+--------------+--------------+--------------+--------------+--------------+--------------+--------------+--------------+--------------+--------------+--------------+--------------+--------------+--------------+--------------+--------------+--------------+--------------+
|             Metric            | HWThread 0 | HWThread 1 | HWThread 2 | HWThread 3 | HWThread 4 | HWThread 5 | HWThread 6 | HWThread 7 | HWThread 8 | HWThread 9 | HWThread 10 | HWThread 11 | HWThread 12 | HWThread 13 | HWThread 14 | HWThread 15 | HWThread 16 | HWThread 17 | HWThread 18 | HWThread 19 | HWThread 20 | HWThread 21 | HWThread 22 | HWThread 23 | HWThread 24 | HWThread 25 | HWThread 26 | HWThread 27 | HWThread 28 | HWThread 29 | HWThread 30 | HWThread 31 | HWThread 32 | HWThread 33 | HWThread 34 | HWThread 35 | HWThread 36 | HWThread 37 | HWThread 38 | HWThread 39 | HWThread 40 | HWThread 41 | HWThread 42 | HWThread 43 | HWThread 44 | HWThread 45 | HWThread 46 | HWThread 47 | HWThread 48 | HWThread 49 | HWThread 50 | HWThread 51 | HWThread 52 | HWThread 53 | HWThread 54 | HWThread 55 | HWThread 56 | HWThread 57 | HWThread 58 | HWThread 59 | HWThread 60 | HWThread 61 | HWThread 62 | HWThread 63 | HWThread 64 | HWThread 65 | HWThread 66 | HWThread 67 | HWThread 68 | HWThread 69 | HWThread 70 | HWThread 71 | HWThread 72 | HWThread 73 | HWThread 74 | HWThread 75 | HWThread 76 | HWThread 77 | HWThread 78 | HWThread 79 | HWThread 80 | HWThread 81 | HWThread 82 | HWThread 83 | HWThread 84 | HWThread 85 | HWThread 86 | HWThread 87 | HWThread 88 | HWThread 89 | HWThread 90 | HWThread 91 | HWThread 92 | HWThread 93 | HWThread 94 | HWThread 95 | HWThread 96 | HWThread 97 | HWThread 98 | HWThread 99 | HWThread 100 | HWThread 101 | HWThread 102 | HWThread 103 | HWThread 104 | HWThread 105 | HWThread 106 | HWThread 107 | HWThread 108 | HWThread 109 | HWThread 110 | HWThread 111 | HWThread 112 | HWThread 113 | HWThread 114 | HWThread 115 | HWThread 116 | HWThread 117 | HWThread 118 | HWThread 119 | HWThread 120 | HWThread 121 | HWThread 122 | HWThread 123 | HWThread 124 | HWThread 125 | HWThread 126 | HWThread 127 |
+-------------------------------+------------+------------+------------+------------+------------+------------+------------+------------+------------+------------+-------------+-------------+-------------+-------------+-------------+-------------+-------------+-------------+-------------+-------------+-------------+-------------+-------------+-------------+-------------+-------------+-------------+-------------+-------------+-------------+-------------+-------------+-------------+-------------+-------------+-------------+-------------+-------------+-------------+-------------+-------------+-------------+-------------+-------------+-------------+-------------+-------------+-------------+-------------+-------------+-------------+-------------+-------------+-------------+-------------+-------------+-------------+-------------+-------------+-------------+-------------+-------------+-------------+-------------+-------------+-------------+-------------+-------------+-------------+-------------+-------------+-------------+-------------+-------------+-------------+-------------+-------------+-------------+-------------+-------------+-------------+-------------+-------------+-------------+-------------+-------------+-------------+-------------+-------------+-------------+-------------+-------------+-------------+-------------+-------------+-------------+-------------+-------------+-------------+-------------+--------------+--------------+--------------+--------------+--------------+--------------+--------------+--------------+--------------+--------------+--------------+--------------+--------------+--------------+--------------+--------------+--------------+--------------+--------------+--------------+--------------+--------------+--------------+--------------+--------------+--------------+--------------+--------------+
|      Runtime (RDTSC) [s]      |     2.5444 |     2.5441 |     2.5451 |     2.5442 |     2.5442 |     2.5441 |     2.5444 |     2.5441 |     2.5442 |     2.5441 |      2.5446 |      2.5442 |      2.5442 |      2.5444 |      2.5441 |      2.5442 |      2.5448 |      2.5442 |      2.5442 |      2.5442 |      2.5442 |      2.5442 |      2.5444 |      2.5447 |      2.5444 |      2.5444 |      2.5448 |      2.5444 |      2.5444 |      2.5444 |      2.5444 |      2.5447 |      2.5442 |      2.5442 |      2.5444 |      2.5444 |      2.5446 |      2.5444 |      2.5444 |      2.5446 |      2.5444 |      2.5441 |      2.5444 |      2.5441 |      2.5444 |      2.5441 |      2.5442 |      2.5444 |      2.5446 |      2.5442 |      2.5448 |      2.5447 |      2.5447 |      2.5444 |      2.5444 |      2.5446 |      2.5441 |      2.5444 |      2.5444 |      2.5442 |      2.5444 |      2.5446 |      2.5446 |      2.5441 |      2.5444 |      2.5441 |      2.5444 |      2.5446 |      2.5442 |      2.5449 |      2.5442 |      2.5442 |      2.5444 |      2.5444 |      2.5449 |      2.5444 |      2.5444 |      2.5442 |      2.5443 |      2.5441 |      2.5441 |      2.5444 |      2.5444 |      2.5442 |      2.5441 |      2.5441 |      2.5445 |      2.5441 |      2.5447 |      2.5445 |      2.5444 |      2.5448 |      2.5442 |      2.5447 |      2.5446 |      2.5442 |      2.5444 |      2.5441 |      2.5441 |      2.5442 |       2.5442 |       2.5444 |       2.5442 |       2.5443 |       2.5441 |       2.5444 |       2.5442 |       2.5444 |       2.5442 |       2.5441 |       2.5441 |       2.5444 |       2.5442 |       2.5449 |       2.5442 |       2.5441 |       2.5444 |       2.5443 |       2.5442 |       2.5442 |       2.5441 |       2.5441 |       2.5441 |       2.5442 |       2.5441 |       2.5441 |       2.5442 |       2.5441 |
|      Runtime unhalted [s]     |     2.2799 |     2.2798 |     2.2800 |     2.2799 |     2.2797 |     2.2799 |     2.2799 |     2.2798 |     2.2668 |     2.2671 |      2.2670 |      2.2667 |      2.2668 |      2.2669 |      2.2668 |      2.2670 |      2.2834 |      2.2829 |      2.2831 |      2.2832 |      2.2831 |      2.2831 |      2.2833 |      2.2831 |      2.2724 |      2.2725 |      2.2727 |      2.2727 |      2.2725 |      2.2723 |      2.2725 |      2.2726 |      2.2653 |      2.2651 |      2.2654 |      2.2654 |      2.2655 |      2.2652 |      2.2655 |      2.2656 |      2.2738 |      2.2737 |      2.2740 |      2.2739 |      2.2739 |      2.2739 |      2.2739 |      2.2741 |      2.2745 |      2.2744 |      2.2748 |      2.2747 |      2.2747 |      2.2744 |      2.2746 |      2.2747 |      2.2685 |      2.2688 |      2.2686 |      2.2683 |      2.2687 |      2.2687 |      2.2687 |      2.2684 |      2.2705 |      2.2703 |      2.2704 |      2.2705 |      2.2703 |      2.2705 |      2.2703 |      2.2705 |      2.2772 |      2.2774 |      2.2776 |      2.2774 |      2.2774 |      2.2771 |      2.2772 |      2.2772 |      2.2760 |      2.2761 |      2.2762 |      2.2760 |      2.2760 |      2.2760 |      2.2761 |      2.2760 |      2.2748 |      2.2750 |      2.2749 |      2.2748 |      2.2746 |      2.2748 |      2.2748 |      2.2746 |      2.2780 |      2.2778 |      2.2778 |      2.2777 |       2.2778 |       2.2778 |       2.2779 |       2.2778 |       2.2741 |       2.2742 |       2.2740 |       2.2742 |       2.2740 |       2.2743 |       2.2742 |       2.2742 |       2.2804 |       2.2807 |       2.2804 |       2.2805 |       2.2805 |       2.2806 |       2.2804 |       2.2804 |       2.2685 |       2.2687 |       2.2684 |       2.2686 |       2.2684 |       2.2686 |       2.2686 |       2.2685 |
|          Clock [MHz]          |  2413.2501 |  2413.2469 |  2413.2500 |  2413.3474 |  2413.3190 |  2413.4079 |  2413.2530 |  2413.3762 |  2399.8752 |  2399.8389 |   2399.6979 |   2399.7520 |   2399.8802 |   2399.6824 |   2399.8660 |   2399.9533 |   2416.7089 |   2416.8788 |   2416.8675 |   2416.9696 |   2416.8661 |   2416.8614 |   2416.8503 |   2416.7249 |   2405.8179 |   2405.8065 |   2405.4817 |   2405.7072 |   2405.6256 |   2405.8166 |   2405.7326 |   2405.4752 |   2398.0039 |   2398.0182 |   2397.8776 |   2397.8799 |   2397.8235 |   2397.8865 |   2397.9877 |   2397.9140 |   2407.0753 |   2407.1950 |   2407.0573 |   2407.1791 |   2407.0876 |   2407.0521 |   2407.0589 |   2407.1622 |   2407.5640 |   2407.6562 |   2407.5152 |   2407.6244 |   2407.6145 |   2407.6666 |   2407.6528 |   2407.5974 |   2401.5905 |   2401.4572 |   2401.4777 |   2401.4525 |   2401.4568 |   2401.4130 |   2401.3915 |   2401.4690 |   2403.5260 |   2403.5514 |   2403.4304 |   2403.3288 |   2403.5381 |   2403.2928 |   2403.5509 |   2403.5105 |   2410.8647 |   2410.6341 |   2410.6168 |   2410.7724 |   2410.7517 |   2410.9854 |   2410.8657 |   2410.7846 |   2409.3412 |   2409.2346 |   2409.3376 |   2409.2277 |   2409.3565 |   2409.4904 |   2409.2263 |   2409.4556 |   2407.9046 |   2407.9882 |   2407.9291 |   2407.8004 |   2408.0610 |   2407.8999 |   2407.9089 |   2408.0646 |   2411.2542 |   2411.2770 |   2411.3741 |   2411.2902 |    2411.2697 |    2411.1722 |    2411.3708 |    2411.3733 |    2407.5373 |    2407.3940 |    2407.4029 |    2407.4222 |    2407.3876 |    2407.5892 |    2407.4748 |    2407.4412 |    2414.1824 |    2414.0443 |    2414.1701 |    2414.2787 |    2414.1589 |    2414.1418 |    2414.1703 |    2414.1793 |    2401.5935 |    2401.6605 |    2401.5559 |    2401.5311 |    2401.5665 |    2401.6781 |    2401.5549 |    2401.5925 |
|              CPI              |     0.7950 |     0.7962 |     0.7961 |     0.7962 |     0.7950 |     0.7962 |     0.7957 |     0.7962 |     0.7920 |     0.7920 |      0.7920 |      0.7923 |      0.7912 |      0.7924 |      0.7911 |      0.7923 |      0.7971 |      0.7970 |      0.7968 |      0.7969 |      0.7961 |      0.7969 |      0.7964 |      0.7967 |      0.7936 |      0.7939 |      0.7939 |      0.7940 |      0.7931 |      0.7940 |      0.7938 |      0.7939 |      0.7918 |      0.7919 |      0.7920 |      0.7918 |      0.7916 |      0.7921 |      0.7916 |      0.7920 |      0.7935 |      0.7938 |      0.7941 |      0.7943 |      0.7937 |      0.7943 |      0.7935 |      0.7941 |      0.7945 |      0.7944 |      0.7944 |      0.7944 |      0.7939 |      0.7946 |      0.7943 |      0.7945 |      0.7921 |      0.7923 |      0.7923 |      0.7924 |      0.7916 |      0.7925 |      0.7922 |      0.7948 |      0.7929 |      0.7929 |      0.7930 |      0.7932 |      0.7929 |      0.7932 |      0.7924 |      0.7928 |      0.7950 |      0.7950 |      0.7950 |      0.7953 |      0.7947 |      0.7951 |      0.7949 |      0.7950 |      0.7950 |      0.7952 |      0.7950 |      0.7952 |      0.7947 |      0.7950 |      0.7948 |      0.7950 |      0.7939 |      0.7941 |      0.7941 |      0.7942 |      0.7938 |      0.7941 |      0.7941 |      0.7961 |      0.7953 |      0.7958 |      0.7956 |      0.7959 |       0.7955 |       0.7960 |       0.7953 |       0.7958 |       0.8006 |       0.8007 |       0.8012 |       0.8014 |       0.8013 |       0.8013 |       0.8093 |       0.8011 |       0.8091 |       0.8093 |       0.8013 |       0.8011 |       0.8014 |       0.8013 |       0.8120 |       0.8013 |       0.7995 |       0.7999 |       0.8000 |       0.7994 |       0.8000 |       0.8000 |       0.7999 |       0.8086 |
|    L2 bandwidth [MBytes/s]    | 54031.0851 | 54037.9229 | 54016.8142 | 54038.1176 | 54035.7781 | 54037.3560 | 54033.2807 | 54038.4724 | 54039.0980 | 54037.7798 |  54029.0817 |  54034.4636 |  54036.4041 |  54033.6485 |  54036.6438 |  54038.1321 |  54026.1553 |  54037.2231 |  54036.3740 |  54036.8246 |  54037.7207 |  54036.7251 |  54032.9298 |  54026.4868 |  54030.6010 |  54033.4139 |  54023.9673 |  54034.3639 |  54032.6502 |  54033.8576 |  54034.4400 |  54025.6216 |  54037.2365 |  54036.2326 |  54033.7648 |  54042.5428 |  54027.0640 |  54030.3027 |  54031.5463 |  54030.0606 |  54030.0701 |  54036.9049 |  54032.2589 |  54037.7177 |  54033.2617 |  54037.0094 |  54036.1823 |  54031.5898 |  54026.5084 |  54035.2136 |  54022.4032 |  54028.3921 |  54027.1408 |  54033.2689 |  54031.4826 |  54028.8090 |  54037.0927 |  54031.6645 |  54033.4450 |  54038.9309 |  54032.2706 |  54030.0081 |  54025.5919 |  54158.1575 |  54031.1560 |  54037.1933 |  54032.9922 |  54027.6111 |  54037.0353 |  54021.3859 |  54035.6847 |  54035.9000 |  54030.3148 |  54031.0191 |  54021.1383 |  54031.5414 |  54031.9789 |  54034.4851 |  54032.0704 |  54038.1957 |  54036.3805 |  54033.1931 |  54031.5336 |  54041.6936 |  54040.4463 |  54036.8238 |  54028.1597 |  54036.6824 |  54025.7911 |  54030.4586 |  54034.5015 |  54023.1766 |  54036.2829 |  54024.5257 |  54027.9035 |  54156.5107 |  54028.4958 |  54037.8088 |  54038.2616 |  54036.7278 |   54034.8915 |   54033.2054 |   54037.3366 |   54033.3894 |   54037.7837 |   54033.1510 |   54037.8174 |   54031.9397 |   54036.9118 |   54036.3498 |   54041.7119 |   54033.2728 |   54037.2930 |   54025.8640 |   54043.2510 |   54039.4574 |   54035.8637 |   54034.8405 |   54038.9784 |   54038.7481 |   54038.3136 |   54039.7514 |   54041.3614 |   54040.1160 |   54040.3261 |   54038.7664 |   54036.7435 |   54170.8653 |
|    L2 data volume [GBytes]    |   137.4751 |   137.4785 |   137.4785 |   137.4828 |   137.4768 |   137.4772 |   137.4801 |   137.4799 |   137.4845 |   137.4783 |    137.4798 |    137.4772 |    137.4773 |    137.4812 |    137.4753 |    137.4816 |    137.4858 |    137.4799 |    137.4782 |    137.4790 |    137.4815 |    137.4801 |    137.4806 |    137.4790 |    137.4734 |    137.4822 |    137.4802 |    137.4825 |    137.4788 |    137.4819 |    137.4834 |    137.4764 |    137.4798 |    137.4776 |    137.4817 |    137.5034 |    137.4791 |    137.4744 |    137.4771 |    137.4844 |    137.4734 |    137.4758 |    137.4772 |    137.4780 |    137.4804 |    137.4761 |    137.4775 |    137.4760 |    137.4773 |    137.4759 |    137.4772 |    137.4835 |    137.4807 |    137.4799 |    137.4771 |    137.4792 |    137.4764 |    137.4797 |    137.4803 |    137.4832 |    137.4774 |    137.4838 |    137.4755 |    137.7843 |    137.4745 |    137.4767 |    137.4792 |    137.4801 |    137.4793 |    137.4769 |    137.4760 |    137.4771 |    137.4729 |    137.4747 |    137.4763 |    137.4780 |    137.4772 |    137.4730 |    137.4759 |    137.4792 |    137.4745 |    137.4814 |    137.4779 |    137.4919 |    137.4851 |    137.4758 |    137.4741 |    137.4753 |    137.4781 |    137.4804 |    137.4830 |    137.4787 |    137.4778 |    137.4748 |    137.4769 |    137.7834 |    137.4723 |    137.4784 |    137.4796 |    137.4788 |     137.4741 |     137.4823 |     137.4794 |     137.4763 |     137.4783 |     137.4797 |     137.4817 |     137.4765 |     137.4794 |     137.4747 |     137.4884 |     137.4799 |     137.4804 |     137.4879 |     137.4955 |     137.4824 |     137.4865 |     137.4799 |     137.4847 |     137.4840 |     137.4794 |     137.4831 |     137.4872 |     137.4873 |     137.4845 |     137.4805 |     137.4790 |     137.8166 |
| Prefetch bandwidth [MBytes/s] | 30617.3583 | 30978.0324 | 30886.8106 | 31136.2753 | 30980.2361 | 30934.2494 | 30913.9268 | 30872.8165 | 30639.2597 | 30935.4691 |  30960.4268 |  31154.4227 |  30878.3477 |  30866.6649 |  31059.3248 |  30748.9210 |  30446.5011 |  30914.6264 |  30835.5411 |  31159.7046 |  30905.6355 |  31027.6229 |  30868.5863 |  30867.9918 |  30630.3836 |  30912.3819 |  30836.1899 |  31208.5501 |  30795.0031 |  30963.3563 |  30825.0495 |  30854.2680 |  30291.7103 |  30985.2396 |  30804.8642 |  30320.1080 |  30786.9690 |  30856.8693 |  30705.2400 |  30686.8454 |  30670.0262 |  30671.9689 |  30897.1979 |  31087.0461 |  30873.9360 |  30947.3160 |  31029.3372 |  30869.1932 |  30620.0508 |  30858.2115 |  30899.8254 |  30782.4253 |  30753.4555 |  30654.4524 |  30845.1824 |  30814.8865 |  30504.0659 |  30974.3109 |  30902.4429 |  31497.2500 |  31078.4945 |  31145.8184 |  30993.3212 |  23506.1551 |  30491.0288 |  31056.0667 |  30749.8605 |  31008.8980 |  30774.4457 |  30846.3271 |  30992.2434 |  30907.2220 |  30090.2119 |  31054.6517 |  30908.3820 |  31169.8045 |  30658.6966 |  31051.3597 |  30931.6266 |  30756.8719 |  30457.2994 |  30683.4712 |  30451.3007 |  31027.7425 |  30234.6703 |  30316.3270 |  30839.3431 |  30703.4774 |  30659.4375 |  30962.7821 |  31039.3797 |  31145.5299 |  30850.9344 |  31260.4095 |  30840.4659 |  23574.9210 |  30460.6316 |  30815.6636 |  30630.0116 |  30999.5775 |   29958.0131 |   30697.1629 |   30941.5865 |   30897.0539 |   29691.0855 |   31437.9407 |   29509.5424 |   30650.2146 |   30470.8096 |   30363.2061 |   34647.5774 |   30723.0849 |   34849.0104 |   35403.7630 |   30421.7815 |   31133.0193 |   30833.8869 |   30721.7014 |   34970.4360 |   30911.3831 |   29912.0517 |   31540.8500 |   29741.7832 |   30560.3861 |   30540.9556 |   30477.8640 |   30661.0114 |   30291.1431 |
| Prefetch data volume [GBytes] |    77.9019 |    78.8116 |    78.6102 |    79.2163 |    78.8193 |    78.7003 |    78.6561 |    78.5439 |    77.9514 |    78.7034 |     78.7804 |     79.2646 |     78.5595 |     78.5360 |     79.0184 |     78.2301 |     77.4803 |     78.6521 |     78.4511 |     79.2756 |     78.6294 |     78.9404 |     78.5416 |     78.5485 |     77.9348 |     78.6532 |     78.4719 |     79.4056 |     78.3537 |     78.7821 |     78.4302 |     78.5133 |     77.0672 |     78.8319 |     78.3789 |     77.1451 |     78.3416 |     78.5121 |     78.1260 |     78.0854 |     78.0364 |     78.0328 |     78.6134 |     79.0889 |     78.5546 |     78.7334 |     78.9441 |     78.5425 |     77.9166 |     78.5092 |     78.6344 |     78.3306 |     78.2571 |     77.9958 |     78.4821 |     78.4101 |     77.6058 |     78.8119 |     78.6268 |     80.1338 |     79.0748 |     79.2531 |     78.8668 |     59.8022 |     77.5800 |     79.0101 |     78.2386 |     78.9060 |     78.2954 |     78.4996 |     78.8495 |     78.6335 |     76.5605 |     79.0144 |     78.6575 |     79.3085 |     78.0070 |          79 |     78.7005 |     78.2489 |     77.4867 |     78.0707 |     77.4803 |     78.9402 |     76.9204 |     77.1282 |     78.4704 |     78.1130 |     78.0183 |     78.7848 |     78.9752 |     79.2595 |     78.4902 |     79.5475 |     78.4752 |     59.9786 |     77.5053 |     78.3986 |     77.9263 |     78.8683 |      76.2184 |      78.1060 |      78.7202 |      78.6109 |      75.5375 |      79.9894 |      75.0774 |      77.9851 |      77.5231 |      77.2475 |      88.1475 |      78.1705 |      88.6620 |      90.0974 |      77.3983 |      79.2059 |      78.4524 |      78.1647 |      88.9709 |      78.6440 |      76.0995 |      80.2434 |      75.6664 |      77.7508 |      77.6995 |      77.5390 |      78.0070 |      77.0640 |
+-------------------------------+------------+------------+------------+------------+------------+------------+------------+------------+------------+------------+-------------+-------------+-------------+-------------+-------------+-------------+-------------+-------------+-------------+-------------+-------------+-------------+-------------+-------------+-------------+-------------+-------------+-------------+-------------+-------------+-------------+-------------+-------------+-------------+-------------+-------------+-------------+-------------+-------------+-------------+-------------+-------------+-------------+-------------+-------------+-------------+-------------+-------------+-------------+-------------+-------------+-------------+-------------+-------------+-------------+-------------+-------------+-------------+-------------+-------------+-------------+-------------+-------------+-------------+-------------+-------------+-------------+-------------+-------------+-------------+-------------+-------------+-------------+-------------+-------------+-------------+-------------+-------------+-------------+-------------+-------------+-------------+-------------+-------------+-------------+-------------+-------------+-------------+-------------+-------------+-------------+-------------+-------------+-------------+-------------+-------------+-------------+-------------+-------------+-------------+--------------+--------------+--------------+--------------+--------------+--------------+--------------+--------------+--------------+--------------+--------------+--------------+--------------+--------------+--------------+--------------+--------------+--------------+--------------+--------------+--------------+--------------+--------------+--------------+--------------+--------------+--------------+--------------+
+------------------------------------+--------------+------------+------------+------------+
|               Metric               |      Sum     |     Min    |     Max    |     Avg    |
+------------------------------------+--------------+------------+------------+------------+
|      Runtime (RDTSC) [s] STAT      |     325.6753 |     2.5441 |     2.5451 |     2.5443 |
|      Runtime unhalted [s] STAT     |     291.0756 |     2.2651 |     2.2834 |     2.2740 |
|          Clock [MHz] STAT          |  308126.3657 |  2397.8235 |  2416.9696 |  2407.2372 |
|              CPI STAT              |     101.8511 |     0.7911 |     0.8120 |     0.7957 |
|    L2 bandwidth [MBytes/s] STAT    | 6.916701e+06 | 54016.8142 | 54170.8653 | 54036.7259 |
|    L2 data volume [GBytes] STAT    |   17598.3251 |   137.4723 |   137.8166 |   137.4869 |
| Prefetch bandwidth [MBytes/s] STAT | 3.942288e+06 | 23506.1551 | 35403.7630 | 30799.1213 |
| Prefetch data volume [GBytes] STAT |   10030.4590 |    59.8022 |    90.0974 |    78.3630 |
+------------------------------------+--------------+------------+------------+------------+
