--------------------------------------------------------------------------------
CPU name:	AMD EPYC 9755 128-Core Processor               
CPU type:	AMD K1A (Zen5) architecture
CPU clock:	2.70 GHz
--------------------------------------------------------------------------------
Region bench, Group 1: L2BW
+-------------------+------------+------------+------------+------------+------------+------------+------------+------------+------------+------------+-------------+-------------+-------------+-------------+-------------+-------------+-------------+-------------+-------------+-------------+-------------+-------------+-------------+-------------+-------------+-------------+-------------+-------------+-------------+-------------+-------------+-------------+-------------+-------------+-------------+-------------+-------------+-------------+-------------+-------------+-------------+-------------+-------------+-------------+-------------+-------------+-------------+-------------+-------------+-------------+-------------+-------------+-------------+-------------+-------------+-------------+-------------+-------------+-------------+-------------+-------------+-------------+-------------+-------------+-------------+-------------+-------------+-------------+-------------+-------------+-------------+-------------+-------------+-------------+-------------+-------------+-------------+-------------+-------------+-------------+-------------+-------------+-------------+-------------+-------------+-------------+-------------+-------------+-------------+-------------+-------------+-------------+-------------+-------------+-------------+-------------+-------------+-------------+-------------+-------------+--------------+--------------+--------------+--------------+--------------+--------------+--------------+--------------+--------------+--------------+--------------+--------------+--------------+--------------+--------------+--------------+--------------+--------------+--------------+--------------+--------------+--------------+--------------+--------------+--------------+--------------+--------------+--------------+
|    Region Info    | HWThread 0 | HWThread 1 | HWThread 2 | HWThread 3 | HWThread 4 | HWThread 5 | HWThread 6 | HWThread 7 | HWThread 8 | HWThread 9 | HWThread 10 | HWThread 11 | HWThread 12 | HWThread 13 | HWThread 14 | HWThread 15 | HWThread 16 | HWThread 17 | HWThread 18 | HWThread 19 | HWThread 20 | HWThread 21 | HWThread 22 | HWThread 23 | HWThread 24 | HWThread 25 | HWThread 26 | HWThread 27 | HWThread 28 | HWThread 29 | HWThread 30 | HWThread 31 | HWThread 32 | HWThread 33 | HWThread 34 | HWThread 35 | HWThread 36 | HWThread 37 | HWThread 38 | HWThread 39 | HWThread 40 | HWThread 41 | HWThread 42 | HWThread 43 | HWThread 44 | HWThread 45 | HWThread 46 | HWThread 47 | HWThread 48 | HWThread 49 | HWThread 50 | HWThread 51 | HWThread 52 | HWThread 53 | HWThread 54 | HWThread 55 | HWThread 56 | HWThread 57 | HWThread 58 | HWThread 59 | HWThread 60 | HWThread 61 | HWThread 62 | HWThread 63 | HWThread 64 | HWThread 65 | HWThread 66 | HWThread 67 | HWThread 68 | HWThread 69 | HWThread 70 | HWThread 71 | HWThread 72 | HWThread 73 | HWThread 74 | HWThread 75 | HWThread 76 | HWThread 77 | HWThread 78 | HWThread 79 | HWThread 80 | HWThread 81 | HWThread 82 | HWThread 83 | HWThread 84 | HWThread 85 | HWThread 86 | HWThread 87 | HWThread 88 | HWThread 89 | HWThread 90 | HWThread 91 | HWThread 92 | HWThread 93 | HWThread 94 | HWThread 95 | HWThread 96 | HWThread 97 | HWThread 98 | HWThread 99 | HWThread 100 | HWThread 101 | HWThread 102 | HWThread 103 | HWThread 104 | HWThread 105 | HWThread 106 | HWThread 107 | HWThread 108 | HWThread 109 | HWThread 110 | HWThread 111 | HWThread 112 | HWThread 113 | HWThread 114 | HWThread 115 | HWThread 116 | HWThread 117 | HWThread 118 | HWThread 119 | HWThread 120 | HWThread 121 | HWThread 122 | HWThread 123 | HWThread 124 | HWThread 125 | HWThread 126 | HWThread 127 |
+-------------------+------------+------------+------------+------------+------------+------------+------------+------------+------------+------------+-------------+-------------+-------------+-------------+-------------+-------------+-------------+-------------+-------------+-------------+-------------+-------------+-------------+-------------+-------------+-------------+-------------+-------------+-------------+-------------+-------------+-------------+-------------+-------------+-------------+-------------+-------------+-------------+-------------+-------------+-------------+-------------+-------------+-------------+-------------+-------------+-------------+-------------+-------------+-------------+-------------+-------------+-------------+-------------+-------------+-------------+-------------+-------------+-------------+-------------+-------------+-------------+-------------+-------------+-------------+-------------+-------------+-------------+-------------+-------------+-------------+-------------+-------------+-------------+-------------+-------------+-------------+-------------+-------------+-------------+-------------+-------------+-------------+-------------+-------------+-------------+-------------+-------------+-------------+-------------+-------------+-------------+-------------+-------------+-------------+-------------+-------------+-------------+-------------+-------------+--------------+--------------+--------------+--------------+--------------+--------------+--------------+--------------+--------------+--------------+--------------+--------------+--------------+--------------+--------------+--------------+--------------+--------------+--------------+--------------+--------------+--------------+--------------+--------------+--------------+--------------+--------------+--------------+
| RDTSC Runtime [s] |   2.831768 |   2.831818 |   2.831784 |   2.831780 |   2.831885 |   2.831595 |   2.831814 |   2.831783 |   2.831811 |   2.831577 |    2.831577 |    2.831624 |    2.831775 |    2.831812 |    2.831812 |    2.831810 |    2.831637 |    2.832084 |    2.831781 |    2.831652 |    2.831628 |    2.831618 |    2.831775 |    2.832030 |    2.831627 |    2.831861 |    2.831861 |    2.831575 |    2.831828 |    2.831902 |    2.831861 |    2.831835 |    2.831639 |    2.831656 |    2.831576 |    2.831576 |    2.831576 |    2.831773 |    2.831773 |    2.831573 |    2.831577 |    2.831776 |    2.831620 |    2.831654 |    2.831702 |    2.831781 |    2.832067 |    2.831777 |    2.831627 |    2.831813 |    2.831576 |    2.831856 |    2.831838 |    2.831783 |    2.831623 |    2.831814 |    2.831834 |    2.831779 |    2.831779 |    2.831937 |    2.831608 |    2.831576 |    2.831619 |    2.831619 |    2.831579 |    2.831621 |    2.831635 |    2.831579 |    2.831691 |    2.831577 |    2.831642 |    2.831784 |    2.831619 |    2.831637 |    2.833057 |    2.831695 |    2.831815 |    2.831619 |    2.833027 |    2.831779 |    2.831639 |    2.831772 |    2.831904 |    2.831579 |    2.831772 |    2.831636 |    2.831892 |    2.831891 |    2.831890 |    2.831855 |    2.831876 |    2.831592 |    2.831780 |    2.831860 |    2.831571 |    2.831781 |    2.831635 |    2.832036 |    2.831654 |    2.832036 |     2.832120 |     2.831848 |     2.831620 |     2.831781 |     2.831648 |     2.831837 |     2.831580 |     2.833030 |     2.831778 |     2.832148 |     2.831783 |     2.831651 |     2.831810 |     2.831814 |     2.831775 |     2.831770 |     2.831577 |     2.831777 |     2.831774 |     2.831574 |     2.831647 |     2.831856 |     2.831773 |     2.832339 |     2.832518 |     2.831832 |     2.833028 |     2.832029 |
|     call count    |          1 |          1 |          1 |          1 |          1 |          1 |          1 |          1 |          1 |          1 |           1 |           1 |           1 |           1 |           1 |           1 |           1 |           1 |           1 |           1 |           1 |           1 |           1 |           1 |           1 |           1 |           1 |           1 |           1 |           1 |           1 |           1 |           1 |           1 |           1 |           1 |           1 |           1 |           1 |           1 |           1 |           1 |           1 |           1 |           1 |           1 |           1 |           1 |           1 |           1 |           1 |           1 |           1 |           1 |           1 |           1 |           1 |           1 |           1 |           1 |           1 |           1 |           1 |           1 |           1 |           1 |           1 |           1 |           1 |           1 |           1 |           1 |           1 |           1 |           1 |           1 |           1 |           1 |           1 |           1 |           1 |           1 |           1 |           1 |           1 |           1 |           1 |           1 |           1 |           1 |           1 |           1 |           1 |           1 |           1 |           1 |           1 |           1 |           1 |           1 |            1 |            1 |            1 |            1 |            1 |            1 |            1 |            1 |            1 |            1 |            1 |            1 |            1 |            1 |            1 |            1 |            1 |            1 |            1 |            1 |            1 |            1 |            1 |            1 |            1 |            1 |            1 |            1 |
+-------------------+------------+------------+------------+------------+------------+------------+------------+------------+------------+------------+-------------+-------------+-------------+-------------+-------------+-------------+-------------+-------------+-------------+-------------+-------------+-------------+-------------+-------------+-------------+-------------+-------------+-------------+-------------+-------------+-------------+-------------+-------------+-------------+-------------+-------------+-------------+-------------+-------------+-------------+-------------+-------------+-------------+-------------+-------------+-------------+-------------+-------------+-------------+-------------+-------------+-------------+-------------+-------------+-------------+-------------+-------------+-------------+-------------+-------------+-------------+-------------+-------------+-------------+-------------+-------------+-------------+-------------+-------------+-------------+-------------+-------------+-------------+-------------+-------------+-------------+-------------+-------------+-------------+-------------+-------------+-------------+-------------+-------------+-------------+-------------+-------------+-------------+-------------+-------------+-------------+-------------+-------------+-------------+-------------+-------------+-------------+-------------+-------------+-------------+--------------+--------------+--------------+--------------+--------------+--------------+--------------+--------------+--------------+--------------+--------------+--------------+--------------+--------------+--------------+--------------+--------------+--------------+--------------+--------------+--------------+--------------+--------------+--------------+--------------+--------------+--------------+--------------+
+----------------------------+---------+------------+------------+------------+------------+------------+------------+------------+------------+------------+------------+-------------+-------------+-------------+-------------+-------------+-------------+-------------+-------------+-------------+-------------+-------------+-------------+-------------+-------------+-------------+-------------+-------------+-------------+-------------+-------------+-------------+-------------+-------------+-------------+-------------+-------------+-------------+-------------+-------------+-------------+-------------+-------------+-------------+-------------+-------------+-------------+-------------+-------------+-------------+-------------+-------------+-------------+-------------+-------------+-------------+-------------+-------------+-------------+-------------+-------------+-------------+-------------+-------------+-------------+-------------+-------------+-------------+-------------+-------------+-------------+-------------+-------------+-------------+-------------+-------------+-------------+-------------+-------------+-------------+-------------+-------------+-------------+-------------+-------------+-------------+-------------+-------------+-------------+-------------+-------------+-------------+-------------+-------------+-------------+-------------+-------------+-------------+-------------+-------------+-------------+--------------+--------------+--------------+--------------+--------------+--------------+--------------+--------------+--------------+--------------+--------------+--------------+--------------+--------------+--------------+--------------+--------------+--------------+--------------+--------------+--------------+--------------+--------------+--------------+--------------+--------------+--------------+--------------+
|            Event           | Counter | HWThread 0 | HWThread 1 | HWThread 2 | HWThread 3 | HWThread 4 | HWThread 5 | HWThread 6 | HWThread 7 | HWThread 8 | HWThread 9 | HWThread 10 | HWThread 11 | HWThread 12 | HWThread 13 | HWThread 14 | HWThread 15 | HWThread 16 | HWThread 17 | HWThread 18 | HWThread 19 | HWThread 20 | HWThread 21 | HWThread 22 | HWThread 23 | HWThread 24 | HWThread 25 | HWThread 26 | HWThread 27 | HWThread 28 | HWThread 29 | HWThread 30 | HWThread 31 | HWThread 32 | HWThread 33 | HWThread 34 | HWThread 35 | HWThread 36 | HWThread 37 | HWThread 38 | HWThread 39 | HWThread 40 | HWThread 41 | HWThread 42 | HWThread 43 | HWThread 44 | HWThread 45 | HWThread 46 | HWThread 47 | HWThread 48 | HWThread 49 | HWThread 50 | HWThread 51 | HWThread 52 | HWThread 53 | HWThread 54 | HWThread 55 | HWThread 56 | HWThread 57 | HWThread 58 | HWThread 59 | HWThread 60 | HWThread 61 | HWThread 62 | HWThread 63 | HWThread 64 | HWThread 65 | HWThread 66 | HWThread 67 | HWThread 68 | HWThread 69 | HWThread 70 | HWThread 71 | HWThread 72 | HWThread 73 | HWThread 74 | HWThread 75 | HWThread 76 | HWThread 77 | HWThread 78 | HWThread 79 | HWThread 80 | HWThread 81 | HWThread 82 | HWThread 83 | HWThread 84 | HWThread 85 | HWThread 86 | HWThread 87 | HWThread 88 | HWThread 89 | HWThread 90 | HWThread 91 | HWThread 92 | HWThread 93 | HWThread 94 | HWThread 95 | HWThread 96 | HWThread 97 | HWThread 98 | HWThread 99 | HWThread 100 | HWThread 101 | HWThread 102 | HWThread 103 | HWThread 104 | HWThread 105 | HWThread 106 | HWThread 107 | HWThread 108 | HWThread 109 | HWThread 110 | HWThread 111 | HWThread 112 | HWThread 113 | HWThread 114 | HWThread 115 | HWThread 116 | HWThread 117 | HWThread 118 | HWThread 119 | HWThread 120 | HWThread 121 | HWThread 122 | HWThread 123 | HWThread 124 | HWThread 125 | HWThread 126 | HWThread 127 |
+----------------------------+---------+------------+------------+------------+------------+------------+------------+------------+------------+------------+------------+-------------+-------------+-------------+-------------+-------------+-------------+-------------+-------------+-------------+-------------+-------------+-------------+-------------+-------------+-------------+-------------+-------------+-------------+-------------+-------------+-------------+-------------+-------------+-------------+-------------+-------------+-------------+-------------+-------------+-------------+-------------+-------------+-------------+-------------+-------------+-------------+-------------+-------------+-------------+-------------+-------------+-------------+-------------+-------------+-------------+-------------+-------------+-------------+-------------+-------------+-------------+-------------+-------------+-------------+-------------+-------------+-------------+-------------+-------------+-------------+-------------+-------------+-------------+-------------+-------------+-------------+-------------+-------------+-------------+-------------+-------------+-------------+-------------+-------------+-------------+-------------+-------------+-------------+-------------+-------------+-------------+-------------+-------------+-------------+-------------+-------------+-------------+-------------+-------------+-------------+--------------+--------------+--------------+--------------+--------------+--------------+--------------+--------------+--------------+--------------+--------------+--------------+--------------+--------------+--------------+--------------+--------------+--------------+--------------+--------------+--------------+--------------+--------------+--------------+--------------+--------------+--------------+--------------+
|      ACTUAL_CPU_CLOCK      |  FIXC1  | 6838880000 | 6839205000 | 6839053000 | 6839078000 | 6839208000 | 6838612000 | 6839166000 | 6839083000 | 6807618000 | 6807646000 |  6807613000 |  6807773000 |  6808053000 |  6808031000 |  6808049000 |  6808095000 |  6857170000 |  6858037000 |  6857657000 |  6857137000 |  6856314000 |  6857086000 |  6857585000 |  6858213000 |  6827469000 |  6827440000 |  6828072000 |  6826869000 |  6828152000 |  6827561000 |  6827476000 |  6827341000 |  6807937000 |  6807277000 |  6807345000 |  6807211000 |  6807590000 |  6808204000 |  6808362000 |  6807383000 |  6839607000 |  6840067000 |  6839837000 |  6839763000 |  6839618000 |  6840308000 |  6840498000 |  6840221000 |  6845492000 |  6845870000 |  6845517000 |  6846128000 |  6845911000 |  6845867000 |  6845247000 |  6845876000 |  6821174000 |  6821034000 |  6820826000 |  6820927000 |  6820695000 |  6820721000 |  6820437000 |  6820533000 |  6816844000 |  6816848000 |  6816740000 |  6817008000 |  6817161000 |  6817151000 |  6816773000 |  6817363000 |  6837361000 |  6837795000 |  6838723000 |  6837422000 |  6837629000 |  6837235000 |  6838192000 |  6837846000 |  6833884000 |  6834358000 |  6834333000 |  6833655000 |  6834477000 |  6833957000 |  6834469000 |  6833634000 |  6831956000 |  6832076000 |  6831328000 |  6831487000 |  6831891000 |  6831793000 |  6831271000 |  6831969000 |  6842981000 |  6843716000 |  6843594000 |  6843725000 |   6843691000 |   6843572000 |   6842954000 |   6843589000 |   6837708000 |   6838214000 |   6838111000 |   6838342000 |   6838039000 |   6837699000 |   6838113000 |   6837826000 |   6848209000 |   6848195000 |   6848177000 |   6848687000 |   6848507000 |   6848680000 |   6848194000 |   6848288000 |   6815927000 |   6816290000 |   6816128000 |   6816593000 |   6816605000 |   6816337000 |   6816825000 |   6816538000 |
|        MAX_CPU_CLOCK       |  FIXC2  | 7639711000 | 7639901000 | 7639775000 | 7639810000 | 7639904000 | 7639236000 | 7639851000 | 7639799000 | 7638824000 | 7639103000 |  7638604000 |  7639126000 |  7639722000 |  7639310000 |  7639773000 |  7639834000 |  7639082000 |  7640382000 |  7639710000 |  7639190000 |  7637874000 |  7639106000 |  7639640000 |  7640444000 |  7639383000 |  7639107000 |  7639674000 |  7638393000 |  7639772000 |  7639149000 |  7639131000 |  7639326000 |  7639104000 |  7638537000 |  7638318000 |  7638422000 |  7639220000 |  7639859000 |  7639672000 |  7638369000 |  7639160000 |  7639773000 |  7639079000 |  7639117000 |  7639182000 |  7639649000 |  7640465000 |  7639600000 |  7639191000 |  7639797000 |  7639247000 |  7639752000 |  7639849000 |  7639783000 |  7639129000 |  7639796000 |  7638663000 |  7639098000 |  7638065000 |  7638106000 |  7637764000 |  7638202000 |  7637586000 |  7638561000 |  7638526000 |  7638520000 |  7638385000 |  7638337000 |  7639104000 |  7639130000 |  7638429000 |  7639071000 |  7638395000 |  7639306000 |  7640702000 |  7638499000 |  7639086000 |  7638458000 |  7640130000 |  7639028000 |  7639216000 |  7639686000 |  7639900000 |  7638451000 |  7639730000 |  7639142000 |  7639734000 |  7638379000 |  7639676000 |  7639804000 |  7639108000 |  7638919000 |  7639933000 |  7639789000 |  7638972000 |  7639699000 |  7638343000 |  7639678000 |  7639278000 |  7639534000 |   7639410000 |   7639026000 |   7638377000 |   7639040000 |   7639051000 |   7639784000 |   7639676000 |   7640803000 |   7639674000 |   7639606000 |   7639736000 |   7639198000 |   7639288000 |   7638986000 |   7638984000 |   7639795000 |   7638923000 |   7639799000 |   7639025000 |   7639008000 |   7638506000 |   7639205000 |   7638948000 |   7639860000 |   7639908000 |   7639058000 |   7640112000 |   7639524000 |
|    RETIRED_INSTRUCTIONS    |   PMC0  | 3956200000 | 3960202000 | 3963072000 | 3989731000 | 3963737000 | 3994782000 | 3955842000 | 3955969000 | 3929266000 | 3932575000 |  3935579000 |  3958776000 |  3930822000 |  3933790000 |  3928935000 |  3939534000 |  3932844000 |  3934751000 |  3937736000 |  3934332000 |  3941972000 |  3943636000 |  3934311000 |  3949215000 |  3962619000 |  3974961000 |  3968952000 |  3993894000 |  3998930000 |  3966218000 |  3965735000 |  3973514000 |  3940677000 |  3949795000 |  3942167000 |  3935824000 |  3959624000 |  3945300000 |  3935636000 |  3936173000 |  3960749000 |  3964944000 |  3944507000 |  3944106000 |  3959210000 |  3944994000 |  3955597000 |  3959417000 |  3953822000 |  3958070000 |  3966218000 |  3984366000 |  3969380000 |  3955718000 |  3964717000 |  3952866000 |  3930394000 |  3937009000 |  3931167000 |  3944277000 |  3930101000 |  3924724000 |  3915226000 |  3891604000 |  3961933000 |  3962078000 |  3965372000 |  3974169000 |  3955207000 |  3976008000 |  3979523000 |  3970752000 |  3956474000 |  3954619000 |  3959435000 |  3953680000 |  3957997000 |  3962515000 |  3950730000 |  3941154000 |  3956692000 |  3964577000 |  3967615000 |  3964448000 |  3957452000 |  3985388000 |  3970504000 |  3974595000 |  3940541000 |  3948289000 |  3946906000 |  3934404000 |  3936139000 |  3958286000 |  3934214000 |  3901010000 |  3968042000 |  3958499000 |  3972181000 |  3970434000 |   3972541000 |   3987090000 |   3971476000 |   3960297000 |   3811194000 |   3814582000 |   3810853000 |   3824934000 |   3779564000 |   3776991000 |   3781774000 |   3759123000 |   3898075000 |   3900470000 |   3927201000 |   3897138000 |   3910659000 |   3902268000 |   3874659000 |   3899372000 |   3880064000 |   3905064000 |   3901791000 |   3904693000 |   3874456000 |   3898765000 |   3862634000 |   3834121000 |
|     CPU_CLOCKS_UNHALTED    |   PMC1  | 6775369000 | 6779630000 | 6779301000 | 6779498000 | 6779811000 | 6779427000 | 6779877000 | 6780007000 | 6745669000 | 6745417000 |  6745254000 |  6744994000 |  6745372000 |  6746084000 |  6745982000 |  6746200000 |  6794138000 |  6795170000 |  6794249000 |  6794257000 |  6794425000 |  6794292000 |  6794078000 |  6794914000 |  6767515000 |  6768297000 |  6768387000 |  6767813000 |  6767159000 |  6767870000 |  6768188000 |  6768712000 |  6750948000 |  6751001000 |  6751244000 |  6749714000 |  6750968000 |  6750953000 |  6749882000 |  6750619000 |  6780078000 |  6780439000 |  6780213000 |  6780246000 |  6780803000 |  6781014000 |  6779862000 |  6780550000 |  6785766000 |  6785860000 |  6785935000 |  6786684000 |  6786186000 |  6786307000 |  6785535000 |  6786035000 |  6771451000 |  6772357000 |  6772854000 |  6772345000 |  6772061000 |  6772528000 |  6771585000 |  6772037000 |  6759191000 |  6759540000 |  6759134000 |  6759234000 |  6759374000 |  6759655000 |  6759100000 |  6759683000 |  6779889000 |  6780899000 |  6782102000 |  6779916000 |  6780109000 |  6780109000 |  6782881000 |  6780127000 |  6775213000 |  6775578000 |  6775738000 |  6775355000 |  6775719000 |  6775444000 |  6775710000 |  6775432000 |  6779597000 |  6780070000 |  6779660000 |  6779369000 |  6780110000 |  6780264000 |  6779587000 |  6778743000 |  6788722000 |  6788944000 |  6788596000 |  6789301000 |   6789397000 |   6788846000 |   6788283000 |   6788735000 |   6778080000 |   6778406000 |   6778084000 |   6780976000 |   6778437000 |   6779171000 |   6778532000 |   6778379000 |   6792915000 |   6792568000 |   6792491000 |   6792497000 |   6792094000 |   6792672000 |   6792374000 |   6792120000 |   6771604000 |   6772252000 |   6771756000 |   6773930000 |   6773748000 |   6772080000 |   6774341000 |   6772352000 |
| REQUESTS_TO_L2_GRP1_RD_ANY |   PMC2  | 2148632000 | 2148784000 | 2148509000 | 2148274000 | 2148605000 | 2148305000 | 2148729000 | 2148995000 | 2148726000 | 2148928000 |  2148589000 |  2148461000 |  2149092000 |  2149136000 |  2148731000 |  2148916000 |  2148990000 |  2149168000 |  2148694000 |  2149291000 |  2148767000 |  2148802000 |  2148794000 |  2148846000 |  2148581000 |  2148616000 |  2148422000 |  2148290000 |  2148262000 |  2148730000 |  2148647000 |  2148718000 |  2149087000 |  2149141000 |  2148941000 |  2150450000 |  2148843000 |  2149130000 |  2149300000 |  2149521000 |  2148843000 |  2149034000 |  2149343000 |  2149047000 |  2148843000 |  2149253000 |  2148932000 |  2149130000 |  2148958000 |  2149147000 |  2148738000 |  2148681000 |  2148799000 |  2149613000 |  2148809000 |  2149284000 |  2149371000 |  2149433000 |  2149348000 |  2149319000 |  2149266000 |  2149440000 |  2149552000 |  2152458000 |  2148925000 |  2149034000 |  2148776000 |  2148718000 |  2149376000 |  2148795000 |  2148784000 |  2148999000 |  2148866000 |  2149011000 |  2148721000 |  2148888000 |  2148849000 |  2148910000 |  2148994000 |  2149317000 |  2148937000 |  2149531000 |  2149106000 |  2149564000 |  2149367000 |  2148834000 |  2148822000 |  2148988000 |  2149612000 |  2149447000 |  2149469000 |  2149575000 |  2149646000 |  2149425000 |  2149830000 |  2153533000 |  2149143000 |  2149366000 |  2149024000 |  2149036000 |   2149750000 |   2149074000 |   2149106000 |   2149890000 |   2148836000 |   2148994000 |   2148858000 |   2148793000 |   2149152000 |   2150522000 |   2149491000 |   2150197000 |   2151467000 |   2149139000 |   2148787000 |   2149133000 |   2148840000 |   2151907000 |   2149693000 |   2149047000 |   2150211000 |   2151542000 |   2151603000 |   2151328000 |   2151867000 |   2151216000 |   2152178000 |   2156914000 |
|     L2_PF_HIT_IN_L2_ALL    |   PMC3  | 1144180000 | 1071070000 | 1061107000 |  792563900 | 1051336000 |  760207100 | 1157553000 | 1096240000 | 1189603000 | 1115957000 |  1109090000 |   869846800 |  1148279000 |  1078149000 |  1189687000 |  1046199000 |  1214802000 |  1157305000 |  1121602000 |  1125669000 |  1104947000 |  1032941000 |  1206186000 |  1018585000 |  1122268000 |   950130700 |  1039259000 |   768684000 |   740731600 |  1005713000 |  1082824000 |   951355300 |  1141039000 |  1015178000 |  1106581000 |  1009193000 |   927454500 |  1022948000 |  1202681000 |  1132693000 |   973960800 |   930757200 |  1125208000 |  1076229000 |   943617200 |  1069671000 |  1025689000 |   953427000 |  1143529000 |  1052950000 |   997657700 |   807913000 |   932652900 |  1046784000 |   993342600 |  1091926000 |  1057817000 |   991109100 |  1039750000 |   906281300 |   929298400 |  1072062000 |  1156768000 |  1348639000 |  1030188000 |   991763700 |   983170400 |   848502200 |  1097108000 |   843466800 |   874951600 |   911763400 |  1020264000 |  1006556000 |   972227400 |   978034100 |   944040900 |   901031300 |  1101532000 |  1128758000 |  1115903000 |  1001242000 |   981986700 |   981036700 |  1112235000 |   808761700 |   962361800 |   895389300 |   999472000 |   929813400 |   923851500 |  1035811000 |   927613000 |   821764900 |   999984500 |  1329091000 |   991901700 |  1069944000 |   923705600 |   907695200 |    911468400 |    792892100 |    954324000 |   1037030000 |    961959200 |    948252100 |    933595500 |    861778900 |   1147020000 |    852431800 |   1137616000 |    951607400 |    885829000 |   1020003000 |    805845900 |   1040400000 |    774697600 |    835263400 |   1272223000 |   1015422000 |    981945500 |    795120900 |    794228900 |    788356000 |    825654300 |    804122000 |    834874800 |   1355536000 |
+----------------------------+---------+------------+------------+------------+------------+------------+------------+------------+------------+------------+------------+-------------+-------------+-------------+-------------+-------------+-------------+-------------+-------------+-------------+-------------+-------------+-------------+-------------+-------------+-------------+-------------+-------------+-------------+-------------+-------------+-------------+-------------+-------------+-------------+-------------+-------------+-------------+-------------+-------------+-------------+-------------+-------------+-------------+-------------+-------------+-------------+-------------+-------------+-------------+-------------+-------------+-------------+-------------+-------------+-------------+-------------+-------------+-------------+-------------+-------------+-------------+-------------+-------------+-------------+-------------+-------------+-------------+-------------+-------------+-------------+-------------+-------------+-------------+-------------+-------------+-------------+-------------+-------------+-------------+-------------+-------------+-------------+-------------+-------------+-------------+-------------+-------------+-------------+-------------+-------------+-------------+-------------+-------------+-------------+-------------+-------------+-------------+-------------+-------------+-------------+--------------+--------------+--------------+--------------+--------------+--------------+--------------+--------------+--------------+--------------+--------------+--------------+--------------+--------------+--------------+--------------+--------------+--------------+--------------+--------------+--------------+--------------+--------------+--------------+--------------+--------------+--------------+--------------+
+---------------------------------+---------+--------------+------------+------------+--------------+
|              Event              | Counter |      Sum     |     Min    |     Max    |      Avg     |
+---------------------------------+---------+--------------+------------+------------+--------------+
|      ACTUAL_CPU_CLOCK STAT      |  FIXC1  | 874502908000 | 6807211000 | 6858213000 | 6.832054e+09 |
|        MAX_CPU_CLOCK STAT       |  FIXC2  | 977824148000 | 7637586000 | 7640803000 | 7.639251e+09 |
|    RETIRED_INSTRUCTIONS STAT    |   PMC0  | 503844522000 | 3759123000 | 3998930000 | 3.936285e+09 |
|     CPU_CLOCKS_UNHALTED STAT    |   PMC1  | 867236631000 | 6744994000 | 6795170000 | 6.775286e+09 |
| REQUESTS_TO_L2_GRP1_RD_ANY STAT |   PMC2  | 275116837000 | 2148262000 | 2156914000 | 2.149350e+09 |
|     L2_PF_HIT_IN_L2_ALL STAT    |   PMC3  | 128421296600 |  740731600 | 1355536000 | 1.003291e+09 |
+---------------------------------+---------+--------------+------------+------------+--------------+
+-------------------------------+------------+------------+------------+------------+------------+------------+------------+------------+------------+------------+-------------+-------------+-------------+-------------+-------------+-------------+-------------+-------------+-------------+-------------+-------------+-------------+-------------+-------------+-------------+-------------+-------------+-------------+-------------+-------------+-------------+-------------+-------------+-------------+-------------+-------------+-------------+-------------+-------------+-------------+-------------+-------------+-------------+-------------+-------------+-------------+-------------+-------------+-------------+-------------+-------------+-------------+-------------+-------------+-------------+-------------+-------------+-------------+-------------+-------------+-------------+-------------+-------------+-------------+-------------+-------------+-------------+-------------+-------------+-------------+-------------+-------------+-------------+-------------+-------------+-------------+-------------+-------------+-------------+-------------+-------------+-------------+-------------+-------------+-------------+-------------+-------------+-------------+-------------+-------------+-------------+-------------+-------------+-------------+-------------+-------------+-------------+-------------+-------------+-------------+--------------+--------------+--------------+--------------+--------------+--------------+--------------+--------------+--------------+--------------+--------------+--------------+--------------+--------------+--------------+--------------+--------------+--------------+--------------+--------------+--------------+--------------+--------------+--------------+--------------+--------------+--------------+--------------+
|             Metric            | HWThread 0 | HWThread 1 | HWThread 2 | HWThread 3 | HWThread 4 | HWThread 5 | HWThread 6 | HWThread 7 | HWThread 8 | HWThread 9 | HWThread 10 | HWThread 11 | HWThread 12 | HWThread 13 | HWThread 14 | HWThread 15 | HWThread 16 | HWThread 17 | HWThread 18 | HWThread 19 | HWThread 20 | HWThread 21 | HWThread 22 | HWThread 23 | HWThread 24 | HWThread 25 | HWThread 26 | HWThread 27 | HWThread 28 | HWThread 29 | HWThread 30 | HWThread 31 | HWThread 32 | HWThread 33 | HWThread 34 | HWThread 35 | HWThread 36 | HWThread 37 | HWThread 38 | HWThread 39 | HWThread 40 | HWThread 41 | HWThread 42 | HWThread 43 | HWThread 44 | HWThread 45 | HWThread 46 | HWThread 47 | HWThread 48 | HWThread 49 | HWThread 50 | HWThread 51 | HWThread 52 | HWThread 53 | HWThread 54 | HWThread 55 | HWThread 56 | HWThread 57 | HWThread 58 | HWThread 59 | HWThread 60 | HWThread 61 | HWThread 62 | HWThread 63 | HWThread 64 | HWThread 65 | HWThread 66 | HWThread 67 | HWThread 68 | HWThread 69 | HWThread 70 | HWThread 71 | HWThread 72 | HWThread 73 | HWThread 74 | HWThread 75 | HWThread 76 | HWThread 77 | HWThread 78 | HWThread 79 | HWThread 80 | HWThread 81 | HWThread 82 | HWThread 83 | HWThread 84 | HWThread 85 | HWThread 86 | HWThread 87 | HWThread 88 | HWThread 89 | HWThread 90 | HWThread 91 | HWThread 92 | HWThread 93 | HWThread 94 | HWThread 95 | HWThread 96 | HWThread 97 | HWThread 98 | HWThread 99 | HWThread 100 | HWThread 101 | HWThread 102 | HWThread 103 | HWThread 104 | HWThread 105 | HWThread 106 | HWThread 107 | HWThread 108 | HWThread 109 | HWThread 110 | HWThread 111 | HWThread 112 | HWThread 113 | HWThread 114 | HWThread 115 | HWThread 116 | HWThread 117 | HWThread 118 | HWThread 119 | HWThread 120 | HWThread 121 | HWThread 122 | HWThread 123 | HWThread 124 | HWThread 125 | HWThread 126 | HWThread 127 |
+-------------------------------+------------+------------+------------+------------+------------+------------+------------+------------+------------+------------+-------------+-------------+-------------+-------------+-------------+-------------+-------------+-------------+-------------+-------------+-------------+-------------+-------------+-------------+-------------+-------------+-------------+-------------+-------------+-------------+-------------+-------------+-------------+-------------+-------------+-------------+-------------+-------------+-------------+-------------+-------------+-------------+-------------+-------------+-------------+-------------+-------------+-------------+-------------+-------------+-------------+-------------+-------------+-------------+-------------+-------------+-------------+-------------+-------------+-------------+-------------+-------------+-------------+-------------+-------------+-------------+-------------+-------------+-------------+-------------+-------------+-------------+-------------+-------------+-------------+-------------+-------------+-------------+-------------+-------------+-------------+-------------+-------------+-------------+-------------+-------------+-------------+-------------+-------------+-------------+-------------+-------------+-------------+-------------+-------------+-------------+-------------+-------------+-------------+-------------+--------------+--------------+--------------+--------------+--------------+--------------+--------------+--------------+--------------+--------------+--------------+--------------+--------------+--------------+--------------+--------------+--------------+--------------+--------------+--------------+--------------+--------------+--------------+--------------+--------------+--------------+--------------+--------------+
|      Runtime (RDTSC) [s]      |     2.8318 |     2.8318 |     2.8318 |     2.8318 |     2.8319 |     2.8316 |     2.8318 |     2.8318 |     2.8318 |     2.8316 |      2.8316 |      2.8316 |      2.8318 |      2.8318 |      2.8318 |      2.8318 |      2.8316 |      2.8321 |      2.8318 |      2.8317 |      2.8316 |      2.8316 |      2.8318 |      2.8320 |      2.8316 |      2.8319 |      2.8319 |      2.8316 |      2.8318 |      2.8319 |      2.8319 |      2.8318 |      2.8316 |      2.8317 |      2.8316 |      2.8316 |      2.8316 |      2.8318 |      2.8318 |      2.8316 |      2.8316 |      2.8318 |      2.8316 |      2.8317 |      2.8317 |      2.8318 |      2.8321 |      2.8318 |      2.8316 |      2.8318 |      2.8316 |      2.8319 |      2.8318 |      2.8318 |      2.8316 |      2.8318 |      2.8318 |      2.8318 |      2.8318 |      2.8319 |      2.8316 |      2.8316 |      2.8316 |      2.8316 |      2.8316 |      2.8316 |      2.8316 |      2.8316 |      2.8317 |      2.8316 |      2.8316 |      2.8318 |      2.8316 |      2.8316 |      2.8331 |      2.8317 |      2.8318 |      2.8316 |      2.8330 |      2.8318 |      2.8316 |      2.8318 |      2.8319 |      2.8316 |      2.8318 |      2.8316 |      2.8319 |      2.8319 |      2.8319 |      2.8319 |      2.8319 |      2.8316 |      2.8318 |      2.8319 |      2.8316 |      2.8318 |      2.8316 |      2.8320 |      2.8317 |      2.8320 |       2.8321 |       2.8318 |       2.8316 |       2.8318 |       2.8316 |       2.8318 |       2.8316 |       2.8330 |       2.8318 |       2.8321 |       2.8318 |       2.8317 |       2.8318 |       2.8318 |       2.8318 |       2.8318 |       2.8316 |       2.8318 |       2.8318 |       2.8316 |       2.8316 |       2.8319 |       2.8318 |       2.8323 |       2.8325 |       2.8318 |       2.8330 |       2.8320 |
|      Runtime unhalted [s]     |     2.5364 |     2.5365 |     2.5365 |     2.5365 |     2.5365 |     2.5363 |     2.5365 |     2.5365 |     2.5248 |     2.5248 |      2.5248 |      2.5249 |      2.5250 |      2.5250 |      2.5250 |      2.5250 |      2.5432 |      2.5435 |      2.5434 |      2.5432 |      2.5429 |      2.5432 |      2.5433 |      2.5436 |      2.5322 |      2.5322 |      2.5324 |      2.5319 |      2.5324 |      2.5322 |      2.5322 |      2.5321 |      2.5249 |      2.5247 |      2.5247 |      2.5247 |      2.5248 |      2.5250 |      2.5251 |      2.5247 |      2.5367 |      2.5368 |      2.5368 |      2.5367 |      2.5367 |      2.5369 |      2.5370 |      2.5369 |      2.5389 |      2.5390 |      2.5389 |      2.5391 |      2.5390 |      2.5390 |      2.5388 |      2.5390 |      2.5298 |      2.5298 |      2.5297 |      2.5297 |      2.5297 |      2.5297 |      2.5296 |      2.5296 |      2.5282 |      2.5282 |      2.5282 |      2.5283 |      2.5283 |      2.5283 |      2.5282 |      2.5284 |      2.5358 |      2.5360 |      2.5363 |      2.5359 |      2.5359 |      2.5358 |      2.5361 |      2.5360 |      2.5346 |      2.5347 |      2.5347 |      2.5345 |      2.5348 |      2.5346 |      2.5348 |      2.5345 |      2.5338 |      2.5339 |      2.5336 |      2.5337 |      2.5338 |      2.5338 |      2.5336 |      2.5338 |      2.5379 |      2.5382 |      2.5382 |      2.5382 |       2.5382 |       2.5381 |       2.5379 |       2.5382 |       2.5360 |       2.5362 |       2.5361 |       2.5362 |       2.5361 |       2.5360 |       2.5361 |       2.5360 |       2.5399 |       2.5399 |       2.5399 |       2.5400 |       2.5400 |       2.5400 |       2.5399 |       2.5399 |       2.5279 |       2.5280 |       2.5280 |       2.5281 |       2.5281 |       2.5280 |       2.5282 |       2.5281 |
|          Clock [MHz]          |  2413.6519 |  2413.7066 |  2413.6928 |  2413.6905 |  2413.7067 |  2413.7074 |  2413.7086 |  2413.6958 |  2402.8976 |  2402.8197 |   2402.9650 |   2402.8573 |   2402.7687 |   2402.8905 |   2402.7512 |   2402.7483 |   2420.3063 |   2420.2005 |   2420.2792 |   2420.2604 |   2420.3869 |   2420.2691 |   2420.2760 |   2420.2429 |   2409.7281 |   2409.8049 |   2409.8491 |   2409.8286 |   2409.8464 |   2409.8344 |   2409.8101 |   2409.7009 |   2402.9221 |   2402.8675 |   2402.9604 |   2402.8804 |   2402.7631 |   2402.7789 |   2402.8935 |   2402.9578 |   2414.0826 |   2414.0513 |   2414.1894 |   2414.1513 |   2414.0796 |   2414.1755 |   2413.9847 |   2414.1603 |   2416.1500 |   2416.0917 |   2416.1411 |   2416.1970 |   2416.0897 |   2416.0951 |   2416.0831 |   2416.0942 |   2407.7332 |   2407.5467 |   2407.7989 |   2407.8216 |   2407.8475 |   2407.7186 |   2407.8126 |   2407.5391 |   2406.2480 |   2406.2513 |   2406.2557 |   2406.3654 |   2406.1778 |   2406.1661 |   2406.2535 |   2406.2595 |   2413.5316 |   2413.3969 |   2413.2835 |   2413.5202 |   2413.4079 |   2413.4672 |   2413.2768 |   2413.5028 |   2412.0450 |   2412.0639 |   2411.9875 |   2412.2057 |   2412.0920 |   2412.0941 |   2412.0879 |   2412.2210 |   2411.2193 |   2411.2212 |   2411.1769 |   2411.2927 |   2411.1152 |   2411.1261 |   2411.1997 |   2411.2166 |   2415.5318 |   2415.3691 |   2415.4525 |   2415.4178 |    2415.4450 |    2415.5245 |    2415.5116 |    2415.5260 |    2413.4468 |    2413.3938 |    2413.3916 |    2413.1171 |    2413.3668 |    2413.2683 |    2413.3733 |    2413.4420 |    2417.0783 |    2417.1689 |    2417.1631 |    2417.0865 |    2417.2989 |    2417.0828 |    2417.1562 |    2417.1947 |    2405.9306 |    2405.8386 |    2405.8623 |    2405.7392 |    2405.7284 |    2405.9015 |    2405.7418 |    2405.8256 |
|              CPI              |     1.7126 |     1.7119 |     1.7106 |     1.6992 |     1.7105 |     1.6971 |     1.7139 |     1.7139 |     1.7168 |     1.7153 |      1.7139 |      1.7038 |      1.7160 |      1.7149 |      1.7170 |      1.7124 |      1.7275 |      1.7270 |      1.7254 |      1.7269 |      1.7236 |      1.7228 |      1.7269 |      1.7206 |      1.7078 |      1.7027 |      1.7053 |      1.6945 |      1.6922 |      1.7064 |      1.7067 |      1.7035 |      1.7131 |      1.7092 |      1.7126 |      1.7149 |      1.7050 |      1.7111 |      1.7151 |      1.7150 |      1.7118 |      1.7101 |      1.7189 |      1.7191 |      1.7127 |      1.7189 |      1.7140 |      1.7125 |      1.7163 |      1.7144 |      1.7109 |      1.7033 |      1.7096 |      1.7156 |      1.7115 |      1.7167 |      1.7228 |      1.7202 |      1.7229 |      1.7170 |      1.7231 |      1.7256 |      1.7296 |      1.7402 |      1.7060 |      1.7061 |      1.7045 |      1.7008 |      1.7090 |      1.7001 |      1.6985 |      1.7024 |      1.7136 |      1.7147 |      1.7129 |      1.7148 |      1.7130 |      1.7111 |      1.7169 |      1.7203 |      1.7123 |      1.7090 |      1.7078 |      1.7090 |      1.7121 |      1.7001 |      1.7065 |      1.7047 |      1.7205 |      1.7172 |      1.7177 |      1.7231 |      1.7225 |      1.7129 |      1.7232 |      1.7377 |      1.7108 |      1.7150 |      1.7090 |      1.7100 |       1.7091 |       1.7027 |       1.7093 |       1.7142 |       1.7785 |       1.7770 |       1.7786 |       1.7728 |       1.7934 |       1.7949 |       1.7924 |       1.8032 |       1.7426 |       1.7415 |       1.7296 |       1.7429 |       1.7368 |       1.7407 |       1.7530 |       1.7418 |       1.7452 |       1.7342 |       1.7356 |       1.7348 |       1.7483 |       1.7370 |       1.7538 |       1.7663 |
|    L2 bandwidth [MBytes/s]    | 48560.6335 | 48563.2113 | 48557.5793 | 48552.3367 | 48558.0170 | 48556.2095 | 48562.0369 | 48568.5803 | 48562.0206 | 48570.5994 |  48562.9372 |  48559.2381 |  48570.9098 |  48571.2696 |  48562.1164 |  48566.3318 |  48570.9715 |  48567.3278 |  48561.8118 |  48577.5173 |  48566.0857 |  48567.0482 |  48564.1748 |  48560.9771 |  48561.8989 |  48558.6771 |  48554.2927 |  48556.2134 |  48551.2425 |  48560.5505 |  48559.3777 |  48561.4282 |  48573.1296 |  48574.0584 |  48570.9103 |  48605.0171 |  48568.6953 |  48571.8029 |  48575.6450 |  48584.0711 |  48568.6782 |  48569.5818 |  48579.2416 |  48571.9682 |  48566.5342 |  48574.4456 |  48562.2861 |  48571.7343 |  48570.4198 |  48571.5010 |  48566.3221 |  48560.2319 |  48563.2074 |  48582.5475 |  48567.1207 |  48574.5801 |  48576.2033 |  48578.5480 |  48576.6269 |  48573.2613 |  48577.7071 |  48582.1889 |  48583.9825 |  48649.6637 |  48570.4972 |  48572.2404 |  48566.1690 |  48565.8186 |  48578.7694 |  48567.5933 |  48566.2298 |  48568.6535 |  48568.4776 |  48571.4461 |  48540.5497 |  48567.6713 |  48564.7318 |  48569.4721 |  48547.2309 |  48575.9263 |  48569.7393 |  48580.8829 |  48569.0136 |  48584.9401 |  48577.1764 |  48567.4628 |  48562.8011 |  48566.5698 |  48580.6892 |  48577.5606 |  48577.6976 |  48584.9656 |  48583.3448 |  48576.9777 |  48591.0895 |  48671.1762 |  48574.4639 |  48572.6255 |  48571.4483 |  48565.1680 |   48579.8624 |   48569.2509 |   48573.8849 |   48588.8421 |   48567.3022 |   48567.6315 |   48568.9657 |   48542.6388 |   48572.2143 |   48596.8276 |   48579.7902 |   48598.0115 |   48623.9854 |   48571.3031 |   48564.0166 |   48571.9222 |   48568.6104 |   48634.4963 |   48584.5099 |   48573.3405 |   48598.3966 |   48624.8905 |   48627.6944 |   48611.7629 |   48620.8695 |   48617.9350 |   48619.1425 |   48743.3201 |
|    L2 data volume [GBytes]    |   137.5124 |   137.5222 |   137.5046 |   137.4895 |   137.5107 |   137.4915 |   137.5187 |   137.5357 |   137.5185 |   137.5314 |    137.5097 |    137.5015 |    137.5419 |    137.5447 |    137.5188 |    137.5306 |    137.5354 |    137.5468 |    137.5164 |    137.5546 |    137.5211 |    137.5233 |    137.5228 |    137.5261 |    137.5092 |    137.5114 |    137.4990 |    137.4906 |    137.4888 |    137.5187 |    137.5134 |    137.5180 |    137.5416 |    137.5450 |    137.5322 |    137.6288 |    137.5260 |    137.5443 |    137.5552 |    137.5693 |    137.5260 |    137.5382 |    137.5580 |    137.5390 |    137.5260 |    137.5522 |    137.5316 |    137.5443 |    137.5333 |    137.5454 |    137.5192 |    137.5156 |    137.5231 |    137.5752 |    137.5238 |    137.5542 |    137.5597 |    137.5637 |    137.5583 |    137.5564 |    137.5530 |    137.5642 |    137.5713 |    137.7573 |    137.5312 |    137.5382 |    137.5217 |    137.5180 |    137.5601 |    137.5229 |    137.5222 |    137.5359 |    137.5274 |    137.5367 |    137.5181 |    137.5288 |    137.5263 |    137.5302 |    137.5356 |    137.5563 |    137.5320 |    137.5700 |    137.5428 |    137.5721 |    137.5595 |    137.5254 |    137.5246 |    137.5352 |    137.5752 |    137.5646 |    137.5660 |    137.5728 |    137.5773 |    137.5632 |    137.5891 |    137.8261 |    137.5452 |    137.5594 |    137.5375 |    137.5383 |     137.5840 |     137.5407 |     137.5428 |     137.5930 |     137.5255 |     137.5356 |     137.5269 |     137.5228 |     137.5457 |     137.6334 |     137.5674 |     137.6126 |     137.6939 |     137.5449 |     137.5224 |     137.5445 |     137.5258 |     137.7220 |     137.5804 |     137.5390 |     137.6135 |     137.6987 |     137.7026 |     137.6850 |     137.7195 |     137.6778 |     137.7394 |     138.0425 |
| Prefetch bandwidth [MBytes/s] | 25859.2936 | 24206.5274 | 23981.6483 | 17912.4401 | 23759.9705 | 17182.2787 | 26161.1080 | 24775.6837 | 26885.4779 | 25223.1347 |  25067.9250 |  19660.1651 |  25951.8698 |  24366.5667 |  26887.3668 |  23644.5016 |  27456.6719 |  26153.0096 |  25348.8981 |  25441.9738 |  24973.8341 |  23346.4486 |  27260.6065 |  23018.6262 |  25365.3295 |  21472.9342 |  23487.2319 |  17373.9972 |  16740.7139 |  22728.7639 |  24471.8000 |  21500.8075 |  25789.4795 |  22944.6628 |  25011.2248 |  22810.0365 |  20962.5622 |  23119.3221 |  27181.4104 |  25601.4420 |  22013.7016 |  21035.7249 |  25431.8418 |  24324.5312 |  21326.9266 |  24175.2254 |  23178.8641 |  21548.0696 |  25845.8674 |  23797.0516 |  22549.3128 |  18258.8493 |  21078.1074 |  23657.9484 |  22451.4091 |  24677.9146 |  23906.8702 |  22399.6938 |  23499.0089 |  20481.3890 |  21004.0011 |  24231.0176 |  26145.1671 |  30481.8184 |  23284.5462 |  22415.7388 |  22221.4041 |  19178.0419 |  24796.1066 |  19064.2441 |  19775.4174 |  20606.3943 |  23059.9159 |  22749.9443 |  21963.0433 |  22104.8462 |  21335.6514 |  20365.0291 |  24884.3544 |  25510.6461 |  25221.3619 |  22628.7597 |  22192.5421 |  22173.6172 |  25137.2780 |  18279.4500 |  21749.1187 |  20235.5653 |  22587.8152 |  21013.8081 |  20878.9142 |  23411.5310 |  20964.6343 |  18571.8763 |  22601.9436 |  30038.2777 |  22418.7470 |  24179.2181 |  20877.2535 |  20512.6251 |   20597.2832 |   17919.4273 |   21569.5383 |   23437.5186 |   21741.8933 |   21430.6595 |   21101.3328 |   19468.1488 |   25923.3881 |   19262.9888 |   25710.8062 |   21507.9025 |   20020.0776 |   23052.4293 |   18212.6538 |   23513.7741 |   17509.9058 |   18877.4955 |   28753.0968 |   22950.8422 |   22193.6251 |   17969.7476 |   17950.1145 |   17813.8224 |   18655.4420 |   18173.3267 |   18860.3809 |   30633.2682 |
| Prefetch data volume [GBytes] |    73.2275 |    68.5485 |    67.9108 |    50.7241 |    67.2855 |    48.6533 |    74.0834 |    70.1594 |    76.1346 |    71.4212 |     70.9818 |     55.6702 |     73.4899 |     69.0015 |     76.1400 |     66.9567 |     77.7473 |     74.0675 |     71.7825 |     72.0428 |     70.7166 |     66.1082 |     77.1959 |     65.1894 |     71.8252 |     60.8084 |     66.5126 |     49.1958 |     47.4068 |     64.3656 |     69.3007 |     60.8867 |     73.0265 |     64.9714 |     70.8212 |     64.5884 |     59.3571 |     65.4687 |     76.9716 |     72.4924 |     62.3335 |     59.5685 |     72.0133 |     68.8787 |     60.3915 |     68.4589 |     65.6441 |     61.0193 |     73.1859 |     67.3888 |     63.8501 |     51.7064 |     59.6898 |     66.9942 |     63.5739 |     69.8833 |     67.7003 |     63.4310 |     66.5440 |     58.0020 |     59.4751 |     68.6120 |     74.0332 |     86.3129 |     65.9320 |     63.4729 |     62.9229 |     54.3041 |     70.2149 |     53.9819 |     55.9969 |     58.3529 |     65.2969 |     64.4196 |     62.2226 |     62.5942 |     60.4186 |     57.6660 |     70.4980 |     72.2405 |     71.4178 |     64.0795 |     62.8471 |     62.7863 |     71.1830 |     51.7607 |     61.5912 |     57.3049 |     63.9662 |     59.5081 |     59.1265 |     66.2919 |     59.3672 |     52.5930 |     63.9990 |     85.0618 |     63.4817 |     68.4764 |     59.1172 |     58.0925 |      58.3340 |      50.7451 |      61.0767 |      66.3699 |      61.5654 |      60.6881 |      59.7501 |      55.1538 |      73.4093 |      54.5556 |      72.8074 |      60.9029 |      56.6931 |      65.2802 |      51.5741 |      66.5856 |      49.5806 |      53.4569 |      81.4223 |      64.9870 |      62.8445 |      50.8877 |      50.8306 |      50.4548 |      52.8419 |      51.4638 |      53.4320 |      86.7543 |
+-------------------------------+------------+------------+------------+------------+------------+------------+------------+------------+------------+------------+-------------+-------------+-------------+-------------+-------------+-------------+-------------+-------------+-------------+-------------+-------------+-------------+-------------+-------------+-------------+-------------+-------------+-------------+-------------+-------------+-------------+-------------+-------------+-------------+-------------+-------------+-------------+-------------+-------------+-------------+-------------+-------------+-------------+-------------+-------------+-------------+-------------+-------------+-------------+-------------+-------------+-------------+-------------+-------------+-------------+-------------+-------------+-------------+-------------+-------------+-------------+-------------+-------------+-------------+-------------+-------------+-------------+-------------+-------------+-------------+-------------+-------------+-------------+-------------+-------------+-------------+-------------+-------------+-------------+-------------+-------------+-------------+-------------+-------------+-------------+-------------+-------------+-------------+-------------+-------------+-------------+-------------+-------------+-------------+-------------+-------------+-------------+-------------+-------------+-------------+--------------+--------------+--------------+--------------+--------------+--------------+--------------+--------------+--------------+--------------+--------------+--------------+--------------+--------------+--------------+--------------+--------------+--------------+--------------+--------------+--------------+--------------+--------------+--------------+--------------+--------------+--------------+--------------+
+------------------------------------+--------------+------------+------------+------------+
|               Metric               |      Sum     |     Min    |     Max    |     Avg    |
+------------------------------------+--------------+------------+------------+------------+
|      Runtime (RDTSC) [s] STAT      |     362.4704 |     2.8316 |     2.8331 |     2.8318 |
|      Runtime unhalted [s] STAT     |     324.3359 |     2.5247 |     2.5436 |     2.5339 |
|          Clock [MHz] STAT          |  308657.6453 |  2402.7483 |  2420.3869 |  2411.3879 |
|              CPI STAT              |     220.3493 |     1.6922 |     1.8032 |     1.7215 |
|    L2 bandwidth [MBytes/s] STAT    | 6.217774e+06 | 48540.5497 | 48743.3201 | 48576.3611 |
|    L2 data volume [GBytes] STAT    |   17607.4776 |   137.4888 |   138.0425 |   137.5584 |
| Prefetch bandwidth [MBytes/s] STAT | 2.902389e+06 | 16740.7139 | 30633.2682 | 22674.9110 |
| Prefetch data volume [GBytes] STAT |    8218.9630 |    47.4068 |    86.7543 |    64.2106 |
+------------------------------------+--------------+------------+------------+------------+
