--------------------------------------------------------------------------------
CPU name:	AMD EPYC 9755 128-Core Processor               
CPU type:	AMD K1A (Zen5) architecture
CPU clock:	2.70 GHz
--------------------------------------------------------------------------------
Region bench, Group 1: L2BW
+-------------------+------------+------------+------------+------------+------------+------------+------------+------------+------------+------------+-------------+-------------+-------------+-------------+-------------+-------------+-------------+-------------+-------------+-------------+-------------+-------------+-------------+-------------+-------------+-------------+-------------+-------------+-------------+-------------+-------------+-------------+
|    Region Info    | HWThread 0 | HWThread 1 | HWThread 2 | HWThread 3 | HWThread 4 | HWThread 5 | HWThread 6 | HWThread 7 | HWThread 8 | HWThread 9 | HWThread 10 | HWThread 11 | HWThread 12 | HWThread 13 | HWThread 14 | HWThread 15 | HWThread 16 | HWThread 17 | HWThread 18 | HWThread 19 | HWThread 20 | HWThread 21 | HWThread 22 | HWThread 23 | HWThread 24 | HWThread 25 | HWThread 26 | HWThread 27 | HWThread 28 | HWThread 29 | HWThread 30 | HWThread 31 |
+-------------------+------------+------------+------------+------------+------------+------------+------------+------------+------------+------------+-------------+-------------+-------------+-------------+-------------+-------------+-------------+-------------+-------------+-------------+-------------+-------------+-------------+-------------+-------------+-------------+-------------+-------------+-------------+-------------+-------------+-------------+
| RDTSC Runtime [s] |   2.186101 |   2.186121 |   2.186117 |   2.186148 |   2.186119 |   2.186120 |   2.186122 |   2.186148 |   2.186119 |   2.186122 |    2.186123 |    2.186110 |    2.186110 |    2.186132 |    2.186094 |    2.186130 |    2.186128 |    2.186122 |    2.186112 |    2.186122 |    2.186116 |    2.186117 |    2.186146 |    2.186106 |    2.186177 |    2.186141 |    2.186137 |    2.186141 |    2.186127 |    2.186094 |    2.186102 |    2.186140 |
|     call count    |          1 |          1 |          1 |          1 |          1 |          1 |          1 |          1 |          1 |          1 |           1 |           1 |           1 |           1 |           1 |           1 |           1 |           1 |           1 |           1 |           1 |           1 |           1 |           1 |           1 |           1 |           1 |           1 |           1 |           1 |           1 |           1 |
+-------------------+------------+------------+------------+------------+------------+------------+------------+------------+------------+------------+-------------+-------------+-------------+-------------+-------------+-------------+-------------+-------------+-------------+-------------+-------------+-------------+-------------+-------------+-------------+-------------+-------------+-------------+-------------+-------------+-------------+-------------+
+----------------------------+---------+------------+------------+------------+------------+------------+------------+------------+------------+------------+------------+-------------+-------------+-------------+-------------+-------------+-------------+-------------+-------------+-------------+-------------+-------------+-------------+-------------+-------------+-------------+-------------+-------------+-------------+-------------+-------------+-------------+-------------+
|            Event           | Counter | HWThread 0 | HWThread 1 | HWThread 2 | HWThread 3 | HWThread 4 | HWThread 5 | HWThread 6 | HWThread 7 | HWThread 8 | HWThread 9 | HWThread 10 | HWThread 11 | HWThread 12 | HWThread 13 | HWThread 14 | HWThread 15 | HWThread 16 | HWThread 17 | HWThread 18 | HWThread 19 | HWThread 20 | HWThread 21 | HWThread 22 | HWThread 23 | HWThread 24 | HWThread 25 | HWThread 26 | HWThread 27 | HWThread 28 | HWThread 29 | HWThread 30 | HWThread 31 |
+----------------------------+---------+------------+------------+------------+------------+------------+------------+------------+------------+------------+------------+-------------+-------------+-------------+-------------+-------------+-------------+-------------+-------------+-------------+-------------+-------------+-------------+-------------+-------------+-------------+-------------+-------------+-------------+-------------+-------------+-------------+-------------+
|      ACTUAL_CPU_CLOCK      |  FIXC1  | 5278578000 | 5278754000 | 5278751000 | 5278753000 | 5278769000 | 5278775000 | 5278794000 | 5278770000 | 5254056000 | 5253947000 |  5253992000 |  5253926000 |  5254002000 |  5254067000 |  5253902000 |  5254059000 |  5295475000 |  5295467000 |  5295474000 |  5295602000 |  5295530000 |  5295589000 |  5295629000 |  5295503000 |  5267672000 |  5267631000 |  5267626000 |  5267671000 |  5267572000 |  5267527000 |  5267670000 |  5267700000 |
|        MAX_CPU_CLOCK       |  FIXC2  | 5895147000 | 5895295000 | 5895297000 | 5895243000 | 5895261000 | 5895270000 | 5895324000 | 5895254000 | 5895309000 | 5895201000 |  5895282000 |  5895162000 |  5895287000 |  5895401000 |  5895171000 |  5895307000 |  5895302000 |  5895287000 |  5895300000 |  5895431000 |  5895405000 |  5895439000 |  5895445000 |  5895313000 |  5895329000 |  5895305000 |  5895279000 |  5895282000 |  5895221000 |  5895142000 |  5895320000 |  5895288000 |
|    RETIRED_INSTRUCTIONS    |   PMC0  | 7522906000 | 7526608000 | 7522621000 | 7522209000 | 7523360000 | 7523785000 | 7524042000 | 7522012000 | 7519890000 | 7518524000 |  7519109000 |  7517719000 |  7518020000 |  7523372000 |  7518884000 |  7517217000 |  7527976000 |  7529329000 |  7527621000 |  7526484000 |  7532241000 |  7528691000 |  7529789000 |  7527180000 |  7520670000 |  7520631000 |  7521293000 |  7519218000 |  7525988000 |  7522686000 |  7527613000 |  7522639000 |
|     CPU_CLOCKS_UNHALTED    |   PMC1  | 5255981000 | 5259779000 | 5259577000 | 5259166000 | 5259757000 | 5259304000 | 5259519000 | 5259249000 | 5234278000 | 5233869000 |  5234341000 |  5233946000 |  5234228000 |  5234371000 |  5233662000 |  5233792000 |  5275573000 |  5275756000 |  5275262000 |  5275439000 |  5276046000 |  5275832000 |  5275205000 |  5275818000 |  5247844000 |  5247673000 |  5248118000 |  5247999000 |  5247589000 |  5247846000 |  5247945000 |  5247890000 |
| REQUESTS_TO_L2_GRP1_RD_ANY |   PMC2  | 2148011000 | 2148172000 | 2148084000 | 2148118000 | 2148096000 | 2148101000 | 2148068000 | 2148196000 | 2148089000 | 2148079000 |  2148051000 |  2148063000 |  2148107000 |  2148058000 |  2148114000 |  2148079000 |  2148057000 |  2148109000 |  2148112000 |  2148083000 |  2148100000 |  2148123000 |  2148083000 |  2148091000 |  2148146000 |  2148072000 |  2148135000 |  2148186000 |  2148138000 |  2148097000 |  2148066000 |  2148071000 |
|     L2_PF_HIT_IN_L2_ALL    |   PMC3  | 1218268000 | 1233051000 | 1228941000 | 1235904000 | 1230372000 | 1229281000 | 1226747000 | 1226955000 | 1217010000 | 1229422000 |  1226442000 |  1239942000 |  1228994000 |  1228586000 |  1223399000 |  1219910000 |  1220775000 |  1228302000 |  1229841000 |  1242302000 |  1237926000 |  1228966000 |  1227913000 |  1227421000 |  1219281000 |  1226778000 |  1229502000 |  1233475000 |  1233806000 |  1225820000 |  1230258000 |  1222386000 |
+----------------------------+---------+------------+------------+------------+------------+------------+------------+------------+------------+------------+------------+-------------+-------------+-------------+-------------+-------------+-------------+-------------+-------------+-------------+-------------+-------------+-------------+-------------+-------------+-------------+-------------+-------------+-------------+-------------+-------------+-------------+-------------+
+---------------------------------+---------+--------------+------------+------------+--------------+
|              Event              | Counter |      Sum     |     Min    |     Max    |      Avg     |
+---------------------------------+---------+--------------+------------+------------+--------------+
|      ACTUAL_CPU_CLOCK STAT      |  FIXC1  | 168767233000 | 5253902000 | 5295629000 | 5.273976e+09 |
|        MAX_CPU_CLOCK STAT       |  FIXC2  | 188649299000 | 5895142000 | 5895445000 | 5.895291e+09 |
|    RETIRED_INSTRUCTIONS STAT    |   PMC0  | 240750327000 | 7517217000 | 7532241000 | 7.523448e+09 |
|     CPU_CLOCKS_UNHALTED STAT    |   PMC1  | 168132654000 | 5233662000 | 5276046000 | 5.254145e+09 |
| REQUESTS_TO_L2_GRP1_RD_ANY STAT |   PMC2  |  68739155000 | 2148011000 | 2148196000 | 2.148099e+09 |
|     L2_PF_HIT_IN_L2_ALL STAT    |   PMC3  |  39307976000 | 1217010000 | 1242302000 |   1228374250 |
+---------------------------------+---------+--------------+------------+------------+--------------+
+-------------------------------+------------+------------+------------+------------+------------+------------+------------+------------+------------+------------+-------------+-------------+-------------+-------------+-------------+-------------+-------------+-------------+-------------+-------------+-------------+-------------+-------------+-------------+-------------+-------------+-------------+-------------+-------------+-------------+-------------+-------------+
|             Metric            | HWThread 0 | HWThread 1 | HWThread 2 | HWThread 3 | HWThread 4 | HWThread 5 | HWThread 6 | HWThread 7 | HWThread 8 | HWThread 9 | HWThread 10 | HWThread 11 | HWThread 12 | HWThread 13 | HWThread 14 | HWThread 15 | HWThread 16 | HWThread 17 | HWThread 18 | HWThread 19 | HWThread 20 | HWThread 21 | HWThread 22 | HWThread 23 | HWThread 24 | HWThread 25 | HWThread 26 | HWThread 27 | HWThread 28 | HWThread 29 | HWThread 30 | HWThread 31 |
+-------------------------------+------------+------------+------------+------------+------------+------------+------------+------------+------------+------------+-------------+-------------+-------------+-------------+-------------+-------------+-------------+-------------+-------------+-------------+-------------+-------------+-------------+-------------+-------------+-------------+-------------+-------------+-------------+-------------+-------------+-------------+
|      Runtime (RDTSC) [s]      |     2.1861 |     2.1861 |     2.1861 |     2.1861 |     2.1861 |     2.1861 |     2.1861 |     2.1861 |     2.1861 |     2.1861 |      2.1861 |      2.1861 |      2.1861 |      2.1861 |      2.1861 |      2.1861 |      2.1861 |      2.1861 |      2.1861 |      2.1861 |      2.1861 |      2.1861 |      2.1861 |      2.1861 |      2.1862 |      2.1861 |      2.1861 |      2.1861 |      2.1861 |      2.1861 |      2.1861 |      2.1861 |
|      Runtime unhalted [s]     |     1.9577 |     1.9578 |     1.9578 |     1.9578 |     1.9578 |     1.9578 |     1.9578 |     1.9578 |     1.9486 |     1.9486 |      1.9486 |      1.9486 |      1.9486 |      1.9486 |      1.9486 |      1.9486 |      1.9640 |      1.9640 |      1.9640 |      1.9640 |      1.9640 |      1.9640 |      1.9640 |      1.9640 |      1.9537 |      1.9537 |      1.9537 |      1.9537 |      1.9536 |      1.9536 |      1.9537 |      1.9537 |
|          Clock [MHz]          |  2414.2865 |  2414.3064 |  2414.3042 |  2414.3272 |  2414.3272 |  2414.3262 |  2414.3128 |  2414.3305 |  2403.0047 |  2402.9989 |   2402.9865 |   2403.0052 |   2402.9890 |   2402.9723 |   2402.9905 |   2403.0069 |   2421.9511 |   2421.9536 |   2421.9514 |   2421.9562 |   2421.9339 |   2421.9469 |   2421.9628 |   2421.9594 |   2409.2240 |   2409.2151 |   2409.2234 |   2409.2427 |   2409.2224 |   2409.2341 |   2409.2268 |   2409.2536 |
|              CPI              |     0.6987 |     0.6988 |     0.6992 |     0.6992 |     0.6991 |     0.6990 |     0.6990 |     0.6992 |     0.6961 |     0.6961 |      0.6961 |      0.6962 |      0.6962 |      0.6957 |      0.6961 |      0.6962 |      0.7008 |      0.7007 |      0.7008 |      0.7009 |      0.7005 |      0.7008 |      0.7006 |      0.7009 |      0.6978 |      0.6978 |      0.6978 |      0.6979 |      0.6973 |      0.6976 |      0.6972 |      0.6976 |
|    L2 bandwidth [MBytes/s]    | 62884.8823 | 62889.0203 | 62886.5591 | 62886.6628 | 62886.8529 | 62886.9705 | 62885.9469 | 62888.9462 | 62886.6480 | 62886.2689 |  62885.4204 |  62886.1457 |  62887.4338 |  62885.3665 |  62888.0990 |  62886.0388 |  62885.4523 |  62887.1472 |  62887.5227 |  62886.3860 |  62887.0563 |  62887.7009 |  62885.6956 |  62887.0805 |  62886.6482 |  62885.5174 |  62887.4769 |  62888.8548 |  62887.8524 |  62887.6014 |  62886.4637 |  62885.5169 |
|    L2 data volume [GBytes]    |   137.4727 |   137.4830 |   137.4774 |   137.4796 |   137.4781 |   137.4785 |   137.4764 |   137.4845 |   137.4777 |   137.4771 |    137.4753 |    137.4760 |    137.4788 |    137.4757 |    137.4793 |    137.4771 |    137.4756 |    137.4790 |    137.4792 |    137.4773 |    137.4784 |    137.4799 |    137.4773 |    137.4778 |    137.4813 |    137.4766 |    137.4806 |    137.4839 |    137.4808 |    137.4782 |    137.4762 |    137.4765 |
| Prefetch bandwidth [MBytes/s] | 35665.8508 | 36098.3056 | 35978.0488 | 36181.3820 | 36019.9093 | 35987.9531 | 35913.7358 | 35919.3980 | 35628.7284 | 35992.0480 |  35904.7904 |  36300.2264 |  35979.7156 |  35967.4091 |  35816.1799 |  35713.4480 |  35738.8039 |  35959.2594 |  36004.4792 |  36369.1176 |  36241.1071 |  35978.7806 |  35947.4765 |  35933.7306 |  35694.2663 |  35914.3312 |  35994.1431 |  36110.3881 |  36120.3096 |  35887.0570 |  36016.8519 |  35785.7704 |
| Prefetch data volume [GBytes] |    77.9692 |    78.9153 |    78.6522 |    79.0979 |    78.7438 |    78.6740 |    78.5118 |    78.5251 |    77.8886 |    78.6830 |     78.4923 |     79.3563 |     78.6556 |     78.6295 |     78.2975 |     78.0742 |     78.1296 |     78.6113 |     78.7098 |     79.5073 |     79.2273 |     78.6538 |     78.5864 |     78.5549 |     78.0340 |     78.5138 |     78.6881 |     78.9424 |     78.9636 |     78.4525 |     78.7365 |     78.2327 |
+-------------------------------+------------+------------+------------+------------+------------+------------+------------+------------+------------+------------+-------------+-------------+-------------+-------------+-------------+-------------+-------------+-------------+-------------+-------------+-------------+-------------+-------------+-------------+-------------+-------------+-------------+-------------+-------------+-------------+-------------+-------------+
+------------------------------------+--------------+------------+------------+------------+
|               Metric               |      Sum     |     Min    |     Max    |     Avg    |
+------------------------------------+--------------+------------+------------+------------+
|      Runtime (RDTSC) [s] STAT      |      69.9553 |     2.1861 |     2.1862 |     2.1861 |
|      Runtime unhalted [s] STAT     |      62.5925 |     1.9486 |     1.9640 |     1.9560 |
|          Clock [MHz] STAT          |   77187.9324 |  2402.9723 |  2421.9628 |  2412.1229 |
|              CPI STAT              |      22.3479 |     0.6957 |     0.7009 |     0.6984 |
|    L2 bandwidth [MBytes/s] STAT    | 2.012377e+06 | 62884.8823 | 62889.0203 | 62886.7886 |
|    L2 data volume [GBytes] STAT    |    4399.3058 |   137.4727 |   137.4845 |   137.4783 |
| Prefetch bandwidth [MBytes/s] STAT | 1.150763e+06 | 35628.7284 | 36369.1176 | 35961.3438 |
| Prefetch data volume [GBytes] STAT |    2515.7103 |    77.8886 |    79.5073 |    78.6159 |
+------------------------------------+--------------+------------+------------+------------+
