--------------------------------------------------------------------------------
CPU name:	AMD EPYC 9755 128-Core Processor               
CPU type:	AMD K1A (Zen5) architecture
CPU clock:	2.70 GHz
--------------------------------------------------------------------------------
Region bench, Group 1: L2BW
+-------------------+------------+------------+------------+------------+------------+------------+------------+------------+------------+------------+-------------+-------------+-------------+-------------+-------------+-------------+-------------+-------------+-------------+-------------+-------------+-------------+-------------+-------------+-------------+-------------+-------------+-------------+-------------+-------------+-------------+-------------+-------------+-------------+-------------+-------------+-------------+-------------+-------------+-------------+-------------+-------------+-------------+-------------+-------------+-------------+-------------+-------------+-------------+-------------+-------------+-------------+-------------+-------------+-------------+-------------+-------------+-------------+-------------+-------------+-------------+-------------+-------------+-------------+-------------+-------------+-------------+-------------+-------------+-------------+-------------+-------------+-------------+-------------+-------------+-------------+-------------+-------------+-------------+-------------+-------------+-------------+-------------+-------------+-------------+-------------+-------------+-------------+-------------+-------------+-------------+-------------+-------------+-------------+-------------+-------------+-------------+-------------+-------------+-------------+--------------+--------------+--------------+--------------+--------------+--------------+--------------+--------------+--------------+--------------+--------------+--------------+--------------+--------------+--------------+--------------+--------------+--------------+--------------+--------------+--------------+--------------+--------------+--------------+--------------+--------------+--------------+--------------+
|    Region Info    | HWThread 0 | HWThread 1 | HWThread 2 | HWThread 3 | HWThread 4 | HWThread 5 | HWThread 6 | HWThread 7 | HWThread 8 | HWThread 9 | HWThread 10 | HWThread 11 | HWThread 12 | HWThread 13 | HWThread 14 | HWThread 15 | HWThread 16 | HWThread 17 | HWThread 18 | HWThread 19 | HWThread 20 | HWThread 21 | HWThread 22 | HWThread 23 | HWThread 24 | HWThread 25 | HWThread 26 | HWThread 27 | HWThread 28 | HWThread 29 | HWThread 30 | HWThread 31 | HWThread 32 | HWThread 33 | HWThread 34 | HWThread 35 | HWThread 36 | HWThread 37 | HWThread 38 | HWThread 39 | HWThread 40 | HWThread 41 | HWThread 42 | HWThread 43 | HWThread 44 | HWThread 45 | HWThread 46 | HWThread 47 | HWThread 48 | HWThread 49 | HWThread 50 | HWThread 51 | HWThread 52 | HWThread 53 | HWThread 54 | HWThread 55 | HWThread 56 | HWThread 57 | HWThread 58 | HWThread 59 | HWThread 60 | HWThread 61 | HWThread 62 | HWThread 63 | HWThread 64 | HWThread 65 | HWThread 66 | HWThread 67 | HWThread 68 | HWThread 69 | HWThread 70 | HWThread 71 | HWThread 72 | HWThread 73 | HWThread 74 | HWThread 75 | HWThread 76 | HWThread 77 | HWThread 78 | HWThread 79 | HWThread 80 | HWThread 81 | HWThread 82 | HWThread 83 | HWThread 84 | HWThread 85 | HWThread 86 | HWThread 87 | HWThread 88 | HWThread 89 | HWThread 90 | HWThread 91 | HWThread 92 | HWThread 93 | HWThread 94 | HWThread 95 | HWThread 96 | HWThread 97 | HWThread 98 | HWThread 99 | HWThread 100 | HWThread 101 | HWThread 102 | HWThread 103 | HWThread 104 | HWThread 105 | HWThread 106 | HWThread 107 | HWThread 108 | HWThread 109 | HWThread 110 | HWThread 111 | HWThread 112 | HWThread 113 | HWThread 114 | HWThread 115 | HWThread 116 | HWThread 117 | HWThread 118 | HWThread 119 | HWThread 120 | HWThread 121 | HWThread 122 | HWThread 123 | HWThread 124 | HWThread 125 | HWThread 126 | HWThread 127 |
+-------------------+------------+------------+------------+------------+------------+------------+------------+------------+------------+------------+-------------+-------------+-------------+-------------+-------------+-------------+-------------+-------------+-------------+-------------+-------------+-------------+-------------+-------------+-------------+-------------+-------------+-------------+-------------+-------------+-------------+-------------+-------------+-------------+-------------+-------------+-------------+-------------+-------------+-------------+-------------+-------------+-------------+-------------+-------------+-------------+-------------+-------------+-------------+-------------+-------------+-------------+-------------+-------------+-------------+-------------+-------------+-------------+-------------+-------------+-------------+-------------+-------------+-------------+-------------+-------------+-------------+-------------+-------------+-------------+-------------+-------------+-------------+-------------+-------------+-------------+-------------+-------------+-------------+-------------+-------------+-------------+-------------+-------------+-------------+-------------+-------------+-------------+-------------+-------------+-------------+-------------+-------------+-------------+-------------+-------------+-------------+-------------+-------------+-------------+--------------+--------------+--------------+--------------+--------------+--------------+--------------+--------------+--------------+--------------+--------------+--------------+--------------+--------------+--------------+--------------+--------------+--------------+--------------+--------------+--------------+--------------+--------------+--------------+--------------+--------------+--------------+--------------+
| RDTSC Runtime [s] |   2.715092 |   2.715175 |   2.715269 |   2.715256 |   2.714845 |   2.715552 |   2.715553 |   2.715560 |   2.714846 |   2.714834 |    2.715257 |    2.714789 |    2.714803 |    2.715286 |    2.714742 |    2.714742 |    2.715117 |    2.714798 |    2.715258 |    2.714979 |    2.714740 |    2.714993 |    2.714839 |    2.714979 |    2.715096 |    2.714923 |    2.714854 |    2.714908 |    2.714732 |    2.714795 |    2.714856 |    2.715118 |    2.714913 |    2.714913 |    2.715552 |    2.715552 |    2.714853 |    2.715243 |    2.715742 |    2.715307 |    2.714875 |    2.714743 |    2.715264 |    2.715093 |    2.714910 |    2.715256 |    2.714944 |    2.715107 |    2.714860 |    2.715360 |    2.714965 |    2.714765 |    2.714740 |    2.715544 |    2.715122 |    2.715376 |    2.715557 |    2.714805 |    2.714731 |    2.715140 |    2.714731 |    2.714747 |    2.714987 |    2.714913 |    2.714912 |    2.714734 |    2.715107 |    2.714752 |    2.714800 |    2.714981 |    2.714798 |    2.715108 |    2.714732 |    2.715093 |    2.714732 |    2.714913 |    2.714876 |    2.714764 |    2.714756 |    2.714792 |    2.714770 |    2.714928 |    2.714788 |    2.714914 |    2.714914 |    2.714830 |    2.715008 |    2.714806 |    2.715095 |    2.714802 |    2.714799 |    2.714794 |    2.714950 |    2.714795 |    2.714796 |    2.715257 |    2.714802 |    2.714734 |    2.714927 |    2.714733 |     2.714754 |     2.715536 |     2.714927 |     2.714793 |     2.714879 |     2.714880 |     2.714874 |     2.714804 |     2.715117 |     2.714795 |     2.715101 |     2.715116 |     2.714750 |     2.715241 |     2.714917 |     2.715090 |     2.714731 |     2.714792 |     2.715091 |     2.715241 |     2.715246 |     2.715091 |     2.714740 |     2.714739 |     2.714945 |     2.714756 |     2.714756 |     2.714756 |
|     call count    |          1 |          1 |          1 |          1 |          1 |          1 |          1 |          1 |          1 |          1 |           1 |           1 |           1 |           1 |           1 |           1 |           1 |           1 |           1 |           1 |           1 |           1 |           1 |           1 |           1 |           1 |           1 |           1 |           1 |           1 |           1 |           1 |           1 |           1 |           1 |           1 |           1 |           1 |           1 |           1 |           1 |           1 |           1 |           1 |           1 |           1 |           1 |           1 |           1 |           1 |           1 |           1 |           1 |           1 |           1 |           1 |           1 |           1 |           1 |           1 |           1 |           1 |           1 |           1 |           1 |           1 |           1 |           1 |           1 |           1 |           1 |           1 |           1 |           1 |           1 |           1 |           1 |           1 |           1 |           1 |           1 |           1 |           1 |           1 |           1 |           1 |           1 |           1 |           1 |           1 |           1 |           1 |           1 |           1 |           1 |           1 |           1 |           1 |           1 |           1 |            1 |            1 |            1 |            1 |            1 |            1 |            1 |            1 |            1 |            1 |            1 |            1 |            1 |            1 |            1 |            1 |            1 |            1 |            1 |            1 |            1 |            1 |            1 |            1 |            1 |            1 |            1 |            1 |
+-------------------+------------+------------+------------+------------+------------+------------+------------+------------+------------+------------+-------------+-------------+-------------+-------------+-------------+-------------+-------------+-------------+-------------+-------------+-------------+-------------+-------------+-------------+-------------+-------------+-------------+-------------+-------------+-------------+-------------+-------------+-------------+-------------+-------------+-------------+-------------+-------------+-------------+-------------+-------------+-------------+-------------+-------------+-------------+-------------+-------------+-------------+-------------+-------------+-------------+-------------+-------------+-------------+-------------+-------------+-------------+-------------+-------------+-------------+-------------+-------------+-------------+-------------+-------------+-------------+-------------+-------------+-------------+-------------+-------------+-------------+-------------+-------------+-------------+-------------+-------------+-------------+-------------+-------------+-------------+-------------+-------------+-------------+-------------+-------------+-------------+-------------+-------------+-------------+-------------+-------------+-------------+-------------+-------------+-------------+-------------+-------------+-------------+-------------+--------------+--------------+--------------+--------------+--------------+--------------+--------------+--------------+--------------+--------------+--------------+--------------+--------------+--------------+--------------+--------------+--------------+--------------+--------------+--------------+--------------+--------------+--------------+--------------+--------------+--------------+--------------+--------------+
+----------------------------+---------+------------+------------+------------+------------+------------+------------+------------+------------+------------+------------+-------------+-------------+-------------+-------------+-------------+-------------+-------------+-------------+-------------+-------------+-------------+-------------+-------------+-------------+-------------+-------------+-------------+-------------+-------------+-------------+-------------+-------------+-------------+-------------+-------------+-------------+-------------+-------------+-------------+-------------+-------------+-------------+-------------+-------------+-------------+-------------+-------------+-------------+-------------+-------------+-------------+-------------+-------------+-------------+-------------+-------------+-------------+-------------+-------------+-------------+-------------+-------------+-------------+-------------+-------------+-------------+-------------+-------------+-------------+-------------+-------------+-------------+-------------+-------------+-------------+-------------+-------------+-------------+-------------+-------------+-------------+-------------+-------------+-------------+-------------+-------------+-------------+-------------+-------------+-------------+-------------+-------------+-------------+-------------+-------------+-------------+-------------+-------------+-------------+-------------+--------------+--------------+--------------+--------------+--------------+--------------+--------------+--------------+--------------+--------------+--------------+--------------+--------------+--------------+--------------+--------------+--------------+--------------+--------------+--------------+--------------+--------------+--------------+--------------+--------------+--------------+--------------+--------------+
|            Event           | Counter | HWThread 0 | HWThread 1 | HWThread 2 | HWThread 3 | HWThread 4 | HWThread 5 | HWThread 6 | HWThread 7 | HWThread 8 | HWThread 9 | HWThread 10 | HWThread 11 | HWThread 12 | HWThread 13 | HWThread 14 | HWThread 15 | HWThread 16 | HWThread 17 | HWThread 18 | HWThread 19 | HWThread 20 | HWThread 21 | HWThread 22 | HWThread 23 | HWThread 24 | HWThread 25 | HWThread 26 | HWThread 27 | HWThread 28 | HWThread 29 | HWThread 30 | HWThread 31 | HWThread 32 | HWThread 33 | HWThread 34 | HWThread 35 | HWThread 36 | HWThread 37 | HWThread 38 | HWThread 39 | HWThread 40 | HWThread 41 | HWThread 42 | HWThread 43 | HWThread 44 | HWThread 45 | HWThread 46 | HWThread 47 | HWThread 48 | HWThread 49 | HWThread 50 | HWThread 51 | HWThread 52 | HWThread 53 | HWThread 54 | HWThread 55 | HWThread 56 | HWThread 57 | HWThread 58 | HWThread 59 | HWThread 60 | HWThread 61 | HWThread 62 | HWThread 63 | HWThread 64 | HWThread 65 | HWThread 66 | HWThread 67 | HWThread 68 | HWThread 69 | HWThread 70 | HWThread 71 | HWThread 72 | HWThread 73 | HWThread 74 | HWThread 75 | HWThread 76 | HWThread 77 | HWThread 78 | HWThread 79 | HWThread 80 | HWThread 81 | HWThread 82 | HWThread 83 | HWThread 84 | HWThread 85 | HWThread 86 | HWThread 87 | HWThread 88 | HWThread 89 | HWThread 90 | HWThread 91 | HWThread 92 | HWThread 93 | HWThread 94 | HWThread 95 | HWThread 96 | HWThread 97 | HWThread 98 | HWThread 99 | HWThread 100 | HWThread 101 | HWThread 102 | HWThread 103 | HWThread 104 | HWThread 105 | HWThread 106 | HWThread 107 | HWThread 108 | HWThread 109 | HWThread 110 | HWThread 111 | HWThread 112 | HWThread 113 | HWThread 114 | HWThread 115 | HWThread 116 | HWThread 117 | HWThread 118 | HWThread 119 | HWThread 120 | HWThread 121 | HWThread 122 | HWThread 123 | HWThread 124 | HWThread 125 | HWThread 126 | HWThread 127 |
+----------------------------+---------+------------+------------+------------+------------+------------+------------+------------+------------+------------+------------+-------------+-------------+-------------+-------------+-------------+-------------+-------------+-------------+-------------+-------------+-------------+-------------+-------------+-------------+-------------+-------------+-------------+-------------+-------------+-------------+-------------+-------------+-------------+-------------+-------------+-------------+-------------+-------------+-------------+-------------+-------------+-------------+-------------+-------------+-------------+-------------+-------------+-------------+-------------+-------------+-------------+-------------+-------------+-------------+-------------+-------------+-------------+-------------+-------------+-------------+-------------+-------------+-------------+-------------+-------------+-------------+-------------+-------------+-------------+-------------+-------------+-------------+-------------+-------------+-------------+-------------+-------------+-------------+-------------+-------------+-------------+-------------+-------------+-------------+-------------+-------------+-------------+-------------+-------------+-------------+-------------+-------------+-------------+-------------+-------------+-------------+-------------+-------------+-------------+-------------+--------------+--------------+--------------+--------------+--------------+--------------+--------------+--------------+--------------+--------------+--------------+--------------+--------------+--------------+--------------+--------------+--------------+--------------+--------------+--------------+--------------+--------------+--------------+--------------+--------------+--------------+--------------+--------------+
|      ACTUAL_CPU_CLOCK      |  FIXC1  | 6559988000 | 6558973000 | 6559488000 | 6559461000 | 6559056000 | 6558795000 | 6559727000 | 6559539000 | 6527306000 | 6527249000 |  6527608000 |  6526429000 |  6527365000 |  6527582000 |  6526470000 |  6526405000 |  6571783000 |  6571396000 |  6572869000 |  6572508000 |  6571125000 |  6572030000 |  6572595000 |  6571890000 |  6542520000 |  6542615000 |  6542393000 |  6542430000 |  6541841000 |  6542029000 |  6542425000 |  6542850000 |  6525699000 |  6525709000 |  6526337000 |  6526329000 |  6525907000 |  6526905000 |  6526300000 |  6526286000 |  6553310000 |  6552252000 |  6554040000 |  6552942000 |  6553293000 |  6553926000 |  6553455000 |  6553441000 |  6558932000 |  6559497000 |  6559079000 |  6558294000 |  6558414000 |  6559351000 |  6559248000 |  6559349000 |  6538781000 |  6537666000 |  6537284000 |  6538558000 |  6536845000 |  6537138000 |  6537587000 |  6538260000 |  6532890000 |  6532470000 |  6533203000 |  6532564000 |  6532284000 |  6533167000 |  6532556000 |  6533230000 |  6553753000 |  6554126000 |  6553747000 |  6554145000 |  6554011000 |  6553484000 |  6553804000 |  6553600000 |  6556358000 |  6557020000 |  6556243000 |  6556273000 |  6556422000 |  6557016000 |  6556530000 |  6557228000 |  6550657000 |  6549859000 |  6549808000 |  6549423000 |  6550539000 |  6549946000 |  6549391000 |  6550997000 |  6556918000 |  6556943000 |  6556935000 |  6556513000 |   6556731000 |   6557581000 |   6557034000 |   6556936000 |   6556174000 |   6555485000 |   6556100000 |   6555675000 |   6556148000 |   6555053000 |   6555388000 |   6555732000 |   6565273000 |   6565804000 |   6565823000 |   6565303000 |   6564345000 |   6565141000 |   6565322000 |   6565724000 |   6536326000 |   6535819000 |   6535157000 |   6535371000 |   6535900000 |   6535389000 |   6535156000 |   6535177000 |
|        MAX_CPU_CLOCK       |  FIXC2  | 7325497000 | 7324663000 | 7325311000 | 7325189000 | 7324429000 | 7324805000 | 7325631000 | 7325672000 | 7324215000 | 7324170000 |  7325349000 |  7323561000 |  7324270000 |  7325248000 |  7323477000 |  7323794000 |  7324287000 |  7323000000 |  7325370000 |  7324124000 |  7323180000 |  7323704000 |  7324201000 |  7323627000 |  7324414000 |  7324423000 |  7324121000 |  7324188000 |  7323553000 |  7323458000 |  7324166000 |  7324957000 |  7323834000 |  7323837000 |  7325032000 |  7324995000 |  7323725000 |  7325383000 |  7325012000 |  7324894000 |  7324274000 |  7323250000 |  7325808000 |  7324088000 |  7324458000 |  7325399000 |  7324530000 |  7324568000 |  7324299000 |  7325310000 |  7324145000 |  7323666000 |  7323234000 |  7325270000 |  7325097000 |  7325070000 |  7325467000 |  7323637000 |  7323098000 |  7325085000 |  7323102000 |  7323285000 |  7323608000 |  7324402000 |  7323944000 |  7323341000 |  7324473000 |  7323695000 |  7323008000 |  7324382000 |  7323094000 |  7324234000 |  7322464000 |  7323102000 |  7323134000 |  7323133000 |  7322885000 |  7322358000 |  7322528000 |  7322754000 |  7323726000 |  7324424000 |  7323685000 |  7323450000 |  7323808000 |  7324019000 |  7324126000 |  7324299000 |  7324562000 |  7323690000 |  7323746000 |  7322925000 |  7324409000 |  7323399000 |  7323265000 |  7325344000 |  7323525000 |  7323672000 |  7323810000 |  7322962000 |   7323628000 |   7324943000 |   7323899000 |   7323437000 |   7324402000 |   7323809000 |   7324314000 |   7323697000 |   7324660000 |   7322930000 |   7323336000 |   7324124000 |   7323638000 |   7324720000 |   7324451000 |   7324114000 |   7322209000 |   7323012000 |   7323516000 |   7324202000 |   7324573000 |   7323948000 |   7323168000 |   7323021000 |   7323966000 |   7323033000 |   7323169000 |   7323166000 |
|    RETIRED_INSTRUCTIONS    |   PMC0  | 3903296000 | 3904995000 | 3906798000 | 3925952000 | 3940390000 | 3908722000 | 3915541000 | 3904290000 | 3884629000 | 3872703000 |  3880153000 |  3879617000 |  3873608000 |  3877227000 |  3865736000 |  3869823000 |  3893811000 |  3888075000 |  3890144000 |  3891084000 |  3930873000 |  3891904000 |  3890364000 |  3887270000 |  3897471000 |  3898005000 |  3932312000 |  3902435000 |  3936635000 |  3901648000 |  3898656000 |  3895811000 |  3898563000 |  3895696000 |  3904764000 |  3909605000 |  3899924000 |  3930577000 |  3911583000 |  3901469000 |  3898966000 |  3899564000 |  3896658000 |  3906362000 |  3913394000 |  3915510000 |  3889355000 |  3910746000 |  3904406000 |  3926728000 |  3914800000 |  3921877000 |  3939700000 |  3936920000 |  3911327000 |  3902623000 |  3877382000 |  3882541000 |  3906412000 |  3900060000 |  3900980000 |  3888383000 |  3893507000 |  3850913000 |  3914784000 |  3910225000 |  3937454000 |  3914159000 |  3910287000 |  3909411000 |  3911728000 |  3896651000 |  3901399000 |  3904596000 |  3903454000 |  3896195000 |  3887291000 |  3894765000 |  3889434000 |  3901039000 |  3919763000 |  3929204000 |  3948009000 |  3933122000 |  3932799000 |  3935297000 |  3940038000 |  3927067000 |  3907811000 |  3913689000 |  3907680000 |  3903740000 |  3901800000 |  3897896000 |  3897765000 |  3864985000 |  3905850000 |  3889955000 |  3918619000 |  3909759000 |   3925792000 |   3926097000 |   3909761000 |   3906450000 |   3807739000 |   3813618000 |   3759123000 |   3838822000 |   3791625000 |   3828103000 |   3807920000 |   3759481000 |   3872729000 |   3885413000 |   3881247000 |   3899160000 |   3874149000 |   3894297000 |   3892785000 |   3889405000 |   3918781000 |   3913443000 |   3933712000 |   3924447000 |   3916837000 |   3921653000 |   3911146000 |   3863812000 |
|     CPU_CLOCKS_UNHALTED    |   PMC1  | 6497819000 | 6499021000 | 6498798000 | 6499228000 | 6498595000 | 6500137000 | 6500130000 | 6500212000 | 6464508000 | 6463933000 |  6465770000 |  6463291000 |  6464477000 |  6465965000 |  6464098000 |  6464305000 |  6511852000 |  6510855000 |  6511686000 |  6511640000 |  6510360000 |  6511479000 |  6510724000 |  6511674000 |  6481760000 |  6481843000 |  6481548000 |  6481832000 |  6481520000 |  6482019000 |  6481912000 |  6482084000 |  6470961000 |  6470088000 |  6471550000 |  6470765000 |  6470530000 |  6471028000 |  6471585000 |  6471588000 |  6494073000 |  6494217000 |  6495151000 |  6494846000 |  6494395000 |  6494966000 |  6493261000 |  6494858000 |  6501135000 |  6502332000 |  6501614000 |  6501061000 |  6501205000 |  6502712000 |  6501823000 |  6502326000 |  6491465000 |  6491728000 |  6491163000 |  6492713000 |  6491822000 |  6491403000 |  6491977000 |  6492515000 |  6476238000 |  6475871000 |  6476725000 |  6475845000 |  6476320000 |  6476528000 |  6476217000 |  6476811000 |  6495866000 |  6496994000 |  6495964000 |  6496392000 |  6496480000 |  6496789000 |  6496181000 |  6495729000 |  6502141000 |  6500923000 |  6502196000 |  6502228000 |  6502631000 |  6502390000 |  6502773000 |  6502313000 |  6505256000 |  6504732000 |  6504678000 |  6504417000 |  6504715000 |  6504210000 |  6504420000 |  6505535000 |  6502922000 |  6502537000 |  6503232000 |  6502931000 |   6502898000 |   6504629000 |   6503244000 |   6503367000 |   6498781000 |   6498860000 |   6499196000 |   6498692000 |   6498652000 |   6498796000 |   6499169000 |   6499969000 |   6511112000 |   6512132000 |   6511578000 |   6511741000 |   6510993000 |   6511020000 |   6511960000 |   6512574000 |   6487107000 |   6486762000 |   6486397000 |   6486059000 |   6486919000 |   6486183000 |   6486620000 |   6486874000 |
| REQUESTS_TO_L2_GRP1_RD_ANY |   PMC2  | 2148700000 | 2148875000 | 2148522000 | 2148321000 | 2148274000 | 2148786000 | 2148584000 | 2148962000 | 2148641000 | 2149016000 |  2148690000 |  2148680000 |  2149126000 |  2149036000 |  2149234000 |  2149312000 |  2148675000 |  2148970000 |  2149080000 |  2149100000 |  2148376000 |  2148911000 |  2148781000 |  2148991000 |  2148591000 |  2148876000 |  2148360000 |  2148614000 |  2148329000 |  2148739000 |  2148701000 |  2149026000 |  2149015000 |  2149633000 |  2148861000 |  2150257000 |  2149184000 |  2148855000 |  2148962000 |  2149331000 |  2149033000 |  2149263000 |  2148878000 |  2148902000 |  2148834000 |  2148909000 |  2149370000 |  2149087000 |  2149067000 |  2148986000 |  2149196000 |  2148829000 |  2148738000 |  2148764000 |  2148949000 |  2149859000 |  2150051000 |  2149479000 |  2149227000 |  2149312000 |  2149321000 |  2149330000 |  2149432000 |  2152554000 |  2148822000 |  2149040000 |  2148569000 |  2148921000 |  2148945000 |  2149008000 |  2148831000 |  2149362000 |  2148879000 |  2149032000 |  2148810000 |  2149437000 |  2149376000 |  2149692000 |  2149638000 |  2149138000 |  2148887000 |  2148983000 |  2148550000 |  2148712000 |  2148772000 |  2148753000 |  2148795000 |  2149036000 |  2149546000 |  2149575000 |  2149550000 |  2149897000 |  2149437000 |  2149634000 |  2149647000 |  2153202000 |  2149125000 |  2151140000 |  2148828000 |  2149022000 |   2148872000 |   2149118000 |   2149128000 |   2149279000 |   2148899000 |   2149641000 |   2150319000 |   2148818000 |   2149086000 |   2148871000 |   2148963000 |   2150481000 |   2150985000 |   2149121000 |   2151141000 |   2148769000 |   2149146000 |   2148874000 |   2148929000 |   2149028000 |   2151677000 |   2151757000 |   2151807000 |   2152251000 |   2151751000 |   2151966000 |   2152053000 |   2159796000 |
|     L2_PF_HIT_IN_L2_ALL    |   PMC3  | 1135997000 | 1080041000 | 1096877000 |  849610900 |  777130500 | 1021502000 | 1022486000 | 1089165000 | 1076524000 | 1153953000 |  1089786000 |  1053550000 |  1157103000 |  1074771000 |  1290808000 |  1180489000 |  1123346000 |  1139833000 |  1149993000 |  1077339000 |   791984500 |  1083659000 |  1211090000 |  1155248000 |  1153904000 |  1095787000 |   816439200 |  1023362000 |   767174100 |  1028478000 |  1153607000 |  1114972000 |  1132925000 |  1115588000 |  1045616000 |   879238200 |  1107154000 |   793772400 |  1002719000 |  1056421000 |  1120720000 |  1070390000 |  1129591000 |   978555700 |   925043600 |   897670900 |  1238721000 |   954488100 |  1157030000 |   902948500 |  1009511000 |   903409100 |   783879000 |   797336800 |  1075353000 |  1116952000 |  1163726000 |  1068595000 |   874459000 |   893935100 |   824167400 |   999621600 |   970854000 |  1446747000 |   985440400 |   992193900 |   792167500 |   924111800 |  1005105000 |   953145400 |   993847400 |  1102342000 |  1044288000 |   975662000 |   992695700 |  1025906000 |  1174448000 |  1033280000 |  1183508000 |   985622200 |  1052171000 |   921575700 |   781550000 |   854358100 |   879246700 |   835725700 |   874938600 |   934192700 |   918406800 |   858955300 |   903749100 |   926568200 |   862186400 |   973290500 |   982397300 |  1345774000 |  1071248000 |   942708100 |   935860700 |   955869200 |    842019100 |    838117400 |   1038185000 |   1005364000 |    997439800 |    942301200 |    917726200 |    749339500 |    972197000 |    803576500 |    931449000 |    947905800 |    949989400 |   1104312000 |    886973100 |    911336700 |   1126968000 |    927421700 |    958055000 |    994210600 |    899602200 |    899216300 |    770266800 |    790740200 |    832018400 |    797840000 |    900107000 |   1284396000 |
+----------------------------+---------+------------+------------+------------+------------+------------+------------+------------+------------+------------+------------+-------------+-------------+-------------+-------------+-------------+-------------+-------------+-------------+-------------+-------------+-------------+-------------+-------------+-------------+-------------+-------------+-------------+-------------+-------------+-------------+-------------+-------------+-------------+-------------+-------------+-------------+-------------+-------------+-------------+-------------+-------------+-------------+-------------+-------------+-------------+-------------+-------------+-------------+-------------+-------------+-------------+-------------+-------------+-------------+-------------+-------------+-------------+-------------+-------------+-------------+-------------+-------------+-------------+-------------+-------------+-------------+-------------+-------------+-------------+-------------+-------------+-------------+-------------+-------------+-------------+-------------+-------------+-------------+-------------+-------------+-------------+-------------+-------------+-------------+-------------+-------------+-------------+-------------+-------------+-------------+-------------+-------------+-------------+-------------+-------------+-------------+-------------+-------------+-------------+-------------+--------------+--------------+--------------+--------------+--------------+--------------+--------------+--------------+--------------+--------------+--------------+--------------+--------------+--------------+--------------+--------------+--------------+--------------+--------------+--------------+--------------+--------------+--------------+--------------+--------------+--------------+--------------+--------------+
+---------------------------------+---------+--------------+------------+------------+--------------+
|              Event              | Counter |      Sum     |     Min    |     Max    |      Avg     |
+---------------------------------+---------+--------------+------------+------------+--------------+
|      ACTUAL_CPU_CLOCK STAT      |  FIXC1  | 838272274000 | 6525699000 | 6572869000 | 6.549002e+09 |
|        MAX_CPU_CLOCK STAT       |  FIXC2  | 937475376000 | 7322209000 | 7325808000 |   7324026375 |
|    RETIRED_INSTRUCTIONS STAT    |   PMC0  | 498916540000 | 3759123000 | 3948009000 | 3.897785e+09 |
|     CPU_CLOCKS_UNHALTED STAT    |   PMC1  | 831168345000 | 6463291000 | 6512574000 | 6.493503e+09 |
| REQUESTS_TO_L2_GRP1_RD_ANY STAT |   PMC2  | 275123464000 | 2148274000 | 2159796000 | 2.149402e+09 |
|     L2_PF_HIT_IN_L2_ALL STAT    |   PMC3  | 127466756900 |  749339500 | 1446747000 | 9.958340e+08 |
+---------------------------------+---------+--------------+------------+------------+--------------+
+-------------------------------+------------+------------+------------+------------+------------+------------+------------+------------+------------+------------+-------------+-------------+-------------+-------------+-------------+-------------+-------------+-------------+-------------+-------------+-------------+-------------+-------------+-------------+-------------+-------------+-------------+-------------+-------------+-------------+-------------+-------------+-------------+-------------+-------------+-------------+-------------+-------------+-------------+-------------+-------------+-------------+-------------+-------------+-------------+-------------+-------------+-------------+-------------+-------------+-------------+-------------+-------------+-------------+-------------+-------------+-------------+-------------+-------------+-------------+-------------+-------------+-------------+-------------+-------------+-------------+-------------+-------------+-------------+-------------+-------------+-------------+-------------+-------------+-------------+-------------+-------------+-------------+-------------+-------------+-------------+-------------+-------------+-------------+-------------+-------------+-------------+-------------+-------------+-------------+-------------+-------------+-------------+-------------+-------------+-------------+-------------+-------------+-------------+-------------+--------------+--------------+--------------+--------------+--------------+--------------+--------------+--------------+--------------+--------------+--------------+--------------+--------------+--------------+--------------+--------------+--------------+--------------+--------------+--------------+--------------+--------------+--------------+--------------+--------------+--------------+--------------+--------------+
|             Metric            | HWThread 0 | HWThread 1 | HWThread 2 | HWThread 3 | HWThread 4 | HWThread 5 | HWThread 6 | HWThread 7 | HWThread 8 | HWThread 9 | HWThread 10 | HWThread 11 | HWThread 12 | HWThread 13 | HWThread 14 | HWThread 15 | HWThread 16 | HWThread 17 | HWThread 18 | HWThread 19 | HWThread 20 | HWThread 21 | HWThread 22 | HWThread 23 | HWThread 24 | HWThread 25 | HWThread 26 | HWThread 27 | HWThread 28 | HWThread 29 | HWThread 30 | HWThread 31 | HWThread 32 | HWThread 33 | HWThread 34 | HWThread 35 | HWThread 36 | HWThread 37 | HWThread 38 | HWThread 39 | HWThread 40 | HWThread 41 | HWThread 42 | HWThread 43 | HWThread 44 | HWThread 45 | HWThread 46 | HWThread 47 | HWThread 48 | HWThread 49 | HWThread 50 | HWThread 51 | HWThread 52 | HWThread 53 | HWThread 54 | HWThread 55 | HWThread 56 | HWThread 57 | HWThread 58 | HWThread 59 | HWThread 60 | HWThread 61 | HWThread 62 | HWThread 63 | HWThread 64 | HWThread 65 | HWThread 66 | HWThread 67 | HWThread 68 | HWThread 69 | HWThread 70 | HWThread 71 | HWThread 72 | HWThread 73 | HWThread 74 | HWThread 75 | HWThread 76 | HWThread 77 | HWThread 78 | HWThread 79 | HWThread 80 | HWThread 81 | HWThread 82 | HWThread 83 | HWThread 84 | HWThread 85 | HWThread 86 | HWThread 87 | HWThread 88 | HWThread 89 | HWThread 90 | HWThread 91 | HWThread 92 | HWThread 93 | HWThread 94 | HWThread 95 | HWThread 96 | HWThread 97 | HWThread 98 | HWThread 99 | HWThread 100 | HWThread 101 | HWThread 102 | HWThread 103 | HWThread 104 | HWThread 105 | HWThread 106 | HWThread 107 | HWThread 108 | HWThread 109 | HWThread 110 | HWThread 111 | HWThread 112 | HWThread 113 | HWThread 114 | HWThread 115 | HWThread 116 | HWThread 117 | HWThread 118 | HWThread 119 | HWThread 120 | HWThread 121 | HWThread 122 | HWThread 123 | HWThread 124 | HWThread 125 | HWThread 126 | HWThread 127 |
+-------------------------------+------------+------------+------------+------------+------------+------------+------------+------------+------------+------------+-------------+-------------+-------------+-------------+-------------+-------------+-------------+-------------+-------------+-------------+-------------+-------------+-------------+-------------+-------------+-------------+-------------+-------------+-------------+-------------+-------------+-------------+-------------+-------------+-------------+-------------+-------------+-------------+-------------+-------------+-------------+-------------+-------------+-------------+-------------+-------------+-------------+-------------+-------------+-------------+-------------+-------------+-------------+-------------+-------------+-------------+-------------+-------------+-------------+-------------+-------------+-------------+-------------+-------------+-------------+-------------+-------------+-------------+-------------+-------------+-------------+-------------+-------------+-------------+-------------+-------------+-------------+-------------+-------------+-------------+-------------+-------------+-------------+-------------+-------------+-------------+-------------+-------------+-------------+-------------+-------------+-------------+-------------+-------------+-------------+-------------+-------------+-------------+-------------+-------------+--------------+--------------+--------------+--------------+--------------+--------------+--------------+--------------+--------------+--------------+--------------+--------------+--------------+--------------+--------------+--------------+--------------+--------------+--------------+--------------+--------------+--------------+--------------+--------------+--------------+--------------+--------------+--------------+
|      Runtime (RDTSC) [s]      |     2.7151 |     2.7152 |     2.7153 |     2.7153 |     2.7148 |     2.7156 |     2.7156 |     2.7156 |     2.7148 |     2.7148 |      2.7153 |      2.7148 |      2.7148 |      2.7153 |      2.7147 |      2.7147 |      2.7151 |      2.7148 |      2.7153 |      2.7150 |      2.7147 |      2.7150 |      2.7148 |      2.7150 |      2.7151 |      2.7149 |      2.7149 |      2.7149 |      2.7147 |      2.7148 |      2.7149 |      2.7151 |      2.7149 |      2.7149 |      2.7156 |      2.7156 |      2.7149 |      2.7152 |      2.7157 |      2.7153 |      2.7149 |      2.7147 |      2.7153 |      2.7151 |      2.7149 |      2.7153 |      2.7149 |      2.7151 |      2.7149 |      2.7154 |      2.7150 |      2.7148 |      2.7147 |      2.7155 |      2.7151 |      2.7154 |      2.7156 |      2.7148 |      2.7147 |      2.7151 |      2.7147 |      2.7147 |      2.7150 |      2.7149 |      2.7149 |      2.7147 |      2.7151 |      2.7148 |      2.7148 |      2.7150 |      2.7148 |      2.7151 |      2.7147 |      2.7151 |      2.7147 |      2.7149 |      2.7149 |      2.7148 |      2.7148 |      2.7148 |      2.7148 |      2.7149 |      2.7148 |      2.7149 |      2.7149 |      2.7148 |      2.7150 |      2.7148 |      2.7151 |      2.7148 |      2.7148 |      2.7148 |      2.7149 |      2.7148 |      2.7148 |      2.7153 |      2.7148 |      2.7147 |      2.7149 |      2.7147 |       2.7148 |       2.7155 |       2.7149 |       2.7148 |       2.7149 |       2.7149 |       2.7149 |       2.7148 |       2.7151 |       2.7148 |       2.7151 |       2.7151 |       2.7147 |       2.7152 |       2.7149 |       2.7151 |       2.7147 |       2.7148 |       2.7151 |       2.7152 |       2.7152 |       2.7151 |       2.7147 |       2.7147 |       2.7149 |       2.7148 |       2.7148 |       2.7148 |
|      Runtime unhalted [s]     |     2.4330 |     2.4326 |     2.4328 |     2.4328 |     2.4326 |     2.4325 |     2.4329 |     2.4328 |     2.4208 |     2.4208 |      2.4210 |      2.4205 |      2.4209 |      2.4209 |      2.4205 |      2.4205 |      2.4373 |      2.4372 |      2.4377 |      2.4376 |      2.4371 |      2.4374 |      2.4376 |      2.4374 |      2.4265 |      2.4265 |      2.4264 |      2.4265 |      2.4262 |      2.4263 |      2.4265 |      2.4266 |      2.4202 |      2.4203 |      2.4205 |      2.4205 |      2.4203 |      2.4207 |      2.4205 |      2.4205 |      2.4305 |      2.4301 |      2.4308 |      2.4304 |      2.4305 |      2.4307 |      2.4305 |      2.4305 |      2.4326 |      2.4328 |      2.4326 |      2.4323 |      2.4324 |      2.4327 |      2.4327 |      2.4327 |      2.4251 |      2.4247 |      2.4245 |      2.4250 |      2.4244 |      2.4245 |      2.4247 |      2.4249 |      2.4229 |      2.4228 |      2.4230 |      2.4228 |      2.4227 |      2.4230 |      2.4228 |      2.4230 |      2.4307 |      2.4308 |      2.4307 |      2.4308 |      2.4307 |      2.4306 |      2.4307 |      2.4306 |      2.4316 |      2.4319 |      2.4316 |      2.4316 |      2.4316 |      2.4319 |      2.4317 |      2.4319 |      2.4295 |      2.4292 |      2.4292 |      2.4290 |      2.4295 |      2.4292 |      2.4290 |      2.4296 |      2.4318 |      2.4318 |      2.4318 |      2.4317 |       2.4318 |       2.4321 |       2.4319 |       2.4318 |       2.4316 |       2.4313 |       2.4315 |       2.4314 |       2.4315 |       2.4311 |       2.4313 |       2.4314 |       2.4349 |       2.4351 |       2.4351 |       2.4349 |       2.4346 |       2.4349 |       2.4349 |       2.4351 |       2.4242 |       2.4240 |       2.4238 |       2.4238 |       2.4240 |       2.4238 |       2.4238 |       2.4238 |
|          Clock [MHz]          |  2414.5324 |  2414.4337 |  2414.4096 |  2414.4399 |  2414.5414 |  2414.3213 |  2414.3921 |  2414.3094 |  2402.9236 |  2402.9174 |   2402.6628 |   2402.8153 |   2402.9273 |   2402.6864 |   2402.8580 |   2402.7301 |   2419.2734 |   2419.5561 |   2419.3154 |   2419.5941 |   2419.3968 |   2419.5569 |   2419.6007 |   2419.5308 |   2408.4590 |   2408.4910 |   2408.5086 |   2408.5002 |   2408.4922 |   2408.5926 |   2408.5056 |   2408.4019 |   2402.4570 |   2402.4597 |   2402.2990 |   2402.3081 |   2402.5694 |   2402.3929 |   2402.2919 |   2402.3254 |   2412.4772 |   2412.4250 |   2412.2407 |   2412.4030 |   2412.4103 |   2412.3334 |   2412.4462 |   2412.4286 |   2414.5386 |   2414.4133 |   2414.6434 |   2414.5124 |   2414.6990 |   2414.3727 |   2414.3918 |   2414.4379 |   2406.7366 |   2406.9275 |   2406.9640 |   2406.7800 |   2406.8010 |   2406.8488 |   2406.9079 |   2406.8947 |   2405.0683 |   2405.1117 |   2405.0098 |   2405.0300 |   2405.1526 |   2405.0264 |   2405.2245 |   2405.0982 |   2413.2366 |   2413.1637 |   2413.0136 |   2413.1605 |   2413.1929 |   2413.1725 |   2413.2343 |   2413.0847 |   2413.7798 |   2413.7935 |   2413.7510 |   2413.8395 |   2413.7764 |   2413.9255 |   2413.7113 |   2413.9113 |   2411.4057 |   2411.3990 |   2411.3618 |   2411.4904 |   2411.4126 |   2411.5269 |   2411.3667 |   2411.2734 |   2414.0523 |   2414.0130 |   2413.9646 |   2414.0887 |    2413.9495 |    2413.8290 |    2413.9717 |    2414.0879 |    2413.4893 |    2413.4311 |    2413.4911 |    2413.5379 |    2413.3947 |    2413.5617 |    2413.5512 |    2413.4182 |    2417.0910 |    2416.9294 |    2417.0252 |    2416.9450 |    2417.2210 |    2417.2490 |    2417.1493 |    2417.0709 |    2406.1266 |    2406.1453 |    2406.1578 |    2406.2849 |    2406.1692 |    2406.2876 |    2406.1571 |    2406.1658 |
|              CPI              |     1.6647 |     1.6643 |     1.6635 |     1.6555 |     1.6492 |     1.6630 |     1.6601 |     1.6649 |     1.6641 |     1.6691 |      1.6664 |      1.6660 |      1.6689 |      1.6677 |      1.6722 |      1.6704 |      1.6724 |      1.6746 |      1.6739 |      1.6735 |      1.6562 |      1.6731 |      1.6736 |      1.6751 |      1.6631 |      1.6629 |      1.6483 |      1.6610 |      1.6465 |      1.6614 |      1.6626 |      1.6639 |      1.6598 |      1.6608 |      1.6573 |      1.6551 |      1.6591 |      1.6463 |      1.6545 |      1.6588 |      1.6656 |      1.6654 |      1.6669 |      1.6626 |      1.6595 |      1.6588 |      1.6695 |      1.6608 |      1.6651 |      1.6559 |      1.6608 |      1.6576 |      1.6502 |      1.6517 |      1.6623 |      1.6661 |      1.6742 |      1.6720 |      1.6617 |      1.6648 |      1.6642 |      1.6694 |      1.6674 |      1.6860 |      1.6543 |      1.6561 |      1.6449 |      1.6545 |      1.6562 |      1.6567 |      1.6556 |      1.6621 |      1.6650 |      1.6639 |      1.6642 |      1.6674 |      1.6712 |      1.6681 |      1.6702 |      1.6651 |      1.6588 |      1.6545 |      1.6470 |      1.6532 |      1.6534 |      1.6523 |      1.6504 |      1.6558 |      1.6647 |      1.6620 |      1.6646 |      1.6662 |      1.6671 |      1.6686 |      1.6688 |      1.6832 |      1.6649 |      1.6716 |      1.6596 |      1.6633 |       1.6565 |       1.6568 |       1.6633 |       1.6648 |       1.7067 |       1.7041 |       1.7289 |       1.6929 |       1.7139 |       1.6977 |       1.7068 |       1.7290 |       1.6813 |       1.6760 |       1.6777 |       1.6700 |       1.6806 |       1.6719 |       1.6728 |       1.6744 |       1.6554 |       1.6576 |       1.6489 |       1.6527 |       1.6562 |       1.6539 |       1.6585 |       1.6789 |
|    L2 bandwidth [MBytes/s]    | 50649.0388 | 50651.6155 | 50641.5416 | 50637.0464 | 50643.6043 | 50642.4859 | 50637.7066 | 50646.4847 | 50652.2374 | 50661.3016 |  50645.7252 |  50654.2203 |  50664.4733 |  50653.3396 |  50668.1578 |  50669.9966 |  50647.9831 |  50660.8890 |  50654.8991 |  50660.5760 |  50647.9678 |  50655.8595 |  50655.6683 |  50658.0066 |  50646.3948 |  50656.3405 |  50645.4638 |  50650.4441 |  50647.0090 |  50655.4992 |  50653.4652 |  50656.2381 |  50659.8038 |  50674.3723 |  50644.2535 |  50677.1544 |  50664.9075 |  50649.8755 |  50643.0905 |  50659.9011 |  50660.9372 |  50668.8228 |  50650.0259 |  50653.7817 |  50655.5930 |  50650.9058 |  50667.5939 |  50657.8813 |  50662.0187 |  50650.7807 |  50663.1003 |  50658.1807 |  50656.5019 |  50642.1166 |  50654.3485 |  50671.0584 |  50672.2061 |  50672.7577 |  50668.1981 |  50662.5691 |  50670.4141 |  50670.3277 |  50668.2529 |  50743.2304 |  50655.2728 |  50663.7335 |  50645.6711 |  50660.5922 |  50660.2623 |  50658.3700 |  50657.6121 |  50664.3448 |  50659.9753 |  50656.8460 |  50658.3486 |  50669.7518 |  50669.0044 |  50678.5444 |  50677.4207 |  50664.9614 |  50659.4548 |  50658.7696 |  50651.1742 |  50652.6424 |  50654.0568 |  50655.1762 |  50652.8452 |  50662.2956 |  50668.9247 |  50675.0769 |  50674.5435 |  50682.8172 |  50669.0613 |  50676.5984 |  50676.8862 |  50752.0754 |  50664.4683 |  50713.2411 |  50655.1344 |  50663.3278 |   50659.3997 |   50650.6089 |   50662.2064 |   50668.2668 |   50657.7037 |   50675.1768 |   50691.2719 |   50657.1937 |   50657.6711 |   50658.6111 |   50655.0703 |   50690.5723 |   50709.2881 |   50656.1826 |   50709.8464 |   50650.7026 |   50666.2885 |   50658.7378 |   50654.4554 |   50653.9906 |   50716.3358 |   50721.1169 |   50728.8536 |   50739.3396 |   50723.7031 |   50732.3030 |   50734.3540 |   50916.8942 |
|    L2 data volume [GBytes]    |   137.5168 |   137.5280 |   137.5054 |   137.4925 |   137.4895 |   137.5223 |   137.5094 |   137.5336 |   137.5130 |   137.5370 |    137.5162 |    137.5155 |    137.5441 |    137.5383 |    137.5510 |    137.5560 |    137.5152 |    137.5341 |    137.5411 |    137.5424 |    137.4961 |    137.5303 |    137.5220 |    137.5354 |    137.5098 |    137.5281 |    137.4950 |    137.5113 |    137.4931 |    137.5193 |    137.5169 |    137.5377 |    137.5370 |    137.5765 |    137.5271 |    137.6164 |    137.5478 |    137.5267 |    137.5336 |    137.5572 |    137.5381 |    137.5528 |    137.5282 |    137.5297 |    137.5254 |    137.5302 |    137.5597 |    137.5416 |    137.5403 |    137.5351 |    137.5485 |    137.5251 |    137.5192 |    137.5209 |    137.5327 |    137.5910 |    137.6033 |    137.5667 |    137.5505 |    137.5560 |    137.5565 |    137.5571 |    137.5636 |    137.7635 |    137.5246 |    137.5386 |    137.5084 |    137.5309 |    137.5325 |    137.5365 |    137.5252 |    137.5592 |    137.5283 |    137.5380 |    137.5238 |    137.5640 |    137.5601 |    137.5803 |    137.5768 |    137.5448 |    137.5288 |    137.5349 |    137.5072 |    137.5176 |    137.5214 |    137.5202 |    137.5229 |    137.5383 |    137.5709 |    137.5728 |    137.5712 |    137.5934 |    137.5640 |    137.5766 |    137.5774 |    137.8049 |    137.5440 |    137.6730 |    137.5250 |    137.5374 |     137.5278 |     137.5436 |     137.5442 |     137.5539 |     137.5295 |     137.5770 |     137.6204 |     137.5244 |     137.5415 |     137.5277 |     137.5336 |     137.6308 |     137.6630 |     137.5437 |     137.6730 |     137.5212 |     137.5453 |     137.5279 |     137.5315 |     137.5378 |     137.7073 |     137.7124 |     137.7156 |     137.7441 |     137.7121 |     137.7258 |     137.7314 |     138.2269 |
| Prefetch bandwidth [MBytes/s] | 26777.6591 | 25457.8891 | 25853.8392 | 20025.7720 | 18320.1442 | 24074.7104 | 24097.8924 | 25669.3131 | 25378.0642 | 27203.5019 |  25686.8149 |  24836.9947 |  27278.0721 |  25332.6331 |  30430.7783 |  27830.0096 |  26479.2066 |  26870.9908 |  27105.9148 |  25396.0329 |  18671.0359 |  25544.8821 |  28550.4076 |  27232.5760 |  27199.7219 |  25831.4391 |  19246.7473 |  24124.2679 |  18086.1840 |  24245.8793 |  27195.1249 |  26281.8073 |  26707.0068 |  26298.3131 |  24643.0280 |  20721.8440 |  26100.0710 |  18709.7190 |  23630.3802 |  24899.9262 |  26419.6620 |  25234.4181 |  26624.9705 |  23066.4529 |  21806.5389 |  21158.5713 |  29200.6553 |  22499.0169 |  27275.7785 |  21282.1519 |  23797.2512 |  21297.6749 |  18479.9487 |  18791.6510 |  25347.8820 |  26325.9777 |  27426.5884 |  25191.5257 |  20615.4407 |  21071.4167 |  19429.8122 |  23566.0201 |  22885.8024 |  34104.8895 |  23230.2872 |  23391.0245 |  18672.8258 |  21785.8409 |  23694.8283 |  22468.4098 |  23429.4535 |  25984.1922 |  24619.1639 |  22998.2428 |  23402.8717 |  24184.1945 |  27686.2266 |  24359.3624 |  27901.0386 |  23235.5999 |  24804.6590 |  21724.6442 |  18424.7168 |  20140.2027 |  20726.9139 |  19701.5816 |  20624.6429 |  22023.0590 |  21648.6109 |  20249.4102 |  21305.4235 |  21843.4124 |  20324.4736 |  22944.8603 |  23159.5402 |  31720.5834 |  25254.0966 |  22224.3941 |  22061.3979 |  22534.6761 |   19850.4993 |   19752.8273 |   24473.5273 |   23700.9953 |   23513.4410 |   22213.6068 |   21634.3288 |   17665.2635 |   22916.3635 |   18943.9335 |   21955.9921 |   22343.7861 |   22395.9192 |   26029.3536 |   20909.0290 |   21481.9946 |   26568.3605 |   21863.5493 |   22583.2283 |   23434.1918 |   21204.1711 |   21196.2852 |   18159.0411 |   18641.7084 |   19613.3541 |   18808.9685 |   21219.8990 |   30279.4594 |
| Prefetch data volume [GBytes] |    72.7038 |    69.1226 |    70.2001 |    54.3751 |    49.7364 |    65.3761 |    65.4391 |    69.7066 |    68.8975 |    73.8530 |     69.7463 |     67.4272 |     74.0546 |     68.7853 |     82.6117 |     75.5513 |     71.8941 |     72.9493 |     73.5996 |     68.9497 |     50.6870 |     69.3542 |     77.5098 |     73.9359 |     73.8499 |     70.1304 |     52.2521 |     65.4952 |     49.0991 |     65.8226 |     73.8308 |     71.3582 |     72.5072 |     71.3976 |     66.9194 |     56.2712 |     70.8579 |     50.8014 |     64.1740 |     67.6109 |     71.7261 |     68.5050 |     72.2938 |     62.6276 |     59.2028 |     57.4509 |     79.2781 |     61.0872 |     74.0499 |     57.7887 |     64.6087 |     57.8182 |     50.1683 |     51.0296 |     68.8226 |     71.4849 |     74.4785 |     68.3901 |     55.9654 |     57.2118 |     52.7467 |     63.9758 |     62.1347 |     92.5918 |     63.0682 |     63.5004 |     50.6987 |     59.1432 |     64.3267 |     61.0013 |     63.6062 |     70.5499 |     66.8344 |     62.4424 |     63.5325 |     65.6580 |     75.1647 |     66.1299 |     75.7445 |     63.0798 |     67.3389 |     58.9808 |     50.0192 |     54.6789 |     56.2718 |     53.4864 |     55.9961 |     59.7883 |     58.7780 |     54.9731 |     57.8399 |     59.3004 |     55.1799 |     62.2906 |     62.8734 |     86.1295 |     68.5599 |     60.3333 |     59.8951 |     61.1756 |      53.8892 |      53.6395 |      66.4438 |      64.3433 |      63.8361 |      60.3073 |      58.7345 |      47.9577 |      62.2206 |      51.4289 |      59.6127 |      60.6660 |      60.7993 |      70.6760 |      56.7663 |      58.3255 |      72.1260 |      59.3550 |      61.3155 |      63.6295 |      57.5745 |      57.5498 |      49.2971 |      50.6074 |      53.2492 |      51.0618 |      57.6068 |      82.2013 |
+-------------------------------+------------+------------+------------+------------+------------+------------+------------+------------+------------+------------+-------------+-------------+-------------+-------------+-------------+-------------+-------------+-------------+-------------+-------------+-------------+-------------+-------------+-------------+-------------+-------------+-------------+-------------+-------------+-------------+-------------+-------------+-------------+-------------+-------------+-------------+-------------+-------------+-------------+-------------+-------------+-------------+-------------+-------------+-------------+-------------+-------------+-------------+-------------+-------------+-------------+-------------+-------------+-------------+-------------+-------------+-------------+-------------+-------------+-------------+-------------+-------------+-------------+-------------+-------------+-------------+-------------+-------------+-------------+-------------+-------------+-------------+-------------+-------------+-------------+-------------+-------------+-------------+-------------+-------------+-------------+-------------+-------------+-------------+-------------+-------------+-------------+-------------+-------------+-------------+-------------+-------------+-------------+-------------+-------------+-------------+-------------+-------------+-------------+-------------+--------------+--------------+--------------+--------------+--------------+--------------+--------------+--------------+--------------+--------------+--------------+--------------+--------------+--------------+--------------+--------------+--------------+--------------+--------------+--------------+--------------+--------------+--------------+--------------+--------------+--------------+--------------+--------------+
+------------------------------------+--------------+------------+------------+------------+
|               Metric               |      Sum     |     Min    |     Max    |     Avg    |
+------------------------------------+--------------+------------+------------+------------+
|      Runtime (RDTSC) [s] STAT      |     347.5168 |     2.7147 |     2.7157 |     2.7150 |
|      Runtime unhalted [s] STAT     |     310.8979 |     2.4202 |     2.4377 |     2.4289 |
|          Clock [MHz] STAT          |  308604.5255 |  2402.2919 |  2419.6007 |  2410.9729 |
|              CPI STAT              |     213.2560 |     1.6449 |     1.7290 |     1.6661 |
|    L2 bandwidth [MBytes/s] STAT    | 6.485472e+06 | 50637.0464 | 50916.8942 | 50667.7505 |
|    L2 data volume [GBytes] STAT    |   17607.9017 |   137.4895 |   138.2269 |   137.5617 |
| Prefetch bandwidth [MBytes/s] STAT | 3.004765e+06 | 17665.2635 | 34104.8895 | 23474.7237 |
| Prefetch data volume [GBytes] STAT |    8157.8719 |    47.9577 |    92.5918 |    63.7334 |
+------------------------------------+--------------+------------+------------+------------+
