--------------------------------------------------------------------------------
CPU name:	AMD EPYC 9755 128-Core Processor               
CPU type:	AMD K1A (Zen5) architecture
CPU clock:	2.70 GHz
--------------------------------------------------------------------------------
Region bench, Group 1: L2BW
+-------------------+------------+------------+------------+------------+------------+------------+------------+------------+------------+------------+-------------+-------------+-------------+-------------+-------------+-------------+-------------+-------------+-------------+-------------+-------------+-------------+-------------+-------------+-------------+-------------+-------------+-------------+-------------+-------------+-------------+-------------+
|    Region Info    | HWThread 0 | HWThread 1 | HWThread 2 | HWThread 3 | HWThread 4 | HWThread 5 | HWThread 6 | HWThread 7 | HWThread 8 | HWThread 9 | HWThread 10 | HWThread 11 | HWThread 12 | HWThread 13 | HWThread 14 | HWThread 15 | HWThread 16 | HWThread 17 | HWThread 18 | HWThread 19 | HWThread 20 | HWThread 21 | HWThread 22 | HWThread 23 | HWThread 24 | HWThread 25 | HWThread 26 | HWThread 27 | HWThread 28 | HWThread 29 | HWThread 30 | HWThread 31 |
+-------------------+------------+------------+------------+------------+------------+------------+------------+------------+------------+------------+-------------+-------------+-------------+-------------+-------------+-------------+-------------+-------------+-------------+-------------+-------------+-------------+-------------+-------------+-------------+-------------+-------------+-------------+-------------+-------------+-------------+-------------+
| RDTSC Runtime [s] |   2.180075 |   2.180079 |   2.180096 |   2.180094 |   2.180119 |   2.180120 |   2.180097 |   2.180056 |   2.180060 |   2.180064 |    2.180059 |    2.180114 |    2.180114 |    2.180101 |    2.180074 |    2.180075 |    2.180115 |    2.180062 |    2.180089 |    2.180073 |    2.180114 |    2.180071 |    2.180115 |    2.180056 |    2.180116 |    2.180075 |    2.180118 |    2.180066 |    2.180069 |    2.180118 |    2.180048 |    2.180118 |
|     call count    |          1 |          1 |          1 |          1 |          1 |          1 |          1 |          1 |          1 |          1 |           1 |           1 |           1 |           1 |           1 |           1 |           1 |           1 |           1 |           1 |           1 |           1 |           1 |           1 |           1 |           1 |           1 |           1 |           1 |           1 |           1 |           1 |
+-------------------+------------+------------+------------+------------+------------+------------+------------+------------+------------+------------+-------------+-------------+-------------+-------------+-------------+-------------+-------------+-------------+-------------+-------------+-------------+-------------+-------------+-------------+-------------+-------------+-------------+-------------+-------------+-------------+-------------+-------------+
+----------------------------+---------+------------+------------+------------+------------+------------+------------+------------+------------+------------+------------+-------------+-------------+-------------+-------------+-------------+-------------+-------------+-------------+-------------+-------------+-------------+-------------+-------------+-------------+-------------+-------------+-------------+-------------+-------------+-------------+-------------+-------------+
|            Event           | Counter | HWThread 0 | HWThread 1 | HWThread 2 | HWThread 3 | HWThread 4 | HWThread 5 | HWThread 6 | HWThread 7 | HWThread 8 | HWThread 9 | HWThread 10 | HWThread 11 | HWThread 12 | HWThread 13 | HWThread 14 | HWThread 15 | HWThread 16 | HWThread 17 | HWThread 18 | HWThread 19 | HWThread 20 | HWThread 21 | HWThread 22 | HWThread 23 | HWThread 24 | HWThread 25 | HWThread 26 | HWThread 27 | HWThread 28 | HWThread 29 | HWThread 30 | HWThread 31 |
+----------------------------+---------+------------+------------+------------+------------+------------+------------+------------+------------+------------+------------+-------------+-------------+-------------+-------------+-------------+-------------+-------------+-------------+-------------+-------------+-------------+-------------+-------------+-------------+-------------+-------------+-------------+-------------+-------------+-------------+-------------+-------------+
|      ACTUAL_CPU_CLOCK      |  FIXC1  | 5265723000 | 5265628000 | 5265703000 | 5265723000 | 5265652000 | 5265628000 | 5265709000 | 5265755000 | 5244776000 | 5244970000 |  5244724000 |  5244807000 |  5244826000 |  5244725000 |  5244927000 |  5244844000 |  5281768000 |  5281738000 |  5281755000 |  5281759000 |  5281745000 |  5281765000 |  5281748000 |  5281733000 |  5256066000 |  5256120000 |  5256054000 |  5256117000 |  5256095000 |  5256001000 |  5255986000 |  5256056000 |
|        MAX_CPU_CLOCK       |  FIXC2  | 5879176000 | 5879066000 | 5879132000 | 5879176000 | 5879132000 | 5879134000 | 5879175000 | 5879193000 | 5878967000 | 5879186000 |  5878905000 |  5878997000 |  5879000000 |  5878889000 |  5879095000 |  5879066000 |  5879020000 |  5878763000 |  5878924000 |  5879004000 |  5879009000 |  5878999000 |  5878956000 |  5878895000 |  5879085000 |  5879107000 |  5878997000 |  5879098000 |  5879035000 |  5879011000 |  5878891000 |  5878990000 |
|    RETIRED_INSTRUCTIONS    |   PMC0  | 7523226000 | 7523883000 | 7525432000 | 7522735000 | 7525514000 | 7520631000 | 7528783000 | 7521892000 | 7517426000 | 7517308000 |  7520140000 |  7520055000 |  7524312000 |  7517217000 |  7525620000 |  7520921000 |  7523867000 |  7521932000 |  7524169000 |  7523785000 |  7522522000 |  7522518000 |  7526822000 |  7523511000 |  7521219000 |  7519407000 |  7521182000 |  7520083000 |  7521921000 |  7518798000 |  7526248000 |  7525691000 |
|     CPU_CLOCKS_UNHALTED    |   PMC1  | 5241584000 | 5246409000 | 5246442000 | 5246340000 | 5246258000 | 5246386000 | 5246361000 | 5246239000 | 5225106000 | 5224862000 |  5225299000 |  5224641000 |  5225321000 |  5225713000 |  5225100000 |  5225179000 |  5261529000 |  5261638000 |  5261693000 |  5261710000 |  5261905000 |  5262146000 |  5261280000 |  5260989000 |  5236031000 |  5236313000 |  5236027000 |  5236136000 |  5235950000 |  5236164000 |  5236057000 |  5236130000 |
| REQUESTS_TO_L2_GRP1_RD_ANY |   PMC2  | 2148059000 | 2148125000 | 2148083000 | 2148069000 | 2148060000 | 2148137000 | 2148129000 | 2148108000 | 2148133000 | 2148102000 |  2148090000 |  2148121000 |  2148129000 |  2148183000 |  2148056000 |  2148021000 |  2148066000 |  2148306000 |  2148184000 |  2148205000 |  2148140000 |  2148078000 |  2148123000 |  2148074000 |  2148082000 |  2148132000 |  2148112000 |  2148169000 |  2148159000 |  2148201000 |  2148133000 |  2148033000 |
|     L2_PF_HIT_IN_L2_ALL    |   PMC3  | 1218713000 | 1233371000 | 1224275000 | 1241031000 | 1232621000 | 1222598000 | 1223075000 | 1229199000 | 1221679000 | 1229781000 |  1222574000 |  1236096000 |  1233981000 |  1232057000 |  1229219000 |  1225323000 |  1220446000 |  1223565000 |  1222891000 |  1240283000 |  1232889000 |  1230849000 |  1226600000 |  1227104000 |  1218450000 |  1231902000 |  1225814000 |  1240105000 |  1230353000 |  1226196000 |  1224208000 |  1230357000 |
+----------------------------+---------+------------+------------+------------+------------+------------+------------+------------+------------+------------+------------+-------------+-------------+-------------+-------------+-------------+-------------+-------------+-------------+-------------+-------------+-------------+-------------+-------------+-------------+-------------+-------------+-------------+-------------+-------------+-------------+-------------+-------------+
+---------------------------------+---------+--------------+------------+------------+--------------+
|              Event              | Counter |      Sum     |     Min    |     Max    |      Avg     |
+---------------------------------+---------+--------------+------------+------------+--------------+
|      ACTUAL_CPU_CLOCK STAT      |  FIXC1  | 168386626000 | 5244724000 | 5281768000 | 5.262082e+09 |
|        MAX_CPU_CLOCK STAT       |  FIXC2  | 188129073000 | 5878763000 | 5879193000 | 5.879034e+09 |
|    RETIRED_INSTRUCTIONS STAT    |   PMC0  | 240718770000 | 7517217000 | 7528783000 | 7.522462e+09 |
|     CPU_CLOCKS_UNHALTED STAT    |   PMC1  | 167748938000 | 5224641000 | 5262146000 | 5.242154e+09 |
| REQUESTS_TO_L2_GRP1_RD_ANY STAT |   PMC2  |  68739802000 | 2148021000 | 2148306000 | 2.148119e+09 |
|     L2_PF_HIT_IN_L2_ALL STAT    |   PMC3  |  39307605000 | 1218450000 | 1241031000 | 1.228363e+09 |
+---------------------------------+---------+--------------+------------+------------+--------------+
+-------------------------------+------------+------------+------------+------------+------------+------------+------------+------------+------------+------------+-------------+-------------+-------------+-------------+-------------+-------------+-------------+-------------+-------------+-------------+-------------+-------------+-------------+-------------+-------------+-------------+-------------+-------------+-------------+-------------+-------------+-------------+
|             Metric            | HWThread 0 | HWThread 1 | HWThread 2 | HWThread 3 | HWThread 4 | HWThread 5 | HWThread 6 | HWThread 7 | HWThread 8 | HWThread 9 | HWThread 10 | HWThread 11 | HWThread 12 | HWThread 13 | HWThread 14 | HWThread 15 | HWThread 16 | HWThread 17 | HWThread 18 | HWThread 19 | HWThread 20 | HWThread 21 | HWThread 22 | HWThread 23 | HWThread 24 | HWThread 25 | HWThread 26 | HWThread 27 | HWThread 28 | HWThread 29 | HWThread 30 | HWThread 31 |
+-------------------------------+------------+------------+------------+------------+------------+------------+------------+------------+------------+------------+-------------+-------------+-------------+-------------+-------------+-------------+-------------+-------------+-------------+-------------+-------------+-------------+-------------+-------------+-------------+-------------+-------------+-------------+-------------+-------------+-------------+-------------+
|      Runtime (RDTSC) [s]      |     2.1801 |     2.1801 |     2.1801 |     2.1801 |     2.1801 |     2.1801 |     2.1801 |     2.1801 |     2.1801 |     2.1801 |      2.1801 |      2.1801 |      2.1801 |      2.1801 |      2.1801 |      2.1801 |      2.1801 |      2.1801 |      2.1801 |      2.1801 |      2.1801 |      2.1801 |      2.1801 |      2.1801 |      2.1801 |      2.1801 |      2.1801 |      2.1801 |      2.1801 |      2.1801 |      2.1800 |      2.1801 |
|      Runtime unhalted [s]     |     1.9530 |     1.9529 |     1.9529 |     1.9530 |     1.9529 |     1.9529 |     1.9529 |     1.9530 |     1.9452 |     1.9453 |      1.9452 |      1.9452 |      1.9452 |      1.9452 |      1.9452 |      1.9452 |      1.9589 |      1.9589 |      1.9589 |      1.9589 |      1.9589 |      1.9589 |      1.9589 |      1.9589 |      1.9494 |      1.9494 |      1.9494 |      1.9494 |      1.9494 |      1.9493 |      1.9493 |      1.9494 |
|          Clock [MHz]          |  2414.9479 |  2414.9495 |  2414.9568 |  2414.9479 |  2414.9334 |  2414.9216 |  2414.9419 |  2414.9556 |  2405.4267 |  2405.4261 |   2405.4283 |   2405.4287 |   2405.4362 |   2405.4353 |   2405.4436 |   2405.4174 |   2422.3707 |   2422.4628 |   2422.4043 |   2422.3731 |   2422.3646 |   2422.3779 |   2422.3879 |   2422.4061 |   2410.5563 |   2410.5721 |   2410.5869 |   2410.5744 |   2410.5901 |   2410.5569 |   2410.5992 |   2410.5907 |
|              CPI              |     0.6967 |     0.6973 |     0.6972 |     0.6974 |     0.6971 |     0.6976 |     0.6968 |     0.6975 |     0.6951 |     0.6950 |      0.6948 |      0.6948 |      0.6945 |      0.6952 |      0.6943 |      0.6948 |      0.6993 |      0.6995 |      0.6993 |      0.6993 |      0.6995 |      0.6995 |      0.6990 |      0.6993 |      0.6962 |      0.6964 |      0.6962 |      0.6963 |      0.6961 |      0.6964 |      0.6957 |      0.6958 |
|    L2 bandwidth [MBytes/s]    | 63060.1131 | 63061.9349 | 63060.2102 | 63059.8571 | 63058.8697 | 63061.1012 | 63061.5317 | 63062.1012 | 63062.7194 | 63061.6936 |  63061.4860 |  63060.8051 |  63061.0399 |  63063.0012 |  63060.0539 |  63058.9975 |  63059.1616 |  63067.7403 |  63063.3777 |  63064.4570 |  63061.3628 |  63060.7866 |  63060.8349 |  63061.1030 |  63059.6023 |  63062.2561 |  63060.4252 |  63063.6027 |  63063.2223 |  63063.0379 |  63063.0665 |  63058.1060 |
|    L2 data volume [GBytes]    |   137.4758 |   137.4800 |   137.4773 |   137.4764 |   137.4758 |   137.4808 |   137.4803 |   137.4789 |   137.4805 |   137.4785 |    137.4778 |    137.4797 |    137.4803 |    137.4837 |    137.4756 |    137.4733 |    137.4762 |    137.4916 |    137.4838 |    137.4851 |    137.4810 |    137.4770 |    137.4799 |    137.4767 |    137.4772 |    137.4804 |    137.4792 |    137.4828 |    137.4822 |    137.4849 |    137.4805 |    137.4741 |
| Prefetch bandwidth [MBytes/s] | 35777.4994 | 36207.7448 | 35940.4357 | 36432.3667 | 36185.0633 | 35890.8097 | 35905.1914 | 36085.6492 | 35864.8184 | 36102.6025 |  35891.1094 |  36287.1593 |  36225.0708 |  36168.8050 |  36085.9384 |  35971.5478 |  35827.7173 |  35920.1527 |  35899.9215 |  36410.7587 |  36193.0138 |  36133.8397 |  36008.3757 |  36024.1462 |  35769.1059 |  36164.6861 |  35985.2522 |  36405.6501 |  36119.3118 |  35996.4662 |  35939.2601 |  36118.6174 |
| Prefetch data volume [GBytes] |    77.9976 |    78.9357 |    78.3536 |    79.4260 |    78.8877 |    78.2463 |    78.2768 |    78.6687 |    78.1875 |    78.7060 |     78.2447 |     79.1101 |     78.9748 |     78.8516 |     78.6700 |     78.4207 |     78.1085 |     78.3082 |     78.2650 |     79.3781 |     78.9049 |     78.7743 |     78.5024 |     78.5347 |     77.9808 |     78.8417 |     78.4521 |     79.3667 |     78.7426 |     78.4765 |     78.3493 |     78.7428 |
+-------------------------------+------------+------------+------------+------------+------------+------------+------------+------------+------------+------------+-------------+-------------+-------------+-------------+-------------+-------------+-------------+-------------+-------------+-------------+-------------+-------------+-------------+-------------+-------------+-------------+-------------+-------------+-------------+-------------+-------------+-------------+
+------------------------------------+--------------+------------+------------+------------+
|               Metric               |      Sum     |     Min    |     Max    |     Avg    |
+------------------------------------+--------------+------------+------------+------------+
|      Runtime (RDTSC) [s] STAT      |      69.7631 |     2.1800 |     2.1801 |     2.1801 |
|      Runtime unhalted [s] STAT     |      62.4514 |     1.9452 |     1.9589 |     1.9516 |
|          Clock [MHz] STAT          |   77226.7709 |  2405.4174 |  2422.4628 |  2413.3366 |
|              CPI STAT              |      22.2999 |     0.6943 |     0.6995 |     0.6969 |
|    L2 bandwidth [MBytes/s] STAT    | 2.017968e+06 | 63058.1060 | 63067.7403 | 63061.4893 |
|    L2 data volume [GBytes] STAT    |    4399.3473 |   137.4733 |   137.4916 |   137.4796 |
| Prefetch bandwidth [MBytes/s] STAT | 1.153938e+06 | 35769.1059 | 36432.3667 | 36060.5652 |
| Prefetch data volume [GBytes] STAT |    2515.6864 |    77.9808 |    79.4260 |    78.6152 |
+------------------------------------+--------------+------------+------------+------------+
