--------------------------------------------------------------------------------
CPU name:	AMD EPYC 9755 128-Core Processor               
CPU type:	AMD K1A (Zen5) architecture
CPU clock:	2.70 GHz
--------------------------------------------------------------------------------
Region bench, Group 1: L2BW
+-------------------+------------+------------+------------+------------+------------+------------+------------+------------+------------+------------+-------------+-------------+-------------+-------------+-------------+-------------+-------------+-------------+-------------+-------------+-------------+-------------+-------------+-------------+-------------+-------------+-------------+-------------+-------------+-------------+-------------+-------------+-------------+-------------+-------------+-------------+-------------+-------------+-------------+-------------+-------------+-------------+-------------+-------------+-------------+-------------+-------------+-------------+-------------+-------------+-------------+-------------+-------------+-------------+-------------+-------------+-------------+-------------+-------------+-------------+-------------+-------------+-------------+-------------+-------------+-------------+-------------+-------------+-------------+-------------+-------------+-------------+-------------+-------------+-------------+-------------+-------------+-------------+-------------+-------------+-------------+-------------+-------------+-------------+-------------+-------------+-------------+-------------+-------------+-------------+-------------+-------------+-------------+-------------+-------------+-------------+-------------+-------------+-------------+-------------+--------------+--------------+--------------+--------------+--------------+--------------+--------------+--------------+--------------+--------------+--------------+--------------+--------------+--------------+--------------+--------------+--------------+--------------+--------------+--------------+--------------+--------------+--------------+--------------+--------------+--------------+--------------+--------------+
|    Region Info    | HWThread 0 | HWThread 1 | HWThread 2 | HWThread 3 | HWThread 4 | HWThread 5 | HWThread 6 | HWThread 7 | HWThread 8 | HWThread 9 | HWThread 10 | HWThread 11 | HWThread 12 | HWThread 13 | HWThread 14 | HWThread 15 | HWThread 16 | HWThread 17 | HWThread 18 | HWThread 19 | HWThread 20 | HWThread 21 | HWThread 22 | HWThread 23 | HWThread 24 | HWThread 25 | HWThread 26 | HWThread 27 | HWThread 28 | HWThread 29 | HWThread 30 | HWThread 31 | HWThread 32 | HWThread 33 | HWThread 34 | HWThread 35 | HWThread 36 | HWThread 37 | HWThread 38 | HWThread 39 | HWThread 40 | HWThread 41 | HWThread 42 | HWThread 43 | HWThread 44 | HWThread 45 | HWThread 46 | HWThread 47 | HWThread 48 | HWThread 49 | HWThread 50 | HWThread 51 | HWThread 52 | HWThread 53 | HWThread 54 | HWThread 55 | HWThread 56 | HWThread 57 | HWThread 58 | HWThread 59 | HWThread 60 | HWThread 61 | HWThread 62 | HWThread 63 | HWThread 64 | HWThread 65 | HWThread 66 | HWThread 67 | HWThread 68 | HWThread 69 | HWThread 70 | HWThread 71 | HWThread 72 | HWThread 73 | HWThread 74 | HWThread 75 | HWThread 76 | HWThread 77 | HWThread 78 | HWThread 79 | HWThread 80 | HWThread 81 | HWThread 82 | HWThread 83 | HWThread 84 | HWThread 85 | HWThread 86 | HWThread 87 | HWThread 88 | HWThread 89 | HWThread 90 | HWThread 91 | HWThread 92 | HWThread 93 | HWThread 94 | HWThread 95 | HWThread 96 | HWThread 97 | HWThread 98 | HWThread 99 | HWThread 100 | HWThread 101 | HWThread 102 | HWThread 103 | HWThread 104 | HWThread 105 | HWThread 106 | HWThread 107 | HWThread 108 | HWThread 109 | HWThread 110 | HWThread 111 | HWThread 112 | HWThread 113 | HWThread 114 | HWThread 115 | HWThread 116 | HWThread 117 | HWThread 118 | HWThread 119 | HWThread 120 | HWThread 121 | HWThread 122 | HWThread 123 | HWThread 124 | HWThread 125 | HWThread 126 | HWThread 127 |
+-------------------+------------+------------+------------+------------+------------+------------+------------+------------+------------+------------+-------------+-------------+-------------+-------------+-------------+-------------+-------------+-------------+-------------+-------------+-------------+-------------+-------------+-------------+-------------+-------------+-------------+-------------+-------------+-------------+-------------+-------------+-------------+-------------+-------------+-------------+-------------+-------------+-------------+-------------+-------------+-------------+-------------+-------------+-------------+-------------+-------------+-------------+-------------+-------------+-------------+-------------+-------------+-------------+-------------+-------------+-------------+-------------+-------------+-------------+-------------+-------------+-------------+-------------+-------------+-------------+-------------+-------------+-------------+-------------+-------------+-------------+-------------+-------------+-------------+-------------+-------------+-------------+-------------+-------------+-------------+-------------+-------------+-------------+-------------+-------------+-------------+-------------+-------------+-------------+-------------+-------------+-------------+-------------+-------------+-------------+-------------+-------------+-------------+-------------+--------------+--------------+--------------+--------------+--------------+--------------+--------------+--------------+--------------+--------------+--------------+--------------+--------------+--------------+--------------+--------------+--------------+--------------+--------------+--------------+--------------+--------------+--------------+--------------+--------------+--------------+--------------+--------------+
| RDTSC Runtime [s] |   2.740951 |   2.740691 |   2.740777 |   2.740564 |   2.740905 |   2.740910 |   2.740520 |   2.740972 |   2.740490 |   2.740513 |    2.740685 |    2.740719 |    2.740697 |    2.740501 |    2.740602 |    2.740699 |    2.740528 |    2.740514 |    2.740514 |    2.740529 |    2.740529 |    2.740500 |    2.740513 |    2.740491 |    2.741802 |    2.741565 |    2.741104 |    2.740768 |    2.740552 |    2.740600 |    2.740797 |    2.740495 |    2.740551 |    2.740529 |    2.740529 |    2.740719 |    2.740481 |    2.740714 |    2.740695 |    2.740481 |    2.740731 |    2.740567 |    2.740542 |    2.740489 |    2.740550 |    2.740712 |    2.740739 |    2.740711 |    2.740505 |    2.740670 |    2.740547 |    2.740717 |    2.740502 |    2.740784 |    2.740753 |    2.740694 |    2.740496 |    2.740494 |    2.740693 |    2.740909 |    2.740510 |    2.740510 |    2.740700 |    2.740693 |    2.740526 |    2.740526 |    2.740526 |    2.740525 |    2.740514 |    2.740525 |    2.740525 |    2.740499 |    2.740567 |    2.740543 |    2.740534 |    2.740550 |    2.740535 |    2.740537 |    2.740551 |    2.740512 |    2.740490 |    2.740697 |    2.740554 |    2.740493 |    2.740782 |    2.740728 |    2.740493 |    2.740619 |    2.740622 |    2.740605 |    2.740774 |    2.740737 |    2.740605 |    2.740494 |    2.740514 |    2.740785 |    2.740929 |    2.740606 |    2.740508 |    2.740773 |     2.740691 |     2.740792 |     2.740795 |     2.740508 |     2.740479 |     2.740796 |     2.740509 |     2.740490 |     2.740618 |     2.740509 |     2.740620 |     2.740510 |     2.740507 |     2.740512 |     2.740689 |     2.740961 |     2.741795 |     2.740683 |     2.740489 |     2.740519 |     2.740442 |     2.741689 |     2.740920 |     2.740492 |     2.740738 |     2.740465 |     2.740605 |     2.740785 |
|     call count    |          1 |          1 |          1 |          1 |          1 |          1 |          1 |          1 |          1 |          1 |           1 |           1 |           1 |           1 |           1 |           1 |           1 |           1 |           1 |           1 |           1 |           1 |           1 |           1 |           1 |           1 |           1 |           1 |           1 |           1 |           1 |           1 |           1 |           1 |           1 |           1 |           1 |           1 |           1 |           1 |           1 |           1 |           1 |           1 |           1 |           1 |           1 |           1 |           1 |           1 |           1 |           1 |           1 |           1 |           1 |           1 |           1 |           1 |           1 |           1 |           1 |           1 |           1 |           1 |           1 |           1 |           1 |           1 |           1 |           1 |           1 |           1 |           1 |           1 |           1 |           1 |           1 |           1 |           1 |           1 |           1 |           1 |           1 |           1 |           1 |           1 |           1 |           1 |           1 |           1 |           1 |           1 |           1 |           1 |           1 |           1 |           1 |           1 |           1 |           1 |            1 |            1 |            1 |            1 |            1 |            1 |            1 |            1 |            1 |            1 |            1 |            1 |            1 |            1 |            1 |            1 |            1 |            1 |            1 |            1 |            1 |            1 |            1 |            1 |            1 |            1 |            1 |            1 |
+-------------------+------------+------------+------------+------------+------------+------------+------------+------------+------------+------------+-------------+-------------+-------------+-------------+-------------+-------------+-------------+-------------+-------------+-------------+-------------+-------------+-------------+-------------+-------------+-------------+-------------+-------------+-------------+-------------+-------------+-------------+-------------+-------------+-------------+-------------+-------------+-------------+-------------+-------------+-------------+-------------+-------------+-------------+-------------+-------------+-------------+-------------+-------------+-------------+-------------+-------------+-------------+-------------+-------------+-------------+-------------+-------------+-------------+-------------+-------------+-------------+-------------+-------------+-------------+-------------+-------------+-------------+-------------+-------------+-------------+-------------+-------------+-------------+-------------+-------------+-------------+-------------+-------------+-------------+-------------+-------------+-------------+-------------+-------------+-------------+-------------+-------------+-------------+-------------+-------------+-------------+-------------+-------------+-------------+-------------+-------------+-------------+-------------+-------------+--------------+--------------+--------------+--------------+--------------+--------------+--------------+--------------+--------------+--------------+--------------+--------------+--------------+--------------+--------------+--------------+--------------+--------------+--------------+--------------+--------------+--------------+--------------+--------------+--------------+--------------+--------------+--------------+
+----------------------------+---------+------------+------------+------------+------------+------------+------------+------------+------------+------------+------------+-------------+-------------+-------------+-------------+-------------+-------------+-------------+-------------+-------------+-------------+-------------+-------------+-------------+-------------+-------------+-------------+-------------+-------------+-------------+-------------+-------------+-------------+-------------+-------------+-------------+-------------+-------------+-------------+-------------+-------------+-------------+-------------+-------------+-------------+-------------+-------------+-------------+-------------+-------------+-------------+-------------+-------------+-------------+-------------+-------------+-------------+-------------+-------------+-------------+-------------+-------------+-------------+-------------+-------------+-------------+-------------+-------------+-------------+-------------+-------------+-------------+-------------+-------------+-------------+-------------+-------------+-------------+-------------+-------------+-------------+-------------+-------------+-------------+-------------+-------------+-------------+-------------+-------------+-------------+-------------+-------------+-------------+-------------+-------------+-------------+-------------+-------------+-------------+-------------+-------------+--------------+--------------+--------------+--------------+--------------+--------------+--------------+--------------+--------------+--------------+--------------+--------------+--------------+--------------+--------------+--------------+--------------+--------------+--------------+--------------+--------------+--------------+--------------+--------------+--------------+--------------+--------------+--------------+
|            Event           | Counter | HWThread 0 | HWThread 1 | HWThread 2 | HWThread 3 | HWThread 4 | HWThread 5 | HWThread 6 | HWThread 7 | HWThread 8 | HWThread 9 | HWThread 10 | HWThread 11 | HWThread 12 | HWThread 13 | HWThread 14 | HWThread 15 | HWThread 16 | HWThread 17 | HWThread 18 | HWThread 19 | HWThread 20 | HWThread 21 | HWThread 22 | HWThread 23 | HWThread 24 | HWThread 25 | HWThread 26 | HWThread 27 | HWThread 28 | HWThread 29 | HWThread 30 | HWThread 31 | HWThread 32 | HWThread 33 | HWThread 34 | HWThread 35 | HWThread 36 | HWThread 37 | HWThread 38 | HWThread 39 | HWThread 40 | HWThread 41 | HWThread 42 | HWThread 43 | HWThread 44 | HWThread 45 | HWThread 46 | HWThread 47 | HWThread 48 | HWThread 49 | HWThread 50 | HWThread 51 | HWThread 52 | HWThread 53 | HWThread 54 | HWThread 55 | HWThread 56 | HWThread 57 | HWThread 58 | HWThread 59 | HWThread 60 | HWThread 61 | HWThread 62 | HWThread 63 | HWThread 64 | HWThread 65 | HWThread 66 | HWThread 67 | HWThread 68 | HWThread 69 | HWThread 70 | HWThread 71 | HWThread 72 | HWThread 73 | HWThread 74 | HWThread 75 | HWThread 76 | HWThread 77 | HWThread 78 | HWThread 79 | HWThread 80 | HWThread 81 | HWThread 82 | HWThread 83 | HWThread 84 | HWThread 85 | HWThread 86 | HWThread 87 | HWThread 88 | HWThread 89 | HWThread 90 | HWThread 91 | HWThread 92 | HWThread 93 | HWThread 94 | HWThread 95 | HWThread 96 | HWThread 97 | HWThread 98 | HWThread 99 | HWThread 100 | HWThread 101 | HWThread 102 | HWThread 103 | HWThread 104 | HWThread 105 | HWThread 106 | HWThread 107 | HWThread 108 | HWThread 109 | HWThread 110 | HWThread 111 | HWThread 112 | HWThread 113 | HWThread 114 | HWThread 115 | HWThread 116 | HWThread 117 | HWThread 118 | HWThread 119 | HWThread 120 | HWThread 121 | HWThread 122 | HWThread 123 | HWThread 124 | HWThread 125 | HWThread 126 | HWThread 127 |
+----------------------------+---------+------------+------------+------------+------------+------------+------------+------------+------------+------------+------------+-------------+-------------+-------------+-------------+-------------+-------------+-------------+-------------+-------------+-------------+-------------+-------------+-------------+-------------+-------------+-------------+-------------+-------------+-------------+-------------+-------------+-------------+-------------+-------------+-------------+-------------+-------------+-------------+-------------+-------------+-------------+-------------+-------------+-------------+-------------+-------------+-------------+-------------+-------------+-------------+-------------+-------------+-------------+-------------+-------------+-------------+-------------+-------------+-------------+-------------+-------------+-------------+-------------+-------------+-------------+-------------+-------------+-------------+-------------+-------------+-------------+-------------+-------------+-------------+-------------+-------------+-------------+-------------+-------------+-------------+-------------+-------------+-------------+-------------+-------------+-------------+-------------+-------------+-------------+-------------+-------------+-------------+-------------+-------------+-------------+-------------+-------------+-------------+-------------+-------------+--------------+--------------+--------------+--------------+--------------+--------------+--------------+--------------+--------------+--------------+--------------+--------------+--------------+--------------+--------------+--------------+--------------+--------------+--------------+--------------+--------------+--------------+--------------+--------------+--------------+--------------+--------------+--------------+
|      ACTUAL_CPU_CLOCK      |  FIXC1  | 6615591000 | 6616054000 | 6615441000 | 6615386000 | 6615525000 | 6615539000 | 6615422000 | 6615582000 | 6585894000 | 6585646000 |  6586237000 |  6586250000 |  6586476000 |  6585976000 |  6586335000 |  6586194000 |  6627663000 |  6627763000 |  6628041000 |  6627844000 |  6628025000 |  6627784000 |  6628052000 |  6627783000 |  6601855000 |  6601660000 |  6601076000 |  6601674000 |  6600832000 |  6601566000 |  6601472000 |  6600336000 |  6576123000 |  6576748000 |  6576172000 |  6576976000 |  6576414000 |  6576719000 |  6576355000 |  6576148000 |  6599177000 |  6599414000 |  6598977000 |  6598791000 |  6599308000 |  6599146000 |  6598969000 |  6599097000 |  6600248000 |  6601149000 |  6600902000 |  6600539000 |  6600427000 |  6600738000 |  6601152000 |  6601064000 |  6588172000 |  6588677000 |  6588453000 |  6589192000 |  6588526000 |  6588063000 |  6588742000 |  6589015000 |  6589218000 |  6589239000 |  6589214000 |  6589313000 |  6589216000 |  6589632000 |  6589229000 |  6589255000 |  6610592000 |  6610798000 |  6610886000 |  6610739000 |  6610481000 |  6610538000 |  6610555000 |  6610665000 |  6618847000 |  6619195000 |  6619266000 |  6618756000 |  6619261000 |  6619311000 |  6619407000 |  6619283000 |  6605279000 |  6606021000 |  6605100000 |  6605327000 |  6605357000 |  6604890000 |  6604859000 |  6605931000 |  6611820000 |  6611702000 |  6611297000 |  6612262000 |   6611620000 |   6612441000 |   6611803000 |   6611307000 |   6603999000 |   6605013000 |   6604681000 |   6604627000 |   6604440000 |   6604756000 |   6605127000 |   6604833000 |   6620703000 |   6620818000 |   6620686000 |   6621174000 |   6621181000 |   6620912000 |   6620609000 |   6620516000 |   6590378000 |   6591224000 |   6591528000 |   6590681000 |   6590898000 |   6590464000 |   6591004000 |   6591564000 |
|        MAX_CPU_CLOCK       |  FIXC2  | 7393833000 | 7393705000 | 7393232000 | 7393198000 | 7393680000 | 7393686000 | 7393337000 | 7393852000 | 7393199000 | 7393615000 |  7393748000 |  7394170000 |  7393897000 |  7393778000 |  7393799000 |  7393915000 |  7393051000 |  7393538000 |  7393066000 |  7393653000 |  7393053000 |  7393546000 |  7393076000 |  7393545000 |  7394820000 |  7394269000 |  7393315000 |  7394240000 |  7392491000 |  7393982000 |  7393805000 |  7392174000 |  7393015000 |  7393391000 |  7392892000 |  7393773000 |  7392808000 |  7393345000 |  7393241000 |  7392900000 |  7393836000 |  7393782000 |  7393135000 |  7392796000 |  7393605000 |  7393791000 |  7393294000 |  7393756000 |  7393007000 |  7393755000 |  7393579000 |  7393140000 |  7392742000 |  7393282000 |  7393519000 |  7393855000 |  7392596000 |  7392813000 |  7393144000 |  7394393000 |  7393511000 |  7392804000 |  7393324000 |  7393504000 |  7392953000 |  7392982000 |  7392965000 |  7393008000 |  7392921000 |  7393543000 |  7392947000 |  7392993000 |  7393442000 |  7393261000 |  7393387000 |  7393254000 |  7392817000 |  7393301000 |  7393373000 |  7393466000 |  7391963000 |  7392535000 |  7392571000 |  7392222000 |  7392577000 |  7393107000 |  7393532000 |  7393123000 |  7393373000 |  7393755000 |  7392287000 |  7393159000 |  7393225000 |  7392873000 |  7392921000 |  7393976000 |  7393630000 |  7393151000 |  7392981000 |  7393546000 |   7393102000 |   7393798000 |   7393401000 |   7392598000 |   7391795000 |   7393765000 |   7392837000 |   7393213000 |   7392544000 |   7393418000 |   7393969000 |   7393551000 |   7392245000 |   7392665000 |   7392122000 |   7393083000 |   7393195000 |   7392612000 |   7391993000 |   7391785000 |   7392874000 |   7394189000 |   7394085000 |   7393359000 |   7393231000 |   7392637000 |   7393663000 |   7393813000 |
|    RETIRED_INSTRUCTIONS    |   PMC0  | 7757732000 | 7757545000 | 7756588000 | 7756784000 | 7756411000 | 7756660000 | 7764430000 | 7757962000 | 7755010000 | 7754564000 |  7756291000 |  7754806000 |  7762424000 |  7755227000 |  7759516000 |  7755525000 |  7762397000 |  7760525000 |  7759877000 |  7759430000 |  7769402000 |  7760040000 |  7766559000 |  7761489000 |  7758931000 |  7759966000 |  7758293000 |  7756751000 |  7759887000 |  7756831000 |  7764453000 |  7756929000 |  7749636000 |  7747533000 |  7747781000 |  7749773000 |  7757673000 |  7747726000 |  7751814000 |  7748935000 |  7759389000 |  7756119000 |  7757739000 |  7754893000 |  7759718000 |  7757489000 |  7760484000 |  7756000000 |  7755243000 |  7754817000 |  7760601000 |  7753791000 |  7762240000 |  7753792000 |  7755346000 |  7757167000 |  7758091000 |  7753773000 |  7755412000 |  7755917000 |  7754226000 |  7752398000 |  7755420000 |  7730478000 |  7753549000 |  7753147000 |  7756400000 |  7752881000 |  7752258000 |  7752237000 |  7756636000 |  7753255000 |  7758157000 |  7757213000 |  7758603000 |  7755546000 |  7761708000 |  7755958000 |  7760918000 |  7757753000 |  7767289000 |  7760310000 |  7761567000 |  7759281000 |  7760083000 |  7759583000 |  7763665000 |  7760848000 |  7754252000 |  7758044000 |  7760752000 |  7754814000 |  7759187000 |  7754690000 |  7761110000 |  7733230000 |  7683543000 |  7765727000 |  7770332000 |  7766148000 |   7769331000 |   7765203000 |   7769675000 |   7765142000 |   7710481000 |   7566645000 |   7713305000 |   7709102000 |   7711876000 |   7709388000 |   7517220000 |   7518861000 |   7765804000 |   7692763000 |   7766249000 |   7765331000 |   7769673000 |   7763716000 |   7765918000 |   7763312000 |   7748983000 |   7748443000 |   7745756000 |   7743907000 |   7747848000 |   7745364000 |   7748701000 |   7694127000 |
|     CPU_CLOCKS_UNHALTED    |   PMC1  | 6573916000 | 6579918000 | 6579574000 | 6579770000 | 6580653000 | 6580397000 | 6579260000 | 6580332000 | 6546666000 | 6547527000 |  6548212000 |  6547087000 |  6547931000 |  6547979000 |  6548056000 |  6548059000 |  6589935000 |  6590230000 |  6589894000 |  6590345000 |  6590373000 |  6590146000 |  6589728000 |  6589908000 |  6566372000 |  6565151000 |  6564352000 |  6563950000 |  6563397000 |  6563801000 |  6564235000 |  6563164000 |  6538767000 |  6539309000 |  6539100000 |  6538207000 |  6539302000 |  6539540000 |  6538136000 |  6538448000 |  6560182000 |  6560091000 |  6560337000 |  6560209000 |  6560677000 |  6560431000 |  6559260000 |  6559744000 |  6562067000 |  6562442000 |  6561482000 |  6562833000 |  6562401000 |  6562434000 |  6562193000 |  6562483000 |  6545340000 |  6547217000 |  6546798000 |  6547525000 |  6546438000 |  6547247000 |  6547411000 |  6547015000 |  6550315000 |  6550769000 |  6550751000 |  6550620000 |  6550642000 |  6550409000 |  6550416000 |  6550369000 |  6570246000 |  6570668000 |  6570711000 |  6570986000 |  6571155000 |  6570942000 |  6570802000 |  6570595000 |  6579268000 |  6580000000 |  6579428000 |  6579403000 |  6580179000 |  6579941000 |  6579398000 |  6579300000 |  6563961000 |  6563702000 |  6564444000 |  6564621000 |  6564319000 |  6563690000 |  6563953000 |  6564217000 |  6578268000 |  6578148000 |  6578150000 |  6578663000 |   6578902000 |   6579187000 |   6578758000 |   6578586000 |   6567522000 |   6568619000 |   6568281000 |   6568557000 |   6569567000 |   6569993000 |   6568564000 |   6569469000 |   6587741000 |   6587429000 |   6587668000 |   6589064000 |   6590987000 |   6589288000 |   6587424000 |   6587772000 |   6551521000 |   6554381000 |   6551521000 |   6550282000 |   6551296000 |   6551482000 |   6550739000 |   6551780000 |
| REQUESTS_TO_L2_GRP1_RD_ANY |   PMC2  | 2148105000 | 2148081000 | 2148213000 | 2148075000 | 2148168000 | 2148084000 | 2148125000 | 2148144000 | 2148079000 | 2148150000 |  2148133000 |  2148084000 |  2148118000 |  2148118000 |  2148115000 |  2148111000 |  2148009000 |  2148075000 |  2148262000 |  2148133000 |  2148119000 |  2148123000 |  2148095000 |  2148154000 |  2148044000 |  2148096000 |  2148158000 |  2148130000 |  2148152000 |  2148194000 |  2148096000 |  2148251000 |  2148077000 |  2148105000 |  2148125000 |  2148497000 |  2148099000 |  2148051000 |  2148126000 |  2148121000 |  2148063000 |  2148140000 |  2148092000 |  2148122000 |  2148063000 |  2148089000 |  2148068000 |  2148059000 |  2148043000 |  2148072000 |  2148137000 |  2148117000 |  2148076000 |  2148095000 |  2148115000 |  2148057000 |  2148072000 |  2148094000 |  2148182000 |  2148099000 |  2148112000 |  2148108000 |  2148088000 |  2151935000 |  2148008000 |  2148075000 |  2148089000 |  2148053000 |  2148079000 |  2148141000 |  2148071000 |  2148068000 |  2148006000 |  2148078000 |  2148059000 |  2148128000 |  2148042000 |  2148223000 |  2148087000 |  2148184000 |  2147992000 |  2148094000 |  2148078000 |  2148152000 |  2148142000 |  2147996000 |  2148048000 |  2148052000 |  2148098000 |  2148157000 |  2148147000 |  2148251000 |  2148133000 |  2148120000 |  2148178000 |  2154007000 |  2148123000 |  2148169000 |  2148064000 |  2148065000 |   2148051000 |   2148026000 |   2148145000 |   2148112000 |   2148127000 |   2148232000 |   2148235000 |   2148283000 |   2148122000 |   2148101000 |   2148131000 |   2148124000 |   2148069000 |   2148295000 |   2148142000 |   2148135000 |   2148126000 |   2148045000 |   2148170000 |   2148237000 |   2148259000 |   2148294000 |   2148316000 |   2148405000 |   2148425000 |   2148280000 |   2148381000 |   2157884000 |
|     L2_PF_HIT_IN_L2_ALL    |   PMC3  | 1217840000 | 1225413000 | 1222399000 | 1239444000 | 1225820000 | 1227961000 | 1228311000 | 1224315000 | 1221655000 | 1232161000 |  1229586000 |  1242794000 |  1234881000 |  1231268000 |  1232742000 |  1226468000 |  1216400000 |  1229410000 |  1224994000 |  1234331000 |  1236233000 |  1229042000 |  1229735000 |  1228358000 |  1221196000 |  1228811000 |  1227986000 |  1240760000 |  1232791000 |  1229516000 |  1231373000 |  1224519000 |  1213895000 |  1215061000 |  1220378000 |  1195577000 |  1229423000 |  1227042000 |  1223536000 |  1217196000 |  1219108000 |  1230471000 |  1213195000 |  1234236000 |  1235155000 |  1231590000 |  1226990000 |  1228109000 |  1215481000 |  1231399000 |  1225281000 |  1232193000 |  1235496000 |  1228420000 |  1218731000 |  1214109000 |  1219093000 |  1233802000 |  1229059000 |  1251395000 |  1239022000 |  1239017000 |  1235949000 |   932606200 |  1210090000 |  1229876000 |  1221218000 |  1241492000 |  1229936000 |  1223256000 |  1222268000 |  1215816000 |  1215172000 |  1221037000 |  1215153000 |  1237226000 |  1229621000 |  1229219000 |  1216497000 |  1225363000 |  1226618000 |  1226904000 |  1225337000 |  1241262000 |  1226462000 |  1212517000 |  1224198000 |  1233417000 |  1219115000 |  1240198000 |  1236157000 |  1241475000 |  1222366000 |  1233516000 |  1234792000 |   958070600 |  1457972000 |  1246790000 |  1228940000 |  1249056000 |   1244095000 |   1210175000 |   1228843000 |   1235937000 |   1210026000 |   1486497000 |   1189179000 |   1248559000 |   1242944000 |   1229871000 |   1433173000 |   1461103000 |   1211582000 |   1451178000 |   1225433000 |   1243503000 |   1238363000 |   1228219000 |   1218517000 |   1232704000 |   1218204000 |   1238580000 |   1224823000 |   1235096000 |   1238581000 |   1223343000 |   1236175000 |   1012733000 |
+----------------------------+---------+------------+------------+------------+------------+------------+------------+------------+------------+------------+------------+-------------+-------------+-------------+-------------+-------------+-------------+-------------+-------------+-------------+-------------+-------------+-------------+-------------+-------------+-------------+-------------+-------------+-------------+-------------+-------------+-------------+-------------+-------------+-------------+-------------+-------------+-------------+-------------+-------------+-------------+-------------+-------------+-------------+-------------+-------------+-------------+-------------+-------------+-------------+-------------+-------------+-------------+-------------+-------------+-------------+-------------+-------------+-------------+-------------+-------------+-------------+-------------+-------------+-------------+-------------+-------------+-------------+-------------+-------------+-------------+-------------+-------------+-------------+-------------+-------------+-------------+-------------+-------------+-------------+-------------+-------------+-------------+-------------+-------------+-------------+-------------+-------------+-------------+-------------+-------------+-------------+-------------+-------------+-------------+-------------+-------------+-------------+-------------+-------------+-------------+--------------+--------------+--------------+--------------+--------------+--------------+--------------+--------------+--------------+--------------+--------------+--------------+--------------+--------------+--------------+--------------+--------------+--------------+--------------+--------------+--------------+--------------+--------------+--------------+--------------+--------------+--------------+--------------+
+---------------------------------+---------+--------------+------------+------------+--------------+
|              Event              | Counter |      Sum     |     Min    |     Max    |      Avg     |
+---------------------------------+---------+--------------+------------+------------+--------------+
|      ACTUAL_CPU_CLOCK STAT      |  FIXC1  | 845188295000 | 6576123000 | 6628052000 | 6.603034e+09 |
|        MAX_CPU_CLOCK STAT       |  FIXC2  | 946337258000 | 7391785000 | 7394820000 | 7.393260e+09 |
|    RETIRED_INSTRUCTIONS STAT    |   PMC0  | 991833447000 | 7517220000 | 7770332000 | 7.748699e+09 |
|     CPU_CLOCKS_UNHALTED STAT    |   PMC1  | 840335213000 | 6538136000 | 6590987000 | 6.565119e+09 |
| REQUESTS_TO_L2_GRP1_RD_ANY STAT |   PMC2  | 274979902000 | 2147992000 | 2157884000 | 2.148280e+09 |
|     L2_PF_HIT_IN_L2_ALL STAT    |   PMC3  | 157536366800 |  932606200 | 1486497000 | 1.230753e+09 |
+---------------------------------+---------+--------------+------------+------------+--------------+
+-------------------------------+------------+------------+------------+------------+------------+------------+------------+------------+------------+------------+-------------+-------------+-------------+-------------+-------------+-------------+-------------+-------------+-------------+-------------+-------------+-------------+-------------+-------------+-------------+-------------+-------------+-------------+-------------+-------------+-------------+-------------+-------------+-------------+-------------+-------------+-------------+-------------+-------------+-------------+-------------+-------------+-------------+-------------+-------------+-------------+-------------+-------------+-------------+-------------+-------------+-------------+-------------+-------------+-------------+-------------+-------------+-------------+-------------+-------------+-------------+-------------+-------------+-------------+-------------+-------------+-------------+-------------+-------------+-------------+-------------+-------------+-------------+-------------+-------------+-------------+-------------+-------------+-------------+-------------+-------------+-------------+-------------+-------------+-------------+-------------+-------------+-------------+-------------+-------------+-------------+-------------+-------------+-------------+-------------+-------------+-------------+-------------+-------------+-------------+--------------+--------------+--------------+--------------+--------------+--------------+--------------+--------------+--------------+--------------+--------------+--------------+--------------+--------------+--------------+--------------+--------------+--------------+--------------+--------------+--------------+--------------+--------------+--------------+--------------+--------------+--------------+--------------+
|             Metric            | HWThread 0 | HWThread 1 | HWThread 2 | HWThread 3 | HWThread 4 | HWThread 5 | HWThread 6 | HWThread 7 | HWThread 8 | HWThread 9 | HWThread 10 | HWThread 11 | HWThread 12 | HWThread 13 | HWThread 14 | HWThread 15 | HWThread 16 | HWThread 17 | HWThread 18 | HWThread 19 | HWThread 20 | HWThread 21 | HWThread 22 | HWThread 23 | HWThread 24 | HWThread 25 | HWThread 26 | HWThread 27 | HWThread 28 | HWThread 29 | HWThread 30 | HWThread 31 | HWThread 32 | HWThread 33 | HWThread 34 | HWThread 35 | HWThread 36 | HWThread 37 | HWThread 38 | HWThread 39 | HWThread 40 | HWThread 41 | HWThread 42 | HWThread 43 | HWThread 44 | HWThread 45 | HWThread 46 | HWThread 47 | HWThread 48 | HWThread 49 | HWThread 50 | HWThread 51 | HWThread 52 | HWThread 53 | HWThread 54 | HWThread 55 | HWThread 56 | HWThread 57 | HWThread 58 | HWThread 59 | HWThread 60 | HWThread 61 | HWThread 62 | HWThread 63 | HWThread 64 | HWThread 65 | HWThread 66 | HWThread 67 | HWThread 68 | HWThread 69 | HWThread 70 | HWThread 71 | HWThread 72 | HWThread 73 | HWThread 74 | HWThread 75 | HWThread 76 | HWThread 77 | HWThread 78 | HWThread 79 | HWThread 80 | HWThread 81 | HWThread 82 | HWThread 83 | HWThread 84 | HWThread 85 | HWThread 86 | HWThread 87 | HWThread 88 | HWThread 89 | HWThread 90 | HWThread 91 | HWThread 92 | HWThread 93 | HWThread 94 | HWThread 95 | HWThread 96 | HWThread 97 | HWThread 98 | HWThread 99 | HWThread 100 | HWThread 101 | HWThread 102 | HWThread 103 | HWThread 104 | HWThread 105 | HWThread 106 | HWThread 107 | HWThread 108 | HWThread 109 | HWThread 110 | HWThread 111 | HWThread 112 | HWThread 113 | HWThread 114 | HWThread 115 | HWThread 116 | HWThread 117 | HWThread 118 | HWThread 119 | HWThread 120 | HWThread 121 | HWThread 122 | HWThread 123 | HWThread 124 | HWThread 125 | HWThread 126 | HWThread 127 |
+-------------------------------+------------+------------+------------+------------+------------+------------+------------+------------+------------+------------+-------------+-------------+-------------+-------------+-------------+-------------+-------------+-------------+-------------+-------------+-------------+-------------+-------------+-------------+-------------+-------------+-------------+-------------+-------------+-------------+-------------+-------------+-------------+-------------+-------------+-------------+-------------+-------------+-------------+-------------+-------------+-------------+-------------+-------------+-------------+-------------+-------------+-------------+-------------+-------------+-------------+-------------+-------------+-------------+-------------+-------------+-------------+-------------+-------------+-------------+-------------+-------------+-------------+-------------+-------------+-------------+-------------+-------------+-------------+-------------+-------------+-------------+-------------+-------------+-------------+-------------+-------------+-------------+-------------+-------------+-------------+-------------+-------------+-------------+-------------+-------------+-------------+-------------+-------------+-------------+-------------+-------------+-------------+-------------+-------------+-------------+-------------+-------------+-------------+-------------+--------------+--------------+--------------+--------------+--------------+--------------+--------------+--------------+--------------+--------------+--------------+--------------+--------------+--------------+--------------+--------------+--------------+--------------+--------------+--------------+--------------+--------------+--------------+--------------+--------------+--------------+--------------+--------------+
|      Runtime (RDTSC) [s]      |     2.7410 |     2.7407 |     2.7408 |     2.7406 |     2.7409 |     2.7409 |     2.7405 |     2.7410 |     2.7405 |     2.7405 |      2.7407 |      2.7407 |      2.7407 |      2.7405 |      2.7406 |      2.7407 |      2.7405 |      2.7405 |      2.7405 |      2.7405 |      2.7405 |      2.7405 |      2.7405 |      2.7405 |      2.7418 |      2.7416 |      2.7411 |      2.7408 |      2.7406 |      2.7406 |      2.7408 |      2.7405 |      2.7406 |      2.7405 |      2.7405 |      2.7407 |      2.7405 |      2.7407 |      2.7407 |      2.7405 |      2.7407 |      2.7406 |      2.7405 |      2.7405 |      2.7405 |      2.7407 |      2.7407 |      2.7407 |      2.7405 |      2.7407 |      2.7405 |      2.7407 |      2.7405 |      2.7408 |      2.7408 |      2.7407 |      2.7405 |      2.7405 |      2.7407 |      2.7409 |      2.7405 |      2.7405 |      2.7407 |      2.7407 |      2.7405 |      2.7405 |      2.7405 |      2.7405 |      2.7405 |      2.7405 |      2.7405 |      2.7405 |      2.7406 |      2.7405 |      2.7405 |      2.7405 |      2.7405 |      2.7405 |      2.7406 |      2.7405 |      2.7405 |      2.7407 |      2.7406 |      2.7405 |      2.7408 |      2.7407 |      2.7405 |      2.7406 |      2.7406 |      2.7406 |      2.7408 |      2.7407 |      2.7406 |      2.7405 |      2.7405 |      2.7408 |      2.7409 |      2.7406 |      2.7405 |      2.7408 |       2.7407 |       2.7408 |       2.7408 |       2.7405 |       2.7405 |       2.7408 |       2.7405 |       2.7405 |       2.7406 |       2.7405 |       2.7406 |       2.7405 |       2.7405 |       2.7405 |       2.7407 |       2.7410 |       2.7418 |       2.7407 |       2.7405 |       2.7405 |       2.7404 |       2.7417 |       2.7409 |       2.7405 |       2.7407 |       2.7405 |       2.7406 |       2.7408 |
|      Runtime unhalted [s]     |     2.4536 |     2.4538 |     2.4535 |     2.4535 |     2.4536 |     2.4536 |     2.4535 |     2.4536 |     2.4426 |     2.4425 |      2.4427 |      2.4427 |      2.4428 |      2.4426 |      2.4427 |      2.4427 |      2.4581 |      2.4581 |      2.4582 |      2.4581 |      2.4582 |      2.4581 |      2.4582 |      2.4581 |      2.4485 |      2.4484 |      2.4482 |      2.4484 |      2.4481 |      2.4484 |      2.4484 |      2.4479 |      2.4390 |      2.4392 |      2.4390 |      2.4393 |      2.4391 |      2.4392 |      2.4390 |      2.4390 |      2.4475 |      2.4476 |      2.4474 |      2.4474 |      2.4476 |      2.4475 |      2.4474 |      2.4475 |      2.4479 |      2.4482 |      2.4481 |      2.4480 |      2.4480 |      2.4481 |      2.4482 |      2.4482 |      2.4434 |      2.4436 |      2.4435 |      2.4438 |      2.4436 |      2.4434 |      2.4436 |      2.4437 |      2.4438 |      2.4438 |      2.4438 |      2.4438 |      2.4438 |      2.4440 |      2.4438 |      2.4438 |      2.4517 |      2.4518 |      2.4518 |      2.4518 |      2.4517 |      2.4517 |      2.4517 |      2.4518 |      2.4548 |      2.4549 |      2.4550 |      2.4548 |      2.4550 |      2.4550 |      2.4550 |      2.4550 |      2.4498 |      2.4500 |      2.4497 |      2.4498 |      2.4498 |      2.4496 |      2.4496 |      2.4500 |      2.4522 |      2.4522 |      2.4520 |      2.4524 |       2.4521 |       2.4524 |       2.4522 |       2.4520 |       2.4493 |       2.4497 |       2.4495 |       2.4495 |       2.4495 |       2.4496 |       2.4497 |       2.4496 |       2.4555 |       2.4555 |       2.4555 |       2.4557 |       2.4557 |       2.4556 |       2.4555 |       2.4554 |       2.4442 |       2.4446 |       2.4447 |       2.4444 |       2.4444 |       2.4443 |       2.4445 |       2.4447 |
|          Clock [MHz]          |  2412.4880 |  2412.6986 |  2412.6294 |  2412.6204 |  2412.5138 |  2412.5170 |  2412.5882 |  2412.4785 |  2401.8644 |  2401.6388 |   2401.8111 |   2401.6788 |   2401.8499 |   2401.7062 |   2401.8303 |   2401.7412 |   2417.1459 |   2417.0231 |   2417.2788 |   2417.0151 |   2417.2772 |   2417.0282 |   2417.2796 |   2417.0281 |   2407.1576 |   2407.2658 |   2407.3635 |   2407.2804 |   2407.5428 |   2407.3250 |   2407.3484 |   2407.4652 |   2398.3606 |   2398.4666 |   2398.4184 |   2398.4258 |   2398.5339 |   2398.4709 |   2398.3719 |   2398.4071 |   2406.5013 |   2406.6053 |   2406.6566 |   2406.6991 |   2406.6243 |   2406.5047 |   2406.6019 |   2406.4982 |   2407.1618 |   2407.2468 |   2407.2141 |   2407.2246 |   2407.3134 |   2407.2510 |   2407.3248 |   2407.1833 |   2402.8912 |   2403.0048 |   2402.8155 |   2402.6791 |   2402.7229 |   2402.7838 |   2402.8624 |   2402.9035 |   2403.1566 |   2403.1549 |   2403.1513 |   2403.1734 |   2403.1663 |   2403.1158 |   2403.1626 |   2403.1571 |   2410.7925 |   2410.9266 |   2410.9176 |   2410.9074 |   2410.9558 |   2410.8188 |   2410.8015 |   2410.8113 |   2414.2859 |   2414.2261 |   2414.2402 |   2414.1681 |   2414.2364 |   2414.0816 |   2413.9778 |   2414.0661 |   2408.8774 |   2409.0235 |   2409.1660 |   2408.9646 |   2408.9541 |   2408.8984 |   2408.8715 |   2408.9187 |   2411.1790 |   2411.2922 |   2411.1999 |   2411.3676 |    2411.2783 |    2411.3507 |    2411.2475 |    2411.3285 |    2408.9247 |    2408.6527 |    2408.8339 |    2408.6917 |    2408.8415 |    2408.6720 |    2408.6278 |    2408.6567 |    2414.8708 |    2414.7755 |    2414.9048 |    2414.7688 |    2414.7348 |    2414.8271 |    2414.9188 |    2414.9529 |    2403.6054 |    2403.4864 |    2403.6311 |    2403.5582 |    2403.6790 |    2403.7138 |    2403.5772 |    2403.7326 |
|              CPI              |     0.8474 |     0.8482 |     0.8483 |     0.8483 |     0.8484 |     0.8484 |     0.8474 |     0.8482 |     0.8442 |     0.8443 |      0.8442 |      0.8443 |      0.8435 |      0.8443 |      0.8439 |      0.8443 |      0.8490 |      0.8492 |      0.8492 |      0.8493 |      0.8482 |      0.8492 |      0.8485 |      0.8491 |      0.8463 |      0.8460 |      0.8461 |      0.8462 |      0.8458 |      0.8462 |      0.8454 |      0.8461 |      0.8438 |      0.8441 |      0.8440 |      0.8437 |      0.8429 |      0.8441 |      0.8434 |      0.8438 |      0.8455 |      0.8458 |      0.8457 |      0.8459 |      0.8455 |      0.8457 |      0.8452 |      0.8458 |      0.8461 |      0.8462 |      0.8455 |      0.8464 |      0.8454 |      0.8464 |      0.8462 |      0.8460 |      0.8437 |      0.8444 |      0.8442 |      0.8442 |      0.8442 |      0.8445 |      0.8442 |      0.8469 |      0.8448 |      0.8449 |      0.8446 |      0.8449 |      0.8450 |      0.8450 |      0.8445 |      0.8449 |      0.8469 |      0.8470 |      0.8469 |      0.8473 |      0.8466 |      0.8472 |      0.8467 |      0.8470 |      0.8470 |      0.8479 |      0.8477 |      0.8479 |      0.8480 |      0.8480 |      0.8475 |      0.8478 |      0.8465 |      0.8461 |      0.8459 |      0.8465 |      0.8460 |      0.8464 |      0.8457 |      0.8488 |      0.8562 |      0.8471 |      0.8466 |      0.8471 |       0.8468 |       0.8473 |       0.8467 |       0.8472 |       0.8518 |       0.8681 |       0.8516 |       0.8521 |       0.8519 |       0.8522 |       0.8738 |       0.8737 |       0.8483 |       0.8563 |       0.8482 |       0.8485 |       0.8483 |       0.8487 |       0.8482 |       0.8486 |       0.8455 |       0.8459 |       0.8458 |       0.8459 |       0.8456 |       0.8459 |       0.8454 |       0.8515 |
|    L2 bandwidth [MBytes/s]    | 50157.3067 | 50161.5045 | 50163.0129 | 50163.6889 | 50159.6195 | 50157.5666 | 50165.6620 | 50157.8331 | 50165.1369 | 50166.3740 |  50162.8286 |  50161.0621 |  50162.2587 |  50165.8463 |  50163.9275 |  50162.0587 |  50162.8066 |  50164.6042 |  50168.9712 |  50165.6841 |  50165.3571 |  50165.9814 |  50165.0895 |  50166.8701 |  50140.3150 |  50145.8634 |  50155.7445 |  50161.2395 |  50165.7068 |  50165.8089 |  50159.9148 |  50169.0622 |  50163.9736 |  50165.0302 |  50165.4972 |  50170.7063 |  50165.7687 |  50160.3830 |  50162.4821 |  50166.2825 |  50160.3521 |  50165.1520 |  50164.4886 |  50166.1594 |  50163.6650 |  50161.3070 |  50160.3225 |  50160.6247 |  50164.0216 |  50161.6787 |  50165.4480 |  50161.8693 |  50164.8472 |  50160.1294 |  50161.1637 |  50160.8892 |  50164.8636 |  50165.4140 |  50163.8264 |  50157.9352 |  50165.5415 |  50165.4480 |  50161.5033 |  50251.4656 |  50162.8198 |  50164.3845 |  50164.7114 |  50163.8890 |  50164.6976 |  50165.9441 |  50164.3094 |  50164.7153 |  50162.0227 |  50164.1434 |  50163.8644 |  50165.1829 |  50163.4491 |  50167.6394 |  50164.2071 |  50167.1863 |  50163.1051 |  50161.6983 |  50163.9420 |  50166.7868 |  50161.2635 |  50158.8425 |  50164.3580 |  50162.1451 |  50163.1644 |  50164.8534 |  50161.5266 |  50164.6324 |  50164.2929 |  50166.0212 |  50167.0095 |  50298.1620 |  50158.1296 |  50165.1153 |  50164.4571 |  50159.6301 |   50160.8040 |   50158.3717 |   50161.0956 |   50165.5781 |   50166.4592 |   50163.1088 |   50168.4322 |   50169.9010 |   50163.7981 |   50165.3029 |   50163.9717 |   50165.8217 |   50164.5922 |   50169.7785 |   50162.9656 |   50157.8242 |   50142.3571 |   50160.8103 |   50167.2804 |   50168.2959 |   50170.2193 |   50148.2174 |   50162.8008 |   50172.7135 |   50168.6772 |   50170.2886 |   50170.0843 |   50388.6938 |
|    L2 data volume [GBytes]    |   137.4787 |   137.4772 |   137.4856 |   137.4768 |   137.4828 |   137.4774 |   137.4800 |   137.4812 |   137.4771 |   137.4816 |    137.4805 |    137.4774 |    137.4796 |    137.4796 |    137.4794 |    137.4791 |    137.4726 |    137.4768 |    137.4888 |    137.4805 |    137.4796 |    137.4799 |    137.4781 |    137.4819 |    137.4748 |    137.4781 |    137.4821 |    137.4803 |    137.4817 |    137.4844 |    137.4781 |    137.4881 |    137.4769 |    137.4787 |    137.4800 |    137.5038 |    137.4783 |    137.4753 |    137.4801 |    137.4797 |    137.4760 |    137.4810 |    137.4779 |    137.4798 |    137.4760 |    137.4777 |    137.4764 |    137.4758 |    137.4748 |    137.4766 |    137.4808 |    137.4795 |    137.4769 |    137.4781 |    137.4794 |    137.4756 |    137.4766 |    137.4780 |    137.4836 |    137.4783 |    137.4792 |    137.4789 |    137.4776 |    137.7238 |    137.4725 |    137.4768 |    137.4777 |    137.4754 |    137.4771 |    137.4810 |    137.4765 |    137.4764 |    137.4724 |    137.4770 |    137.4758 |    137.4802 |    137.4747 |    137.4863 |    137.4776 |    137.4838 |    137.4715 |    137.4780 |    137.4770 |    137.4817 |    137.4811 |    137.4717 |    137.4751 |    137.4753 |    137.4783 |    137.4820 |    137.4814 |    137.4881 |    137.4805 |    137.4797 |    137.4834 |    137.8564 |    137.4799 |    137.4828 |    137.4761 |    137.4762 |     137.4753 |     137.4737 |     137.4813 |     137.4792 |     137.4801 |     137.4868 |     137.4870 |     137.4901 |     137.4798 |     137.4785 |     137.4804 |     137.4799 |     137.4764 |     137.4909 |     137.4811 |     137.4806 |     137.4801 |     137.4749 |     137.4829 |     137.4872 |     137.4886 |     137.4908 |     137.4922 |     137.4979 |     137.4992 |     137.4899 |     137.4964 |     138.1046 |
| Prefetch bandwidth [MBytes/s] | 28436.0282 | 28615.5688 | 28544.2909 | 28944.5589 | 28622.8381 | 28672.7780 | 28685.0320 | 28586.9976 | 28529.9052 | 28775.0155 |  28713.0787 |  29021.1496 |  28836.6003 |  28754.2869 |  28787.6488 |  28640.1214 |  28406.7888 |  28710.7601 |  28607.6320 |  28825.5238 |  28869.9415 |  28702.3127 |  28718.3604 |  28686.4332 |  28505.5391 |  28685.7704 |  28671.3324 |  28973.1345 |  28789.3184 |  28712.3345 |  28753.6333 |  28596.7375 |  28348.0512 |  28375.5085 |  28499.6773 |  27918.5601 |  28711.4094 |  28653.3684 |  28571.6959 |  28425.8654 |  28467.9204 |  28734.9822 |  28331.7971 |  28823.7260 |  28844.5458 |  28759.5924 |  28651.8928 |  28678.3160 |  28385.5654 |  28755.5729 |  28613.9898 |  28773.6209 |  28853.0145 |  28684.8143 |  28458.8885 |  28351.5693 |  28470.0113 |  28813.5380 |  28700.6885 |  29219.9705 |  28935.2741 |  28935.1573 |  28861.5084 |  21777.9944 |  28259.4509 |  28721.5170 |  28519.3251 |  28992.7981 |  28723.0439 |  28566.9293 |  28543.8564 |  28393.4510 |  28377.7072 |  28514.9213 |  28377.6052 |  28892.9098 |  28715.4676 |  28706.0587 |  28408.8156 |  28616.2702 |  28645.8086 |  28650.3236 |  28615.2245 |  28987.7653 |  28639.1139 |  28314.0421 |  28589.2619 |  28803.2331 |  28469.2161 |  28961.7336 |  28865.5861 |  28990.1585 |  28545.3117 |  28806.8589 |  28836.4475 |  22371.8819 |  34043.2780 |  29115.6627 |  28699.8469 |  29166.8022 |   29051.8267 |   28258.6931 |   28694.5766 |   28863.2502 |   28258.4410 |   34711.0139 |   27771.2848 |   29158.2075 |   29025.7219 |   28721.5784 |   33468.0007 |   34121.6022 |   28294.4900 |   33889.7958 |   28616.0568 |   29035.1421 |   28906.3303 |   28681.1776 |   28456.6324 |   28787.6333 |   28449.8107 |   28912.5134 |   28599.4017 |   28843.7784 |   28922.5690 |   28569.5865 |   28867.7865 |   23648.3022 |
| Prefetch data volume [GBytes] |    77.9418 |    78.4264 |    78.2335 |    79.3244 |    78.4525 |    78.5895 |    78.6119 |    78.3562 |    78.1859 |    78.8583 |     78.6935 |     79.5388 |     79.0324 |     78.8012 |     78.8955 |     78.4940 |     77.8496 |     78.6822 |     78.3996 |     78.9972 |     79.1189 |     78.6587 |     78.7030 |     78.6149 |     78.1565 |     78.6439 |     78.5911 |     79.4086 |     78.8986 |     78.6890 |     78.8079 |     78.3692 |     77.6893 |     77.7639 |     78.1042 |     76.5169 |     78.6831 |     78.5307 |     78.3063 |     77.9005 |     78.0229 |     78.7501 |     77.6445 |     78.9911 |     79.0499 |     78.8218 |     78.5274 |     78.5990 |     77.7908 |     78.8095 |     78.4180 |     78.8604 |     79.0717 |     78.6189 |     77.9988 |     77.7030 |     78.0220 |     78.9633 |     78.6598 |     80.0893 |     79.2974 |     79.2971 |     79.1007 |     59.6868 |     77.4458 |     78.7121 |     78.1580 |     79.4555 |     78.7159 |     78.2884 |     78.2252 |     77.8122 |     77.7710 |     78.1464 |     77.7698 |     79.1825 |     78.6957 |     78.6700 |     77.8558 |     78.4232 |     78.5036 |     78.5219 |     78.4216 |     79.4408 |     78.4936 |     77.6011 |     78.3487 |     78.9387 |     78.0234 |     79.3727 |     79.1140 |     79.4544 |     78.2314 |     78.9450 |     79.0267 |     61.3165 |     93.3102 |     79.7946 |     78.6522 |     79.9396 |      79.6221 |      77.4512 |      78.6460 |      79.1000 |      77.4417 |      95.1358 |      76.1075 |      79.9078 |      79.5484 |      78.7117 |      91.7231 |      93.5106 |      77.5412 |      92.8754 |      78.4277 |      79.5842 |      79.2552 |      78.6060 |      77.9851 |      78.8931 |      77.9651 |      79.2691 |      78.3887 |      79.0461 |      79.2692 |      78.2940 |      79.1152 |      64.8149 |
+-------------------------------+------------+------------+------------+------------+------------+------------+------------+------------+------------+------------+-------------+-------------+-------------+-------------+-------------+-------------+-------------+-------------+-------------+-------------+-------------+-------------+-------------+-------------+-------------+-------------+-------------+-------------+-------------+-------------+-------------+-------------+-------------+-------------+-------------+-------------+-------------+-------------+-------------+-------------+-------------+-------------+-------------+-------------+-------------+-------------+-------------+-------------+-------------+-------------+-------------+-------------+-------------+-------------+-------------+-------------+-------------+-------------+-------------+-------------+-------------+-------------+-------------+-------------+-------------+-------------+-------------+-------------+-------------+-------------+-------------+-------------+-------------+-------------+-------------+-------------+-------------+-------------+-------------+-------------+-------------+-------------+-------------+-------------+-------------+-------------+-------------+-------------+-------------+-------------+-------------+-------------+-------------+-------------+-------------+-------------+-------------+-------------+-------------+-------------+--------------+--------------+--------------+--------------+--------------+--------------+--------------+--------------+--------------+--------------+--------------+--------------+--------------+--------------+--------------+--------------+--------------+--------------+--------------+--------------+--------------+--------------+--------------+--------------+--------------+--------------+--------------+--------------+
+------------------------------------+--------------+------------+------------+------------+
|               Metric               |      Sum     |     Min    |     Max    |     Avg    |
+------------------------------------+--------------+------------+------------+------------+
|      Runtime (RDTSC) [s] STAT      |     350.8035 |     2.7404 |     2.7418 |     2.7407 |
|      Runtime unhalted [s] STAT     |     313.4639 |     2.4390 |     2.4582 |     2.4489 |
|          Clock [MHz] STAT          |  308236.2167 |  2398.3606 |  2417.2796 |  2408.0954 |
|              CPI STAT              |     108.4515 |     0.8429 |     0.8738 |     0.8473 |
|    L2 bandwidth [MBytes/s] STAT    | 6.421353e+06 | 50140.3150 | 50388.6938 | 50166.8242 |
|    L2 data volume [GBytes] STAT    |   17598.7141 |   137.4715 |   138.1046 |   137.4900 |
| Prefetch bandwidth [MBytes/s] STAT | 3.678802e+06 | 21777.9944 | 34711.0139 | 28740.6440 |
| Prefetch data volume [GBytes] STAT |   10082.3281 |    59.6868 |    95.1358 |    78.7682 |
+------------------------------------+--------------+------------+------------+------------+
