--------------------------------------------------------------------------------
CPU name:	AMD EPYC 9755 128-Core Processor               
CPU type:	AMD K1A (Zen5) architecture
CPU clock:	2.70 GHz
--------------------------------------------------------------------------------
Region bench, Group 1: L2BW
+-------------------+------------+------------+------------+------------+------------+------------+------------+------------+------------+------------+-------------+-------------+-------------+-------------+-------------+-------------+-------------+-------------+-------------+-------------+-------------+-------------+-------------+-------------+-------------+-------------+-------------+-------------+-------------+-------------+-------------+-------------+
|    Region Info    | HWThread 0 | HWThread 1 | HWThread 2 | HWThread 3 | HWThread 4 | HWThread 5 | HWThread 6 | HWThread 7 | HWThread 8 | HWThread 9 | HWThread 10 | HWThread 11 | HWThread 12 | HWThread 13 | HWThread 14 | HWThread 15 | HWThread 16 | HWThread 17 | HWThread 18 | HWThread 19 | HWThread 20 | HWThread 21 | HWThread 22 | HWThread 23 | HWThread 24 | HWThread 25 | HWThread 26 | HWThread 27 | HWThread 28 | HWThread 29 | HWThread 30 | HWThread 31 |
+-------------------+------------+------------+------------+------------+------------+------------+------------+------------+------------+------------+-------------+-------------+-------------+-------------+-------------+-------------+-------------+-------------+-------------+-------------+-------------+-------------+-------------+-------------+-------------+-------------+-------------+-------------+-------------+-------------+-------------+-------------+
| RDTSC Runtime [s] |   2.417228 |   2.417142 |   2.417160 |   2.417169 |   2.417169 |   2.417162 |   2.417162 |   2.417160 |   2.417227 |   2.417228 |    2.417216 |    2.417183 |    2.417147 |    2.417182 |    2.417165 |    2.417215 |    2.417169 |    2.417165 |    2.417157 |    2.417196 |    2.417165 |    2.417182 |    2.417165 |    2.417154 |    2.417160 |    2.417215 |    2.417191 |    2.417190 |    2.417191 |    2.417161 |    2.417151 |    2.417154 |
|     call count    |          1 |          1 |          1 |          1 |          1 |          1 |          1 |          1 |          1 |          1 |           1 |           1 |           1 |           1 |           1 |           1 |           1 |           1 |           1 |           1 |           1 |           1 |           1 |           1 |           1 |           1 |           1 |           1 |           1 |           1 |           1 |           1 |
+-------------------+------------+------------+------------+------------+------------+------------+------------+------------+------------+------------+-------------+-------------+-------------+-------------+-------------+-------------+-------------+-------------+-------------+-------------+-------------+-------------+-------------+-------------+-------------+-------------+-------------+-------------+-------------+-------------+-------------+-------------+
+----------------------------+---------+------------+------------+------------+------------+------------+------------+------------+------------+------------+------------+-------------+-------------+-------------+-------------+-------------+-------------+-------------+-------------+-------------+-------------+-------------+-------------+-------------+-------------+-------------+-------------+-------------+-------------+-------------+-------------+-------------+-------------+
|            Event           | Counter | HWThread 0 | HWThread 1 | HWThread 2 | HWThread 3 | HWThread 4 | HWThread 5 | HWThread 6 | HWThread 7 | HWThread 8 | HWThread 9 | HWThread 10 | HWThread 11 | HWThread 12 | HWThread 13 | HWThread 14 | HWThread 15 | HWThread 16 | HWThread 17 | HWThread 18 | HWThread 19 | HWThread 20 | HWThread 21 | HWThread 22 | HWThread 23 | HWThread 24 | HWThread 25 | HWThread 26 | HWThread 27 | HWThread 28 | HWThread 29 | HWThread 30 | HWThread 31 |
+----------------------------+---------+------------+------------+------------+------------+------------+------------+------------+------------+------------+------------+-------------+-------------+-------------+-------------+-------------+-------------+-------------+-------------+-------------+-------------+-------------+-------------+-------------+-------------+-------------+-------------+-------------+-------------+-------------+-------------+-------------+-------------+
|      ACTUAL_CPU_CLOCK      |  FIXC1  | 5836533000 | 5836361000 | 5836407000 | 5836411000 | 5836411000 | 5836518000 | 5836419000 | 5836397000 | 5813352000 | 5813287000 |  5813389000 |  5813168000 |  5813161000 |  5813218000 |  5813300000 |  5813254000 |  5856531000 |  5856591000 |  5856692000 |  5856578000 |  5856781000 |  5856537000 |  5856676000 |  5856642000 |  5828185000 |  5828135000 |  5827996000 |  5828011000 |  5828019000 |  5828000000 |  5828004000 |  5828000000 |
|        MAX_CPU_CLOCK       |  FIXC2  | 6515813000 | 6515438000 | 6515564000 | 6515622000 | 6515672000 | 6515600000 | 6515716000 | 6515553000 | 6515774000 | 6515620000 |  6515813000 |  6515508000 |  6515409000 |  6515538000 |  6515730000 |  6515634000 |  6515478000 |  6515545000 |  6515577000 |  6515503000 |  6515767000 |  6515504000 |  6515574000 |  6515621000 |  6515755000 |  6515756000 |  6515572000 |  6515598000 |  6515653000 |  6515572000 |  6515492000 |  6515486000 |
|    RETIRED_INSTRUCTIONS    |   PMC0  | 3769509000 | 3766328000 | 3773880000 | 3800969000 | 3771572000 | 3769575000 | 3762637000 | 3766338000 | 3772574000 | 3769064000 |  3776317000 |  3803198000 |  3773443000 |  3772805000 |  3765600000 |  3797005000 |  3762222000 |  3761022000 |  3766755000 |  3784881000 |  3768171000 |  3765178000 |  3759121000 |  3760398000 |  3799039000 |  3766948000 |  3774312000 |  3783997000 |  3768054000 |  3769220000 |  3762887000 |  3779252000 |
|     CPU_CLOCKS_UNHALTED    |   PMC1  | 5788965000 | 5790712000 | 5789945000 | 5790201000 | 5790270000 | 5790322000 | 5789843000 | 5791267000 | 5766721000 | 5766547000 |  5766909000 |  5766276000 |  5766690000 |  5766681000 |  5766720000 |  5766857000 |  5809579000 |  5809423000 |  5808195000 |  5808728000 |  5808723000 |  5808783000 |  5808935000 |  5809174000 |  5781500000 |  5781718000 |  5781686000 |  5781812000 |  5781839000 |  5781783000 |  5781745000 |  5781847000 |
| REQUESTS_TO_L2_GRP1_RD_ANY |   PMC2  | 2148712000 | 2149037000 | 2148532000 | 2148377000 | 2148568000 | 2149218000 | 2148833000 | 2149001000 | 2148663000 | 2148984000 |  2148485000 |  2148377000 |  2148721000 |  2148905000 |  2148685000 |  2148554000 |  2148823000 |  2149423000 |  2149101000 |  2148657000 |  2148612000 |  2148902000 |  2148778000 |  2149137000 |  2148413000 |  2148930000 |  2148454000 |  2148518000 |  2148614000 |  2148803000 |  2148793000 |  2148794000 |
|     L2_PF_HIT_IN_L2_ALL    |   PMC3  | 1122875000 | 1125320000 | 1061403000 |  813575700 | 1084346000 | 1069628000 | 1203942000 | 1111248000 | 1106600000 | 1102000000 |  1035607000 |   793676800 |  1071873000 |  1039038000 |  1190094000 |   856777000 |  1169574000 |  1157783000 |  1102767000 |   901322100 |  1084357000 |  1069610000 |  1202122000 |  1141518000 |   869701400 |  1108791000 |  1053399000 |   922800800 |  1123395000 |  1049186000 |  1197330000 |   970975500 |
+----------------------------+---------+------------+------------+------------+------------+------------+------------+------------+------------+------------+------------+-------------+-------------+-------------+-------------+-------------+-------------+-------------+-------------+-------------+-------------+-------------+-------------+-------------+-------------+-------------+-------------+-------------+-------------+-------------+-------------+-------------+-------------+
+---------------------------------+---------+--------------+------------+------------+--------------+
|              Event              | Counter |      Sum     |     Min    |     Max    |      Avg     |
+---------------------------------+---------+--------------+------------+------------+--------------+
|      ACTUAL_CPU_CLOCK STAT      |  FIXC1  | 186674964000 | 5813161000 | 5856781000 |   5833592625 |
|        MAX_CPU_CLOCK STAT       |  FIXC2  | 208499457000 | 6515409000 | 6515813000 | 6.515608e+09 |
|    RETIRED_INSTRUCTIONS STAT    |   PMC0  | 120742271000 | 3759121000 | 3803198000 | 3.773196e+09 |
|     CPU_CLOCKS_UNHALTED STAT    |   PMC1  | 185180396000 | 5766276000 | 5809579000 |   5786887375 |
| REQUESTS_TO_L2_GRP1_RD_ANY STAT |   PMC2  |  68760404000 | 2148377000 | 2149423000 |   2148762625 |
|     L2_PF_HIT_IN_L2_ALL STAT    |   PMC3  |  33912635300 |  793676800 | 1203942000 | 1.059770e+09 |
+---------------------------------+---------+--------------+------------+------------+--------------+
+-------------------------------+------------+------------+------------+------------+------------+------------+------------+------------+------------+------------+-------------+-------------+-------------+-------------+-------------+-------------+-------------+-------------+-------------+-------------+-------------+-------------+-------------+-------------+-------------+-------------+-------------+-------------+-------------+-------------+-------------+-------------+
|             Metric            | HWThread 0 | HWThread 1 | HWThread 2 | HWThread 3 | HWThread 4 | HWThread 5 | HWThread 6 | HWThread 7 | HWThread 8 | HWThread 9 | HWThread 10 | HWThread 11 | HWThread 12 | HWThread 13 | HWThread 14 | HWThread 15 | HWThread 16 | HWThread 17 | HWThread 18 | HWThread 19 | HWThread 20 | HWThread 21 | HWThread 22 | HWThread 23 | HWThread 24 | HWThread 25 | HWThread 26 | HWThread 27 | HWThread 28 | HWThread 29 | HWThread 30 | HWThread 31 |
+-------------------------------+------------+------------+------------+------------+------------+------------+------------+------------+------------+------------+-------------+-------------+-------------+-------------+-------------+-------------+-------------+-------------+-------------+-------------+-------------+-------------+-------------+-------------+-------------+-------------+-------------+-------------+-------------+-------------+-------------+-------------+
|      Runtime (RDTSC) [s]      |     2.4172 |     2.4171 |     2.4172 |     2.4172 |     2.4172 |     2.4172 |     2.4172 |     2.4172 |     2.4172 |     2.4172 |      2.4172 |      2.4172 |      2.4171 |      2.4172 |      2.4172 |      2.4172 |      2.4172 |      2.4172 |      2.4172 |      2.4172 |      2.4172 |      2.4172 |      2.4172 |      2.4172 |      2.4172 |      2.4172 |      2.4172 |      2.4172 |      2.4172 |      2.4172 |      2.4172 |      2.4172 |
|      Runtime unhalted [s]     |     2.1647 |     2.1646 |     2.1646 |     2.1646 |     2.1646 |     2.1646 |     2.1646 |     2.1646 |     2.1561 |     2.1560 |      2.1561 |      2.1560 |      2.1560 |      2.1560 |      2.1560 |      2.1560 |      2.1721 |      2.1721 |      2.1721 |      2.1721 |      2.1722 |      2.1721 |      2.1721 |      2.1721 |      2.1616 |      2.1615 |      2.1615 |      2.1615 |      2.1615 |      2.1615 |      2.1615 |      2.1615 |
|          Clock [MHz]          |  2415.1978 |  2415.2656 |  2415.2379 |  2415.2181 |  2415.1996 |  2415.2705 |  2415.1866 |  2415.2379 |  2405.6197 |  2405.6497 |   2405.6206 |   2405.6418 |   2405.6754 |   2405.6514 |   2405.6144 |   2405.6308 |   2423.5977 |   2423.5976 |   2423.6275 |   2423.6078 |   2423.5936 |   2423.5905 |   2423.6220 |   2423.5904 |   2411.7648 |   2411.7437 |   2411.7543 |   2411.7509 |   2411.7338 |   2411.7560 |   2411.7872 |   2411.7878 |
|              CPI              |     1.5357 |     1.5375 |     1.5342 |     1.5233 |     1.5352 |     1.5361 |     1.5388 |     1.5376 |     1.5286 |     1.5300 |      1.5271 |      1.5162 |      1.5282 |      1.5285 |      1.5314 |      1.5188 |      1.5442 |      1.5446 |      1.5420 |      1.5347 |      1.5415 |      1.5428 |      1.5453 |      1.5448 |      1.5218 |      1.5349 |      1.5319 |      1.5280 |      1.5344 |      1.5339 |      1.5365 |      1.5299 |
|    L2 bandwidth [MBytes/s]    | 56890.6069 | 56901.2363 | 56887.4415 | 56883.1257 | 56888.1828 | 56905.5578 | 56895.3641 | 56899.8593 | 56889.3331 | 56897.8086 |  56884.8791 |  56882.7962 |  56892.7517 |  56896.7997 |  56891.3748 |  56886.7296 |  56894.9345 |  56910.9151 |  56902.5777 |  56889.9038 |  56889.4420 |  56896.7202 |  56893.8372 |  56903.6015 |  56884.2907 |  56896.6848 |  56884.6467 |  56886.3647 |  56888.8830 |  56894.5933 |  56894.5639 |  56894.5198 |
|    L2 data volume [GBytes]    |   137.5176 |   137.5384 |   137.5060 |   137.4961 |   137.5084 |   137.5500 |   137.5253 |   137.5361 |   137.5144 |   137.5350 |    137.5030 |    137.4961 |    137.5181 |    137.5299 |    137.5158 |    137.5075 |    137.5247 |    137.5631 |    137.5425 |    137.5140 |    137.5112 |    137.5297 |    137.5218 |    137.5448 |    137.4984 |    137.5315 |    137.5011 |    137.5052 |    137.5113 |    137.5234 |    137.5228 |    137.5228 |
| Prefetch bandwidth [MBytes/s] | 29729.9220 | 29795.7174 | 28103.1425 | 21541.2513 | 28710.5056 | 28320.8953 | 31877.1717 | 29422.9062 | 29299.0274 | 29177.2228 |  27419.4975 |  21014.2613 |  28380.5131 |  27510.7261 |  31510.4745 |  22684.6714 |  30967.1090 |  30654.9665 |  29198.3880 |  23864.2685 |  28710.8443 |  28320.1844 |  31828.9434 |  30224.4507 |  23027.3915 |  29357.1834 |  27890.8601 |  24433.0198 |  29744.1452 |  27779.6572 |  31702.2478 |  25708.9255 |
| Prefetch data volume [GBytes] |    71.8640 |    72.0205 |    67.9298 |    52.0688 |    69.3981 |    68.4562 |    77.0523 |    71.1199 |    70.8224 |    70.5280 |     66.2788 |     50.7953 |     68.5999 |     66.4984 |     76.1660 |     54.8337 |     74.8527 |     74.0981 |     70.5771 |     57.6846 |     69.3988 |     68.4550 |     76.9358 |     73.0572 |     55.6609 |     70.9626 |     67.4175 |     59.0593 |     71.8973 |     67.1479 |     76.6291 |     62.1424 |
+-------------------------------+------------+------------+------------+------------+------------+------------+------------+------------+------------+------------+-------------+-------------+-------------+-------------+-------------+-------------+-------------+-------------+-------------+-------------+-------------+-------------+-------------+-------------+-------------+-------------+-------------+-------------+-------------+-------------+-------------+-------------+
+------------------------------------+--------------+------------+------------+------------+
|               Metric               |      Sum     |     Min    |     Max    |     Avg    |
+------------------------------------+--------------+------------+------------+------------+
|      Runtime (RDTSC) [s] STAT      |      77.3502 |     2.4171 |     2.4172 |     2.4172 |
|      Runtime unhalted [s] STAT     |      69.2341 |     2.1560 |     2.1722 |     2.1636 |
|          Clock [MHz] STAT          |   77249.8234 |  2405.6144 |  2423.6275 |  2414.0570 |
|              CPI STAT              |      49.0784 |     1.5162 |     1.5453 |     1.5337 |
|    L2 bandwidth [MBytes/s] STAT    | 1.820580e+06 | 56882.7962 | 56910.9151 | 56893.1352 |
|    L2 data volume [GBytes] STAT    |    4400.6660 |   137.4961 |   137.5631 |   137.5208 |
| Prefetch bandwidth [MBytes/s] STAT |  897910.4914 | 21014.2613 | 31877.1717 | 28059.7029 |
| Prefetch data volume [GBytes] STAT |    2170.4084 |    50.7953 |    77.0523 |    67.8253 |
+------------------------------------+--------------+------------+------------+------------+
