--------------------------------------------------------------------------------
CPU name:	AMD EPYC 9755 128-Core Processor               
CPU type:	AMD K1A (Zen5) architecture
CPU clock:	2.70 GHz
--------------------------------------------------------------------------------
Region bench, Group 1: MEM
+-------------------+------------+------------+------------+------------+------------+------------+------------+------------+------------+------------+-------------+-------------+-------------+-------------+-------------+-------------+-------------+-------------+-------------+-------------+-------------+-------------+-------------+-------------+-------------+-------------+-------------+-------------+-------------+-------------+-------------+-------------+
|    Region Info    | HWThread 0 | HWThread 1 | HWThread 2 | HWThread 3 | HWThread 4 | HWThread 5 | HWThread 6 | HWThread 7 | HWThread 8 | HWThread 9 | HWThread 10 | HWThread 11 | HWThread 12 | HWThread 13 | HWThread 14 | HWThread 15 | HWThread 16 | HWThread 17 | HWThread 18 | HWThread 19 | HWThread 20 | HWThread 21 | HWThread 22 | HWThread 23 | HWThread 24 | HWThread 25 | HWThread 26 | HWThread 27 | HWThread 28 | HWThread 29 | HWThread 30 | HWThread 31 |
+-------------------+------------+------------+------------+------------+------------+------------+------------+------------+------------+------------+-------------+-------------+-------------+-------------+-------------+-------------+-------------+-------------+-------------+-------------+-------------+-------------+-------------+-------------+-------------+-------------+-------------+-------------+-------------+-------------+-------------+-------------+
| RDTSC Runtime [s] |  19.644390 |  19.644650 |  19.644650 |  19.644660 |  19.644690 |  19.644660 |  19.644660 |  19.644660 |  19.644650 |  19.644640 |   19.644640 |   19.644660 |   19.644690 |   19.644720 |   19.644650 |   19.644630 |   19.644640 |   19.644710 |   19.644640 |   19.644690 |   19.644650 |   19.644720 |   19.644700 |   19.644660 |   19.644630 |   19.644650 |   19.644690 |   19.644690 |   19.644720 |   19.644720 |   19.644690 |   19.644630 |
|     call count    |          1 |          1 |          1 |          1 |          1 |          1 |          1 |          1 |          1 |          1 |           1 |           1 |           1 |           1 |           1 |           1 |           1 |           1 |           1 |           1 |           1 |           1 |           1 |           1 |           1 |           1 |           1 |           1 |           1 |           1 |           1 |           1 |
+-------------------+------------+------------+------------+------------+------------+------------+------------+------------+------------+------------+-------------+-------------+-------------+-------------+-------------+-------------+-------------+-------------+-------------+-------------+-------------+-------------+-------------+-------------+-------------+-------------+-------------+-------------+-------------+-------------+-------------+-------------+
+----------------------+---------+-------------+-------------+-------------+-------------+-------------+-------------+-------------+-------------+-------------+-------------+-------------+-------------+-------------+-------------+-------------+-------------+-------------+-------------+-------------+-------------+-------------+-------------+-------------+-------------+-------------+-------------+-------------+-------------+-------------+-------------+-------------+-------------+
|         Event        | Counter |  HWThread 0 |  HWThread 1 |  HWThread 2 |  HWThread 3 |  HWThread 4 |  HWThread 5 |  HWThread 6 |  HWThread 7 |  HWThread 8 |  HWThread 9 | HWThread 10 | HWThread 11 | HWThread 12 | HWThread 13 | HWThread 14 | HWThread 15 | HWThread 16 | HWThread 17 | HWThread 18 | HWThread 19 | HWThread 20 | HWThread 21 | HWThread 22 | HWThread 23 | HWThread 24 | HWThread 25 | HWThread 26 | HWThread 27 | HWThread 28 | HWThread 29 | HWThread 30 | HWThread 31 |
+----------------------+---------+-------------+-------------+-------------+-------------+-------------+-------------+-------------+-------------+-------------+-------------+-------------+-------------+-------------+-------------+-------------+-------------+-------------+-------------+-------------+-------------+-------------+-------------+-------------+-------------+-------------+-------------+-------------+-------------+-------------+-------------+-------------+-------------+
|   ACTUAL_CPU_CLOCK   |  FIXC1  | 47408260000 | 47408080000 | 47408160000 | 47408080000 | 47408190000 | 47408090000 | 47408150000 | 47408120000 | 47228530000 | 47228500000 | 47228460000 | 47228440000 | 47228480000 | 47228540000 | 47228400000 | 47228610000 | 47581650000 | 47581640000 | 47581530000 | 47581740000 | 47581710000 | 47581710000 | 47581640000 | 47581710000 | 47378920000 | 47379010000 | 47379130000 | 47379150000 | 47379100000 | 47379110000 | 47379120000 | 47378990000 |
|     MAX_CPU_CLOCK    |  FIXC2  | 52968330000 | 52968250000 | 52968330000 | 52968240000 | 52968350000 | 52968270000 | 52968320000 | 52968240000 | 52968250000 | 52968190000 | 52968230000 | 52968180000 | 52968210000 | 52968310000 | 52968130000 | 52968270000 | 52968060000 | 52968190000 | 52968140000 | 52968400000 | 52968220000 | 52968350000 | 52968230000 | 52968230000 | 52968000000 | 52968210000 | 52968380000 | 52968390000 | 52968290000 | 52968340000 | 52968360000 | 52968190000 |
| RETIRED_INSTRUCTIONS |   PMC0  |  2712736000 |  2736836000 |  2705161000 |  2718697000 |  2695820000 |  2710363000 |  2691701000 |  2695612000 |  2705317000 |  2723908000 |  2700182000 |  2713551000 |  2692311000 |  2696517000 |  2687691000 |  2690705000 |  2698906000 |  2712507000 |  2691013000 |  2702109000 |  2687201000 |  2690805000 |  2684386000 |  2685660000 |  2730930000 |  2749432000 |  2720792000 |  2736596000 |  2703665000 |  2720010000 |  2696957000 |  2702391000 |
|  CPU_CLOCKS_UNHALTED |   PMC1  | 47247510000 | 47279730000 | 47271680000 | 47280280000 | 47279540000 | 47280300000 | 47278650000 | 47279990000 | 47094310000 | 47093000000 | 47093950000 | 47094040000 | 47092810000 | 47094310000 | 47093190000 | 47093820000 | 47447810000 | 47448440000 | 47447230000 | 47448680000 | 47448670000 | 47450180000 | 47448780000 | 47448280000 | 47245950000 | 47247630000 | 47248770000 | 47248450000 | 47248270000 | 47246390000 | 47246950000 | 47248060000 |
|      CAS_CMD_RD      |  UMC0C0 |  7637856000 |           0 |           0 |           0 |           0 |           0 |           0 |           0 |           0 |           0 |           0 |           0 |           0 |           0 |           0 |           0 |           0 |           0 |           0 |           0 |           0 |           0 |           0 |           0 |           0 |           0 |           0 |           0 |           0 |           0 |           0 |           0 |
|      CAS_CMD_WR      |  UMC0C1 |  3818930000 |           0 |           0 |           0 |           0 |           0 |           0 |           0 |           0 |           0 |           0 |           0 |           0 |           0 |           0 |           0 |           0 |           0 |           0 |           0 |           0 |           0 |           0 |           0 |           0 |           0 |           0 |           0 |           0 |           0 |           0 |           0 |
|      CAS_CMD_RD      |  UMC1C0 |  7637918000 |           0 |           0 |           0 |           0 |           0 |           0 |           0 |           0 |           0 |           0 |           0 |           0 |           0 |           0 |           0 |           0 |           0 |           0 |           0 |           0 |           0 |           0 |           0 |           0 |           0 |           0 |           0 |           0 |           0 |           0 |           0 |
|      CAS_CMD_WR      |  UMC1C1 |  3818878000 |           0 |           0 |           0 |           0 |           0 |           0 |           0 |           0 |           0 |           0 |           0 |           0 |           0 |           0 |           0 |           0 |           0 |           0 |           0 |           0 |           0 |           0 |           0 |           0 |           0 |           0 |           0 |           0 |           0 |           0 |           0 |
|      CAS_CMD_RD      |  UMC2C0 |  7637926000 |           0 |           0 |           0 |           0 |           0 |           0 |           0 |           0 |           0 |           0 |           0 |           0 |           0 |           0 |           0 |           0 |           0 |           0 |           0 |           0 |           0 |           0 |           0 |           0 |           0 |           0 |           0 |           0 |           0 |           0 |           0 |
|      CAS_CMD_WR      |  UMC2C1 |  3818876000 |           0 |           0 |           0 |           0 |           0 |           0 |           0 |           0 |           0 |           0 |           0 |           0 |           0 |           0 |           0 |           0 |           0 |           0 |           0 |           0 |           0 |           0 |           0 |           0 |           0 |           0 |           0 |           0 |           0 |           0 |           0 |
|      CAS_CMD_RD      |  UMC3C0 |     1786608 |           0 |           0 |           0 |           0 |           0 |           0 |           0 |           0 |           0 |           0 |           0 |           0 |           0 |           0 |           0 |           0 |           0 |           0 |           0 |           0 |           0 |           0 |           0 |           0 |           0 |           0 |           0 |           0 |           0 |           0 |           0 |
|      CAS_CMD_WR      |  UMC3C1 |      301914 |           0 |           0 |           0 |           0 |           0 |           0 |           0 |           0 |           0 |           0 |           0 |           0 |           0 |           0 |           0 |           0 |           0 |           0 |           0 |           0 |           0 |           0 |           0 |           0 |           0 |           0 |           0 |           0 |           0 |           0 |           0 |
|      CAS_CMD_RD      |  UMC4C0 |     1902898 |           0 |           0 |           0 |           0 |           0 |           0 |           0 |           0 |           0 |           0 |           0 |           0 |           0 |           0 |           0 |           0 |           0 |           0 |           0 |           0 |           0 |           0 |           0 |           0 |           0 |           0 |           0 |           0 |           0 |           0 |           0 |
|      CAS_CMD_WR      |  UMC4C1 |      301260 |           0 |           0 |           0 |           0 |           0 |           0 |           0 |           0 |           0 |           0 |           0 |           0 |           0 |           0 |           0 |           0 |           0 |           0 |           0 |           0 |           0 |           0 |           0 |           0 |           0 |           0 |           0 |           0 |           0 |           0 |           0 |
|      CAS_CMD_RD      |  UMC5C0 |     1836814 |           0 |           0 |           0 |           0 |           0 |           0 |           0 |           0 |           0 |           0 |           0 |           0 |           0 |           0 |           0 |           0 |           0 |           0 |           0 |           0 |           0 |           0 |           0 |           0 |           0 |           0 |           0 |           0 |           0 |           0 |           0 |
|      CAS_CMD_WR      |  UMC5C1 |      303082 |           0 |           0 |           0 |           0 |           0 |           0 |           0 |           0 |           0 |           0 |           0 |           0 |           0 |           0 |           0 |           0 |           0 |           0 |           0 |           0 |           0 |           0 |           0 |           0 |           0 |           0 |           0 |           0 |           0 |           0 |           0 |
|      CAS_CMD_RD      |  UMC6C0 |      707034 |           0 |           0 |           0 |           0 |           0 |           0 |           0 |           0 |           0 |           0 |           0 |           0 |           0 |           0 |           0 |           0 |           0 |           0 |           0 |           0 |           0 |           0 |           0 |           0 |           0 |           0 |           0 |           0 |           0 |           0 |           0 |
|      CAS_CMD_WR      |  UMC6C1 |      268752 |           0 |           0 |           0 |           0 |           0 |           0 |           0 |           0 |           0 |           0 |           0 |           0 |           0 |           0 |           0 |           0 |           0 |           0 |           0 |           0 |           0 |           0 |           0 |           0 |           0 |           0 |           0 |           0 |           0 |           0 |           0 |
|      CAS_CMD_RD      |  UMC7C0 |      723959 |           0 |           0 |           0 |           0 |           0 |           0 |           0 |           0 |           0 |           0 |           0 |           0 |           0 |           0 |           0 |           0 |           0 |           0 |           0 |           0 |           0 |           0 |           0 |           0 |           0 |           0 |           0 |           0 |           0 |           0 |           0 |
|      CAS_CMD_WR      |  UMC7C1 |      269407 |           0 |           0 |           0 |           0 |           0 |           0 |           0 |           0 |           0 |           0 |           0 |           0 |           0 |           0 |           0 |           0 |           0 |           0 |           0 |           0 |           0 |           0 |           0 |           0 |           0 |           0 |           0 |           0 |           0 |           0 |           0 |
|      CAS_CMD_RD      |  UMC8C0 |      717508 |           0 |           0 |           0 |           0 |           0 |           0 |           0 |           0 |           0 |           0 |           0 |           0 |           0 |           0 |           0 |           0 |           0 |           0 |           0 |           0 |           0 |           0 |           0 |           0 |           0 |           0 |           0 |           0 |           0 |           0 |           0 |
|      CAS_CMD_WR      |  UMC8C1 |      270285 |           0 |           0 |           0 |           0 |           0 |           0 |           0 |           0 |           0 |           0 |           0 |           0 |           0 |           0 |           0 |           0 |           0 |           0 |           0 |           0 |           0 |           0 |           0 |           0 |           0 |           0 |           0 |           0 |           0 |           0 |           0 |
|      CAS_CMD_RD      |  UMC9C0 |     1894270 |           0 |           0 |           0 |           0 |           0 |           0 |           0 |           0 |           0 |           0 |           0 |           0 |           0 |           0 |           0 |           0 |           0 |           0 |           0 |           0 |           0 |           0 |           0 |           0 |           0 |           0 |           0 |           0 |           0 |           0 |           0 |
|      CAS_CMD_WR      |  UMC9C1 |      286562 |           0 |           0 |           0 |           0 |           0 |           0 |           0 |           0 |           0 |           0 |           0 |           0 |           0 |           0 |           0 |           0 |           0 |           0 |           0 |           0 |           0 |           0 |           0 |           0 |           0 |           0 |           0 |           0 |           0 |           0 |           0 |
|      CAS_CMD_RD      | UMC10C0 |     1743788 |           0 |           0 |           0 |           0 |           0 |           0 |           0 |           0 |           0 |           0 |           0 |           0 |           0 |           0 |           0 |           0 |           0 |           0 |           0 |           0 |           0 |           0 |           0 |           0 |           0 |           0 |           0 |           0 |           0 |           0 |           0 |
|      CAS_CMD_WR      | UMC10C1 |      305796 |           0 |           0 |           0 |           0 |           0 |           0 |           0 |           0 |           0 |           0 |           0 |           0 |           0 |           0 |           0 |           0 |           0 |           0 |           0 |           0 |           0 |           0 |           0 |           0 |           0 |           0 |           0 |           0 |           0 |           0 |           0 |
|      CAS_CMD_RD      | UMC11C0 |     1897240 |           0 |           0 |           0 |           0 |           0 |           0 |           0 |           0 |           0 |           0 |           0 |           0 |           0 |           0 |           0 |           0 |           0 |           0 |           0 |           0 |           0 |           0 |           0 |           0 |           0 |           0 |           0 |           0 |           0 |           0 |           0 |
|      CAS_CMD_WR      | UMC11C1 |      294779 |           0 |           0 |           0 |           0 |           0 |           0 |           0 |           0 |           0 |           0 |           0 |           0 |           0 |           0 |           0 |           0 |           0 |           0 |           0 |           0 |           0 |           0 |           0 |           0 |           0 |           0 |           0 |           0 |           0 |           0 |           0 |
+----------------------+---------+-------------+-------------+-------------+-------------+-------------+-------------+-------------+-------------+-------------+-------------+-------------+-------------+-------------+-------------+-------------+-------------+-------------+-------------+-------------+-------------+-------------+-------------+-------------+-------------+-------------+-------------+-------------+-------------+-------------+-------------+-------------+-------------+
+---------------------------+---------+---------------+-------------+-------------+--------------+
|           Event           | Counter |      Sum      |     Min     |     Max     |      Avg     |
+---------------------------+---------+---------------+-------------+-------------+--------------+
|   ACTUAL_CPU_CLOCK STAT   |  FIXC1  | 1516778950000 | 47228400000 | 47581740000 | 4.739934e+10 |
|     MAX_CPU_CLOCK STAT    |  FIXC2  | 1694984080000 | 52968000000 | 52968400000 |  52968252500 |
| RETIRED_INSTRUCTIONS STAT |   PMC0  |   86590468000 |  2684386000 |  2749432000 |   2705952125 |
|  CPU_CLOCKS_UNHALTED STAT |   PMC1  | 1512515650000 | 47092810000 | 47450180000 | 4.726611e+10 |
|      CAS_CMD_RD STAT      |  UMC0C0 |    7637856000 |           0 |  7637856000 |    238683000 |
|      CAS_CMD_WR STAT      |  UMC0C1 |    3818930000 |           0 |  3818930000 | 1.193416e+08 |
|      CAS_CMD_RD STAT      |  UMC1C0 |    7637918000 |           0 |  7637918000 | 2.386849e+08 |
|      CAS_CMD_WR STAT      |  UMC1C1 |    3818878000 |           0 |  3818878000 | 1.193399e+08 |
|      CAS_CMD_RD STAT      |  UMC2C0 |    7637926000 |           0 |  7637926000 | 2.386852e+08 |
|      CAS_CMD_WR STAT      |  UMC2C1 |    3818876000 |           0 |  3818876000 |    119339875 |
|      CAS_CMD_RD STAT      |  UMC3C0 |       1786608 |           0 |     1786608 |   55831.5000 |
|      CAS_CMD_WR STAT      |  UMC3C1 |        301914 |           0 |      301914 |    9434.8125 |
|      CAS_CMD_RD STAT      |  UMC4C0 |       1902898 |           0 |     1902898 |   59465.5625 |
|      CAS_CMD_WR STAT      |  UMC4C1 |        301260 |           0 |      301260 |    9414.3750 |
|      CAS_CMD_RD STAT      |  UMC5C0 |       1836814 |           0 |     1836814 |   57400.4375 |
|      CAS_CMD_WR STAT      |  UMC5C1 |        303082 |           0 |      303082 |    9471.3125 |
|      CAS_CMD_RD STAT      |  UMC6C0 |        707034 |           0 |      707034 |   22094.8125 |
|      CAS_CMD_WR STAT      |  UMC6C1 |        268752 |           0 |      268752 |    8398.5000 |
|      CAS_CMD_RD STAT      |  UMC7C0 |        723959 |           0 |      723959 |   22623.7188 |
|      CAS_CMD_WR STAT      |  UMC7C1 |        269407 |           0 |      269407 |    8418.9688 |
|      CAS_CMD_RD STAT      |  UMC8C0 |        717508 |           0 |      717508 |   22422.1250 |
|      CAS_CMD_WR STAT      |  UMC8C1 |        270285 |           0 |      270285 |    8446.4062 |
|      CAS_CMD_RD STAT      |  UMC9C0 |       1894270 |           0 |     1894270 |   59195.9375 |
|      CAS_CMD_WR STAT      |  UMC9C1 |        286562 |           0 |      286562 |    8955.0625 |
|      CAS_CMD_RD STAT      | UMC10C0 |       1743788 |           0 |     1743788 |   54493.3750 |
|      CAS_CMD_WR STAT      | UMC10C1 |        305796 |           0 |      305796 |    9556.1250 |
|      CAS_CMD_RD STAT      | UMC11C0 |       1897240 |           0 |     1897240 |   59288.7500 |
|      CAS_CMD_WR STAT      | UMC11C1 |        294779 |           0 |      294779 |    9211.8438 |
+---------------------------+---------+---------------+-------------+-------------+--------------+
+-----------------------------------+-------------+------------+------------+------------+------------+------------+------------+------------+------------+------------+-------------+-------------+-------------+-------------+-------------+-------------+-------------+-------------+-------------+-------------+-------------+-------------+-------------+-------------+-------------+-------------+-------------+-------------+-------------+-------------+-------------+-------------+
|               Metric              |  HWThread 0 | HWThread 1 | HWThread 2 | HWThread 3 | HWThread 4 | HWThread 5 | HWThread 6 | HWThread 7 | HWThread 8 | HWThread 9 | HWThread 10 | HWThread 11 | HWThread 12 | HWThread 13 | HWThread 14 | HWThread 15 | HWThread 16 | HWThread 17 | HWThread 18 | HWThread 19 | HWThread 20 | HWThread 21 | HWThread 22 | HWThread 23 | HWThread 24 | HWThread 25 | HWThread 26 | HWThread 27 | HWThread 28 | HWThread 29 | HWThread 30 | HWThread 31 |
+-----------------------------------+-------------+------------+------------+------------+------------+------------+------------+------------+------------+------------+-------------+-------------+-------------+-------------+-------------+-------------+-------------+-------------+-------------+-------------+-------------+-------------+-------------+-------------+-------------+-------------+-------------+-------------+-------------+-------------+-------------+-------------+
|        Runtime (RDTSC) [s]        |     19.6444 |    19.6446 |    19.6446 |    19.6447 |    19.6447 |    19.6447 |    19.6447 |    19.6447 |    19.6446 |    19.6446 |     19.6446 |     19.6447 |     19.6447 |     19.6447 |     19.6446 |     19.6446 |     19.6446 |     19.6447 |     19.6446 |     19.6447 |     19.6446 |     19.6447 |     19.6447 |     19.6447 |     19.6446 |     19.6446 |     19.6447 |     19.6447 |     19.6447 |     19.6447 |     19.6447 |     19.6446 |
|        Runtime unhalted [s]       |     17.5828 |    17.5827 |    17.5828 |    17.5827 |    17.5828 |    17.5827 |    17.5827 |    17.5827 |    17.5161 |    17.5161 |     17.5161 |     17.5161 |     17.5161 |     17.5161 |     17.5161 |     17.5162 |     17.6471 |     17.6471 |     17.6470 |     17.6471 |     17.6471 |     17.6471 |     17.6471 |     17.6471 |     17.5719 |     17.5719 |     17.5720 |     17.5720 |     17.5720 |     17.5720 |     17.5720 |     17.5719 |
|            Clock [MHz]            |   2413.2595 |  2413.2540 |  2413.2544 |  2413.2545 |  2413.2551 |  2413.2536 |  2413.2544 |  2413.2565 |  2404.1142 |  2404.1154 |   2404.1116 |   2404.1128 |   2404.1135 |   2404.1120 |   2404.1131 |   2404.1174 |   2422.0981 |   2422.0916 |   2422.0883 |   2422.0871 |   2422.0938 |   2422.0879 |   2422.0898 |   2422.0934 |   2411.7810 |   2411.7761 |   2411.7744 |   2411.7750 |   2411.7770 |   2411.7752 |   2411.7748 |   2411.7760 |
|                CPI                |     17.4169 |    17.2753 |    17.4746 |    17.3908 |    17.5381 |    17.4443 |    17.5646 |    17.5396 |    17.4081 |    17.2888 |     17.4410 |     17.3551 |     17.4916 |     17.4649 |     17.5218 |     17.5024 |     17.5804 |     17.4925 |     17.6317 |     17.5599 |     17.6573 |     17.6342 |     17.6758 |     17.6673 |     17.3003 |     17.1845 |     17.3658 |     17.2654 |     17.4756 |     17.3699 |     17.5186 |     17.4838 |
|  Memory read bandwidth [MBytes/s] |  74694.2128 |          0 |          0 |          0 |          0 |          0 |          0 |          0 |          0 |          0 |           0 |           0 |           0 |           0 |           0 |           0 |           0 |           0 |           0 |           0 |           0 |           0 |           0 |           0 |           0 |           0 |           0 |           0 |           0 |           0 |           0 |           0 |
|  Memory read data volume [GBytes] |   1467.3222 |          0 |          0 |          0 |          0 |          0 |          0 |          0 |          0 |          0 |           0 |           0 |           0 |           0 |           0 |           0 |           0 |           0 |           0 |           0 |           0 |           0 |           0 |           0 |           0 |           0 |           0 |           0 |           0 |           0 |           0 |           0 |
| Memory write bandwidth [MBytes/s] |  37333.5234 |          0 |          0 |          0 |          0 |          0 |          0 |          0 |          0 |          0 |           0 |           0 |           0 |           0 |           0 |           0 |           0 |           0 |           0 |           0 |           0 |           0 |           0 |           0 |           0 |           0 |           0 |           0 |           0 |           0 |           0 |           0 |
| Memory write data volume [GBytes] |    733.3943 |          0 |          0 |          0 |          0 |          0 |          0 |          0 |          0 |          0 |           0 |           0 |           0 |           0 |           0 |           0 |           0 |           0 |           0 |           0 |           0 |           0 |           0 |           0 |           0 |           0 |           0 |           0 |           0 |           0 |           0 |           0 |
|    Memory bandwidth [MBytes/s]    | 112027.7362 |          0 |          0 |          0 |          0 |          0 |          0 |          0 |          0 |          0 |           0 |           0 |           0 |           0 |           0 |           0 |           0 |           0 |           0 |           0 |           0 |           0 |           0 |           0 |           0 |           0 |           0 |           0 |           0 |           0 |           0 |           0 |
|    Memory data volume [GBytes]    |   2200.7165 |          0 |          0 |          0 |          0 |          0 |          0 |          0 |          0 |          0 |           0 |           0 |           0 |           0 |           0 |           0 |           0 |           0 |           0 |           0 |           0 |           0 |           0 |           0 |           0 |           0 |           0 |           0 |           0 |           0 |           0 |           0 |
+-----------------------------------+-------------+------------+------------+------------+------------+------------+------------+------------+------------+------------+-------------+-------------+-------------+-------------+-------------+-------------+-------------+-------------+-------------+-------------+-------------+-------------+-------------+-------------+-------------+-------------+-------------+-------------+-------------+-------------+-------------+-------------+
+----------------------------------------+-------------+-----------+-------------+-----------+
|                 Metric                 |     Sum     |    Min    |     Max     |    Avg    |
+----------------------------------------+-------------+-----------+-------------+-----------+
|        Runtime (RDTSC) [s] STAT        |    628.6288 |   19.6444 |     19.6447 |   19.6447 |
|        Runtime unhalted [s] STAT       |    562.5432 |   17.5161 |     17.6471 |   17.5795 |
|            Clock [MHz] STAT            |  77209.8915 | 2404.1116 |   2422.0981 | 2412.8091 |
|                CPI STAT                |    558.9809 |   17.1845 |     17.6758 |   17.4682 |
|  Memory read bandwidth [MBytes/s] STAT |  74694.2128 |         0 |  74694.2128 | 2334.1941 |
|  Memory read data volume [GBytes] STAT |   1467.3222 |         0 |   1467.3222 |   45.8538 |
| Memory write bandwidth [MBytes/s] STAT |  37333.5234 |         0 |  37333.5234 | 1166.6726 |
| Memory write data volume [GBytes] STAT |    733.3943 |         0 |    733.3943 |   22.9186 |
|    Memory bandwidth [MBytes/s] STAT    | 112027.7362 |         0 | 112027.7362 | 3500.8668 |
|    Memory data volume [GBytes] STAT    |   2200.7165 |         0 |   2200.7165 |   68.7724 |
+----------------------------------------+-------------+-----------+-------------+-----------+
