--------------------------------------------------------------------------------
CPU name:	AMD EPYC 9755 128-Core Processor               
CPU type:	AMD K1A (Zen5) architecture
CPU clock:	2.70 GHz
--------------------------------------------------------------------------------
Region bench, Group 1: MEM
+-------------------+------------+------------+------------+------------+------------+------------+------------+------------+------------+------------+-------------+-------------+-------------+-------------+-------------+-------------+-------------+-------------+-------------+-------------+-------------+-------------+-------------+-------------+-------------+-------------+-------------+-------------+-------------+-------------+-------------+-------------+
|    Region Info    | HWThread 0 | HWThread 1 | HWThread 2 | HWThread 3 | HWThread 4 | HWThread 5 | HWThread 6 | HWThread 7 | HWThread 8 | HWThread 9 | HWThread 10 | HWThread 11 | HWThread 12 | HWThread 13 | HWThread 14 | HWThread 15 | HWThread 16 | HWThread 17 | HWThread 18 | HWThread 19 | HWThread 20 | HWThread 21 | HWThread 22 | HWThread 23 | HWThread 24 | HWThread 25 | HWThread 26 | HWThread 27 | HWThread 28 | HWThread 29 | HWThread 30 | HWThread 31 |
+-------------------+------------+------------+------------+------------+------------+------------+------------+------------+------------+------------+-------------+-------------+-------------+-------------+-------------+-------------+-------------+-------------+-------------+-------------+-------------+-------------+-------------+-------------+-------------+-------------+-------------+-------------+-------------+-------------+-------------+-------------+
| RDTSC Runtime [s] |  19.654430 |  19.654690 |  19.654670 |  19.654670 |  19.654690 |  19.654710 |  19.654710 |  19.654660 |  19.654760 |  19.654660 |   19.654700 |   19.654750 |   19.654700 |   19.654760 |   19.654700 |   19.654660 |   19.654660 |   19.654790 |   19.654700 |   19.654690 |   19.654750 |   19.654700 |   19.654750 |   19.654700 |   19.654680 |   19.654750 |   19.654700 |   19.654680 |   19.654680 |   19.654660 |   19.654750 |   19.654690 |
|     call count    |          1 |          1 |          1 |          1 |          1 |          1 |          1 |          1 |          1 |          1 |           1 |           1 |           1 |           1 |           1 |           1 |           1 |           1 |           1 |           1 |           1 |           1 |           1 |           1 |           1 |           1 |           1 |           1 |           1 |           1 |           1 |           1 |
+-------------------+------------+------------+------------+------------+------------+------------+------------+------------+------------+------------+-------------+-------------+-------------+-------------+-------------+-------------+-------------+-------------+-------------+-------------+-------------+-------------+-------------+-------------+-------------+-------------+-------------+-------------+-------------+-------------+-------------+-------------+
+----------------------+---------+-------------+-------------+-------------+-------------+-------------+-------------+-------------+-------------+-------------+-------------+-------------+-------------+-------------+-------------+-------------+-------------+-------------+-------------+-------------+-------------+-------------+-------------+-------------+-------------+-------------+-------------+-------------+-------------+-------------+-------------+-------------+-------------+
|         Event        | Counter |  HWThread 0 |  HWThread 1 |  HWThread 2 |  HWThread 3 |  HWThread 4 |  HWThread 5 |  HWThread 6 |  HWThread 7 |  HWThread 8 |  HWThread 9 | HWThread 10 | HWThread 11 | HWThread 12 | HWThread 13 | HWThread 14 | HWThread 15 | HWThread 16 | HWThread 17 | HWThread 18 | HWThread 19 | HWThread 20 | HWThread 21 | HWThread 22 | HWThread 23 | HWThread 24 | HWThread 25 | HWThread 26 | HWThread 27 | HWThread 28 | HWThread 29 | HWThread 30 | HWThread 31 |
+----------------------+---------+-------------+-------------+-------------+-------------+-------------+-------------+-------------+-------------+-------------+-------------+-------------+-------------+-------------+-------------+-------------+-------------+-------------+-------------+-------------+-------------+-------------+-------------+-------------+-------------+-------------+-------------+-------------+-------------+-------------+-------------+-------------+-------------+
|   ACTUAL_CPU_CLOCK   |  FIXC1  | 47411270000 | 47411200000 | 47411220000 | 47411270000 | 47411300000 | 47411140000 | 47411130000 | 47411160000 | 47255720000 | 47255610000 | 47255650000 | 47255730000 | 47255590000 | 47255740000 | 47255660000 | 47255650000 | 47607840000 | 47608040000 | 47607900000 | 47607760000 | 47607980000 | 47607890000 | 47607930000 | 47607960000 | 47436300000 | 47436380000 | 47435640000 | 47436270000 | 47436310000 | 47436310000 | 47436420000 | 47436320000 |
|     MAX_CPU_CLOCK    |  FIXC2  | 52994320000 | 52994280000 | 52994250000 | 52994410000 | 52994410000 | 52994210000 | 52994220000 | 52994140000 | 52994330000 | 52994320000 | 52994280000 | 52994420000 | 52994250000 | 52994470000 | 52994370000 | 52994340000 | 52994190000 | 52994520000 | 52994250000 | 52994170000 | 52994310000 | 52994360000 | 52994290000 | 52994370000 | 52994270000 | 52994320000 | 52993580000 | 52994260000 | 52994230000 | 52994210000 | 52994430000 | 52994200000 |
| RETIRED_INSTRUCTIONS |   PMC0  |  2718823000 |  2739257000 |  2718310000 |  2733541000 |  2708355000 |  2717767000 |  2703728000 |  2705901000 |  2703772000 |  2722439000 |  2699601000 |  2704018000 |  2692550000 |  2697109000 |  2689149000 |  2691806000 |  2695573000 |  2707874000 |  2690368000 |  2698577000 |  2687051000 |  2690296000 |  2684386000 |  2685394000 |  2742916000 |  2764313000 |  2728793000 |  2750076000 |  2717443000 |  2729206000 |  2706679000 |  2714630000 |
|  CPU_CLOCKS_UNHALTED |   PMC1  | 47253630000 | 47286110000 | 47276870000 | 47285510000 | 47284910000 | 47285750000 | 47283450000 | 47285700000 | 47121070000 | 47121840000 | 47120710000 | 47121680000 | 47120980000 | 47121790000 | 47120260000 | 47119580000 | 47474180000 | 47472410000 | 47471260000 | 47474120000 | 47474250000 | 47475310000 | 47473870000 | 47473200000 | 47305440000 | 47306770000 | 47306550000 | 47305290000 | 47305180000 | 47305010000 | 47305470000 | 47305090000 |
|      CAS_CMD_RD      |  UMC0C0 |  7637845000 |           0 |           0 |           0 |           0 |           0 |           0 |           0 |           0 |           0 |           0 |           0 |           0 |           0 |           0 |           0 |           0 |           0 |           0 |           0 |           0 |           0 |           0 |           0 |           0 |           0 |           0 |           0 |           0 |           0 |           0 |           0 |
|      CAS_CMD_WR      |  UMC0C1 |  3818953000 |           0 |           0 |           0 |           0 |           0 |           0 |           0 |           0 |           0 |           0 |           0 |           0 |           0 |           0 |           0 |           0 |           0 |           0 |           0 |           0 |           0 |           0 |           0 |           0 |           0 |           0 |           0 |           0 |           0 |           0 |           0 |
|      CAS_CMD_RD      |  UMC1C0 |  7638009000 |           0 |           0 |           0 |           0 |           0 |           0 |           0 |           0 |           0 |           0 |           0 |           0 |           0 |           0 |           0 |           0 |           0 |           0 |           0 |           0 |           0 |           0 |           0 |           0 |           0 |           0 |           0 |           0 |           0 |           0 |           0 |
|      CAS_CMD_WR      |  UMC1C1 |  3818802000 |           0 |           0 |           0 |           0 |           0 |           0 |           0 |           0 |           0 |           0 |           0 |           0 |           0 |           0 |           0 |           0 |           0 |           0 |           0 |           0 |           0 |           0 |           0 |           0 |           0 |           0 |           0 |           0 |           0 |           0 |           0 |
|      CAS_CMD_RD      |  UMC2C0 |  7638008000 |           0 |           0 |           0 |           0 |           0 |           0 |           0 |           0 |           0 |           0 |           0 |           0 |           0 |           0 |           0 |           0 |           0 |           0 |           0 |           0 |           0 |           0 |           0 |           0 |           0 |           0 |           0 |           0 |           0 |           0 |           0 |
|      CAS_CMD_WR      |  UMC2C1 |  3818842000 |           0 |           0 |           0 |           0 |           0 |           0 |           0 |           0 |           0 |           0 |           0 |           0 |           0 |           0 |           0 |           0 |           0 |           0 |           0 |           0 |           0 |           0 |           0 |           0 |           0 |           0 |           0 |           0 |           0 |           0 |           0 |
|      CAS_CMD_RD      |  UMC3C0 |     1809918 |           0 |           0 |           0 |           0 |           0 |           0 |           0 |           0 |           0 |           0 |           0 |           0 |           0 |           0 |           0 |           0 |           0 |           0 |           0 |           0 |           0 |           0 |           0 |           0 |           0 |           0 |           0 |           0 |           0 |           0 |           0 |
|      CAS_CMD_WR      |  UMC3C1 |      296913 |           0 |           0 |           0 |           0 |           0 |           0 |           0 |           0 |           0 |           0 |           0 |           0 |           0 |           0 |           0 |           0 |           0 |           0 |           0 |           0 |           0 |           0 |           0 |           0 |           0 |           0 |           0 |           0 |           0 |           0 |           0 |
|      CAS_CMD_RD      |  UMC4C0 |     1886425 |           0 |           0 |           0 |           0 |           0 |           0 |           0 |           0 |           0 |           0 |           0 |           0 |           0 |           0 |           0 |           0 |           0 |           0 |           0 |           0 |           0 |           0 |           0 |           0 |           0 |           0 |           0 |           0 |           0 |           0 |           0 |
|      CAS_CMD_WR      |  UMC4C1 |      296204 |           0 |           0 |           0 |           0 |           0 |           0 |           0 |           0 |           0 |           0 |           0 |           0 |           0 |           0 |           0 |           0 |           0 |           0 |           0 |           0 |           0 |           0 |           0 |           0 |           0 |           0 |           0 |           0 |           0 |           0 |           0 |
|      CAS_CMD_RD      |  UMC5C0 |     1880451 |           0 |           0 |           0 |           0 |           0 |           0 |           0 |           0 |           0 |           0 |           0 |           0 |           0 |           0 |           0 |           0 |           0 |           0 |           0 |           0 |           0 |           0 |           0 |           0 |           0 |           0 |           0 |           0 |           0 |           0 |           0 |
|      CAS_CMD_WR      |  UMC5C1 |      298350 |           0 |           0 |           0 |           0 |           0 |           0 |           0 |           0 |           0 |           0 |           0 |           0 |           0 |           0 |           0 |           0 |           0 |           0 |           0 |           0 |           0 |           0 |           0 |           0 |           0 |           0 |           0 |           0 |           0 |           0 |           0 |
|      CAS_CMD_RD      |  UMC6C0 |      789056 |           0 |           0 |           0 |           0 |           0 |           0 |           0 |           0 |           0 |           0 |           0 |           0 |           0 |           0 |           0 |           0 |           0 |           0 |           0 |           0 |           0 |           0 |           0 |           0 |           0 |           0 |           0 |           0 |           0 |           0 |           0 |
|      CAS_CMD_WR      |  UMC6C1 |      266901 |           0 |           0 |           0 |           0 |           0 |           0 |           0 |           0 |           0 |           0 |           0 |           0 |           0 |           0 |           0 |           0 |           0 |           0 |           0 |           0 |           0 |           0 |           0 |           0 |           0 |           0 |           0 |           0 |           0 |           0 |           0 |
|      CAS_CMD_RD      |  UMC7C0 |      795287 |           0 |           0 |           0 |           0 |           0 |           0 |           0 |           0 |           0 |           0 |           0 |           0 |           0 |           0 |           0 |           0 |           0 |           0 |           0 |           0 |           0 |           0 |           0 |           0 |           0 |           0 |           0 |           0 |           0 |           0 |           0 |
|      CAS_CMD_WR      |  UMC7C1 |      267735 |           0 |           0 |           0 |           0 |           0 |           0 |           0 |           0 |           0 |           0 |           0 |           0 |           0 |           0 |           0 |           0 |           0 |           0 |           0 |           0 |           0 |           0 |           0 |           0 |           0 |           0 |           0 |           0 |           0 |           0 |           0 |
|      CAS_CMD_RD      |  UMC8C0 |      792922 |           0 |           0 |           0 |           0 |           0 |           0 |           0 |           0 |           0 |           0 |           0 |           0 |           0 |           0 |           0 |           0 |           0 |           0 |           0 |           0 |           0 |           0 |           0 |           0 |           0 |           0 |           0 |           0 |           0 |           0 |           0 |
|      CAS_CMD_WR      |  UMC8C1 |      268335 |           0 |           0 |           0 |           0 |           0 |           0 |           0 |           0 |           0 |           0 |           0 |           0 |           0 |           0 |           0 |           0 |           0 |           0 |           0 |           0 |           0 |           0 |           0 |           0 |           0 |           0 |           0 |           0 |           0 |           0 |           0 |
|      CAS_CMD_RD      |  UMC9C0 |     1857770 |           0 |           0 |           0 |           0 |           0 |           0 |           0 |           0 |           0 |           0 |           0 |           0 |           0 |           0 |           0 |           0 |           0 |           0 |           0 |           0 |           0 |           0 |           0 |           0 |           0 |           0 |           0 |           0 |           0 |           0 |           0 |
|      CAS_CMD_WR      |  UMC9C1 |      283310 |           0 |           0 |           0 |           0 |           0 |           0 |           0 |           0 |           0 |           0 |           0 |           0 |           0 |           0 |           0 |           0 |           0 |           0 |           0 |           0 |           0 |           0 |           0 |           0 |           0 |           0 |           0 |           0 |           0 |           0 |           0 |
|      CAS_CMD_RD      | UMC10C0 |     1694797 |           0 |           0 |           0 |           0 |           0 |           0 |           0 |           0 |           0 |           0 |           0 |           0 |           0 |           0 |           0 |           0 |           0 |           0 |           0 |           0 |           0 |           0 |           0 |           0 |           0 |           0 |           0 |           0 |           0 |           0 |           0 |
|      CAS_CMD_WR      | UMC10C1 |      302716 |           0 |           0 |           0 |           0 |           0 |           0 |           0 |           0 |           0 |           0 |           0 |           0 |           0 |           0 |           0 |           0 |           0 |           0 |           0 |           0 |           0 |           0 |           0 |           0 |           0 |           0 |           0 |           0 |           0 |           0 |           0 |
|      CAS_CMD_RD      | UMC11C0 |     1857763 |           0 |           0 |           0 |           0 |           0 |           0 |           0 |           0 |           0 |           0 |           0 |           0 |           0 |           0 |           0 |           0 |           0 |           0 |           0 |           0 |           0 |           0 |           0 |           0 |           0 |           0 |           0 |           0 |           0 |           0 |           0 |
|      CAS_CMD_WR      | UMC11C1 |      290483 |           0 |           0 |           0 |           0 |           0 |           0 |           0 |           0 |           0 |           0 |           0 |           0 |           0 |           0 |           0 |           0 |           0 |           0 |           0 |           0 |           0 |           0 |           0 |           0 |           0 |           0 |           0 |           0 |           0 |           0 |           0 |
+----------------------+---------+-------------+-------------+-------------+-------------+-------------+-------------+-------------+-------------+-------------+-------------+-------------+-------------+-------------+-------------+-------------+-------------+-------------+-------------+-------------+-------------+-------------+-------------+-------------+-------------+-------------+-------------+-------------+-------------+-------------+-------------+-------------+-------------+
+---------------------------+---------+---------------+-------------+-------------+--------------+
|           Event           | Counter |      Sum      |     Min     |     Max     |      Avg     |
+---------------------------+---------+---------------+-------------+-------------+--------------+
|   ACTUAL_CPU_CLOCK STAT   |  FIXC1  | 1517688290000 | 47255590000 | 47608040000 | 4.742776e+10 |
|     MAX_CPU_CLOCK STAT    |  FIXC2  | 1695816980000 | 52993580000 | 52994520000 |  52994280625 |
| RETIRED_INSTRUCTIONS STAT |   PMC0  |   86739701000 |  2684386000 |  2764313000 | 2.710616e+09 |
|  CPU_CLOCKS_UNHALTED STAT |   PMC1  | 1513443240000 | 47119580000 | 47475310000 |  47295101250 |
|      CAS_CMD_RD STAT      |  UMC0C0 |    7637845000 |           0 |  7637845000 | 2.386827e+08 |
|      CAS_CMD_WR STAT      |  UMC0C1 |    3818953000 |           0 |  3818953000 | 1.193423e+08 |
|      CAS_CMD_RD STAT      |  UMC1C0 |    7638009000 |           0 |  7638009000 | 2.386878e+08 |
|      CAS_CMD_WR STAT      |  UMC1C1 |    3818802000 |           0 |  3818802000 | 1.193376e+08 |
|      CAS_CMD_RD STAT      |  UMC2C0 |    7638008000 |           0 |  7638008000 |    238687750 |
|      CAS_CMD_WR STAT      |  UMC2C1 |    3818842000 |           0 |  3818842000 | 1.193388e+08 |
|      CAS_CMD_RD STAT      |  UMC3C0 |       1809918 |           0 |     1809918 |   56559.9375 |
|      CAS_CMD_WR STAT      |  UMC3C1 |        296913 |           0 |      296913 |    9278.5312 |
|      CAS_CMD_RD STAT      |  UMC4C0 |       1886425 |           0 |     1886425 |   58950.7812 |
|      CAS_CMD_WR STAT      |  UMC4C1 |        296204 |           0 |      296204 |    9256.3750 |
|      CAS_CMD_RD STAT      |  UMC5C0 |       1880451 |           0 |     1880451 |   58764.0938 |
|      CAS_CMD_WR STAT      |  UMC5C1 |        298350 |           0 |      298350 |    9323.4375 |
|      CAS_CMD_RD STAT      |  UMC6C0 |        789056 |           0 |      789056 |        24658 |
|      CAS_CMD_WR STAT      |  UMC6C1 |        266901 |           0 |      266901 |    8340.6562 |
|      CAS_CMD_RD STAT      |  UMC7C0 |        795287 |           0 |      795287 |   24852.7188 |
|      CAS_CMD_WR STAT      |  UMC7C1 |        267735 |           0 |      267735 |    8366.7188 |
|      CAS_CMD_RD STAT      |  UMC8C0 |        792922 |           0 |      792922 |   24778.8125 |
|      CAS_CMD_WR STAT      |  UMC8C1 |        268335 |           0 |      268335 |    8385.4688 |
|      CAS_CMD_RD STAT      |  UMC9C0 |       1857770 |           0 |     1857770 |   58055.3125 |
|      CAS_CMD_WR STAT      |  UMC9C1 |        283310 |           0 |      283310 |    8853.4375 |
|      CAS_CMD_RD STAT      | UMC10C0 |       1694797 |           0 |     1694797 |   52962.4062 |
|      CAS_CMD_WR STAT      | UMC10C1 |        302716 |           0 |      302716 |    9459.8750 |
|      CAS_CMD_RD STAT      | UMC11C0 |       1857763 |           0 |     1857763 |   58055.0938 |
|      CAS_CMD_WR STAT      | UMC11C1 |        290483 |           0 |      290483 |    9077.5938 |
+---------------------------+---------+---------------+-------------+-------------+--------------+
+-----------------------------------+-------------+------------+------------+------------+------------+------------+------------+------------+------------+------------+-------------+-------------+-------------+-------------+-------------+-------------+-------------+-------------+-------------+-------------+-------------+-------------+-------------+-------------+-------------+-------------+-------------+-------------+-------------+-------------+-------------+-------------+
|               Metric              |  HWThread 0 | HWThread 1 | HWThread 2 | HWThread 3 | HWThread 4 | HWThread 5 | HWThread 6 | HWThread 7 | HWThread 8 | HWThread 9 | HWThread 10 | HWThread 11 | HWThread 12 | HWThread 13 | HWThread 14 | HWThread 15 | HWThread 16 | HWThread 17 | HWThread 18 | HWThread 19 | HWThread 20 | HWThread 21 | HWThread 22 | HWThread 23 | HWThread 24 | HWThread 25 | HWThread 26 | HWThread 27 | HWThread 28 | HWThread 29 | HWThread 30 | HWThread 31 |
+-----------------------------------+-------------+------------+------------+------------+------------+------------+------------+------------+------------+------------+-------------+-------------+-------------+-------------+-------------+-------------+-------------+-------------+-------------+-------------+-------------+-------------+-------------+-------------+-------------+-------------+-------------+-------------+-------------+-------------+-------------+-------------+
|        Runtime (RDTSC) [s]        |     19.6544 |    19.6547 |    19.6547 |    19.6547 |    19.6547 |    19.6547 |    19.6547 |    19.6547 |    19.6548 |    19.6547 |     19.6547 |     19.6547 |     19.6547 |     19.6548 |     19.6547 |     19.6547 |     19.6547 |     19.6548 |     19.6547 |     19.6547 |     19.6547 |     19.6547 |     19.6547 |     19.6547 |     19.6547 |     19.6547 |     19.6547 |     19.6547 |     19.6547 |     19.6547 |     19.6547 |     19.6547 |
|        Runtime unhalted [s]       |     17.5839 |    17.5838 |    17.5839 |    17.5839 |    17.5839 |    17.5838 |    17.5838 |    17.5838 |    17.5262 |    17.5261 |     17.5262 |     17.5262 |     17.5261 |     17.5262 |     17.5262 |     17.5262 |     17.6568 |     17.6569 |     17.6568 |     17.6567 |     17.6568 |     17.6568 |     17.6568 |     17.6568 |     17.5932 |     17.5932 |     17.5929 |     17.5931 |     17.5932 |     17.5932 |     17.5932 |     17.5932 |
|            Clock [MHz]            |   2412.2333 |  2412.2316 |  2412.2340 |  2412.2292 |  2412.2308 |  2412.2317 |  2412.2308 |  2412.2359 |  2404.3187 |  2404.3135 |   2404.3174 |   2404.3151 |   2404.3157 |   2404.3133 |   2404.3138 |   2404.3146 |   2422.2405 |   2422.2356 |   2422.2408 |   2422.2374 |   2422.2422 |   2422.2353 |   2422.2405 |   2422.2384 |   2413.5091 |   2413.5109 |   2413.5069 |   2413.5080 |   2413.5114 |   2413.5123 |   2413.5079 |   2413.5133 |
|                CPI                |     17.3802 |    17.2624 |    17.3920 |    17.2983 |    17.4589 |    17.3988 |    17.4882 |    17.4750 |    17.4279 |    17.3087 |     17.4547 |     17.4265 |     17.5005 |     17.4712 |     17.5224 |     17.5048 |     17.6119 |     17.5312 |     17.6449 |     17.5923 |     17.6678 |     17.6469 |     17.6852 |     17.6783 |     17.2464 |     17.1134 |     17.3361 |     17.2014 |     17.4080 |     17.3329 |     17.4773 |     17.4260 |
|  Memory read bandwidth [MBytes/s] |  74657.0869 |          0 |          0 |          0 |          0 |          0 |          0 |          0 |          0 |          0 |           0 |           0 |           0 |           0 |           0 |           0 |           0 |           0 |           0 |           0 |           0 |           0 |           0 |           0 |           0 |           0 |           0 |           0 |           0 |           0 |           0 |           0 |
|  Memory read data volume [GBytes] |   1467.3425 |          0 |          0 |          0 |          0 |          0 |          0 |          0 |          0 |          0 |           0 |           0 |           0 |           0 |           0 |           0 |           0 |           0 |           0 |           0 |           0 |           0 |           0 |           0 |           0 |           0 |           0 |           0 |           0 |           0 |           0 |           0 |
| Memory write bandwidth [MBytes/s] |  37314.0686 |          0 |          0 |          0 |          0 |          0 |          0 |          0 |          0 |          0 |           0 |           0 |           0 |           0 |           0 |           0 |           0 |           0 |           0 |           0 |           0 |           0 |           0 |           0 |           0 |           0 |           0 |           0 |           0 |           0 |           0 |           0 |
| Memory write data volume [GBytes] |    733.3867 |          0 |          0 |          0 |          0 |          0 |          0 |          0 |          0 |          0 |           0 |           0 |           0 |           0 |           0 |           0 |           0 |           0 |           0 |           0 |           0 |           0 |           0 |           0 |           0 |           0 |           0 |           0 |           0 |           0 |           0 |           0 |
|    Memory bandwidth [MBytes/s]    | 111971.1555 |          0 |          0 |          0 |          0 |          0 |          0 |          0 |          0 |          0 |           0 |           0 |           0 |           0 |           0 |           0 |           0 |           0 |           0 |           0 |           0 |           0 |           0 |           0 |           0 |           0 |           0 |           0 |           0 |           0 |           0 |           0 |
|    Memory data volume [GBytes]    |   2200.7292 |          0 |          0 |          0 |          0 |          0 |          0 |          0 |          0 |          0 |           0 |           0 |           0 |           0 |           0 |           0 |           0 |           0 |           0 |           0 |           0 |           0 |           0 |           0 |           0 |           0 |           0 |           0 |           0 |           0 |           0 |           0 |
+-----------------------------------+-------------+------------+------------+------------+------------+------------+------------+------------+------------+------------+-------------+-------------+-------------+-------------+-------------+-------------+-------------+-------------+-------------+-------------+-------------+-------------+-------------+-------------+-------------+-------------+-------------+-------------+-------------+-------------+-------------+-------------+
+----------------------------------------+-------------+-----------+-------------+-----------+
|                 Metric                 |     Sum     |    Min    |     Max     |    Avg    |
+----------------------------------------+-------------+-----------+-------------+-----------+
|        Runtime (RDTSC) [s] STAT        |    628.9504 |   19.6544 |     19.6548 |   19.6547 |
|        Runtime unhalted [s] STAT       |    562.8798 |   17.5261 |     17.6569 |   17.5900 |
|            Clock [MHz] STAT            |  77218.3699 | 2404.3133 |   2422.2422 | 2413.0741 |
|                CPI STAT                |    558.3705 |   17.1134 |     17.6852 |   17.4491 |
|  Memory read bandwidth [MBytes/s] STAT |  74657.0869 |         0 |  74657.0869 | 2333.0340 |
|  Memory read data volume [GBytes] STAT |   1467.3425 |         0 |   1467.3425 |   45.8545 |
| Memory write bandwidth [MBytes/s] STAT |  37314.0686 |         0 |  37314.0686 | 1166.0646 |
| Memory write data volume [GBytes] STAT |    733.3867 |         0 |    733.3867 |   22.9183 |
|    Memory bandwidth [MBytes/s] STAT    | 111971.1555 |         0 | 111971.1555 | 3499.0986 |
|    Memory data volume [GBytes] STAT    |   2200.7292 |         0 |   2200.7292 |   68.7728 |
+----------------------------------------+-------------+-----------+-------------+-----------+
