--------------------------------------------------------------------------------
CPU name:	AMD EPYC 9755 128-Core Processor               
CPU type:	AMD K1A (Zen5) architecture
CPU clock:	2.70 GHz
--------------------------------------------------------------------------------
Region bench, Group 1: FLOPS_SP
+-------------------+------------+------------+------------+------------+------------+------------+------------+------------+------------+------------+-------------+-------------+-------------+-------------+-------------+-------------+-------------+-------------+-------------+-------------+-------------+-------------+-------------+-------------+-------------+-------------+-------------+-------------+-------------+-------------+-------------+-------------+-------------+-------------+-------------+-------------+-------------+-------------+-------------+-------------+-------------+-------------+-------------+-------------+-------------+-------------+-------------+-------------+-------------+-------------+-------------+-------------+-------------+-------------+-------------+-------------+-------------+-------------+-------------+-------------+-------------+-------------+-------------+-------------+-------------+-------------+-------------+-------------+-------------+-------------+-------------+-------------+-------------+-------------+-------------+-------------+-------------+-------------+-------------+-------------+-------------+-------------+-------------+-------------+-------------+-------------+-------------+-------------+-------------+-------------+-------------+-------------+-------------+-------------+-------------+-------------+-------------+-------------+-------------+-------------+--------------+--------------+--------------+--------------+--------------+--------------+--------------+--------------+--------------+--------------+--------------+--------------+--------------+--------------+--------------+--------------+--------------+--------------+--------------+--------------+--------------+--------------+--------------+--------------+--------------+--------------+--------------+--------------+
|    Region Info    | HWThread 0 | HWThread 1 | HWThread 2 | HWThread 3 | HWThread 4 | HWThread 5 | HWThread 6 | HWThread 7 | HWThread 8 | HWThread 9 | HWThread 10 | HWThread 11 | HWThread 12 | HWThread 13 | HWThread 14 | HWThread 15 | HWThread 16 | HWThread 17 | HWThread 18 | HWThread 19 | HWThread 20 | HWThread 21 | HWThread 22 | HWThread 23 | HWThread 24 | HWThread 25 | HWThread 26 | HWThread 27 | HWThread 28 | HWThread 29 | HWThread 30 | HWThread 31 | HWThread 32 | HWThread 33 | HWThread 34 | HWThread 35 | HWThread 36 | HWThread 37 | HWThread 38 | HWThread 39 | HWThread 40 | HWThread 41 | HWThread 42 | HWThread 43 | HWThread 44 | HWThread 45 | HWThread 46 | HWThread 47 | HWThread 48 | HWThread 49 | HWThread 50 | HWThread 51 | HWThread 52 | HWThread 53 | HWThread 54 | HWThread 55 | HWThread 56 | HWThread 57 | HWThread 58 | HWThread 59 | HWThread 60 | HWThread 61 | HWThread 62 | HWThread 63 | HWThread 64 | HWThread 65 | HWThread 66 | HWThread 67 | HWThread 68 | HWThread 69 | HWThread 70 | HWThread 71 | HWThread 72 | HWThread 73 | HWThread 74 | HWThread 75 | HWThread 76 | HWThread 77 | HWThread 78 | HWThread 79 | HWThread 80 | HWThread 81 | HWThread 82 | HWThread 83 | HWThread 84 | HWThread 85 | HWThread 86 | HWThread 87 | HWThread 88 | HWThread 89 | HWThread 90 | HWThread 91 | HWThread 92 | HWThread 93 | HWThread 94 | HWThread 95 | HWThread 96 | HWThread 97 | HWThread 98 | HWThread 99 | HWThread 100 | HWThread 101 | HWThread 102 | HWThread 103 | HWThread 104 | HWThread 105 | HWThread 106 | HWThread 107 | HWThread 108 | HWThread 109 | HWThread 110 | HWThread 111 | HWThread 112 | HWThread 113 | HWThread 114 | HWThread 115 | HWThread 116 | HWThread 117 | HWThread 118 | HWThread 119 | HWThread 120 | HWThread 121 | HWThread 122 | HWThread 123 | HWThread 124 | HWThread 125 | HWThread 126 | HWThread 127 |
+-------------------+------------+------------+------------+------------+------------+------------+------------+------------+------------+------------+-------------+-------------+-------------+-------------+-------------+-------------+-------------+-------------+-------------+-------------+-------------+-------------+-------------+-------------+-------------+-------------+-------------+-------------+-------------+-------------+-------------+-------------+-------------+-------------+-------------+-------------+-------------+-------------+-------------+-------------+-------------+-------------+-------------+-------------+-------------+-------------+-------------+-------------+-------------+-------------+-------------+-------------+-------------+-------------+-------------+-------------+-------------+-------------+-------------+-------------+-------------+-------------+-------------+-------------+-------------+-------------+-------------+-------------+-------------+-------------+-------------+-------------+-------------+-------------+-------------+-------------+-------------+-------------+-------------+-------------+-------------+-------------+-------------+-------------+-------------+-------------+-------------+-------------+-------------+-------------+-------------+-------------+-------------+-------------+-------------+-------------+-------------+-------------+-------------+-------------+--------------+--------------+--------------+--------------+--------------+--------------+--------------+--------------+--------------+--------------+--------------+--------------+--------------+--------------+--------------+--------------+--------------+--------------+--------------+--------------+--------------+--------------+--------------+--------------+--------------+--------------+--------------+--------------+
| RDTSC Runtime [s] |   2.006476 |   2.006474 |   2.006473 |   2.006834 |   2.006834 |   2.006587 |   2.006485 |   2.006584 |   2.006503 |   2.006487 |    2.006583 |    2.006918 |    2.006499 |    2.006467 |    2.007539 |    2.006499 |    2.006618 |    2.006639 |    2.006521 |    2.006505 |    2.006848 |    2.006588 |    2.006837 |    2.006587 |    2.006484 |    2.006835 |    2.006505 |    2.006472 |    2.006675 |    2.006501 |    2.006500 |    2.006473 |    2.006590 |    2.006848 |    2.006525 |    2.006648 |    2.006647 |    2.007106 |    2.006818 |    2.006833 |    2.006845 |    2.006501 |    2.006587 |    2.006584 |    2.006587 |    2.006589 |    2.006562 |    2.006590 |    2.006525 |    2.006520 |    2.006521 |    2.006520 |    2.006498 |    2.006529 |    2.006522 |    2.006524 |    2.006821 |    2.006582 |    2.006614 |    2.006519 |    2.006570 |    2.006499 |    2.006588 |    2.006521 |    2.006588 |    2.007899 |    2.008263 |    2.006711 |    2.006860 |    2.006589 |    2.006525 |    2.006502 |    2.006504 |    2.006698 |    2.006505 |    2.006846 |    2.006854 |    2.006642 |    2.006639 |    2.006505 |    2.006603 |    2.006819 |    2.006724 |    2.006819 |    2.006723 |    2.006523 |    2.006723 |    2.006488 |    2.006500 |    2.006503 |    2.006504 |    2.006489 |    2.006521 |    2.006505 |    2.006504 |    2.006821 |    2.006503 |    2.006485 |    2.006523 |    2.006504 |     2.006488 |     2.006504 |     2.006521 |     2.006504 |     2.007709 |     2.008233 |     2.008237 |     2.006503 |     2.006504 |     2.007308 |     2.007093 |     2.006504 |     2.006836 |     2.006587 |     2.006586 |     2.006505 |     2.006505 |     2.006505 |     2.006505 |     2.006872 |     2.006500 |     2.006908 |     2.006893 |     2.006521 |     2.006521 |     2.006892 |     2.006930 |     2.006522 |
|     call count    |          1 |          1 |          1 |          1 |          1 |          1 |          1 |          1 |          1 |          1 |           1 |           1 |           1 |           1 |           1 |           1 |           1 |           1 |           1 |           1 |           1 |           1 |           1 |           1 |           1 |           1 |           1 |           1 |           1 |           1 |           1 |           1 |           1 |           1 |           1 |           1 |           1 |           1 |           1 |           1 |           1 |           1 |           1 |           1 |           1 |           1 |           1 |           1 |           1 |           1 |           1 |           1 |           1 |           1 |           1 |           1 |           1 |           1 |           1 |           1 |           1 |           1 |           1 |           1 |           1 |           1 |           1 |           1 |           1 |           1 |           1 |           1 |           1 |           1 |           1 |           1 |           1 |           1 |           1 |           1 |           1 |           1 |           1 |           1 |           1 |           1 |           1 |           1 |           1 |           1 |           1 |           1 |           1 |           1 |           1 |           1 |           1 |           1 |           1 |           1 |            1 |            1 |            1 |            1 |            1 |            1 |            1 |            1 |            1 |            1 |            1 |            1 |            1 |            1 |            1 |            1 |            1 |            1 |            1 |            1 |            1 |            1 |            1 |            1 |            1 |            1 |            1 |            1 |
+-------------------+------------+------------+------------+------------+------------+------------+------------+------------+------------+------------+-------------+-------------+-------------+-------------+-------------+-------------+-------------+-------------+-------------+-------------+-------------+-------------+-------------+-------------+-------------+-------------+-------------+-------------+-------------+-------------+-------------+-------------+-------------+-------------+-------------+-------------+-------------+-------------+-------------+-------------+-------------+-------------+-------------+-------------+-------------+-------------+-------------+-------------+-------------+-------------+-------------+-------------+-------------+-------------+-------------+-------------+-------------+-------------+-------------+-------------+-------------+-------------+-------------+-------------+-------------+-------------+-------------+-------------+-------------+-------------+-------------+-------------+-------------+-------------+-------------+-------------+-------------+-------------+-------------+-------------+-------------+-------------+-------------+-------------+-------------+-------------+-------------+-------------+-------------+-------------+-------------+-------------+-------------+-------------+-------------+-------------+-------------+-------------+-------------+-------------+--------------+--------------+--------------+--------------+--------------+--------------+--------------+--------------+--------------+--------------+--------------+--------------+--------------+--------------+--------------+--------------+--------------+--------------+--------------+--------------+--------------+--------------+--------------+--------------+--------------+--------------+--------------+--------------+
+-------------------------------------+---------+--------------+--------------+--------------+--------------+--------------+--------------+--------------+--------------+--------------+--------------+--------------+--------------+--------------+--------------+--------------+--------------+--------------+--------------+--------------+--------------+--------------+--------------+--------------+--------------+--------------+--------------+--------------+--------------+--------------+--------------+--------------+--------------+--------------+--------------+--------------+--------------+--------------+--------------+--------------+--------------+--------------+--------------+--------------+--------------+--------------+--------------+--------------+--------------+--------------+--------------+--------------+--------------+--------------+--------------+--------------+--------------+--------------+--------------+--------------+--------------+--------------+--------------+--------------+--------------+--------------+--------------+--------------+--------------+--------------+--------------+--------------+--------------+--------------+--------------+--------------+--------------+--------------+--------------+--------------+--------------+--------------+--------------+--------------+--------------+--------------+--------------+--------------+--------------+--------------+--------------+--------------+--------------+--------------+--------------+--------------+--------------+--------------+--------------+--------------+--------------+--------------+--------------+--------------+--------------+--------------+--------------+--------------+--------------+--------------+--------------+--------------+--------------+--------------+--------------+--------------+--------------+--------------+--------------+--------------+--------------+--------------+--------------+--------------+--------------+--------------+--------------+--------------+--------------+
|                Event                | Counter |  HWThread 0  |  HWThread 1  |  HWThread 2  |  HWThread 3  |  HWThread 4  |  HWThread 5  |  HWThread 6  |  HWThread 7  |  HWThread 8  |  HWThread 9  |  HWThread 10 |  HWThread 11 |  HWThread 12 |  HWThread 13 |  HWThread 14 |  HWThread 15 |  HWThread 16 |  HWThread 17 |  HWThread 18 |  HWThread 19 |  HWThread 20 |  HWThread 21 |  HWThread 22 |  HWThread 23 |  HWThread 24 |  HWThread 25 |  HWThread 26 |  HWThread 27 |  HWThread 28 |  HWThread 29 |  HWThread 30 |  HWThread 31 |  HWThread 32 |  HWThread 33 |  HWThread 34 |  HWThread 35 |  HWThread 36 |  HWThread 37 |  HWThread 38 |  HWThread 39 |  HWThread 40 |  HWThread 41 |  HWThread 42 |  HWThread 43 |  HWThread 44 |  HWThread 45 |  HWThread 46 |  HWThread 47 |  HWThread 48 |  HWThread 49 |  HWThread 50 |  HWThread 51 |  HWThread 52 |  HWThread 53 |  HWThread 54 |  HWThread 55 |  HWThread 56 |  HWThread 57 |  HWThread 58 |  HWThread 59 |  HWThread 60 |  HWThread 61 |  HWThread 62 |  HWThread 63 |  HWThread 64 |  HWThread 65 |  HWThread 66 |  HWThread 67 |  HWThread 68 |  HWThread 69 |  HWThread 70 |  HWThread 71 |  HWThread 72 |  HWThread 73 |  HWThread 74 |  HWThread 75 |  HWThread 76 |  HWThread 77 |  HWThread 78 |  HWThread 79 |  HWThread 80 |  HWThread 81 |  HWThread 82 |  HWThread 83 |  HWThread 84 |  HWThread 85 |  HWThread 86 |  HWThread 87 |  HWThread 88 |  HWThread 89 |  HWThread 90 |  HWThread 91 |  HWThread 92 |  HWThread 93 |  HWThread 94 |  HWThread 95 |  HWThread 96 |  HWThread 97 |  HWThread 98 |  HWThread 99 | HWThread 100 | HWThread 101 | HWThread 102 | HWThread 103 | HWThread 104 | HWThread 105 | HWThread 106 | HWThread 107 | HWThread 108 | HWThread 109 | HWThread 110 | HWThread 111 | HWThread 112 | HWThread 113 | HWThread 114 | HWThread 115 | HWThread 116 | HWThread 117 | HWThread 118 | HWThread 119 | HWThread 120 | HWThread 121 | HWThread 122 | HWThread 123 | HWThread 124 | HWThread 125 | HWThread 126 | HWThread 127 |
+-------------------------------------+---------+--------------+--------------+--------------+--------------+--------------+--------------+--------------+--------------+--------------+--------------+--------------+--------------+--------------+--------------+--------------+--------------+--------------+--------------+--------------+--------------+--------------+--------------+--------------+--------------+--------------+--------------+--------------+--------------+--------------+--------------+--------------+--------------+--------------+--------------+--------------+--------------+--------------+--------------+--------------+--------------+--------------+--------------+--------------+--------------+--------------+--------------+--------------+--------------+--------------+--------------+--------------+--------------+--------------+--------------+--------------+--------------+--------------+--------------+--------------+--------------+--------------+--------------+--------------+--------------+--------------+--------------+--------------+--------------+--------------+--------------+--------------+--------------+--------------+--------------+--------------+--------------+--------------+--------------+--------------+--------------+--------------+--------------+--------------+--------------+--------------+--------------+--------------+--------------+--------------+--------------+--------------+--------------+--------------+--------------+--------------+--------------+--------------+--------------+--------------+--------------+--------------+--------------+--------------+--------------+--------------+--------------+--------------+--------------+--------------+--------------+--------------+--------------+--------------+--------------+--------------+--------------+--------------+--------------+--------------+--------------+--------------+--------------+--------------+--------------+--------------+--------------+--------------+--------------+
|           ACTUAL_CPU_CLOCK          |  FIXC1  |   4848479000 |   4847570000 |   4847641000 |   4848176000 |   4848437000 |   4848662000 |   4847538000 |   4848687000 |   4819926000 |   4819926000 |   4820250000 |   4820915000 |   4820028000 |   4819915000 |   4821282000 |   4819975000 |   4861404000 |   4861348000 |   4861432000 |   4861112000 |   4861517000 |   4861768000 |   4861533000 |   4861354000 |   4836702000 |   4837256000 |   4836719000 |   4836616000 |   4837225000 |   4837326000 |   4836719000 |   4836614000 |   4821818000 |   4821184000 |   4821468000 |   4821526000 |   4821599000 |   4821950000 |   4821720000 |   4821902000 |   4842820000 |   4843001000 |   4843448000 |   4843449000 |   4843695000 |   4843494000 |   4843403000 |   4843918000 |   4846008000 |   4845932000 |   4846418000 |   4845926000 |   4846066000 |   4845984000 |   4846047000 |   4846032000 |   4837085000 |   4837237000 |   4836845000 |   4837248000 |   4836857000 |   4836550000 |   4837006000 |   4836943000 |   4825883000 |   4826344000 |   4826302000 |   4825204000 |   4825738000 |   4825905000 |   4825891000 |   4825070000 |   4846745000 |   4846206000 |   4846860000 |   4847039000 |   4847074000 |   4846607000 |   4846708000 |   4846969000 |   4847484000 |   4847450000 |   4848139000 |   4847462000 |   4847549000 |   4847816000 |   4847273000 |   4847478000 |   4840538000 |   4840538000 |   4840527000 |   4840515000 |   4841311000 |   4841374000 |   4840530000 |   4841052000 |   4850467000 |   4850497000 |   4851326000 |   4850474000 |   4850501000 |   4850595000 |   4851292000 |   4850468000 |   4848387000 |   4848385000 |   4848295000 |   4847858000 |   4848068000 |   4848140000 |   4848099000 |   4847656000 |   4856377000 |   4856451000 |   4856656000 |   4856875000 |   4856762000 |   4856210000 |   4856761000 |   4856980000 |   4833026000 |   4834109000 |   4833513000 |   4833130000 |   4834051000 |   4833986000 |   4834054000 |   4833957000 |
|            MAX_CPU_CLOCK            |  FIXC2  |   5412615000 |   5411193000 |   5411243000 |   5412140000 |   5412966000 |   5412195000 |   5411159000 |   5412239000 |   5412066000 |   5412031000 |   5412059000 |   5413232000 |   5412147000 |   5412201000 |   5414214000 |   5412096000 |   5413350000 |   5412840000 |   5413392000 |   5412725000 |   5413545000 |   5413252000 |   5413557000 |   5412791000 |   5412106000 |   5412995000 |   5412137000 |   5412074000 |   5412848000 |   5412656000 |   5412144000 |   5412220000 |   5413256000 |   5413056000 |   5412765000 |   5412831000 |   5412887000 |   5413912000 |   5413809000 |   5413099000 |   5412725000 |   5412644000 |   5412814000 |   5412823000 |   5413379000 |   5412844000 |   5412787000 |   5413325000 |   5412791000 |   5412762000 |   5413255000 |   5412763000 |   5412953000 |   5412771000 |   5412801000 |   5412802000 |   5413539000 |   5413201000 |   5412760000 |   5413169000 |   5412776000 |   5412675000 |   5412836000 |   5412782000 |   5413307000 |   5414802000 |   5414776000 |   5413196000 |   5413262000 |   5413321000 |   5413296000 |   5412694000 |   5413430000 |   5413075000 |   5413225000 |   5413423000 |   5414173000 |   5413344000 |   5413386000 |   5413232000 |   5412863000 |   5412932000 |   5413157000 |   5412885000 |   5412619000 |   5412703000 |   5412679000 |   5412859000 |   5412738000 |   5412746000 |   5412683000 |   5412634000 |   5413293000 |   5413170000 |   5412633000 |   5413421000 |   5412921000 |   5412514000 |   5413129000 |   5412919000 |   5412549000 |   5413029000 |   5413202000 |   5412891000 |   5414722000 |   5414745000 |   5414550000 |   5413236000 |   5413293000 |   5414494000 |   5414411000 |   5413360000 |   5413163000 |   5413384000 |   5412847000 |   5413250000 |   5413291000 |   5412705000 |   5413292000 |   5414254000 |   5412616000 |   5414166000 |   5413262000 |   5411876000 |   5413284000 |   5413895000 |   5413975000 |   5413104000 |
|         RETIRED_INSTRUCTIONS        |   PMC0  |  20412720000 |  20413060000 |  20412980000 |  20413080000 |  20413100000 |  20413110000 |  20412830000 |  20413160000 |  20407660000 |  20407770000 |  20407800000 |  20407960000 |  20407710000 |  20407750000 |  20408110000 |  20407750000 |  20415190000 |  20415250000 |  20415140000 |  20415170000 |  20415160000 |  20415200000 |  20415250000 |  20415220000 |  20410810000 |  20410980000 |  20410790000 |  20410830000 |  20410880000 |  20410850000 |  20410790000 |  20410710000 |  20408650000 |  20408740000 |  20408650000 |  20408090000 |  20408650000 |  20408870000 |  20408610000 |  20408730000 |  20412020000 |  20411970000 |  20411800000 |  20411970000 |  20411900000 |  20411940000 |  20411680000 |  20411910000 |  20412050000 |  20412120000 |  20412070000 |  20412070000 |  20412050000 |  20412100000 |  20411990000 |  20411950000 |  20410490000 |  20411070000 |  20411100000 |  20411080000 |  20410360000 |  20410280000 |  20410320000 |  20410280000 |  20408840000 |  20409280000 |  20409540000 |  20408880000 |  20408910000 |  20408850000 |  20408740000 |  20408740000 |  20412710000 |  20412710000 |  20412610000 |  20412710000 |  20412670000 |  20412610000 |  20412560000 |  20412570000 |  20412870000 |  20412880000 |  20412890000 |  20412960000 |  20412840000 |  20412830000 |  20412780000 |  20412760000 |  20411440000 |  20411570000 |  20411540000 |  20411440000 |  20410830000 |  20410800000 |  20410720000 |  20410810000 |  20413380000 |  20413440000 |  20413380000 |  20413410000 |  20413370000 |  20413420000 |  20413370000 |  20413380000 |  20413410000 |  20413550000 |  20413420000 |  20412790000 |  20412740000 |  20413120000 |  20412980000 |  20412760000 |  20414610000 |  20414550000 |  20414440000 |  20414470000 |  20414450000 |  20414500000 |  20414440000 |  20414570000 |  20410300000 |  20410450000 |  20410380000 |  20410270000 |  20409570000 |  20409660000 |  20409690000 |  20409500000 |
|         CPU_CLOCKS_UNHALTED         |   PMC1  |   4820973000 |   4823241000 |   4822499000 |   4823410000 |   4823627000 |   4823416000 |   4822387000 |   4823435000 |   4793321000 |   4793409000 |   4793567000 |   4794453000 |   4793234000 |   4793229000 |   4795317000 |   4793294000 |   4834718000 |   4835123000 |   4834542000 |   4834960000 |   4834746000 |   4835057000 |   4835138000 |   4835071000 |   4810758000 |   4811566000 |   4810409000 |   4810890000 |   4811083000 |   4810673000 |   4810453000 |   4810722000 |   4798335000 |   4799133000 |   4798382000 |   4797261000 |   4798493000 |   4799557000 |   4798217000 |   4798913000 |   4817740000 |   4817180000 |   4816828000 |   4816982000 |   4817073000 |   4816834000 |   4815735000 |   4817010000 |   4818526000 |   4818846000 |   4818657000 |   4818885000 |   4818668000 |   4818945000 |   4818453000 |   4818329000 |   4809153000 |   4812200000 |   4812254000 |   4812211000 |   4812053000 |   4811749000 |   4812011000 |   4811772000 |   4799272000 |   4802216000 |   4803486000 |   4799569000 |   4799765000 |   4799593000 |   4798854000 |   4798850000 |   4820288000 |   4821202000 |   4820456000 |   4821264000 |   4821096000 |   4820631000 |   4820151000 |   4820506000 |   4821740000 |   4822318000 |   4822017000 |   4822303000 |   4821784000 |   4821531000 |   4821486000 |   4821329000 |   4815012000 |   4815166000 |   4814904000 |   4814865000 |   4814792000 |   4814905000 |   4814491000 |   4814917000 |   4826204000 |   4826531000 |   4826254000 |   4826396000 |   4826199000 |   4826363000 |   4826231000 |   4826226000 |   4824530000 |   4825693000 |   4825633000 |   4821535000 |   4821291000 |   4823249000 |   4822492000 |   4821339000 |   4831603000 |   4831637000 |   4831440000 |   4831113000 |   4830950000 |   4831338000 |   4831136000 |   4831513000 |   4807824000 |   4808648000 |   4808281000 |   4807718000 |   4807673000 |   4808289000 |   4808452000 |   4807459000 |
|                MERGE                |   PMC3  |            0 |            0 |            0 |            0 |            0 |            0 |            0 |            0 |            0 |            0 |            0 |            0 |            0 |            0 |            0 |            0 |            0 |            0 |            0 |            0 |            0 |            0 |            0 |            0 |            0 |            0 |            0 |            0 |            0 |            0 |            0 |            0 |            0 |            0 |            0 |            0 |            0 |            0 |            0 |            0 |            0 |            0 |            0 |            0 |            0 |            0 |            0 |            0 |            0 |            0 |            0 |            0 |            0 |            0 |            0 |            0 |            0 |            0 |            0 |            0 |            0 |            0 |            0 |            0 |            0 |            0 |            0 |            0 |            0 |            0 |            0 |            0 |            0 |            0 |            0 |            0 |            0 |            0 |            0 |            0 |            0 |            0 |            0 |            0 |            0 |            0 |            0 |            0 |            0 |            0 |            0 |            0 |            0 |            0 |            0 |            0 |            0 |            0 |            0 |            0 |            0 |            0 |            0 |            0 |            0 |            0 |            0 |            0 |            0 |            0 |            0 |            0 |            0 |            0 |            0 |            0 |            0 |            0 |            0 |            0 |            0 |            0 |            0 |            0 |            0 |            0 |            0 |            0 |
| RETIRED_SSE_AVX_FLOPS_ALL_SP_SCALAR |   PMC2  |            0 |            0 |            0 |            0 |            0 |            0 |            0 |            0 |            0 |            0 |            0 |            0 |            0 |            0 |            0 |            0 |            0 |            0 |            0 |            0 |            0 |            0 |            0 |            0 |            0 |            0 |            0 |            0 |            0 |            0 |            0 |            0 |            0 |            0 |            0 |            0 |            0 |            0 |            0 |            0 |            0 |            0 |            0 |            0 |            0 |            0 |            0 |            0 |            0 |            0 |            0 |            0 |            0 |            0 |            0 |            0 |            0 |            0 |            0 |            0 |            0 |            0 |            0 |            0 |            0 |            0 |            0 |            0 |            0 |            0 |            0 |            0 |            0 |            0 |            0 |            0 |            0 |            0 |            0 |            0 |            0 |            0 |            0 |            0 |            0 |            0 |            0 |            0 |            0 |            0 |            0 |            0 |            0 |            0 |            0 |            0 |            0 |            0 |            0 |            0 |            0 |            0 |            0 |            0 |            0 |            0 |            0 |            0 |            0 |            0 |            0 |            0 |            0 |            0 |            0 |            0 |            0 |            0 |            0 |            0 |            0 |            0 |            0 |            0 |            0 |            0 |            0 |            0 |
|                MERGE                |   PMC5  |            0 |            0 |            0 |            0 |            0 |            0 |            0 |            0 |            0 |            0 |            0 |            0 |            0 |            0 |            0 |            0 |            0 |            0 |            0 |            0 |            0 |            0 |            0 |            0 |            0 |            0 |            0 |            0 |            0 |            0 |            0 |            0 |            0 |            0 |            0 |            0 |            0 |            0 |            0 |            0 |            0 |            0 |            0 |            0 |            0 |            0 |            0 |            0 |            0 |            0 |            0 |            0 |            0 |            0 |            0 |            0 |            0 |            0 |            0 |            0 |            0 |            0 |            0 |            0 |            0 |            0 |            0 |            0 |            0 |            0 |            0 |            0 |            0 |            0 |            0 |            0 |            0 |            0 |            0 |            0 |            0 |            0 |            0 |            0 |            0 |            0 |            0 |            0 |            0 |            0 |            0 |            0 |            0 |            0 |            0 |            0 |            0 |            0 |            0 |            0 |            0 |            0 |            0 |            0 |            0 |            0 |            0 |            0 |            0 |            0 |            0 |            0 |            0 |            0 |            0 |            0 |            0 |            0 |            0 |            0 |            0 |            0 |            0 |            0 |            0 |            0 |            0 |            0 |
| RETIRED_SSE_AVX_FLOPS_ALL_SP_PACKED |   PMC4  | 257698000000 | 257698000000 | 257698000000 | 257698000000 | 257698000000 | 257698000000 | 257698000000 | 257698000000 | 257698000000 | 257698000000 | 257698000000 | 257698000000 | 257698000000 | 257698000000 | 257698000000 | 257698000000 | 257698000000 | 257698000000 | 257698000000 | 257698000000 | 257698000000 | 257698000000 | 257698000000 | 257698000000 | 257698000000 | 257698000000 | 257698000000 | 257698000000 | 257698000000 | 257698000000 | 257698000000 | 257698000000 | 257698000000 | 257698000000 | 257698000000 | 257698000000 | 257698000000 | 257698000000 | 257698000000 | 257698000000 | 257698000000 | 257698000000 | 257698000000 | 257698000000 | 257698000000 | 257698000000 | 257698000000 | 257698000000 | 257698000000 | 257698000000 | 257698000000 | 257698000000 | 257698000000 | 257698000000 | 257698000000 | 257698000000 | 257698000000 | 257698000000 | 257698000000 | 257698000000 | 257698000000 | 257698000000 | 257698000000 | 257698000000 | 257698000000 | 257698000000 | 257698000000 | 257698000000 | 257698000000 | 257698000000 | 257698000000 | 257698000000 | 257698000000 | 257698000000 | 257698000000 | 257698000000 | 257698000000 | 257698000000 | 257698000000 | 257698000000 | 257698000000 | 257698000000 | 257698000000 | 257698000000 | 257698000000 | 257698000000 | 257698000000 | 257698000000 | 257698000000 | 257698000000 | 257698000000 | 257698000000 | 257698000000 | 257698000000 | 257698000000 | 257698000000 | 257698000000 | 257698000000 | 257698000000 | 257698000000 | 257698000000 | 257698000000 | 257698000000 | 257698000000 | 257698000000 | 257698000000 | 257698000000 | 257698000000 | 257698000000 | 257698000000 | 257698000000 | 257698000000 | 257698000000 | 257698000000 | 257698000000 | 257698000000 | 257698000000 | 257698000000 | 257698000000 | 257698000000 | 257698000000 | 257698000000 | 257698000000 | 257698000000 | 257698000000 | 257698000000 | 257698000000 | 257698000000 |
+-------------------------------------+---------+--------------+--------------+--------------+--------------+--------------+--------------+--------------+--------------+--------------+--------------+--------------+--------------+--------------+--------------+--------------+--------------+--------------+--------------+--------------+--------------+--------------+--------------+--------------+--------------+--------------+--------------+--------------+--------------+--------------+--------------+--------------+--------------+--------------+--------------+--------------+--------------+--------------+--------------+--------------+--------------+--------------+--------------+--------------+--------------+--------------+--------------+--------------+--------------+--------------+--------------+--------------+--------------+--------------+--------------+--------------+--------------+--------------+--------------+--------------+--------------+--------------+--------------+--------------+--------------+--------------+--------------+--------------+--------------+--------------+--------------+--------------+--------------+--------------+--------------+--------------+--------------+--------------+--------------+--------------+--------------+--------------+--------------+--------------+--------------+--------------+--------------+--------------+--------------+--------------+--------------+--------------+--------------+--------------+--------------+--------------+--------------+--------------+--------------+--------------+--------------+--------------+--------------+--------------+--------------+--------------+--------------+--------------+--------------+--------------+--------------+--------------+--------------+--------------+--------------+--------------+--------------+--------------+--------------+--------------+--------------+--------------+--------------+--------------+--------------+--------------+--------------+--------------+--------------+
+------------------------------------------+---------+----------------+--------------+--------------+--------------+
|                   Event                  | Counter |       Sum      |      Min     |      Max     |      Avg     |
+------------------------------------------+---------+----------------+--------------+--------------+--------------+
|           ACTUAL_CPU_CLOCK STAT          |  FIXC1  |   619719618000 |   4819915000 |   4861768000 | 4.841560e+09 |
|            MAX_CPU_CLOCK STAT            |  FIXC2  |   692866306000 |   5411159000 |   5414802000 | 5.413018e+09 |
|         RETIRED_INSTRUCTIONS STAT        |   PMC0  |  2612692990000 |  20407660000 |  20415250000 | 2.041166e+10 |
|         CPU_CLOCKS_UNHALTED STAT         |   PMC1  |   616437105000 |   4793229000 |   4835138000 | 4.815915e+09 |
|                MERGE STAT                |   PMC3  |              0 |            0 |            0 |            0 |
| RETIRED_SSE_AVX_FLOPS_ALL_SP_SCALAR STAT |   PMC2  |              0 |            0 |            0 |            0 |
|                MERGE STAT                |   PMC5  |              0 |            0 |            0 |            0 |
| RETIRED_SSE_AVX_FLOPS_ALL_SP_PACKED STAT |   PMC4  | 32985344000000 | 257698000000 | 257698000000 | 257698000000 |
+------------------------------------------+---------+----------------+--------------+--------------+--------------+
+----------------------+-------------+-------------+-------------+-------------+-------------+-------------+-------------+-------------+-------------+-------------+-------------+-------------+-------------+-------------+-------------+-------------+-------------+-------------+-------------+-------------+-------------+-------------+-------------+-------------+-------------+-------------+-------------+-------------+-------------+-------------+-------------+-------------+-------------+-------------+-------------+-------------+-------------+-------------+-------------+-------------+-------------+-------------+-------------+-------------+-------------+-------------+-------------+-------------+-------------+-------------+-------------+-------------+-------------+-------------+-------------+-------------+-------------+-------------+-------------+-------------+-------------+-------------+-------------+-------------+-------------+-------------+-------------+-------------+-------------+-------------+-------------+-------------+-------------+-------------+-------------+-------------+-------------+-------------+-------------+-------------+-------------+-------------+-------------+-------------+-------------+-------------+-------------+-------------+-------------+-------------+-------------+-------------+-------------+-------------+-------------+-------------+-------------+-------------+-------------+-------------+--------------+--------------+--------------+--------------+--------------+--------------+--------------+--------------+--------------+--------------+--------------+--------------+--------------+--------------+--------------+--------------+--------------+--------------+--------------+--------------+--------------+--------------+--------------+--------------+--------------+--------------+--------------+--------------+
|        Metric        |  HWThread 0 |  HWThread 1 |  HWThread 2 |  HWThread 3 |  HWThread 4 |  HWThread 5 |  HWThread 6 |  HWThread 7 |  HWThread 8 |  HWThread 9 | HWThread 10 | HWThread 11 | HWThread 12 | HWThread 13 | HWThread 14 | HWThread 15 | HWThread 16 | HWThread 17 | HWThread 18 | HWThread 19 | HWThread 20 | HWThread 21 | HWThread 22 | HWThread 23 | HWThread 24 | HWThread 25 | HWThread 26 | HWThread 27 | HWThread 28 | HWThread 29 | HWThread 30 | HWThread 31 | HWThread 32 | HWThread 33 | HWThread 34 | HWThread 35 | HWThread 36 | HWThread 37 | HWThread 38 | HWThread 39 | HWThread 40 | HWThread 41 | HWThread 42 | HWThread 43 | HWThread 44 | HWThread 45 | HWThread 46 | HWThread 47 | HWThread 48 | HWThread 49 | HWThread 50 | HWThread 51 | HWThread 52 | HWThread 53 | HWThread 54 | HWThread 55 | HWThread 56 | HWThread 57 | HWThread 58 | HWThread 59 | HWThread 60 | HWThread 61 | HWThread 62 | HWThread 63 | HWThread 64 | HWThread 65 | HWThread 66 | HWThread 67 | HWThread 68 | HWThread 69 | HWThread 70 | HWThread 71 | HWThread 72 | HWThread 73 | HWThread 74 | HWThread 75 | HWThread 76 | HWThread 77 | HWThread 78 | HWThread 79 | HWThread 80 | HWThread 81 | HWThread 82 | HWThread 83 | HWThread 84 | HWThread 85 | HWThread 86 | HWThread 87 | HWThread 88 | HWThread 89 | HWThread 90 | HWThread 91 | HWThread 92 | HWThread 93 | HWThread 94 | HWThread 95 | HWThread 96 | HWThread 97 | HWThread 98 | HWThread 99 | HWThread 100 | HWThread 101 | HWThread 102 | HWThread 103 | HWThread 104 | HWThread 105 | HWThread 106 | HWThread 107 | HWThread 108 | HWThread 109 | HWThread 110 | HWThread 111 | HWThread 112 | HWThread 113 | HWThread 114 | HWThread 115 | HWThread 116 | HWThread 117 | HWThread 118 | HWThread 119 | HWThread 120 | HWThread 121 | HWThread 122 | HWThread 123 | HWThread 124 | HWThread 125 | HWThread 126 | HWThread 127 |
+----------------------+-------------+-------------+-------------+-------------+-------------+-------------+-------------+-------------+-------------+-------------+-------------+-------------+-------------+-------------+-------------+-------------+-------------+-------------+-------------+-------------+-------------+-------------+-------------+-------------+-------------+-------------+-------------+-------------+-------------+-------------+-------------+-------------+-------------+-------------+-------------+-------------+-------------+-------------+-------------+-------------+-------------+-------------+-------------+-------------+-------------+-------------+-------------+-------------+-------------+-------------+-------------+-------------+-------------+-------------+-------------+-------------+-------------+-------------+-------------+-------------+-------------+-------------+-------------+-------------+-------------+-------------+-------------+-------------+-------------+-------------+-------------+-------------+-------------+-------------+-------------+-------------+-------------+-------------+-------------+-------------+-------------+-------------+-------------+-------------+-------------+-------------+-------------+-------------+-------------+-------------+-------------+-------------+-------------+-------------+-------------+-------------+-------------+-------------+-------------+-------------+--------------+--------------+--------------+--------------+--------------+--------------+--------------+--------------+--------------+--------------+--------------+--------------+--------------+--------------+--------------+--------------+--------------+--------------+--------------+--------------+--------------+--------------+--------------+--------------+--------------+--------------+--------------+--------------+
|  Runtime (RDTSC) [s] |      2.0065 |      2.0065 |      2.0065 |      2.0068 |      2.0068 |      2.0066 |      2.0065 |      2.0066 |      2.0065 |      2.0065 |      2.0066 |      2.0069 |      2.0065 |      2.0065 |      2.0075 |      2.0065 |      2.0066 |      2.0066 |      2.0065 |      2.0065 |      2.0068 |      2.0066 |      2.0068 |      2.0066 |      2.0065 |      2.0068 |      2.0065 |      2.0065 |      2.0067 |      2.0065 |      2.0065 |      2.0065 |      2.0066 |      2.0068 |      2.0065 |      2.0066 |      2.0066 |      2.0071 |      2.0068 |      2.0068 |      2.0068 |      2.0065 |      2.0066 |      2.0066 |      2.0066 |      2.0066 |      2.0066 |      2.0066 |      2.0065 |      2.0065 |      2.0065 |      2.0065 |      2.0065 |      2.0065 |      2.0065 |      2.0065 |      2.0068 |      2.0066 |      2.0066 |      2.0065 |      2.0066 |      2.0065 |      2.0066 |      2.0065 |      2.0066 |      2.0079 |      2.0083 |      2.0067 |      2.0069 |      2.0066 |      2.0065 |      2.0065 |      2.0065 |      2.0067 |      2.0065 |      2.0068 |      2.0069 |      2.0066 |      2.0066 |      2.0065 |      2.0066 |      2.0068 |      2.0067 |      2.0068 |      2.0067 |      2.0065 |      2.0067 |      2.0065 |      2.0065 |      2.0065 |      2.0065 |      2.0065 |      2.0065 |      2.0065 |      2.0065 |      2.0068 |      2.0065 |      2.0065 |      2.0065 |      2.0065 |       2.0065 |       2.0065 |       2.0065 |       2.0065 |       2.0077 |       2.0082 |       2.0082 |       2.0065 |       2.0065 |       2.0073 |       2.0071 |       2.0065 |       2.0068 |       2.0066 |       2.0066 |       2.0065 |       2.0065 |       2.0065 |       2.0065 |       2.0069 |       2.0065 |       2.0069 |       2.0069 |       2.0065 |       2.0065 |       2.0069 |       2.0069 |       2.0065 |
| Runtime unhalted [s] |      1.7982 |      1.7979 |      1.7979 |      1.7981 |      1.7982 |      1.7983 |      1.7979 |      1.7983 |      1.7876 |      1.7876 |      1.7877 |      1.7880 |      1.7877 |      1.7876 |      1.7881 |      1.7876 |      1.8030 |      1.8030 |      1.8030 |      1.8029 |      1.8030 |      1.8031 |      1.8030 |      1.8030 |      1.7938 |      1.7940 |      1.7938 |      1.7938 |      1.7940 |      1.7941 |      1.7938 |      1.7938 |      1.7883 |      1.7881 |      1.7882 |      1.7882 |      1.7882 |      1.7884 |      1.7883 |      1.7883 |      1.7961 |      1.7962 |      1.7963 |      1.7963 |      1.7964 |      1.7964 |      1.7963 |      1.7965 |      1.7973 |      1.7973 |      1.7974 |      1.7973 |      1.7973 |      1.7973 |      1.7973 |      1.7973 |      1.7940 |      1.7940 |      1.7939 |      1.7940 |      1.7939 |      1.7938 |      1.7940 |      1.7939 |      1.7898 |      1.7900 |      1.7900 |      1.7896 |      1.7898 |      1.7898 |      1.7898 |      1.7895 |      1.7976 |      1.7974 |      1.7976 |      1.7977 |      1.7977 |      1.7975 |      1.7975 |      1.7976 |      1.7978 |      1.7978 |      1.7981 |      1.7978 |      1.7979 |      1.7980 |      1.7978 |      1.7978 |      1.7953 |      1.7953 |      1.7953 |      1.7953 |      1.7955 |      1.7956 |      1.7953 |      1.7955 |      1.7989 |      1.7990 |      1.7993 |      1.7989 |       1.7990 |       1.7990 |       1.7993 |       1.7989 |       1.7982 |       1.7982 |       1.7981 |       1.7980 |       1.7981 |       1.7981 |       1.7981 |       1.7979 |       1.8011 |       1.8012 |       1.8012 |       1.8013 |       1.8013 |       1.8011 |       1.8013 |       1.8014 |       1.7925 |       1.7929 |       1.7927 |       1.7925 |       1.7929 |       1.7928 |       1.7929 |       1.7928 |
|      Clock [MHz]     |   2415.2621 |   2415.4439 |   2415.4569 |   2415.3231 |   2415.0846 |   2415.5407 |   2415.4431 |   2415.5335 |   2401.2820 |   2401.2976 |   2401.4466 |   2401.2574 |   2401.2969 |   2401.2167 |   2401.0047 |   2401.2931 |   2421.3719 |   2421.5721 |   2421.3670 |   2421.5060 |   2421.3409 |   2421.5970 |   2421.3435 |   2421.5970 |   2409.6220 |   2409.5022 |   2409.6167 |   2409.5934 |   2409.5522 |   2409.6880 |   2409.6136 |   2409.5274 |   2401.6965 |   2401.4695 |   2401.7401 |   2401.7397 |   2401.7512 |   2401.4713 |   2401.4024 |   2401.8080 |   2412.3941 |   2412.5203 |   2412.6672 |   2412.6637 |   2412.5384 |   2412.6768 |   2412.6568 |   2412.6736 |   2413.9527 |   2413.9278 |   2413.9500 |   2413.9243 |   2413.9093 |   2413.9496 |   2413.9677 |   2413.9597 |   2409.1749 |   2409.4011 |   2409.4021 |   2409.4208 |   2409.4010 |   2409.2930 |   2409.4485 |   2409.4411 |   2403.6986 |   2403.2645 |   2403.2552 |   2403.4097 |   2403.6464 |   2403.7034 |   2403.7075 |   2403.5659 |   2414.0348 |   2413.9247 |   2414.1835 |   2414.1844 |   2413.8674 |   2414.0044 |   2414.0360 |   2414.2347 |   2414.6558 |   2414.6081 |   2414.8509 |   2414.6350 |   2414.7970 |   2414.8926 |   2414.6328 |   2414.6546 |   2411.2515 |   2411.2479 |   2411.2705 |   2411.2864 |   2411.3893 |   2411.4755 |   2411.2943 |   2411.2033 |   2416.1158 |   2416.3125 |   2416.4509 |   2416.1202 |    2416.2988 |    2416.1314 |    2416.4013 |    2416.1297 |    2414.2765 |    2414.2652 |    2414.3073 |    2414.6757 |    2414.7549 |    2414.2551 |    2414.2717 |    2414.5198 |    2418.9516 |    2418.8897 |    2419.2318 |    2419.1607 |    2419.0861 |    2419.0731 |    2419.0852 |    2418.7644 |    2407.5638 |    2407.4139 |    2407.5190 |    2407.9448 |    2407.7772 |    2407.4731 |    2407.4714 |    2407.8105 |
|          CPI         |      0.2362 |      0.2363 |      0.2362 |      0.2363 |      0.2363 |      0.2363 |      0.2362 |      0.2363 |      0.2349 |      0.2349 |      0.2349 |      0.2349 |      0.2349 |      0.2349 |      0.2350 |      0.2349 |      0.2368 |      0.2368 |      0.2368 |      0.2368 |      0.2368 |      0.2368 |      0.2368 |      0.2368 |      0.2357 |      0.2357 |      0.2357 |      0.2357 |      0.2357 |      0.2357 |      0.2357 |      0.2357 |      0.2351 |      0.2352 |      0.2351 |      0.2351 |      0.2351 |      0.2352 |      0.2351 |      0.2351 |      0.2360 |      0.2360 |      0.2360 |      0.2360 |      0.2360 |      0.2360 |      0.2359 |      0.2360 |      0.2361 |      0.2361 |      0.2361 |      0.2361 |      0.2361 |      0.2361 |      0.2361 |      0.2361 |      0.2356 |      0.2358 |      0.2358 |      0.2358 |      0.2358 |      0.2358 |      0.2358 |      0.2358 |      0.2352 |      0.2353 |      0.2354 |      0.2352 |      0.2352 |      0.2352 |      0.2351 |      0.2351 |      0.2361 |      0.2362 |      0.2362 |      0.2362 |      0.2362 |      0.2362 |      0.2361 |      0.2362 |      0.2362 |      0.2362 |      0.2362 |      0.2362 |      0.2362 |      0.2362 |      0.2362 |      0.2362 |      0.2359 |      0.2359 |      0.2359 |      0.2359 |      0.2359 |      0.2359 |      0.2359 |      0.2359 |      0.2364 |      0.2364 |      0.2364 |      0.2364 |       0.2364 |       0.2364 |       0.2364 |       0.2364 |       0.2363 |       0.2364 |       0.2364 |       0.2362 |       0.2362 |       0.2363 |       0.2362 |       0.2362 |       0.2367 |       0.2367 |       0.2367 |       0.2367 |       0.2366 |       0.2367 |       0.2367 |       0.2367 |       0.2356 |       0.2356 |       0.2356 |       0.2356 |       0.2356 |       0.2356 |       0.2356 |       0.2356 |
|     SP [MFLOP/s]     | 128433.1335 | 128433.2615 | 128433.3255 | 128410.2223 | 128410.2223 | 128426.0289 | 128432.5574 | 128426.2209 | 128431.4053 | 128432.4294 | 128426.2849 | 128404.8476 | 128431.6613 | 128433.7096 | 128365.1277 | 128431.6613 | 128424.0448 | 128422.7008 | 128430.2532 | 128431.2773 | 128409.3265 | 128425.9649 | 128410.0303 | 128426.0289 | 128432.6214 | 128410.1583 | 128431.2773 | 128433.3896 | 128420.3969 | 128431.5333 | 128431.5973 | 128433.3255 | 128425.8369 | 128409.3265 | 128429.9971 | 128422.1249 | 128422.1889 | 128392.8203 | 128411.2461 | 128410.2863 | 128409.5184 | 128431.5333 | 128426.0289 | 128426.2209 | 128426.0289 | 128425.9009 | 128427.6289 | 128425.8369 | 128429.9971 | 128430.3172 | 128430.2532 | 128430.3172 | 128431.7253 | 128429.7411 | 128430.1892 | 128430.0611 | 128411.0541 | 128426.3489 | 128424.3008 | 128430.3812 | 128427.1169 | 128431.6613 | 128425.9649 | 128430.2532 | 128425.9649 | 128342.1128 | 128318.8507 | 128418.0931 | 128408.5586 | 128425.9009 | 128429.9971 | 128431.4693 | 128431.3413 | 128418.9250 | 128431.2773 | 128409.4544 | 128408.9426 | 128422.5088 | 128422.7008 | 128431.2773 | 128425.0048 | 128411.1821 | 128417.2612 | 128411.1821 | 128417.3252 | 128430.1251 | 128417.3252 | 128432.3654 | 128431.5973 | 128431.4053 | 128431.3413 | 128432.3014 | 128430.2532 | 128431.2773 | 128431.3413 | 128411.0541 | 128431.4053 | 128432.5574 | 128430.1251 | 128431.3413 |  128432.3654 |  128431.3413 |  128430.2532 |  128431.3413 |  128354.2585 |  128320.7676 |  128320.5120 |  128431.4053 |  128431.3413 |  128379.8998 |  128393.6519 |  128431.3413 |  128410.0943 |  128426.0289 |  128426.0929 |  128431.2773 |  128431.2773 |  128431.2773 |  128431.2773 |  128407.7908 |  128431.5973 |  128405.4874 |  128406.4472 |  128430.2532 |  128430.2532 |  128406.5112 |  128404.0799 |  128430.1892 |
+----------------------+-------------+-------------+-------------+-------------+-------------+-------------+-------------+-------------+-------------+-------------+-------------+-------------+-------------+-------------+-------------+-------------+-------------+-------------+-------------+-------------+-------------+-------------+-------------+-------------+-------------+-------------+-------------+-------------+-------------+-------------+-------------+-------------+-------------+-------------+-------------+-------------+-------------+-------------+-------------+-------------+-------------+-------------+-------------+-------------+-------------+-------------+-------------+-------------+-------------+-------------+-------------+-------------+-------------+-------------+-------------+-------------+-------------+-------------+-------------+-------------+-------------+-------------+-------------+-------------+-------------+-------------+-------------+-------------+-------------+-------------+-------------+-------------+-------------+-------------+-------------+-------------+-------------+-------------+-------------+-------------+-------------+-------------+-------------+-------------+-------------+-------------+-------------+-------------+-------------+-------------+-------------+-------------+-------------+-------------+-------------+-------------+-------------+-------------+-------------+-------------+--------------+--------------+--------------+--------------+--------------+--------------+--------------+--------------+--------------+--------------+--------------+--------------+--------------+--------------+--------------+--------------+--------------+--------------+--------------+--------------+--------------+--------------+--------------+--------------+--------------+--------------+--------------+--------------+
+---------------------------+--------------+-------------+-------------+-------------+
|           Metric          |      Sum     |     Min     |     Max     |     Avg     |
+---------------------------+--------------+-------------+-------------+-------------+
|  Runtime (RDTSC) [s] STAT |     256.8544 |      2.0065 |      2.0083 |      2.0067 |
| Runtime unhalted [s] STAT |     229.8422 |      1.7876 |      1.8031 |      1.7956 |
|      Clock [MHz] STAT     |  308689.3567 |   2401.0047 |   2421.5970 |   2411.6356 |
|          CPI STAT         |      30.2009 |      0.2349 |      0.2368 |      0.2359 |
|     SP [MFLOP/s] STAT     | 1.643776e+07 | 128318.8507 | 128433.7096 | 128420.0140 |
+---------------------------+--------------+-------------+-------------+-------------+
