--------------------------------------------------------------------------------
CPU name:	AMD EPYC 9755 128-Core Processor               
CPU type:	AMD K1A (Zen5) architecture
CPU clock:	2.70 GHz
--------------------------------------------------------------------------------
Region bench, Group 1: FLOPS_SP
+-------------------+------------+------------+------------+------------+------------+------------+------------+------------+------------+------------+-------------+-------------+-------------+-------------+-------------+-------------+-------------+-------------+-------------+-------------+-------------+-------------+-------------+-------------+-------------+-------------+-------------+-------------+-------------+-------------+-------------+-------------+
|    Region Info    | HWThread 0 | HWThread 1 | HWThread 2 | HWThread 3 | HWThread 4 | HWThread 5 | HWThread 6 | HWThread 7 | HWThread 8 | HWThread 9 | HWThread 10 | HWThread 11 | HWThread 12 | HWThread 13 | HWThread 14 | HWThread 15 | HWThread 16 | HWThread 17 | HWThread 18 | HWThread 19 | HWThread 20 | HWThread 21 | HWThread 22 | HWThread 23 | HWThread 24 | HWThread 25 | HWThread 26 | HWThread 27 | HWThread 28 | HWThread 29 | HWThread 30 | HWThread 31 |
+-------------------+------------+------------+------------+------------+------------+------------+------------+------------+------------+------------+-------------+-------------+-------------+-------------+-------------+-------------+-------------+-------------+-------------+-------------+-------------+-------------+-------------+-------------+-------------+-------------+-------------+-------------+-------------+-------------+-------------+-------------+
| RDTSC Runtime [s] |   2.000309 |   2.000293 |   2.000293 |   2.000310 |   2.000309 |   2.000296 |   2.000310 |   2.000299 |   2.000307 |   2.000364 |    2.000310 |    2.000276 |    2.000284 |    2.000310 |    2.000311 |    2.000305 |    2.000349 |    2.000322 |    2.000326 |    2.000322 |    2.000286 |    2.000326 |    2.000321 |    2.000274 |    2.000306 |    2.000307 |    2.000274 |    2.000350 |    2.000273 |    2.000271 |    2.000350 |    2.000298 |
|     call count    |          1 |          1 |          1 |          1 |          1 |          1 |          1 |          1 |          1 |          1 |           1 |           1 |           1 |           1 |           1 |           1 |           1 |           1 |           1 |           1 |           1 |           1 |           1 |           1 |           1 |           1 |           1 |           1 |           1 |           1 |           1 |           1 |
+-------------------+------------+------------+------------+------------+------------+------------+------------+------------+------------+------------+-------------+-------------+-------------+-------------+-------------+-------------+-------------+-------------+-------------+-------------+-------------+-------------+-------------+-------------+-------------+-------------+-------------+-------------+-------------+-------------+-------------+-------------+
+-------------------------------------+---------+--------------+--------------+--------------+--------------+--------------+--------------+--------------+--------------+--------------+--------------+--------------+--------------+--------------+--------------+--------------+--------------+--------------+--------------+--------------+--------------+--------------+--------------+--------------+--------------+--------------+--------------+--------------+--------------+--------------+--------------+--------------+--------------+
|                Event                | Counter |  HWThread 0  |  HWThread 1  |  HWThread 2  |  HWThread 3  |  HWThread 4  |  HWThread 5  |  HWThread 6  |  HWThread 7  |  HWThread 8  |  HWThread 9  |  HWThread 10 |  HWThread 11 |  HWThread 12 |  HWThread 13 |  HWThread 14 |  HWThread 15 |  HWThread 16 |  HWThread 17 |  HWThread 18 |  HWThread 19 |  HWThread 20 |  HWThread 21 |  HWThread 22 |  HWThread 23 |  HWThread 24 |  HWThread 25 |  HWThread 26 |  HWThread 27 |  HWThread 28 |  HWThread 29 |  HWThread 30 |  HWThread 31 |
+-------------------------------------+---------+--------------+--------------+--------------+--------------+--------------+--------------+--------------+--------------+--------------+--------------+--------------+--------------+--------------+--------------+--------------+--------------+--------------+--------------+--------------+--------------+--------------+--------------+--------------+--------------+--------------+--------------+--------------+--------------+--------------+--------------+--------------+--------------+
|           ACTUAL_CPU_CLOCK          |  FIXC1  |   4829946000 |   4830015000 |   4829882000 |   4830047000 |   4830052000 |   4829910000 |   4830025000 |   4830061000 |   4812122000 |   4812133000 |   4812046000 |   4811878000 |   4812075000 |   4811989000 |   4812047000 |   4811917000 |   4849815000 |   4849811000 |   4849813000 |   4849798000 |   4849794000 |   4849804000 |   4849775000 |   4849719000 |   4826233000 |   4826219000 |   4826199000 |   4826227000 |   4825975000 |   4825992000 |   4826172000 |   4826220000 |
|            MAX_CPU_CLOCK            |  FIXC2  |   5394374000 |   5394376000 |   5394268000 |   5394422000 |   5394505000 |   5394254000 |   5394481000 |   5394501000 |   5394582000 |   5394626000 |   5394493000 |   5394172000 |   5394454000 |   5394486000 |   5394488000 |   5394499000 |   5394513000 |   5394443000 |   5394503000 |   5394463000 |   5394360000 |   5394468000 |   5394495000 |   5394358000 |   5394553000 |   5394461000 |   5394372000 |   5394473000 |   5394214000 |   5394229000 |   5394513000 |   5394521000 |
|         RETIRED_INSTRUCTIONS        |   PMC0  |  20411150000 |  20411800000 |  20411750000 |  20411740000 |  20411740000 |  20411760000 |  20411560000 |  20411750000 |  20408310000 |  20408350000 |  20408340000 |  20408350000 |  20408300000 |  20407660000 |  20408290000 |  20408170000 |  20415080000 |  20415080000 |  20415060000 |  20415050000 |  20415060000 |  20415110000 |  20414960000 |  20415010000 |  20410830000 |  20410890000 |  20410850000 |  20410880000 |  20410840000 |  20410830000 |  20410800000 |  20410840000 |
|         CPU_CLOCKS_UNHALTED         |   PMC1  |   4812387000 |   4815994000 |   4815693000 |   4815962000 |   4815755000 |   4815860000 |   4815406000 |   4815661000 |   4796396000 |   4796509000 |   4796425000 |   4796596000 |   4796487000 |   4796579000 |   4796443000 |   4796244000 |   4834229000 |   4834325000 |   4834077000 |   4834207000 |   4834100000 |   4834366000 |   4834009000 |   4833930000 |   4810720000 |   4810862000 |   4810576000 |   4810951000 |   4810807000 |   4810570000 |   4810638000 |   4810602000 |
|                MERGE                |   PMC3  |            0 |            0 |            0 |            0 |            0 |            0 |            0 |            0 |            0 |            0 |            0 |            0 |            0 |            0 |            0 |            0 |            0 |            0 |            0 |            0 |            0 |            0 |            0 |            0 |            0 |            0 |            0 |            0 |            0 |            0 |            0 |            0 |
| RETIRED_SSE_AVX_FLOPS_ALL_SP_SCALAR |   PMC2  |            0 |            0 |            0 |            0 |            0 |            0 |            0 |            0 |            0 |            0 |            0 |            0 |            0 |            0 |            0 |            0 |            0 |            0 |            0 |            0 |            0 |            0 |            0 |            0 |            0 |            0 |            0 |            0 |            0 |            0 |            0 |            0 |
|                MERGE                |   PMC5  |            0 |            0 |            0 |            0 |            0 |            0 |            0 |            0 |            0 |            0 |            0 |            0 |            0 |            0 |            0 |            0 |            0 |            0 |            0 |            0 |            0 |            0 |            0 |            0 |            0 |            0 |            0 |            0 |            0 |            0 |            0 |            0 |
| RETIRED_SSE_AVX_FLOPS_ALL_SP_PACKED |   PMC4  | 257698000000 | 257698000000 | 257698000000 | 257698000000 | 257698000000 | 257698000000 | 257698000000 | 257698000000 | 257698000000 | 257698000000 | 257698000000 | 257698000000 | 257698000000 | 257698000000 | 257698000000 | 257698000000 | 257698000000 | 257698000000 | 257698000000 | 257698000000 | 257698000000 | 257698000000 | 257698000000 | 257698000000 | 257698000000 | 257698000000 | 257698000000 | 257698000000 | 257698000000 | 257698000000 | 257698000000 | 257698000000 |
+-------------------------------------+---------+--------------+--------------+--------------+--------------+--------------+--------------+--------------+--------------+--------------+--------------+--------------+--------------+--------------+--------------+--------------+--------------+--------------+--------------+--------------+--------------+--------------+--------------+--------------+--------------+--------------+--------------+--------------+--------------+--------------+--------------+--------------+--------------+
+------------------------------------------+---------+---------------+--------------+--------------+--------------+
|                   Event                  | Counter |      Sum      |      Min     |      Max     |      Avg     |
+------------------------------------------+---------+---------------+--------------+--------------+--------------+
|           ACTUAL_CPU_CLOCK STAT          |  FIXC1  |  154543711000 |   4811878000 |   4849815000 | 4.829491e+09 |
|            MAX_CPU_CLOCK STAT            |  FIXC2  |  172621920000 |   5394172000 |   5394626000 |   5394435000 |
|         RETIRED_INSTRUCTIONS STAT        |   PMC0  |  653166190000 |  20407660000 |  20415110000 | 2.041144e+10 |
|         CPU_CLOCKS_UNHALTED STAT         |   PMC1  |  154053366000 |   4796244000 |   4834366000 | 4.814168e+09 |
|                MERGE STAT                |   PMC3  |             0 |            0 |            0 |            0 |
| RETIRED_SSE_AVX_FLOPS_ALL_SP_SCALAR STAT |   PMC2  |             0 |            0 |            0 |            0 |
|                MERGE STAT                |   PMC5  |             0 |            0 |            0 |            0 |
| RETIRED_SSE_AVX_FLOPS_ALL_SP_PACKED STAT |   PMC4  | 8246336000000 | 257698000000 | 257698000000 | 257698000000 |
+------------------------------------------+---------+---------------+--------------+--------------+--------------+
+----------------------+-------------+-------------+-------------+-------------+-------------+-------------+-------------+-------------+-------------+-------------+-------------+-------------+-------------+-------------+-------------+-------------+-------------+-------------+-------------+-------------+-------------+-------------+-------------+-------------+-------------+-------------+-------------+-------------+-------------+-------------+-------------+-------------+
|        Metric        |  HWThread 0 |  HWThread 1 |  HWThread 2 |  HWThread 3 |  HWThread 4 |  HWThread 5 |  HWThread 6 |  HWThread 7 |  HWThread 8 |  HWThread 9 | HWThread 10 | HWThread 11 | HWThread 12 | HWThread 13 | HWThread 14 | HWThread 15 | HWThread 16 | HWThread 17 | HWThread 18 | HWThread 19 | HWThread 20 | HWThread 21 | HWThread 22 | HWThread 23 | HWThread 24 | HWThread 25 | HWThread 26 | HWThread 27 | HWThread 28 | HWThread 29 | HWThread 30 | HWThread 31 |
+----------------------+-------------+-------------+-------------+-------------+-------------+-------------+-------------+-------------+-------------+-------------+-------------+-------------+-------------+-------------+-------------+-------------+-------------+-------------+-------------+-------------+-------------+-------------+-------------+-------------+-------------+-------------+-------------+-------------+-------------+-------------+-------------+-------------+
|  Runtime (RDTSC) [s] |      2.0003 |      2.0003 |      2.0003 |      2.0003 |      2.0003 |      2.0003 |      2.0003 |      2.0003 |      2.0003 |      2.0004 |      2.0003 |      2.0003 |      2.0003 |      2.0003 |      2.0003 |      2.0003 |      2.0003 |      2.0003 |      2.0003 |      2.0003 |      2.0003 |      2.0003 |      2.0003 |      2.0003 |      2.0003 |      2.0003 |      2.0003 |      2.0004 |      2.0003 |      2.0003 |      2.0004 |      2.0003 |
| Runtime unhalted [s] |      1.7913 |      1.7914 |      1.7913 |      1.7914 |      1.7914 |      1.7913 |      1.7914 |      1.7914 |      1.7847 |      1.7847 |      1.7847 |      1.7846 |      1.7847 |      1.7847 |      1.7847 |      1.7846 |      1.7987 |      1.7987 |      1.7987 |      1.7987 |      1.7987 |      1.7987 |      1.7987 |      1.7987 |      1.7900 |      1.7899 |      1.7899 |      1.7900 |      1.7899 |      1.7899 |      1.7899 |      1.7899 |
|      Clock [MHz]     |   2414.1708 |   2414.2044 |   2414.1863 |   2414.1998 |   2414.1652 |   2414.2065 |   2414.1624 |   2414.1714 |   2405.1690 |   2405.1549 |   2405.1707 |   2405.2299 |   2405.2026 |   2405.1454 |   2405.1734 |   2405.1036 |   2424.0395 |   2424.0690 |   2424.0430 |   2424.0535 |   2424.0978 |   2424.0543 |   2424.0276 |   2424.0612 |   2412.2349 |   2412.2690 |   2412.2988 |   2412.2677 |   2412.2575 |   2412.2593 |   2412.2223 |   2412.2427 |
|          CPI         |      0.2358 |      0.2359 |      0.2359 |      0.2359 |      0.2359 |      0.2359 |      0.2359 |      0.2359 |      0.2350 |      0.2350 |      0.2350 |      0.2350 |      0.2350 |      0.2350 |      0.2350 |      0.2350 |      0.2368 |      0.2368 |      0.2368 |      0.2368 |      0.2368 |      0.2368 |      0.2368 |      0.2368 |      0.2357 |      0.2357 |      0.2357 |      0.2357 |      0.2357 |      0.2357 |      0.2357 |      0.2357 |
|     SP [MFLOP/s]     | 128829.0959 | 128830.1264 | 128830.1264 | 128829.0315 | 128829.0959 | 128829.9332 | 128829.0315 | 128829.7400 | 128829.2247 | 128825.5537 | 128829.0315 | 128831.2213 | 128830.7060 | 128829.0315 | 128828.9671 | 128829.3535 | 128826.5198 | 128828.2587 | 128828.0010 | 128828.2587 | 128830.5772 | 128828.0010 | 128828.3231 | 128831.3501 | 128829.2891 | 128829.2247 | 128831.3501 | 128826.4554 | 128831.4145 | 128831.5433 | 128826.4554 | 128829.8044 |
+----------------------+-------------+-------------+-------------+-------------+-------------+-------------+-------------+-------------+-------------+-------------+-------------+-------------+-------------+-------------+-------------+-------------+-------------+-------------+-------------+-------------+-------------+-------------+-------------+-------------+-------------+-------------+-------------+-------------+-------------+-------------+-------------+-------------+
+---------------------------+--------------+-------------+-------------+-------------+
|           Metric          |      Sum     |     Min     |     Max     |     Avg     |
+---------------------------+--------------+-------------+-------------+-------------+
|  Runtime (RDTSC) [s] STAT |      64.0099 |      2.0003 |      2.0004 |      2.0003 |
| Runtime unhalted [s] STAT |      57.3173 |      1.7846 |      1.7987 |      1.7912 |
|      Clock [MHz] STAT     |   77245.3144 |   2405.1036 |   2424.0978 |   2413.9161 |
|          CPI STAT         |       7.5471 |      0.2350 |      0.2368 |      0.2358 |
|     SP [MFLOP/s] STAT     | 4.122534e+06 | 128825.5537 | 128831.5433 | 128829.1905 |
+---------------------------+--------------+-------------+-------------+-------------+
