--------------------------------------------------------------------------------
CPU name:	AMD EPYC 9755 128-Core Processor               
CPU type:	AMD K1A (Zen5) architecture
CPU clock:	2.70 GHz
--------------------------------------------------------------------------------
Region bench, Group 1: FLOPS_SP
+-------------------+------------+------------+------------+------------+------------+------------+------------+------------+------------+------------+-------------+-------------+-------------+-------------+-------------+-------------+-------------+-------------+-------------+-------------+-------------+-------------+-------------+-------------+-------------+-------------+-------------+-------------+-------------+-------------+-------------+-------------+
|    Region Info    | HWThread 0 | HWThread 1 | HWThread 2 | HWThread 3 | HWThread 4 | HWThread 5 | HWThread 6 | HWThread 7 | HWThread 8 | HWThread 9 | HWThread 10 | HWThread 11 | HWThread 12 | HWThread 13 | HWThread 14 | HWThread 15 | HWThread 16 | HWThread 17 | HWThread 18 | HWThread 19 | HWThread 20 | HWThread 21 | HWThread 22 | HWThread 23 | HWThread 24 | HWThread 25 | HWThread 26 | HWThread 27 | HWThread 28 | HWThread 29 | HWThread 30 | HWThread 31 |
+-------------------+------------+------------+------------+------------+------------+------------+------------+------------+------------+------------+-------------+-------------+-------------+-------------+-------------+-------------+-------------+-------------+-------------+-------------+-------------+-------------+-------------+-------------+-------------+-------------+-------------+-------------+-------------+-------------+-------------+-------------+
| RDTSC Runtime [s] |   1.682562 |   1.682661 |   1.682572 |   1.682579 |   1.682574 |   1.682613 |   1.682556 |   1.682616 |   1.682584 |   1.682587 |    1.682559 |    1.682555 |    1.682623 |    1.682606 |    1.682574 |    1.682558 |    1.682617 |    1.682585 |    1.682630 |    1.682583 |    1.682614 |    1.682589 |    1.682583 |    1.682555 |    1.682548 |    1.682609 |    1.682628 |    1.682611 |    1.682579 |    1.682616 |    1.682582 |    1.682586 |
|     call count    |          1 |          1 |          1 |          1 |          1 |          1 |          1 |          1 |          1 |          1 |           1 |           1 |           1 |           1 |           1 |           1 |           1 |           1 |           1 |           1 |           1 |           1 |           1 |           1 |           1 |           1 |           1 |           1 |           1 |           1 |           1 |           1 |
+-------------------+------------+------------+------------+------------+------------+------------+------------+------------+------------+------------+-------------+-------------+-------------+-------------+-------------+-------------+-------------+-------------+-------------+-------------+-------------+-------------+-------------+-------------+-------------+-------------+-------------+-------------+-------------+-------------+-------------+-------------+
+-------------------------------------+---------+--------------+--------------+--------------+--------------+--------------+--------------+--------------+--------------+--------------+--------------+--------------+--------------+--------------+--------------+--------------+--------------+--------------+--------------+--------------+--------------+--------------+--------------+--------------+--------------+--------------+--------------+--------------+--------------+--------------+--------------+--------------+--------------+
|                Event                | Counter |  HWThread 0  |  HWThread 1  |  HWThread 2  |  HWThread 3  |  HWThread 4  |  HWThread 5  |  HWThread 6  |  HWThread 7  |  HWThread 8  |  HWThread 9  |  HWThread 10 |  HWThread 11 |  HWThread 12 |  HWThread 13 |  HWThread 14 |  HWThread 15 |  HWThread 16 |  HWThread 17 |  HWThread 18 |  HWThread 19 |  HWThread 20 |  HWThread 21 |  HWThread 22 |  HWThread 23 |  HWThread 24 |  HWThread 25 |  HWThread 26 |  HWThread 27 |  HWThread 28 |  HWThread 29 |  HWThread 30 |  HWThread 31 |
+-------------------------------------+---------+--------------+--------------+--------------+--------------+--------------+--------------+--------------+--------------+--------------+--------------+--------------+--------------+--------------+--------------+--------------+--------------+--------------+--------------+--------------+--------------+--------------+--------------+--------------+--------------+--------------+--------------+--------------+--------------+--------------+--------------+--------------+--------------+
|           ACTUAL_CPU_CLOCK          |  FIXC1  |   4064437000 |   4064478000 |   4064387000 |   4064397000 |   4064379000 |   4064496000 |   4064363000 |   4064542000 |   4047211000 |   4047217000 |   4047181000 |   4047255000 |   4047312000 |   4047330000 |   4047305000 |   4047194000 |   4072115000 |   4071852000 |   4071929000 |   4071884000 |   4072050000 |   4072001000 |   4071884000 |   4071871000 |   4041748000 |   4041833000 |   4041917000 |   4041906000 |   4041925000 |   4041842000 |   4041750000 |   4041760000 |
|            MAX_CPU_CLOCK            |  FIXC2  |   4537751000 |   4537831000 |   4537657000 |   4537732000 |   4537695000 |   4537825000 |   4537697000 |   4537800000 |   4537687000 |   4537733000 |   4537666000 |   4537770000 |   4537806000 |   4537825000 |   4537793000 |   4537687000 |   4538042000 |   4537683000 |   4537773000 |   4537706000 |   4537905000 |   4537883000 |   4537689000 |   4537674000 |   4537713000 |   4537821000 |   4537836000 |   4537792000 |   4537849000 |   4537837000 |   4537730000 |   4537649000 |
|         RETIRED_INSTRUCTIONS        |   PMC0  |  10207600000 |  10208170000 |  10208020000 |  10208100000 |  10208110000 |  10208150000 |  10207930000 |  10208060000 |  10204760000 |  10204780000 |  10204800000 |  10204810000 |  10204810000 |  10204810000 |  10204790000 |  10204770000 |  10209280000 |  10209330000 |  10209240000 |  10209280000 |  10209260000 |  10209230000 |  10209240000 |  10209270000 |  10203830000 |  10203890000 |  10203900000 |  10203920000 |  10203890000 |  10203840000 |  10203850000 |  10203870000 |
|         CPU_CLOCKS_UNHALTED         |   PMC1  |   4049687000 |   4052700000 |   4052073000 |   4052431000 |   4052556000 |   4052643000 |   4052042000 |   4052075000 |   4033927000 |   4033914000 |   4034075000 |   4034157000 |   4033989000 |   4034162000 |   4034099000 |   4033884000 |   4059141000 |   4059327000 |   4058738000 |   4059159000 |   4059140000 |   4058845000 |   4059025000 |   4058976000 |   4028744000 |   4029015000 |   4029023000 |   4029156000 |   4029048000 |   4028854000 |   4028770000 |   4028969000 |
|                MERGE                |   PMC3  |            0 |            0 |            0 |            0 |            0 |            0 |            0 |            0 |            0 |            0 |            0 |            0 |            0 |            0 |            0 |            0 |            0 |            0 |            0 |            0 |            0 |            0 |            0 |            0 |            0 |            0 |            0 |            0 |            0 |            0 |            0 |            0 |
| RETIRED_SSE_AVX_FLOPS_ALL_SP_SCALAR |   PMC2  |            0 |            0 |            0 |            0 |            0 |            0 |            0 |            0 |            0 |            0 |            0 |            0 |            0 |            0 |            0 |            0 |            0 |            0 |            0 |            0 |            0 |            0 |            0 |            0 |            0 |            0 |            0 |            0 |            0 |            0 |            0 |            0 |
|                MERGE                |   PMC5  |            0 |            0 |            0 |            0 |            0 |            0 |            0 |            0 |            0 |            0 |            0 |            0 |            0 |            0 |            0 |            0 |            0 |            0 |            0 |            0 |            0 |            0 |            0 |            0 |            0 |            0 |            0 |            0 |            0 |            0 |            0 |            0 |
| RETIRED_SSE_AVX_FLOPS_ALL_SP_PACKED |   PMC4  | 257698000000 | 257698000000 | 257698000000 | 257698000000 | 257698000000 | 257698000000 | 257698000000 | 257698000000 | 257698000000 | 257698000000 | 257698000000 | 257698000000 | 257698000000 | 257698000000 | 257698000000 | 257698000000 | 257698000000 | 257698000000 | 257698000000 | 257698000000 | 257698000000 | 257698000000 | 257698000000 | 257698000000 | 257698000000 | 257698000000 | 257698000000 | 257698000000 | 257698000000 | 257698000000 | 257698000000 | 257698000000 |
+-------------------------------------+---------+--------------+--------------+--------------+--------------+--------------+--------------+--------------+--------------+--------------+--------------+--------------+--------------+--------------+--------------+--------------+--------------+--------------+--------------+--------------+--------------+--------------+--------------+--------------+--------------+--------------+--------------+--------------+--------------+--------------+--------------+--------------+--------------+
+------------------------------------------+---------+---------------+--------------+--------------+--------------+
|                   Event                  | Counter |      Sum      |      Min     |      Max     |      Avg     |
+------------------------------------------+---------+---------------+--------------+--------------+--------------+
|           ACTUAL_CPU_CLOCK STAT          |  FIXC1  |  129803751000 |   4041748000 |   4072115000 | 4.056367e+09 |
|            MAX_CPU_CLOCK STAT            |  FIXC2  |  145208537000 |   4537649000 |   4538042000 | 4.537767e+09 |
|         RETIRED_INSTRUCTIONS STAT        |   PMC0  |  326607590000 |  10203830000 |  10209330000 | 1.020649e+10 |
|         CPU_CLOCKS_UNHALTED STAT         |   PMC1  |  129392344000 |   4028744000 |   4059327000 |   4043510750 |
|                MERGE STAT                |   PMC3  |             0 |            0 |            0 |            0 |
| RETIRED_SSE_AVX_FLOPS_ALL_SP_SCALAR STAT |   PMC2  |             0 |            0 |            0 |            0 |
|                MERGE STAT                |   PMC5  |             0 |            0 |            0 |            0 |
| RETIRED_SSE_AVX_FLOPS_ALL_SP_PACKED STAT |   PMC4  | 8246336000000 | 257698000000 | 257698000000 | 257698000000 |
+------------------------------------------+---------+---------------+--------------+--------------+--------------+
+----------------------+-------------+-------------+-------------+-------------+-------------+-------------+-------------+-------------+-------------+-------------+-------------+-------------+-------------+-------------+-------------+-------------+-------------+-------------+-------------+-------------+-------------+-------------+-------------+-------------+-------------+-------------+-------------+-------------+-------------+-------------+-------------+-------------+
|        Metric        |  HWThread 0 |  HWThread 1 |  HWThread 2 |  HWThread 3 |  HWThread 4 |  HWThread 5 |  HWThread 6 |  HWThread 7 |  HWThread 8 |  HWThread 9 | HWThread 10 | HWThread 11 | HWThread 12 | HWThread 13 | HWThread 14 | HWThread 15 | HWThread 16 | HWThread 17 | HWThread 18 | HWThread 19 | HWThread 20 | HWThread 21 | HWThread 22 | HWThread 23 | HWThread 24 | HWThread 25 | HWThread 26 | HWThread 27 | HWThread 28 | HWThread 29 | HWThread 30 | HWThread 31 |
+----------------------+-------------+-------------+-------------+-------------+-------------+-------------+-------------+-------------+-------------+-------------+-------------+-------------+-------------+-------------+-------------+-------------+-------------+-------------+-------------+-------------+-------------+-------------+-------------+-------------+-------------+-------------+-------------+-------------+-------------+-------------+-------------+-------------+
|  Runtime (RDTSC) [s] |      1.6826 |      1.6827 |      1.6826 |      1.6826 |      1.6826 |      1.6826 |      1.6826 |      1.6826 |      1.6826 |      1.6826 |      1.6826 |      1.6826 |      1.6826 |      1.6826 |      1.6826 |      1.6826 |      1.6826 |      1.6826 |      1.6826 |      1.6826 |      1.6826 |      1.6826 |      1.6826 |      1.6826 |      1.6825 |      1.6826 |      1.6826 |      1.6826 |      1.6826 |      1.6826 |      1.6826 |      1.6826 |
| Runtime unhalted [s] |      1.5074 |      1.5074 |      1.5074 |      1.5074 |      1.5074 |      1.5074 |      1.5074 |      1.5075 |      1.5010 |      1.5010 |      1.5010 |      1.5010 |      1.5011 |      1.5011 |      1.5011 |      1.5010 |      1.5103 |      1.5102 |      1.5102 |      1.5102 |      1.5102 |      1.5102 |      1.5102 |      1.5102 |      1.4990 |      1.4990 |      1.4991 |      1.4991 |      1.4991 |      1.4990 |      1.4990 |      1.4990 |
|      Clock [MHz]     |   2415.0503 |   2415.0321 |   2415.0707 |   2415.0367 |   2415.0457 |   2415.0460 |   2415.0351 |   2415.0866 |   2404.8487 |   2404.8279 |   2404.8420 |   2404.8309 |   2404.8457 |   2404.8463 |   2404.8484 |   2404.8386 |   2419.4574 |   2419.4925 |   2419.4903 |   2419.4993 |   2419.4918 |   2419.4744 |   2419.5083 |   2419.5086 |   2401.5889 |   2401.5822 |   2401.6242 |   2401.6409 |   2401.6220 |   2401.5791 |   2401.5810 |   2401.6299 |
|          CPI         |      0.3967 |      0.3970 |      0.3969 |      0.3970 |      0.3970 |      0.3970 |      0.3970 |      0.3969 |      0.3953 |      0.3953 |      0.3953 |      0.3953 |      0.3953 |      0.3953 |      0.3953 |      0.3953 |      0.3976 |      0.3976 |      0.3976 |      0.3976 |      0.3976 |      0.3976 |      0.3976 |      0.3976 |      0.3948 |      0.3949 |      0.3949 |      0.3949 |      0.3949 |      0.3948 |      0.3948 |      0.3948 |
|     SP [MFLOP/s]     | 153158.1006 | 153149.0894 | 153157.1903 | 153156.5531 | 153157.0083 | 153153.4583 | 153158.6467 | 153153.1853 | 153156.0980 | 153155.8249 | 153158.3736 | 153158.7378 | 153152.5481 | 153154.0955 | 153157.0083 | 153158.4647 | 153153.0943 | 153156.0070 | 153151.9110 | 153156.1890 | 153153.3673 | 153155.6429 | 153156.1890 | 153158.7378 | 153159.3749 | 153153.8224 | 153152.0930 | 153153.6404 | 153156.5531 | 153153.1853 | 153156.2801 | 153155.9160 |
+----------------------+-------------+-------------+-------------+-------------+-------------+-------------+-------------+-------------+-------------+-------------+-------------+-------------+-------------+-------------+-------------+-------------+-------------+-------------+-------------+-------------+-------------+-------------+-------------+-------------+-------------+-------------+-------------+-------------+-------------+-------------+-------------+-------------+
+---------------------------+--------------+-------------+-------------+-------------+
|           Metric          |      Sum     |     Min     |     Max     |     Avg     |
+---------------------------+--------------+-------------+-------------+-------------+
|  Runtime (RDTSC) [s] STAT |      53.8432 |      1.6825 |      1.6827 |      1.6826 |
| Runtime unhalted [s] STAT |      48.1416 |      1.4990 |      1.5103 |      1.5044 |
|      Clock [MHz] STAT     |   77127.9025 |   2401.5791 |   2419.5086 |   2410.2470 |
|          CPI STAT         |      12.6775 |      0.3948 |      0.3976 |      0.3962 |
|     SP [MFLOP/s] STAT     | 4.900976e+06 | 153149.0894 | 153159.3749 | 153155.5121 |
+---------------------------+--------------+-------------+-------------+-------------+
