--------------------------------------------------------------------------------
CPU name:	AMD EPYC 9755 128-Core Processor               
CPU type:	AMD K1A (Zen5) architecture
CPU clock:	2.70 GHz
--------------------------------------------------------------------------------
Region bench, Group 1: FLOPS_SP
+-------------------+------------+------------+------------+------------+------------+------------+------------+------------+------------+------------+-------------+-------------+-------------+-------------+-------------+-------------+-------------+-------------+-------------+-------------+-------------+-------------+-------------+-------------+-------------+-------------+-------------+-------------+-------------+-------------+-------------+-------------+
|    Region Info    | HWThread 0 | HWThread 1 | HWThread 2 | HWThread 3 | HWThread 4 | HWThread 5 | HWThread 6 | HWThread 7 | HWThread 8 | HWThread 9 | HWThread 10 | HWThread 11 | HWThread 12 | HWThread 13 | HWThread 14 | HWThread 15 | HWThread 16 | HWThread 17 | HWThread 18 | HWThread 19 | HWThread 20 | HWThread 21 | HWThread 22 | HWThread 23 | HWThread 24 | HWThread 25 | HWThread 26 | HWThread 27 | HWThread 28 | HWThread 29 | HWThread 30 | HWThread 31 |
+-------------------+------------+------------+------------+------------+------------+------------+------------+------------+------------+------------+-------------+-------------+-------------+-------------+-------------+-------------+-------------+-------------+-------------+-------------+-------------+-------------+-------------+-------------+-------------+-------------+-------------+-------------+-------------+-------------+-------------+-------------+
| RDTSC Runtime [s] |   1.681350 |   1.681304 |   1.681307 |   1.681379 |   1.681310 |   1.681306 |   1.681377 |   1.681349 |   1.681263 |   1.681318 |    1.681310 |    1.681268 |    1.681290 |    1.681318 |    1.681384 |    1.681322 |    1.681305 |    1.681282 |    1.681291 |    1.681266 |    1.681306 |    1.681304 |    1.681340 |    1.681304 |    1.681295 |    1.681296 |    1.681266 |    1.681269 |    1.681305 |    1.681249 |    1.681248 |    1.681268 |
|     call count    |          1 |          1 |          1 |          1 |          1 |          1 |          1 |          1 |          1 |          1 |           1 |           1 |           1 |           1 |           1 |           1 |           1 |           1 |           1 |           1 |           1 |           1 |           1 |           1 |           1 |           1 |           1 |           1 |           1 |           1 |           1 |           1 |
+-------------------+------------+------------+------------+------------+------------+------------+------------+------------+------------+------------+-------------+-------------+-------------+-------------+-------------+-------------+-------------+-------------+-------------+-------------+-------------+-------------+-------------+-------------+-------------+-------------+-------------+-------------+-------------+-------------+-------------+-------------+
+-------------------------------------+---------+--------------+--------------+--------------+--------------+--------------+--------------+--------------+--------------+--------------+--------------+--------------+--------------+--------------+--------------+--------------+--------------+--------------+--------------+--------------+--------------+--------------+--------------+--------------+--------------+--------------+--------------+--------------+--------------+--------------+--------------+--------------+--------------+
|                Event                | Counter |  HWThread 0  |  HWThread 1  |  HWThread 2  |  HWThread 3  |  HWThread 4  |  HWThread 5  |  HWThread 6  |  HWThread 7  |  HWThread 8  |  HWThread 9  |  HWThread 10 |  HWThread 11 |  HWThread 12 |  HWThread 13 |  HWThread 14 |  HWThread 15 |  HWThread 16 |  HWThread 17 |  HWThread 18 |  HWThread 19 |  HWThread 20 |  HWThread 21 |  HWThread 22 |  HWThread 23 |  HWThread 24 |  HWThread 25 |  HWThread 26 |  HWThread 27 |  HWThread 28 |  HWThread 29 |  HWThread 30 |  HWThread 31 |
+-------------------------------------+---------+--------------+--------------+--------------+--------------+--------------+--------------+--------------+--------------+--------------+--------------+--------------+--------------+--------------+--------------+--------------+--------------+--------------+--------------+--------------+--------------+--------------+--------------+--------------+--------------+--------------+--------------+--------------+--------------+--------------+--------------+--------------+--------------+
|           ACTUAL_CPU_CLOCK          |  FIXC1  |   4061259000 |   4061230000 |   4061121000 |   4061384000 |   4061350000 |   4061245000 |   4061322000 |   4061291000 |   4041653000 |   4041821000 |   4041716000 |   4041657000 |   4041689000 |   4041633000 |   4041799000 |   4041687000 |   4070382000 |   4070339000 |   4070486000 |   4070349000 |   4070493000 |   4070371000 |   4070447000 |   4070454000 |   4042233000 |   4042119000 |   4042097000 |   4042224000 |   4042205000 |   4042229000 |   4042132000 |   4041960000 |
|            MAX_CPU_CLOCK            |  FIXC2  |   4534403000 |   4534501000 |   4534277000 |   4534649000 |   4534532000 |   4534424000 |   4534551000 |   4534469000 |   4534354000 |   4534389000 |   4534206000 |   4534206000 |   4534213000 |   4534061000 |   4534512000 |   4534324000 |   4534309000 |   4534230000 |   4534383000 |   4534250000 |   4534434000 |   4534269000 |   4534412000 |   4534401000 |   4534434000 |   4534308000 |   4534298000 |   4534424000 |   4534421000 |   4534435000 |   4534289000 |   4534158000 |
|         RETIRED_INSTRUCTIONS        |   PMC0  |  10207080000 |  10207610000 |  10207520000 |  10207630000 |  10207590000 |  10207610000 |  10207480000 |  10207620000 |  10203890000 |  10203900000 |  10203910000 |  10203860000 |  10203830000 |  10203920000 |  10203890000 |  10203870000 |  10209030000 |  10209070000 |  10209070000 |  10209080000 |  10209090000 |  10209060000 |  10209040000 |  10209000000 |  10203910000 |  10203950000 |  10203910000 |  10203940000 |  10203960000 |  10203980000 |  10203950000 |  10203930000 |
|         CPU_CLOCKS_UNHALTED         |   PMC1  |   4046692000 |   4049604000 |   4049207000 |   4049678000 |   4049555000 |   4049636000 |   4049350000 |   4049642000 |   4029009000 |   4029015000 |   4029126000 |   4028830000 |   4028816000 |   4029142000 |   4028842000 |   4028812000 |   4057702000 |   4057846000 |   4057875000 |   4057900000 |   4058015000 |   4058084000 |   4057661000 |   4057641000 |   4029165000 |   4029287000 |   4029108000 |   4029423000 |   4029449000 |   4029519000 |   4029364000 |   4029232000 |
|                MERGE                |   PMC3  |            0 |            0 |            0 |            0 |            0 |            0 |            0 |            0 |            0 |            0 |            0 |            0 |            0 |            0 |            0 |            0 |            0 |            0 |            0 |            0 |            0 |            0 |            0 |            0 |            0 |            0 |            0 |            0 |            0 |            0 |            0 |            0 |
| RETIRED_SSE_AVX_FLOPS_ALL_SP_SCALAR |   PMC2  |            0 |            0 |            0 |            0 |            0 |            0 |            0 |            0 |            0 |            0 |            0 |            0 |            0 |            0 |            0 |            0 |            0 |            0 |            0 |            0 |            0 |            0 |            0 |            0 |            0 |            0 |            0 |            0 |            0 |            0 |            0 |            0 |
|                MERGE                |   PMC5  |            0 |            0 |            0 |            0 |            0 |            0 |            0 |            0 |            0 |            0 |            0 |            0 |            0 |            0 |            0 |            0 |            0 |            0 |            0 |            0 |            0 |            0 |            0 |            0 |            0 |            0 |            0 |            0 |            0 |            0 |            0 |            0 |
| RETIRED_SSE_AVX_FLOPS_ALL_SP_PACKED |   PMC4  | 257698000000 | 257698000000 | 257698000000 | 257698000000 | 257698000000 | 257698000000 | 257698000000 | 257698000000 | 257698000000 | 257698000000 | 257698000000 | 257698000000 | 257698000000 | 257698000000 | 257698000000 | 257698000000 | 257698000000 | 257698000000 | 257698000000 | 257698000000 | 257698000000 | 257698000000 | 257698000000 | 257698000000 | 257698000000 | 257698000000 | 257698000000 | 257698000000 | 257698000000 | 257698000000 | 257698000000 | 257698000000 |
+-------------------------------------+---------+--------------+--------------+--------------+--------------+--------------+--------------+--------------+--------------+--------------+--------------+--------------+--------------+--------------+--------------+--------------+--------------+--------------+--------------+--------------+--------------+--------------+--------------+--------------+--------------+--------------+--------------+--------------+--------------+--------------+--------------+--------------+--------------+
+------------------------------------------+---------+---------------+--------------+--------------+--------------+
|                   Event                  | Counter |      Sum      |      Min     |      Max     |      Avg     |
+------------------------------------------+---------+---------------+--------------+--------------+--------------+
|           ACTUAL_CPU_CLOCK STAT          |  FIXC1  |  129724377000 |   4041633000 |   4070493000 | 4.053887e+09 |
|            MAX_CPU_CLOCK STAT            |  FIXC2  |  145099526000 |   4534061000 |   4534649000 | 4.534360e+09 |
|         RETIRED_INSTRUCTIONS STAT        |   PMC0  |  326595180000 |  10203830000 |  10209090000 |  10206099375 |
|         CPU_CLOCKS_UNHALTED STAT         |   PMC1  |  129322227000 |   4028812000 |   4058084000 | 4.041320e+09 |
|                MERGE STAT                |   PMC3  |             0 |            0 |            0 |            0 |
| RETIRED_SSE_AVX_FLOPS_ALL_SP_SCALAR STAT |   PMC2  |             0 |            0 |            0 |            0 |
|                MERGE STAT                |   PMC5  |             0 |            0 |            0 |            0 |
| RETIRED_SSE_AVX_FLOPS_ALL_SP_PACKED STAT |   PMC4  | 8246336000000 | 257698000000 | 257698000000 | 257698000000 |
+------------------------------------------+---------+---------------+--------------+--------------+--------------+
+----------------------+-------------+-------------+-------------+-------------+-------------+-------------+-------------+-------------+-------------+-------------+-------------+-------------+-------------+-------------+-------------+-------------+-------------+-------------+-------------+-------------+-------------+-------------+-------------+-------------+-------------+-------------+-------------+-------------+-------------+-------------+-------------+-------------+
|        Metric        |  HWThread 0 |  HWThread 1 |  HWThread 2 |  HWThread 3 |  HWThread 4 |  HWThread 5 |  HWThread 6 |  HWThread 7 |  HWThread 8 |  HWThread 9 | HWThread 10 | HWThread 11 | HWThread 12 | HWThread 13 | HWThread 14 | HWThread 15 | HWThread 16 | HWThread 17 | HWThread 18 | HWThread 19 | HWThread 20 | HWThread 21 | HWThread 22 | HWThread 23 | HWThread 24 | HWThread 25 | HWThread 26 | HWThread 27 | HWThread 28 | HWThread 29 | HWThread 30 | HWThread 31 |
+----------------------+-------------+-------------+-------------+-------------+-------------+-------------+-------------+-------------+-------------+-------------+-------------+-------------+-------------+-------------+-------------+-------------+-------------+-------------+-------------+-------------+-------------+-------------+-------------+-------------+-------------+-------------+-------------+-------------+-------------+-------------+-------------+-------------+
|  Runtime (RDTSC) [s] |      1.6813 |      1.6813 |      1.6813 |      1.6814 |      1.6813 |      1.6813 |      1.6814 |      1.6813 |      1.6813 |      1.6813 |      1.6813 |      1.6813 |      1.6813 |      1.6813 |      1.6814 |      1.6813 |      1.6813 |      1.6813 |      1.6813 |      1.6813 |      1.6813 |      1.6813 |      1.6813 |      1.6813 |      1.6813 |      1.6813 |      1.6813 |      1.6813 |      1.6813 |      1.6812 |      1.6812 |      1.6813 |
| Runtime unhalted [s] |      1.5068 |      1.5068 |      1.5068 |      1.5069 |      1.5068 |      1.5068 |      1.5068 |      1.5068 |      1.4995 |      1.4996 |      1.4996 |      1.4995 |      1.4995 |      1.4995 |      1.4996 |      1.4995 |      1.5102 |      1.5102 |      1.5102 |      1.5102 |      1.5102 |      1.5102 |      1.5102 |      1.5102 |      1.4997 |      1.4997 |      1.4997 |      1.4997 |      1.4997 |      1.4997 |      1.4997 |      1.4996 |
|      Clock [MHz]     |   2414.0400 |   2413.9706 |   2414.0251 |   2413.9834 |   2414.0254 |   2414.0205 |   2413.9987 |   2414.0239 |   2402.4120 |   2402.4934 |   2402.5279 |   2402.4928 |   2402.5081 |   2402.5554 |   2402.4151 |   2402.4481 |   2419.5130 |   2419.5295 |   2419.5353 |   2419.5248 |   2419.5122 |   2419.5278 |   2419.4966 |   2419.5067 |   2402.7144 |   2402.7134 |   2402.7056 |   2402.7144 |   2402.7047 |   2402.7115 |   2402.7312 |   2402.6984 |
|          CPI         |      0.3965 |      0.3967 |      0.3967 |      0.3967 |      0.3967 |      0.3967 |      0.3967 |      0.3967 |      0.3949 |      0.3949 |      0.3949 |      0.3948 |      0.3948 |      0.3949 |      0.3948 |      0.3948 |      0.3975 |      0.3975 |      0.3975 |      0.3975 |      0.3975 |      0.3975 |      0.3975 |      0.3975 |      0.3949 |      0.3949 |      0.3949 |      0.3949 |      0.3949 |      0.3949 |      0.3949 |      0.3949 |
|     SP [MFLOP/s]     | 153268.5045 | 153272.6979 | 153272.4244 | 153265.8609 | 153272.1509 | 153272.5155 | 153266.0432 | 153268.5956 | 153276.4356 | 153271.4216 | 153272.1509 | 153275.9798 | 153273.9742 | 153271.4216 | 153265.4052 | 153271.0569 | 153272.6067 | 153274.7035 | 153273.8830 | 153276.1621 | 153272.5155 | 153272.6979 | 153269.4161 | 153272.6979 | 153273.5183 | 153273.4272 | 153276.1621 | 153275.8886 | 153272.6067 | 153277.7120 | 153277.8032 | 153275.9798 |
+----------------------+-------------+-------------+-------------+-------------+-------------+-------------+-------------+-------------+-------------+-------------+-------------+-------------+-------------+-------------+-------------+-------------+-------------+-------------+-------------+-------------+-------------+-------------+-------------+-------------+-------------+-------------+-------------+-------------+-------------+-------------+-------------+-------------+
+---------------------------+--------------+-------------+-------------+-------------+
|           Metric          |      Sum     |     Min     |     Max     |     Avg     |
+---------------------------+--------------+-------------+-------------+-------------+
|  Runtime (RDTSC) [s] STAT |      53.8017 |      1.6812 |      1.6814 |      1.6813 |
| Runtime unhalted [s] STAT |      48.1299 |      1.4995 |      1.5102 |      1.5041 |
|      Clock [MHz] STAT     |   77109.7799 |   2402.4120 |   2419.5353 |   2409.6806 |
|          CPI STAT         |      12.6714 |      0.3948 |      0.3975 |      0.3960 |
|     SP [MFLOP/s] STAT     | 4.904724e+06 | 153265.4052 | 153277.8032 | 153272.6381 |
+---------------------------+--------------+-------------+-------------+-------------+
