--------------------------------------------------------------------------------
CPU name:	AMD EPYC 9755 128-Core Processor               
CPU type:	AMD K1A (Zen5) architecture
CPU clock:	2.70 GHz
--------------------------------------------------------------------------------
Region bench, Group 1: FLOPS_SP
+-------------------+------------+------------+------------+------------+------------+------------+------------+------------+------------+------------+-------------+-------------+-------------+-------------+-------------+-------------+-------------+-------------+-------------+-------------+-------------+-------------+-------------+-------------+-------------+-------------+-------------+-------------+-------------+-------------+-------------+-------------+-------------+-------------+-------------+-------------+-------------+-------------+-------------+-------------+-------------+-------------+-------------+-------------+-------------+-------------+-------------+-------------+-------------+-------------+-------------+-------------+-------------+-------------+-------------+-------------+-------------+-------------+-------------+-------------+-------------+-------------+-------------+-------------+-------------+-------------+-------------+-------------+-------------+-------------+-------------+-------------+-------------+-------------+-------------+-------------+-------------+-------------+-------------+-------------+-------------+-------------+-------------+-------------+-------------+-------------+-------------+-------------+-------------+-------------+-------------+-------------+-------------+-------------+-------------+-------------+-------------+-------------+-------------+-------------+--------------+--------------+--------------+--------------+--------------+--------------+--------------+--------------+--------------+--------------+--------------+--------------+--------------+--------------+--------------+--------------+--------------+--------------+--------------+--------------+--------------+--------------+--------------+--------------+--------------+--------------+--------------+--------------+
|    Region Info    | HWThread 0 | HWThread 1 | HWThread 2 | HWThread 3 | HWThread 4 | HWThread 5 | HWThread 6 | HWThread 7 | HWThread 8 | HWThread 9 | HWThread 10 | HWThread 11 | HWThread 12 | HWThread 13 | HWThread 14 | HWThread 15 | HWThread 16 | HWThread 17 | HWThread 18 | HWThread 19 | HWThread 20 | HWThread 21 | HWThread 22 | HWThread 23 | HWThread 24 | HWThread 25 | HWThread 26 | HWThread 27 | HWThread 28 | HWThread 29 | HWThread 30 | HWThread 31 | HWThread 32 | HWThread 33 | HWThread 34 | HWThread 35 | HWThread 36 | HWThread 37 | HWThread 38 | HWThread 39 | HWThread 40 | HWThread 41 | HWThread 42 | HWThread 43 | HWThread 44 | HWThread 45 | HWThread 46 | HWThread 47 | HWThread 48 | HWThread 49 | HWThread 50 | HWThread 51 | HWThread 52 | HWThread 53 | HWThread 54 | HWThread 55 | HWThread 56 | HWThread 57 | HWThread 58 | HWThread 59 | HWThread 60 | HWThread 61 | HWThread 62 | HWThread 63 | HWThread 64 | HWThread 65 | HWThread 66 | HWThread 67 | HWThread 68 | HWThread 69 | HWThread 70 | HWThread 71 | HWThread 72 | HWThread 73 | HWThread 74 | HWThread 75 | HWThread 76 | HWThread 77 | HWThread 78 | HWThread 79 | HWThread 80 | HWThread 81 | HWThread 82 | HWThread 83 | HWThread 84 | HWThread 85 | HWThread 86 | HWThread 87 | HWThread 88 | HWThread 89 | HWThread 90 | HWThread 91 | HWThread 92 | HWThread 93 | HWThread 94 | HWThread 95 | HWThread 96 | HWThread 97 | HWThread 98 | HWThread 99 | HWThread 100 | HWThread 101 | HWThread 102 | HWThread 103 | HWThread 104 | HWThread 105 | HWThread 106 | HWThread 107 | HWThread 108 | HWThread 109 | HWThread 110 | HWThread 111 | HWThread 112 | HWThread 113 | HWThread 114 | HWThread 115 | HWThread 116 | HWThread 117 | HWThread 118 | HWThread 119 | HWThread 120 | HWThread 121 | HWThread 122 | HWThread 123 | HWThread 124 | HWThread 125 | HWThread 126 | HWThread 127 |
+-------------------+------------+------------+------------+------------+------------+------------+------------+------------+------------+------------+-------------+-------------+-------------+-------------+-------------+-------------+-------------+-------------+-------------+-------------+-------------+-------------+-------------+-------------+-------------+-------------+-------------+-------------+-------------+-------------+-------------+-------------+-------------+-------------+-------------+-------------+-------------+-------------+-------------+-------------+-------------+-------------+-------------+-------------+-------------+-------------+-------------+-------------+-------------+-------------+-------------+-------------+-------------+-------------+-------------+-------------+-------------+-------------+-------------+-------------+-------------+-------------+-------------+-------------+-------------+-------------+-------------+-------------+-------------+-------------+-------------+-------------+-------------+-------------+-------------+-------------+-------------+-------------+-------------+-------------+-------------+-------------+-------------+-------------+-------------+-------------+-------------+-------------+-------------+-------------+-------------+-------------+-------------+-------------+-------------+-------------+-------------+-------------+-------------+-------------+--------------+--------------+--------------+--------------+--------------+--------------+--------------+--------------+--------------+--------------+--------------+--------------+--------------+--------------+--------------+--------------+--------------+--------------+--------------+--------------+--------------+--------------+--------------+--------------+--------------+--------------+--------------+--------------+
| RDTSC Runtime [s] |   1.684186 |   1.684187 |   1.684178 |   1.684187 |   1.684479 |   1.684188 |   1.684192 |   1.684246 |   1.684185 |   1.684175 |    1.684216 |    1.684450 |    1.684179 |    1.684450 |    1.684509 |    1.684183 |    1.684519 |    1.684429 |    1.684179 |    1.684331 |    1.684181 |    1.684188 |    1.684181 |    1.684186 |    1.684231 |    1.684205 |    1.684287 |    1.684256 |    1.684416 |    1.684314 |    1.684180 |    1.684331 |    1.684179 |    1.684776 |    1.684425 |    1.684504 |    1.684177 |    1.684221 |    1.684752 |    1.684190 |    1.684185 |    1.684530 |    1.684187 |    1.684188 |    1.684221 |    1.684309 |    1.684184 |    1.684756 |    1.684188 |    1.684288 |    1.684352 |    1.684330 |    1.684334 |    1.684314 |    1.684565 |    1.684178 |    1.684178 |    1.684719 |    1.684725 |    1.684343 |    1.684191 |    1.684192 |    1.684215 |    1.684527 |    1.684334 |    1.684432 |    1.684182 |    1.684327 |    1.684741 |    1.684223 |    1.684731 |    1.684189 |    1.684288 |    1.684179 |    1.684186 |    1.684495 |    1.684178 |    1.684226 |    1.684178 |    1.684178 |    1.684328 |    1.684258 |    1.684179 |    1.684179 |    1.684440 |    1.684221 |    1.684223 |    1.684182 |    1.684190 |    1.684354 |    1.684222 |    1.684464 |    1.684780 |    1.684721 |    1.684181 |    1.684354 |    1.684588 |    1.684317 |    1.684192 |    1.684875 |     1.684178 |     1.684218 |     1.684787 |     1.684490 |     1.684186 |     1.684180 |     1.684188 |     1.684188 |     1.684672 |     1.684186 |     1.684184 |     1.684329 |     1.684317 |     1.684285 |     1.684286 |     1.684456 |     1.684188 |     1.684179 |     1.684317 |     1.684279 |     1.684779 |     1.684186 |     1.684184 |     1.684440 |     1.684574 |     1.684502 |     1.684183 |     1.684502 |
|     call count    |          1 |          1 |          1 |          1 |          1 |          1 |          1 |          1 |          1 |          1 |           1 |           1 |           1 |           1 |           1 |           1 |           1 |           1 |           1 |           1 |           1 |           1 |           1 |           1 |           1 |           1 |           1 |           1 |           1 |           1 |           1 |           1 |           1 |           1 |           1 |           1 |           1 |           1 |           1 |           1 |           1 |           1 |           1 |           1 |           1 |           1 |           1 |           1 |           1 |           1 |           1 |           1 |           1 |           1 |           1 |           1 |           1 |           1 |           1 |           1 |           1 |           1 |           1 |           1 |           1 |           1 |           1 |           1 |           1 |           1 |           1 |           1 |           1 |           1 |           1 |           1 |           1 |           1 |           1 |           1 |           1 |           1 |           1 |           1 |           1 |           1 |           1 |           1 |           1 |           1 |           1 |           1 |           1 |           1 |           1 |           1 |           1 |           1 |           1 |           1 |            1 |            1 |            1 |            1 |            1 |            1 |            1 |            1 |            1 |            1 |            1 |            1 |            1 |            1 |            1 |            1 |            1 |            1 |            1 |            1 |            1 |            1 |            1 |            1 |            1 |            1 |            1 |            1 |
+-------------------+------------+------------+------------+------------+------------+------------+------------+------------+------------+------------+-------------+-------------+-------------+-------------+-------------+-------------+-------------+-------------+-------------+-------------+-------------+-------------+-------------+-------------+-------------+-------------+-------------+-------------+-------------+-------------+-------------+-------------+-------------+-------------+-------------+-------------+-------------+-------------+-------------+-------------+-------------+-------------+-------------+-------------+-------------+-------------+-------------+-------------+-------------+-------------+-------------+-------------+-------------+-------------+-------------+-------------+-------------+-------------+-------------+-------------+-------------+-------------+-------------+-------------+-------------+-------------+-------------+-------------+-------------+-------------+-------------+-------------+-------------+-------------+-------------+-------------+-------------+-------------+-------------+-------------+-------------+-------------+-------------+-------------+-------------+-------------+-------------+-------------+-------------+-------------+-------------+-------------+-------------+-------------+-------------+-------------+-------------+-------------+-------------+-------------+--------------+--------------+--------------+--------------+--------------+--------------+--------------+--------------+--------------+--------------+--------------+--------------+--------------+--------------+--------------+--------------+--------------+--------------+--------------+--------------+--------------+--------------+--------------+--------------+--------------+--------------+--------------+--------------+
+-------------------------------------+---------+--------------+--------------+--------------+--------------+--------------+--------------+--------------+--------------+--------------+--------------+--------------+--------------+--------------+--------------+--------------+--------------+--------------+--------------+--------------+--------------+--------------+--------------+--------------+--------------+--------------+--------------+--------------+--------------+--------------+--------------+--------------+--------------+--------------+--------------+--------------+--------------+--------------+--------------+--------------+--------------+--------------+--------------+--------------+--------------+--------------+--------------+--------------+--------------+--------------+--------------+--------------+--------------+--------------+--------------+--------------+--------------+--------------+--------------+--------------+--------------+--------------+--------------+--------------+--------------+--------------+--------------+--------------+--------------+--------------+--------------+--------------+--------------+--------------+--------------+--------------+--------------+--------------+--------------+--------------+--------------+--------------+--------------+--------------+--------------+--------------+--------------+--------------+--------------+--------------+--------------+--------------+--------------+--------------+--------------+--------------+--------------+--------------+--------------+--------------+--------------+--------------+--------------+--------------+--------------+--------------+--------------+--------------+--------------+--------------+--------------+--------------+--------------+--------------+--------------+--------------+--------------+--------------+--------------+--------------+--------------+--------------+--------------+--------------+--------------+--------------+--------------+--------------+--------------+
|                Event                | Counter |  HWThread 0  |  HWThread 1  |  HWThread 2  |  HWThread 3  |  HWThread 4  |  HWThread 5  |  HWThread 6  |  HWThread 7  |  HWThread 8  |  HWThread 9  |  HWThread 10 |  HWThread 11 |  HWThread 12 |  HWThread 13 |  HWThread 14 |  HWThread 15 |  HWThread 16 |  HWThread 17 |  HWThread 18 |  HWThread 19 |  HWThread 20 |  HWThread 21 |  HWThread 22 |  HWThread 23 |  HWThread 24 |  HWThread 25 |  HWThread 26 |  HWThread 27 |  HWThread 28 |  HWThread 29 |  HWThread 30 |  HWThread 31 |  HWThread 32 |  HWThread 33 |  HWThread 34 |  HWThread 35 |  HWThread 36 |  HWThread 37 |  HWThread 38 |  HWThread 39 |  HWThread 40 |  HWThread 41 |  HWThread 42 |  HWThread 43 |  HWThread 44 |  HWThread 45 |  HWThread 46 |  HWThread 47 |  HWThread 48 |  HWThread 49 |  HWThread 50 |  HWThread 51 |  HWThread 52 |  HWThread 53 |  HWThread 54 |  HWThread 55 |  HWThread 56 |  HWThread 57 |  HWThread 58 |  HWThread 59 |  HWThread 60 |  HWThread 61 |  HWThread 62 |  HWThread 63 |  HWThread 64 |  HWThread 65 |  HWThread 66 |  HWThread 67 |  HWThread 68 |  HWThread 69 |  HWThread 70 |  HWThread 71 |  HWThread 72 |  HWThread 73 |  HWThread 74 |  HWThread 75 |  HWThread 76 |  HWThread 77 |  HWThread 78 |  HWThread 79 |  HWThread 80 |  HWThread 81 |  HWThread 82 |  HWThread 83 |  HWThread 84 |  HWThread 85 |  HWThread 86 |  HWThread 87 |  HWThread 88 |  HWThread 89 |  HWThread 90 |  HWThread 91 |  HWThread 92 |  HWThread 93 |  HWThread 94 |  HWThread 95 |  HWThread 96 |  HWThread 97 |  HWThread 98 |  HWThread 99 | HWThread 100 | HWThread 101 | HWThread 102 | HWThread 103 | HWThread 104 | HWThread 105 | HWThread 106 | HWThread 107 | HWThread 108 | HWThread 109 | HWThread 110 | HWThread 111 | HWThread 112 | HWThread 113 | HWThread 114 | HWThread 115 | HWThread 116 | HWThread 117 | HWThread 118 | HWThread 119 | HWThread 120 | HWThread 121 | HWThread 122 | HWThread 123 | HWThread 124 | HWThread 125 | HWThread 126 | HWThread 127 |
+-------------------------------------+---------+--------------+--------------+--------------+--------------+--------------+--------------+--------------+--------------+--------------+--------------+--------------+--------------+--------------+--------------+--------------+--------------+--------------+--------------+--------------+--------------+--------------+--------------+--------------+--------------+--------------+--------------+--------------+--------------+--------------+--------------+--------------+--------------+--------------+--------------+--------------+--------------+--------------+--------------+--------------+--------------+--------------+--------------+--------------+--------------+--------------+--------------+--------------+--------------+--------------+--------------+--------------+--------------+--------------+--------------+--------------+--------------+--------------+--------------+--------------+--------------+--------------+--------------+--------------+--------------+--------------+--------------+--------------+--------------+--------------+--------------+--------------+--------------+--------------+--------------+--------------+--------------+--------------+--------------+--------------+--------------+--------------+--------------+--------------+--------------+--------------+--------------+--------------+--------------+--------------+--------------+--------------+--------------+--------------+--------------+--------------+--------------+--------------+--------------+--------------+--------------+--------------+--------------+--------------+--------------+--------------+--------------+--------------+--------------+--------------+--------------+--------------+--------------+--------------+--------------+--------------+--------------+--------------+--------------+--------------+--------------+--------------+--------------+--------------+--------------+--------------+--------------+--------------+--------------+
|           ACTUAL_CPU_CLOCK          |  FIXC1  |   4070597000 |   4070053000 |   4070197000 |   4070263000 |   4070289000 |   4070204000 |   4070259000 |   4070562000 |   4052167000 |   4052598000 |   4051347000 |   4052237000 |   4051261000 |   4051831000 |   4052303000 |   4052146000 |   4086488000 |   4085633000 |   4085254000 |   4085230000 |   4084784000 |   4085610000 |   4085048000 |   4084469000 |   4052859000 |   4053691000 |   4052773000 |   4053597000 |   4054012000 |   4052840000 |   4052786000 |   4053410000 |   4050449000 |   4050413000 |   4049668000 |   4050664000 |   4050605000 |   4050409000 |   4050797000 |   4050372000 |   4072904000 |   4073501000 |   4072446000 |   4073290000 |   4072996000 |   4072266000 |   4073148000 |   4073485000 |   4069734000 |   4069212000 |   4069680000 |   4070043000 |   4069494000 |   4068774000 |   4069984000 |   4068783000 |   4055567000 |   4056358000 |   4056420000 |   4055421000 |   4055930000 |   4055451000 |   4056076000 |   4055691000 |   4057214000 |   4058024000 |   4057192000 |   4058433000 |   4058540000 |   4058113000 |   4058636000 |   4058542000 |   4071406000 |   4071308000 |   4072573000 |   4072208000 |   4070977000 |   4071574000 |   4071286000 |   4071739000 |   4063367000 |   4062245000 |   4062225000 |   4062083000 |   4063170000 |   4063427000 |   4063613000 |   4062204000 |   4059022000 |   4059037000 |   4058320000 |   4058883000 |   4059364000 |   4059093000 |   4058090000 |   4059096000 |   4076471000 |   4076891000 |   4077243000 |   4076713000 |   4076622000 |   4077139000 |   4077379000 |   4076878000 |   4082428000 |   4082443000 |   4082722000 |   4082696000 |   4083558000 |   4082686000 |   4082735000 |   4082540000 |   4076063000 |   4076092000 |   4076516000 |   4075737000 |   4076546000 |   4076135000 |   4076619000 |   4075547000 |   4058125000 |   4057739000 |   4057915000 |   4057922000 |   4058069000 |   4058185000 |   4057824000 |   4058088000 |
|            MAX_CPU_CLOCK            |  FIXC2  |   4546362000 |   4546056000 |   4546054000 |   4546140000 |   4546282000 |   4546083000 |   4546130000 |   4546305000 |   4546183000 |   4546719000 |   4545490000 |   4545937000 |   4545388000 |   4545921000 |   4546286000 |   4546109000 |   4547382000 |   4545863000 |   4546071000 |   4546041000 |   4544520000 |   4546099000 |   4545394000 |   4544570000 |   4545559000 |   4546251000 |   4545510000 |   4546219000 |   4546386000 |   4545582000 |   4545527000 |   4546063000 |   4546110000 |   4546040000 |   4544952000 |   4546769000 |   4546474000 |   4546151000 |   4547002000 |   4546084000 |   4546601000 |   4547322000 |   4546051000 |   4547056000 |   4546762000 |   4546113000 |   4546571000 |   4547447000 |   4545819000 |   4546020000 |   4546130000 |   4546402000 |   4546044000 |   4545394000 |   4547006000 |   4545441000 |   4546165000 |   4547321000 |   4547383000 |   4546027000 |   4546375000 |   4546089000 |   4546541000 |   4546826000 |   4545582000 |   4545930000 |   4545528000 |   4546480000 |   4547335000 |   4546532000 |   4547478000 |   4546620000 |   4545645000 |   4545538000 |   4546491000 |   4546243000 |   4544623000 |   4545986000 |   4545502000 |   4545798000 |   4546410000 |   4545553000 |   4545330000 |   4545479000 |   4546559000 |   4546374000 |   4546269000 |   4545524000 |   4546661000 |   4546435000 |   4546103000 |   4546577000 |   4547530000 |   4546997000 |   4545932000 |   4546467000 |   4546041000 |   4546540000 |   4546819000 |   4546376000 |   4545728000 |   4546417000 |   4547524000 |   4546714000 |   4546348000 |   4545971000 |   4546294000 |   4546256000 |   4547294000 |   4546252000 |   4546313000 |   4546403000 |   4546081000 |   4545663000 |   4546354000 |   4545856000 |   4546379000 |   4545705000 |   4546080000 |   4545285000 |   4547573000 |   4546613000 |   4546769000 |   4546511000 |   4547497000 |   4547556000 |   4546733000 |   4547520000 |
|         RETIRED_INSTRUCTIONS        |   PMC0  |  10206900000 |  10207590000 |  10207570000 |  10207600000 |  10207700000 |  10207590000 |  10207430000 |  10207680000 |  10203860000 |  10203950000 |  10203930000 |  10203950000 |  10203840000 |  10204000000 |  10203990000 |  10203870000 |  10210090000 |  10210130000 |  10209960000 |  10210120000 |  10210010000 |  10210050000 |  10209990000 |  10209960000 |  10204250000 |  10204260000 |  10204260000 |  10204280000 |  10204270000 |  10204260000 |  10204180000 |  10204280000 |  10204260000 |  10204490000 |  10204330000 |  10203870000 |  10204200000 |  10204260000 |  10204280000 |  10204210000 |  10207570000 |  10207740000 |  10207570000 |  10207510000 |  10207530000 |  10207620000 |  10207360000 |  10207760000 |  10207030000 |  10207120000 |  10207100000 |  10207140000 |  10207120000 |  10207110000 |  10207180000 |  10207020000 |  10204450000 |  10204750000 |  10204780000 |  10204690000 |  10204270000 |  10204270000 |  10204260000 |  10204290000 |  10205150000 |  10205180000 |  10205060000 |  10205140000 |  10205250000 |  10205050000 |  10205220000 |  10205030000 |  10207590000 |  10207520000 |  10207540000 |  10207660000 |  10207510000 |  10207560000 |  10207520000 |  10207500000 |  10205910000 |  10205930000 |  10205860000 |  10205890000 |  10205970000 |  10205900000 |  10205880000 |  10205890000 |  10205160000 |  10205190000 |  10205120000 |  10205220000 |  10205000000 |  10205020000 |  10204770000 |  10204820000 |  10208800000 |  10208680000 |  10208640000 |  10208910000 |  10208600000 |  10208650000 |  10208800000 |  10208720000 |  10209600000 |  10209620000 |  10209590000 |  10209600000 |  10209740000 |  10209600000 |  10209540000 |  10209640000 |  10208490000 |  10208490000 |  10208470000 |  10208530000 |  10208420000 |  10208460000 |  10208400000 |  10208450000 |  10205230000 |  10205030000 |  10205020000 |  10205150000 |  10204820000 |  10204790000 |  10204700000 |  10204800000 |
|         CPU_CLOCKS_UNHALTED         |   PMC1  |   4045881000 |   4049738000 |   4049625000 |   4049724000 |   4050164000 |   4049705000 |   4049221000 |   4050011000 |   4028760000 |   4029266000 |   4029150000 |   4029205000 |   4028756000 |   4029485000 |   4029477000 |   4028849000 |   4063636000 |   4063643000 |   4062902000 |   4063658000 |   4063148000 |   4063307000 |   4063099000 |   4063188000 |   4030909000 |   4030908000 |   4030892000 |   4031014000 |   4030935000 |   4030927000 |   4030549000 |   4030983000 |   4030991000 |   4032246000 |   4031325000 |   4030081000 |   4030669000 |   4030928000 |   4031055000 |   4030724000 |   4049514000 |   4050356000 |   4049473000 |   4049156000 |   4049324000 |   4049735000 |   4048448000 |   4050555000 |   4046427000 |   4046937000 |   4046774000 |   4046985000 |   4046864000 |   4046849000 |   4047229000 |   4046551000 |   4032161000 |   4034118000 |   4033905000 |   4033327000 |   4032878000 |   4032761000 |   4032814000 |   4032857000 |   4035855000 |   4036041000 |   4035361000 |   4035852000 |   4036519000 |   4035439000 |   4036330000 |   4035259000 |   4049580000 |   4049240000 |   4049324000 |   4049975000 |   4049181000 |   4049376000 |   4049202000 |   4049103000 |   4040247000 |   4040180000 |   4039893000 |   4040064000 |   4040482000 |   4040088000 |   4040016000 |   4040046000 |   4035939000 |   4036174000 |   4035708000 |   4036257000 |   4036883000 |   4036953000 |   4035591000 |   4035869000 |   4056275000 |   4055578000 |   4055384000 |   4056917000 |   4055191000 |   4055415000 |   4056406000 |   4055856000 |   4060857000 |   4060937000 |   4060890000 |   4060782000 |   4061560000 |   4060832000 |   4060552000 |   4061045000 |   4054526000 |   4054522000 |   4054453000 |   4054748000 |   4054202000 |   4054335000 |   4054184000 |   4054368000 |   4036379000 |   4035509000 |   4035229000 |   4035930000 |   4035954000 |   4035843000 |   4035216000 |   4035811000 |
|                MERGE                |   PMC3  |            0 |            0 |            0 |            0 |            0 |            0 |            0 |            0 |            0 |            0 |            0 |            0 |            0 |            0 |            0 |            0 |            0 |            0 |            0 |            0 |            0 |            0 |            0 |            0 |            0 |            0 |            0 |            0 |            0 |            0 |            0 |            0 |            0 |            0 |            0 |            0 |            0 |            0 |            0 |            0 |            0 |            0 |            0 |            0 |            0 |            0 |            0 |            0 |            0 |            0 |            0 |            0 |            0 |            0 |            0 |            0 |            0 |            0 |            0 |            0 |            0 |            0 |            0 |            0 |            0 |            0 |            0 |            0 |            0 |            0 |            0 |            0 |            0 |            0 |            0 |            0 |            0 |            0 |            0 |            0 |            0 |            0 |            0 |            0 |            0 |            0 |            0 |            0 |            0 |            0 |            0 |            0 |            0 |            0 |            0 |            0 |            0 |            0 |            0 |            0 |            0 |            0 |            0 |            0 |            0 |            0 |            0 |            0 |            0 |            0 |            0 |            0 |            0 |            0 |            0 |            0 |            0 |            0 |            0 |            0 |            0 |            0 |            0 |            0 |            0 |            0 |            0 |            0 |
| RETIRED_SSE_AVX_FLOPS_ALL_SP_SCALAR |   PMC2  |            0 |            0 |            0 |            0 |            0 |            0 |            0 |            0 |            0 |            0 |            0 |            0 |            0 |            0 |            0 |            0 |            0 |            0 |            0 |            0 |            0 |            0 |            0 |            0 |            0 |            0 |            0 |            0 |            0 |            0 |            0 |            0 |            0 |            0 |            0 |            0 |            0 |            0 |            0 |            0 |            0 |            0 |            0 |            0 |            0 |            0 |            0 |            0 |            0 |            0 |            0 |            0 |            0 |            0 |            0 |            0 |            0 |            0 |            0 |            0 |            0 |            0 |            0 |            0 |            0 |            0 |            0 |            0 |            0 |            0 |            0 |            0 |            0 |            0 |            0 |            0 |            0 |            0 |            0 |            0 |            0 |            0 |            0 |            0 |            0 |            0 |            0 |            0 |            0 |            0 |            0 |            0 |            0 |            0 |            0 |            0 |            0 |            0 |            0 |            0 |            0 |            0 |            0 |            0 |            0 |            0 |            0 |            0 |            0 |            0 |            0 |            0 |            0 |            0 |            0 |            0 |            0 |            0 |            0 |            0 |            0 |            0 |            0 |            0 |            0 |            0 |            0 |            0 |
|                MERGE                |   PMC5  |            0 |            0 |            0 |            0 |            0 |            0 |            0 |            0 |            0 |            0 |            0 |            0 |            0 |            0 |            0 |            0 |            0 |            0 |            0 |            0 |            0 |            0 |            0 |            0 |            0 |            0 |            0 |            0 |            0 |            0 |            0 |            0 |            0 |            0 |            0 |            0 |            0 |            0 |            0 |            0 |            0 |            0 |            0 |            0 |            0 |            0 |            0 |            0 |            0 |            0 |            0 |            0 |            0 |            0 |            0 |            0 |            0 |            0 |            0 |            0 |            0 |            0 |            0 |            0 |            0 |            0 |            0 |            0 |            0 |            0 |            0 |            0 |            0 |            0 |            0 |            0 |            0 |            0 |            0 |            0 |            0 |            0 |            0 |            0 |            0 |            0 |            0 |            0 |            0 |            0 |            0 |            0 |            0 |            0 |            0 |            0 |            0 |            0 |            0 |            0 |            0 |            0 |            0 |            0 |            0 |            0 |            0 |            0 |            0 |            0 |            0 |            0 |            0 |            0 |            0 |            0 |            0 |            0 |            0 |            0 |            0 |            0 |            0 |            0 |            0 |            0 |            0 |            0 |
| RETIRED_SSE_AVX_FLOPS_ALL_SP_PACKED |   PMC4  | 257698000000 | 257698000000 | 257698000000 | 257698000000 | 257698000000 | 257698000000 | 257698000000 | 257698000000 | 257698000000 | 257698000000 | 257698000000 | 257698000000 | 257698000000 | 257698000000 | 257698000000 | 257698000000 | 257698000000 | 257698000000 | 257698000000 | 257698000000 | 257698000000 | 257698000000 | 257698000000 | 257698000000 | 257698000000 | 257698000000 | 257698000000 | 257698000000 | 257698000000 | 257698000000 | 257698000000 | 257698000000 | 257698000000 | 257698000000 | 257698000000 | 257698000000 | 257698000000 | 257698000000 | 257698000000 | 257698000000 | 257698000000 | 257698000000 | 257698000000 | 257698000000 | 257698000000 | 257698000000 | 257698000000 | 257698000000 | 257698000000 | 257698000000 | 257698000000 | 257698000000 | 257698000000 | 257698000000 | 257698000000 | 257698000000 | 257698000000 | 257698000000 | 257698000000 | 257698000000 | 257698000000 | 257698000000 | 257698000000 | 257698000000 | 257698000000 | 257698000000 | 257698000000 | 257698000000 | 257698000000 | 257698000000 | 257698000000 | 257698000000 | 257698000000 | 257698000000 | 257698000000 | 257698000000 | 257698000000 | 257698000000 | 257698000000 | 257698000000 | 257698000000 | 257698000000 | 257698000000 | 257698000000 | 257698000000 | 257698000000 | 257698000000 | 257698000000 | 257698000000 | 257698000000 | 257698000000 | 257698000000 | 257698000000 | 257698000000 | 257698000000 | 257698000000 | 257698000000 | 257698000000 | 257698000000 | 257698000000 | 257698000000 | 257698000000 | 257698000000 | 257698000000 | 257698000000 | 257698000000 | 257698000000 | 257698000000 | 257698000000 | 257698000000 | 257698000000 | 257698000000 | 257698000000 | 257698000000 | 257698000000 | 257698000000 | 257698000000 | 257698000000 | 257698000000 | 257698000000 | 257698000000 | 257698000000 | 257698000000 | 257698000000 | 257698000000 | 257698000000 | 257698000000 | 257698000000 |
+-------------------------------------+---------+--------------+--------------+--------------+--------------+--------------+--------------+--------------+--------------+--------------+--------------+--------------+--------------+--------------+--------------+--------------+--------------+--------------+--------------+--------------+--------------+--------------+--------------+--------------+--------------+--------------+--------------+--------------+--------------+--------------+--------------+--------------+--------------+--------------+--------------+--------------+--------------+--------------+--------------+--------------+--------------+--------------+--------------+--------------+--------------+--------------+--------------+--------------+--------------+--------------+--------------+--------------+--------------+--------------+--------------+--------------+--------------+--------------+--------------+--------------+--------------+--------------+--------------+--------------+--------------+--------------+--------------+--------------+--------------+--------------+--------------+--------------+--------------+--------------+--------------+--------------+--------------+--------------+--------------+--------------+--------------+--------------+--------------+--------------+--------------+--------------+--------------+--------------+--------------+--------------+--------------+--------------+--------------+--------------+--------------+--------------+--------------+--------------+--------------+--------------+--------------+--------------+--------------+--------------+--------------+--------------+--------------+--------------+--------------+--------------+--------------+--------------+--------------+--------------+--------------+--------------+--------------+--------------+--------------+--------------+--------------+--------------+--------------+--------------+--------------+--------------+--------------+--------------+--------------+
+------------------------------------------+---------+----------------+--------------+--------------+--------------+
|                   Event                  | Counter |       Sum      |      Min     |      Max     |      Avg     |
+------------------------------------------+---------+----------------+--------------+--------------+--------------+
|           ACTUAL_CPU_CLOCK STAT          |  FIXC1  |   520438099000 |   4049668000 |   4086488000 | 4.065923e+09 |
|            MAX_CPU_CLOCK STAT            |  FIXC2  |   581919946000 |   4544520000 |   4547573000 | 4.546250e+09 |
|         RETIRED_INSTRUCTIONS STAT        |   PMC0  |  1306435930000 |  10203840000 |  10210130000 | 1.020653e+10 |
|         CPU_CLOCKS_UNHALTED STAT         |   PMC1  |   517612445000 |   4028756000 |   4063658000 | 4.043847e+09 |
|                MERGE STAT                |   PMC3  |              0 |            0 |            0 |            0 |
| RETIRED_SSE_AVX_FLOPS_ALL_SP_SCALAR STAT |   PMC2  |              0 |            0 |            0 |            0 |
|                MERGE STAT                |   PMC5  |              0 |            0 |            0 |            0 |
| RETIRED_SSE_AVX_FLOPS_ALL_SP_PACKED STAT |   PMC4  | 32985344000000 | 257698000000 | 257698000000 | 257698000000 |
+------------------------------------------+---------+----------------+--------------+--------------+--------------+
+----------------------+-------------+-------------+-------------+-------------+-------------+-------------+-------------+-------------+-------------+-------------+-------------+-------------+-------------+-------------+-------------+-------------+-------------+-------------+-------------+-------------+-------------+-------------+-------------+-------------+-------------+-------------+-------------+-------------+-------------+-------------+-------------+-------------+-------------+-------------+-------------+-------------+-------------+-------------+-------------+-------------+-------------+-------------+-------------+-------------+-------------+-------------+-------------+-------------+-------------+-------------+-------------+-------------+-------------+-------------+-------------+-------------+-------------+-------------+-------------+-------------+-------------+-------------+-------------+-------------+-------------+-------------+-------------+-------------+-------------+-------------+-------------+-------------+-------------+-------------+-------------+-------------+-------------+-------------+-------------+-------------+-------------+-------------+-------------+-------------+-------------+-------------+-------------+-------------+-------------+-------------+-------------+-------------+-------------+-------------+-------------+-------------+-------------+-------------+-------------+-------------+--------------+--------------+--------------+--------------+--------------+--------------+--------------+--------------+--------------+--------------+--------------+--------------+--------------+--------------+--------------+--------------+--------------+--------------+--------------+--------------+--------------+--------------+--------------+--------------+--------------+--------------+--------------+--------------+
|        Metric        |  HWThread 0 |  HWThread 1 |  HWThread 2 |  HWThread 3 |  HWThread 4 |  HWThread 5 |  HWThread 6 |  HWThread 7 |  HWThread 8 |  HWThread 9 | HWThread 10 | HWThread 11 | HWThread 12 | HWThread 13 | HWThread 14 | HWThread 15 | HWThread 16 | HWThread 17 | HWThread 18 | HWThread 19 | HWThread 20 | HWThread 21 | HWThread 22 | HWThread 23 | HWThread 24 | HWThread 25 | HWThread 26 | HWThread 27 | HWThread 28 | HWThread 29 | HWThread 30 | HWThread 31 | HWThread 32 | HWThread 33 | HWThread 34 | HWThread 35 | HWThread 36 | HWThread 37 | HWThread 38 | HWThread 39 | HWThread 40 | HWThread 41 | HWThread 42 | HWThread 43 | HWThread 44 | HWThread 45 | HWThread 46 | HWThread 47 | HWThread 48 | HWThread 49 | HWThread 50 | HWThread 51 | HWThread 52 | HWThread 53 | HWThread 54 | HWThread 55 | HWThread 56 | HWThread 57 | HWThread 58 | HWThread 59 | HWThread 60 | HWThread 61 | HWThread 62 | HWThread 63 | HWThread 64 | HWThread 65 | HWThread 66 | HWThread 67 | HWThread 68 | HWThread 69 | HWThread 70 | HWThread 71 | HWThread 72 | HWThread 73 | HWThread 74 | HWThread 75 | HWThread 76 | HWThread 77 | HWThread 78 | HWThread 79 | HWThread 80 | HWThread 81 | HWThread 82 | HWThread 83 | HWThread 84 | HWThread 85 | HWThread 86 | HWThread 87 | HWThread 88 | HWThread 89 | HWThread 90 | HWThread 91 | HWThread 92 | HWThread 93 | HWThread 94 | HWThread 95 | HWThread 96 | HWThread 97 | HWThread 98 | HWThread 99 | HWThread 100 | HWThread 101 | HWThread 102 | HWThread 103 | HWThread 104 | HWThread 105 | HWThread 106 | HWThread 107 | HWThread 108 | HWThread 109 | HWThread 110 | HWThread 111 | HWThread 112 | HWThread 113 | HWThread 114 | HWThread 115 | HWThread 116 | HWThread 117 | HWThread 118 | HWThread 119 | HWThread 120 | HWThread 121 | HWThread 122 | HWThread 123 | HWThread 124 | HWThread 125 | HWThread 126 | HWThread 127 |
+----------------------+-------------+-------------+-------------+-------------+-------------+-------------+-------------+-------------+-------------+-------------+-------------+-------------+-------------+-------------+-------------+-------------+-------------+-------------+-------------+-------------+-------------+-------------+-------------+-------------+-------------+-------------+-------------+-------------+-------------+-------------+-------------+-------------+-------------+-------------+-------------+-------------+-------------+-------------+-------------+-------------+-------------+-------------+-------------+-------------+-------------+-------------+-------------+-------------+-------------+-------------+-------------+-------------+-------------+-------------+-------------+-------------+-------------+-------------+-------------+-------------+-------------+-------------+-------------+-------------+-------------+-------------+-------------+-------------+-------------+-------------+-------------+-------------+-------------+-------------+-------------+-------------+-------------+-------------+-------------+-------------+-------------+-------------+-------------+-------------+-------------+-------------+-------------+-------------+-------------+-------------+-------------+-------------+-------------+-------------+-------------+-------------+-------------+-------------+-------------+-------------+--------------+--------------+--------------+--------------+--------------+--------------+--------------+--------------+--------------+--------------+--------------+--------------+--------------+--------------+--------------+--------------+--------------+--------------+--------------+--------------+--------------+--------------+--------------+--------------+--------------+--------------+--------------+--------------+
|  Runtime (RDTSC) [s] |      1.6842 |      1.6842 |      1.6842 |      1.6842 |      1.6845 |      1.6842 |      1.6842 |      1.6842 |      1.6842 |      1.6842 |      1.6842 |      1.6845 |      1.6842 |      1.6845 |      1.6845 |      1.6842 |      1.6845 |      1.6844 |      1.6842 |      1.6843 |      1.6842 |      1.6842 |      1.6842 |      1.6842 |      1.6842 |      1.6842 |      1.6843 |      1.6843 |      1.6844 |      1.6843 |      1.6842 |      1.6843 |      1.6842 |      1.6848 |      1.6844 |      1.6845 |      1.6842 |      1.6842 |      1.6848 |      1.6842 |      1.6842 |      1.6845 |      1.6842 |      1.6842 |      1.6842 |      1.6843 |      1.6842 |      1.6848 |      1.6842 |      1.6843 |      1.6844 |      1.6843 |      1.6843 |      1.6843 |      1.6846 |      1.6842 |      1.6842 |      1.6847 |      1.6847 |      1.6843 |      1.6842 |      1.6842 |      1.6842 |      1.6845 |      1.6843 |      1.6844 |      1.6842 |      1.6843 |      1.6847 |      1.6842 |      1.6847 |      1.6842 |      1.6843 |      1.6842 |      1.6842 |      1.6845 |      1.6842 |      1.6842 |      1.6842 |      1.6842 |      1.6843 |      1.6843 |      1.6842 |      1.6842 |      1.6844 |      1.6842 |      1.6842 |      1.6842 |      1.6842 |      1.6844 |      1.6842 |      1.6845 |      1.6848 |      1.6847 |      1.6842 |      1.6844 |      1.6846 |      1.6843 |      1.6842 |      1.6849 |       1.6842 |       1.6842 |       1.6848 |       1.6845 |       1.6842 |       1.6842 |       1.6842 |       1.6842 |       1.6847 |       1.6842 |       1.6842 |       1.6843 |       1.6843 |       1.6843 |       1.6843 |       1.6845 |       1.6842 |       1.6842 |       1.6843 |       1.6843 |       1.6848 |       1.6842 |       1.6842 |       1.6844 |       1.6846 |       1.6845 |       1.6842 |       1.6845 |
| Runtime unhalted [s] |      1.5097 |      1.5095 |      1.5096 |      1.5096 |      1.5096 |      1.5096 |      1.5096 |      1.5097 |      1.5029 |      1.5030 |      1.5026 |      1.5029 |      1.5025 |      1.5027 |      1.5029 |      1.5029 |      1.5156 |      1.5153 |      1.5151 |      1.5151 |      1.5150 |      1.5153 |      1.5151 |      1.5148 |      1.5031 |      1.5034 |      1.5031 |      1.5034 |      1.5036 |      1.5031 |      1.5031 |      1.5033 |      1.5022 |      1.5022 |      1.5019 |      1.5023 |      1.5023 |      1.5022 |      1.5024 |      1.5022 |      1.5106 |      1.5108 |      1.5104 |      1.5107 |      1.5106 |      1.5103 |      1.5106 |      1.5108 |      1.5094 |      1.5092 |      1.5094 |      1.5095 |      1.5093 |      1.5090 |      1.5095 |      1.5090 |      1.5041 |      1.5044 |      1.5044 |      1.5041 |      1.5043 |      1.5041 |      1.5043 |      1.5042 |      1.5047 |      1.5050 |      1.5047 |      1.5052 |      1.5052 |      1.5051 |      1.5053 |      1.5052 |      1.5100 |      1.5100 |      1.5104 |      1.5103 |      1.5098 |      1.5101 |      1.5100 |      1.5101 |      1.5070 |      1.5066 |      1.5066 |      1.5065 |      1.5069 |      1.5070 |      1.5071 |      1.5066 |      1.5054 |      1.5054 |      1.5052 |      1.5054 |      1.5055 |      1.5054 |      1.5051 |      1.5054 |      1.5119 |      1.5120 |      1.5122 |      1.5120 |       1.5119 |       1.5121 |       1.5122 |       1.5120 |       1.5141 |       1.5141 |       1.5142 |       1.5142 |       1.5145 |       1.5142 |       1.5142 |       1.5141 |       1.5117 |       1.5117 |       1.5119 |       1.5116 |       1.5119 |       1.5118 |       1.5119 |       1.5115 |       1.5051 |       1.5049 |       1.5050 |       1.5050 |       1.5051 |       1.5051 |       1.5050 |       1.5051 |
|      Clock [MHz]     |   2414.1289 |   2413.9687 |   2414.0552 |   2414.0487 |   2413.9887 |   2414.0439 |   2414.0516 |   2414.1384 |   2403.2933 |   2403.2656 |   2403.1733 |   2403.4649 |   2403.1762 |   2403.2325 |   2403.3195 |   2403.3200 |   2423.0096 |   2423.3122 |   2422.9765 |   2422.9783 |   2423.5246 |   2423.1727 |   2423.2152 |   2423.3110 |   2404.0337 |   2404.1612 |   2404.0086 |   2404.1224 |   2404.2802 |   2404.0103 |   2404.0073 |   2404.0940 |   2402.3129 |   2402.3286 |   2402.4617 |   2402.0923 |   2402.2131 |   2402.2676 |   2402.0480 |   2402.2810 |   2415.3701 |   2415.3411 |   2415.3907 |   2415.3573 |   2415.3391 |   2415.2510 |   2415.5307 |   2415.2652 |   2413.9054 |   2413.4890 |   2413.7082 |   2413.7791 |   2413.6435 |   2413.5616 |   2413.4234 |   2413.5420 |   2405.3193 |   2405.1769 |   2405.1808 |   2405.3057 |   2405.4235 |   2405.2907 |   2405.4223 |   2405.0432 |   2406.6048 |   2406.9010 |   2406.6203 |   2406.8523 |   2406.4633 |   2406.6350 |   2406.4445 |   2406.8429 |   2414.9895 |   2414.9882 |   2415.2322 |   2415.1475 |   2415.2781 |   2414.9080 |   2414.9943 |   2415.1057 |   2409.8156 |   2409.6044 |   2409.7107 |   2409.5475 |   2409.6198 |   2409.8702 |   2410.0362 |   2409.5954 |   2407.1058 |   2407.2344 |   2406.9849 |   2407.0679 |   2406.8486 |   2406.9701 |   2406.9390 |   2407.2524 |   2417.7832 |   2417.7670 |   2417.8273 |   2417.7486 |    2418.0393 |    2417.9794 |    2417.5331 |    2417.6667 |    2421.1529 |    2421.3626 |    2421.3560 |    2421.3608 |    2421.3192 |    2421.3570 |    2421.3536 |    2421.1900 |    2417.5200 |    2417.7595 |    2417.6435 |    2417.4463 |    2417.6480 |    2417.7626 |    2417.8503 |    2417.6373 |    2406.0913 |    2406.3704 |    2406.3922 |    2406.5329 |    2406.0983 |    2406.1358 |    2406.3573 |    2406.0974 |
|          CPI         |      0.3964 |      0.3967 |      0.3967 |      0.3967 |      0.3968 |      0.3967 |      0.3967 |      0.3968 |      0.3948 |      0.3949 |      0.3949 |      0.3949 |      0.3948 |      0.3949 |      0.3949 |      0.3948 |      0.3980 |      0.3980 |      0.3979 |      0.3980 |      0.3980 |      0.3980 |      0.3980 |      0.3980 |      0.3950 |      0.3950 |      0.3950 |      0.3950 |      0.3950 |      0.3950 |      0.3950 |      0.3950 |      0.3950 |      0.3951 |      0.3951 |      0.3950 |      0.3950 |      0.3950 |      0.3950 |      0.3950 |      0.3967 |      0.3968 |      0.3967 |      0.3967 |      0.3967 |      0.3967 |      0.3966 |      0.3968 |      0.3964 |      0.3965 |      0.3965 |      0.3965 |      0.3965 |      0.3965 |      0.3965 |      0.3964 |      0.3951 |      0.3953 |      0.3953 |      0.3952 |      0.3952 |      0.3952 |      0.3952 |      0.3952 |      0.3955 |      0.3955 |      0.3954 |      0.3955 |      0.3955 |      0.3954 |      0.3955 |      0.3954 |      0.3967 |      0.3967 |      0.3967 |      0.3968 |      0.3967 |      0.3967 |      0.3967 |      0.3967 |      0.3959 |      0.3959 |      0.3958 |      0.3959 |      0.3959 |      0.3959 |      0.3959 |      0.3959 |      0.3955 |      0.3955 |      0.3955 |      0.3955 |      0.3956 |      0.3956 |      0.3955 |      0.3955 |      0.3973 |      0.3973 |      0.3973 |      0.3974 |       0.3972 |       0.3973 |       0.3973 |       0.3973 |       0.3977 |       0.3978 |       0.3978 |       0.3977 |       0.3978 |       0.3977 |       0.3977 |       0.3978 |       0.3972 |       0.3972 |       0.3972 |       0.3972 |       0.3971 |       0.3972 |       0.3971 |       0.3972 |       0.3955 |       0.3954 |       0.3954 |       0.3955 |       0.3955 |       0.3955 |       0.3954 |       0.3955 |
|     SP [MFLOP/s]     | 153010.4157 | 153010.3249 | 153011.1425 | 153010.3249 | 152983.8009 | 153010.2340 | 153009.8706 | 153004.9648 | 153010.5066 | 153011.4151 | 153007.6902 | 152986.4347 | 153011.0517 | 152986.4347 | 152981.0764 | 153010.6883 | 152980.1682 | 152988.3420 | 153011.0517 | 152997.2434 | 153010.8700 | 153010.2340 | 153010.8700 | 153010.4157 | 153006.3275 | 153008.6896 | 153001.2403 | 153004.0564 | 152989.5228 | 152998.7876 | 153010.9608 | 152997.2434 | 153011.0517 | 152956.8322 | 152988.7053 | 152981.5305 | 153011.2334 | 153007.2360 | 152959.0112 | 153010.0523 | 153010.5066 | 152979.1693 | 153010.3249 | 153010.2340 | 153007.2360 | 152999.2418 | 153010.5974 | 152958.6480 | 153010.2340 | 153001.1494 | 152995.3359 | 152997.3343 | 152996.9709 | 152998.7876 | 152975.9908 | 153011.1425 | 153011.1425 | 152962.0073 | 152961.4626 | 152996.1534 | 153009.9615 | 153009.8706 | 153007.7811 | 152979.4417 | 152996.9709 | 152988.0696 | 153010.7791 | 152997.6068 | 152960.0099 | 153007.0543 | 152960.9178 | 153010.1432 | 153001.1494 | 153011.0517 | 153010.4157 | 152982.3478 | 153011.1425 | 153006.7818 | 153011.1425 | 153011.1425 | 152997.5159 | 153003.8747 | 153011.0517 | 153011.0517 | 152987.3430 | 153007.2360 | 153007.0543 | 153010.7791 | 153010.0523 | 152995.1542 | 153007.1451 | 152985.1632 | 152956.4691 | 152961.8257 | 153010.8700 | 152995.1542 | 152973.9022 | 152998.5151 | 153009.8706 | 152947.8448 |  153011.1425 |  153007.5085 |  152955.8336 |  152982.8019 |  153010.4157 |  153010.9608 |  153010.2340 |  153010.2340 |  152966.2747 |  153010.4157 |  153010.5974 |  152997.4251 |  152998.5151 |  153001.4220 |  153001.3311 |  152985.8898 |  153010.2340 |  153011.0517 |  152998.5151 |  153001.9670 |  152956.5599 |  153010.4157 |  153010.5974 |  152987.3430 |  152975.1735 |  152981.7121 |  153010.6883 |  152981.7121 |
+----------------------+-------------+-------------+-------------+-------------+-------------+-------------+-------------+-------------+-------------+-------------+-------------+-------------+-------------+-------------+-------------+-------------+-------------+-------------+-------------+-------------+-------------+-------------+-------------+-------------+-------------+-------------+-------------+-------------+-------------+-------------+-------------+-------------+-------------+-------------+-------------+-------------+-------------+-------------+-------------+-------------+-------------+-------------+-------------+-------------+-------------+-------------+-------------+-------------+-------------+-------------+-------------+-------------+-------------+-------------+-------------+-------------+-------------+-------------+-------------+-------------+-------------+-------------+-------------+-------------+-------------+-------------+-------------+-------------+-------------+-------------+-------------+-------------+-------------+-------------+-------------+-------------+-------------+-------------+-------------+-------------+-------------+-------------+-------------+-------------+-------------+-------------+-------------+-------------+-------------+-------------+-------------+-------------+-------------+-------------+-------------+-------------+-------------+-------------+-------------+-------------+--------------+--------------+--------------+--------------+--------------+--------------+--------------+--------------+--------------+--------------+--------------+--------------+--------------+--------------+--------------+--------------+--------------+--------------+--------------+--------------+--------------+--------------+--------------+--------------+--------------+--------------+--------------+--------------+
+---------------------------+--------------+-------------+-------------+-------------+
|           Metric          |      Sum     |     Min     |     Max     |     Avg     |
+---------------------------+--------------+-------------+-------------+-------------+
|  Runtime (RDTSC) [s] STAT |     215.5944 |      1.6842 |      1.6849 |      1.6843 |
| Runtime unhalted [s] STAT |     193.0198 |      1.5019 |      1.5156 |      1.5080 |
|      Clock [MHz] STAT     |  308661.3025 |   2402.0480 |   2423.5246 |   2411.4164 |
|          CPI STAT         |      50.7139 |      0.3948 |      0.3980 |      0.3962 |
|     SP [MFLOP/s] STAT     | 1.958370e+07 | 152947.8448 | 153011.4151 | 152997.6590 |
+---------------------------+--------------+-------------+-------------+-------------+
