--------------------------------------------------------------------------------
CPU name:	AMD EPYC 9755 128-Core Processor               
CPU type:	AMD K1A (Zen5) architecture
CPU clock:	2.70 GHz
--------------------------------------------------------------------------------
Region bench, Group 1: FLOPS_SP
+-------------------+------------+------------+------------+------------+------------+------------+------------+------------+------------+------------+-------------+-------------+-------------+-------------+-------------+-------------+-------------+-------------+-------------+-------------+-------------+-------------+-------------+-------------+-------------+-------------+-------------+-------------+-------------+-------------+-------------+-------------+
|    Region Info    | HWThread 0 | HWThread 1 | HWThread 2 | HWThread 3 | HWThread 4 | HWThread 5 | HWThread 6 | HWThread 7 | HWThread 8 | HWThread 9 | HWThread 10 | HWThread 11 | HWThread 12 | HWThread 13 | HWThread 14 | HWThread 15 | HWThread 16 | HWThread 17 | HWThread 18 | HWThread 19 | HWThread 20 | HWThread 21 | HWThread 22 | HWThread 23 | HWThread 24 | HWThread 25 | HWThread 26 | HWThread 27 | HWThread 28 | HWThread 29 | HWThread 30 | HWThread 31 |
+-------------------+------------+------------+------------+------------+------------+------------+------------+------------+------------+------------+-------------+-------------+-------------+-------------+-------------+-------------+-------------+-------------+-------------+-------------+-------------+-------------+-------------+-------------+-------------+-------------+-------------+-------------+-------------+-------------+-------------+-------------+
| RDTSC Runtime [s] |   1.717753 |   1.717748 |   1.717751 |   1.717816 |   1.717791 |   1.717819 |   1.717826 |   1.717737 |   1.717727 |   1.717740 |    1.717756 |    1.717790 |    1.717730 |    1.717697 |    1.717727 |    1.717755 |    1.717729 |    1.717749 |    1.717792 |    1.717829 |    1.717752 |    1.717753 |    1.717706 |    1.717741 |    1.717748 |    1.717764 |    1.717798 |    1.717741 |    1.717787 |    1.717806 |    1.717806 |    1.717698 |
|     call count    |          1 |          1 |          1 |          1 |          1 |          1 |          1 |          1 |          1 |          1 |           1 |           1 |           1 |           1 |           1 |           1 |           1 |           1 |           1 |           1 |           1 |           1 |           1 |           1 |           1 |           1 |           1 |           1 |           1 |           1 |           1 |           1 |
+-------------------+------------+------------+------------+------------+------------+------------+------------+------------+------------+------------+-------------+-------------+-------------+-------------+-------------+-------------+-------------+-------------+-------------+-------------+-------------+-------------+-------------+-------------+-------------+-------------+-------------+-------------+-------------+-------------+-------------+-------------+
+-------------------------------------+---------+-------------+-------------+-------------+-------------+-------------+-------------+-------------+-------------+-------------+-------------+-------------+-------------+-------------+-------------+-------------+-------------+-------------+-------------+-------------+-------------+-------------+-------------+-------------+-------------+-------------+-------------+-------------+-------------+-------------+-------------+-------------+-------------+
|                Event                | Counter |  HWThread 0 |  HWThread 1 |  HWThread 2 |  HWThread 3 |  HWThread 4 |  HWThread 5 |  HWThread 6 |  HWThread 7 |  HWThread 8 |  HWThread 9 | HWThread 10 | HWThread 11 | HWThread 12 | HWThread 13 | HWThread 14 | HWThread 15 | HWThread 16 | HWThread 17 | HWThread 18 | HWThread 19 | HWThread 20 | HWThread 21 | HWThread 22 | HWThread 23 | HWThread 24 | HWThread 25 | HWThread 26 | HWThread 27 | HWThread 28 | HWThread 29 | HWThread 30 | HWThread 31 |
+-------------------------------------+---------+-------------+-------------+-------------+-------------+-------------+-------------+-------------+-------------+-------------+-------------+-------------+-------------+-------------+-------------+-------------+-------------+-------------+-------------+-------------+-------------+-------------+-------------+-------------+-------------+-------------+-------------+-------------+-------------+-------------+-------------+-------------+-------------+
|           ACTUAL_CPU_CLOCK          |  FIXC1  |  4146768000 |  4146810000 |  4146944000 |  4146874000 |  4146807000 |  4146796000 |  4146873000 |  4146691000 |  4117736000 |  4117697000 |  4117746000 |  4117825000 |  4117638000 |  4117647000 |  4117654000 |  4117646000 |  4163315000 |  4163291000 |  4163363000 |  4163450000 |  4163408000 |  4163455000 |  4163170000 |  4163314000 |  4131525000 |  4131554000 |  4131401000 |  4131375000 |  4131499000 |  4131540000 |  4131503000 |  4131315000 |
|            MAX_CPU_CLOCK            |  FIXC2  |  4632463000 |  4632512000 |  4632633000 |  4632653000 |  4632572000 |  4632594000 |  4632676000 |  4632440000 |  4632434000 |  4632438000 |  4632394000 |  4632606000 |  4632259000 |  4632352000 |  4632330000 |  4632274000 |  4632557000 |  4632689000 |  4632669000 |  4632771000 |  4632623000 |  4632888000 |  4632406000 |  4632562000 |  4632586000 |  4632638000 |  4632438000 |  4632441000 |  4632575000 |  4632570000 |  4632560000 |  4632363000 |
|         RETIRED_INSTRUCTIONS        |   PMC0  | 10743000000 | 10743230000 | 10743310000 | 10743180000 | 10742980000 | 10743120000 | 10743300000 | 10743450000 | 10738200000 | 10738600000 | 10738380000 | 10737620000 | 10737870000 | 10737700000 | 10738110000 | 10737830000 | 10745780000 | 10746580000 | 10746080000 | 10746320000 | 10746190000 | 10746170000 | 10746110000 | 10745970000 | 10740170000 | 10740660000 | 10740800000 | 10740550000 | 10740650000 | 10740620000 | 10740550000 | 10740210000 |
|         CPU_CLOCKS_UNHALTED         |   PMC1  |  4133665000 |  4135571000 |  4135153000 |  4135895000 |  4135939000 |  4135800000 |  4135654000 |  4135590000 |  4105446000 |  4105781000 |  4105665000 |  4105670000 |  4105650000 |  4105488000 |  4105687000 |  4105687000 |  4151374000 |  4151592000 |  4151562000 |  4151707000 |  4151571000 |  4151673000 |  4151408000 |  4151545000 |  4119653000 |  4119735000 |  4119523000 |  4119736000 |  4119684000 |  4119772000 |  4119720000 |  4119548000 |
|                MERGE                |   PMC3  |           0 |           0 |           0 |           0 |           0 |           0 |           0 |           0 |           0 |           0 |           0 |           0 |           0 |           0 |           0 |           0 |           0 |           0 |           0 |           0 |           0 |           0 |           0 |           0 |           0 |           0 |           0 |           0 |           0 |           0 |           0 |           0 |
| RETIRED_SSE_AVX_FLOPS_ALL_SP_SCALAR |   PMC2  |  8589935000 |  8589935000 |  8589935000 |  8589935000 |  8589935000 |  8589935000 |  8589935000 |  8589935000 |  8589935000 |  8589935000 |  8589935000 |  8589935000 |  8589935000 |  8589935000 |  8589935000 |  8589935000 |  8589935000 |  8589935000 |  8589935000 |  8589935000 |  8589935000 |  8589935000 |  8589935000 |  8589935000 |  8589935000 |  8589935000 |  8589935000 |  8589935000 |  8589935000 |  8589935000 |  8589935000 |  8589935000 |
|                MERGE                |   PMC5  |           0 |           0 |           0 |           0 |           0 |           0 |           0 |           0 |           0 |           0 |           0 |           0 |           0 |           0 |           0 |           0 |           0 |           0 |           0 |           0 |           0 |           0 |           0 |           0 |           0 |           0 |           0 |           0 |           0 |           0 |           0 |           0 |
| RETIRED_SSE_AVX_FLOPS_ALL_SP_PACKED |   PMC4  |           0 |           0 |           0 |           0 |           0 |           0 |           0 |           0 |           0 |           0 |           0 |           0 |           0 |           0 |           0 |           0 |           0 |           0 |           0 |           0 |           0 |           0 |           0 |           0 |           0 |           0 |           0 |           0 |           0 |           0 |           0 |           0 |
+-------------------------------------+---------+-------------+-------------+-------------+-------------+-------------+-------------+-------------+-------------+-------------+-------------+-------------+-------------+-------------+-------------+-------------+-------------+-------------+-------------+-------------+-------------+-------------+-------------+-------------+-------------+-------------+-------------+-------------+-------------+-------------+-------------+-------------+-------------+
+------------------------------------------+---------+--------------+-------------+-------------+--------------+
|                   Event                  | Counter |      Sum     |     Min     |     Max     |      Avg     |
+------------------------------------------+---------+--------------+-------------+-------------+--------------+
|           ACTUAL_CPU_CLOCK STAT          |  FIXC1  | 132474630000 |  4117638000 |  4163455000 | 4.139832e+09 |
|            MAX_CPU_CLOCK STAT            |  FIXC2  | 148240966000 |  4632259000 |  4632888000 | 4.632530e+09 |
|         RETIRED_INSTRUCTIONS STAT        |   PMC0  | 343743290000 | 10737620000 | 10746580000 | 1.074198e+10 |
|         CPU_CLOCKS_UNHALTED STAT         |   PMC1  | 132098144000 |  4105446000 |  4151707000 |   4128067000 |
|                MERGE STAT                |   PMC3  |            0 |           0 |           0 |            0 |
| RETIRED_SSE_AVX_FLOPS_ALL_SP_SCALAR STAT |   PMC2  | 274877920000 |  8589935000 |  8589935000 |   8589935000 |
|                MERGE STAT                |   PMC5  |            0 |           0 |           0 |            0 |
| RETIRED_SSE_AVX_FLOPS_ALL_SP_PACKED STAT |   PMC4  |            0 |           0 |           0 |            0 |
+------------------------------------------+---------+--------------+-------------+-------------+--------------+
+----------------------+------------+------------+------------+------------+------------+------------+------------+------------+------------+------------+-------------+-------------+-------------+-------------+-------------+-------------+-------------+-------------+-------------+-------------+-------------+-------------+-------------+-------------+-------------+-------------+-------------+-------------+-------------+-------------+-------------+-------------+
|        Metric        | HWThread 0 | HWThread 1 | HWThread 2 | HWThread 3 | HWThread 4 | HWThread 5 | HWThread 6 | HWThread 7 | HWThread 8 | HWThread 9 | HWThread 10 | HWThread 11 | HWThread 12 | HWThread 13 | HWThread 14 | HWThread 15 | HWThread 16 | HWThread 17 | HWThread 18 | HWThread 19 | HWThread 20 | HWThread 21 | HWThread 22 | HWThread 23 | HWThread 24 | HWThread 25 | HWThread 26 | HWThread 27 | HWThread 28 | HWThread 29 | HWThread 30 | HWThread 31 |
+----------------------+------------+------------+------------+------------+------------+------------+------------+------------+------------+------------+-------------+-------------+-------------+-------------+-------------+-------------+-------------+-------------+-------------+-------------+-------------+-------------+-------------+-------------+-------------+-------------+-------------+-------------+-------------+-------------+-------------+-------------+
|  Runtime (RDTSC) [s] |     1.7178 |     1.7177 |     1.7178 |     1.7178 |     1.7178 |     1.7178 |     1.7178 |     1.7177 |     1.7177 |     1.7177 |      1.7178 |      1.7178 |      1.7177 |      1.7177 |      1.7177 |      1.7178 |      1.7177 |      1.7177 |      1.7178 |      1.7178 |      1.7178 |      1.7178 |      1.7177 |      1.7177 |      1.7177 |      1.7178 |      1.7178 |      1.7177 |      1.7178 |      1.7178 |      1.7178 |      1.7177 |
| Runtime unhalted [s] |     1.5380 |     1.5380 |     1.5380 |     1.5380 |     1.5380 |     1.5380 |     1.5380 |     1.5379 |     1.5272 |     1.5272 |      1.5272 |      1.5272 |      1.5272 |      1.5272 |      1.5272 |      1.5272 |      1.5441 |      1.5441 |      1.5441 |      1.5441 |      1.5441 |      1.5441 |      1.5440 |      1.5441 |      1.5323 |      1.5323 |      1.5323 |      1.5322 |      1.5323 |      1.5323 |      1.5323 |      1.5322 |
|      Clock [MHz]     |  2413.5933 |  2413.5922 |  2413.6072 |  2413.5560 |  2413.5592 |  2413.5413 |  2413.5434 |  2413.5605 |  2396.7105 |  2396.6857 |   2396.7370 |   2396.6733 |   2396.7440 |   2396.7011 |   2396.7165 |   2396.7408 |   2423.1752 |   2423.0922 |   2423.1445 |   2423.1418 |   2423.1948 |   2423.0835 |   2423.1698 |   2423.1720 |   2404.6574 |   2404.6473 |   2404.6620 |   2404.6453 |   2404.6480 |   2404.6744 |   2404.6581 |   2404.6509 |
|          CPI         |     0.3848 |     0.3849 |     0.3849 |     0.3850 |     0.3850 |     0.3850 |     0.3850 |     0.3849 |     0.3823 |     0.3823 |      0.3823 |      0.3824 |      0.3824 |      0.3823 |      0.3823 |      0.3824 |      0.3863 |      0.3863 |      0.3863 |      0.3863 |      0.3863 |      0.3863 |      0.3863 |      0.3863 |      0.3836 |      0.3836 |      0.3835 |      0.3836 |      0.3836 |      0.3836 |      0.3836 |      0.3836 |
|     SP [MFLOP/s]     |  5000.6811 |  5000.6957 |  5000.6869 |  5000.4977 |  5000.5705 |  5000.4890 |  5000.4686 |  5000.7277 |  5000.7568 |  5000.7190 |   5000.6724 |   5000.5734 |   5000.7481 |   5000.8442 |   5000.7568 |   5000.6753 |   5000.7510 |   5000.6928 |   5000.5676 |   5000.4599 |   5000.6840 |   5000.6811 |   5000.8180 |   5000.7161 |   5000.6957 |   5000.6491 |   5000.5501 |   5000.7161 |   5000.5821 |   5000.5268 |   5000.5268 |   5000.8412 |
+----------------------+------------+------------+------------+------------+------------+------------+------------+------------+------------+------------+-------------+-------------+-------------+-------------+-------------+-------------+-------------+-------------+-------------+-------------+-------------+-------------+-------------+-------------+-------------+-------------+-------------+-------------+-------------+-------------+-------------+-------------+
+---------------------------+-------------+-----------+-----------+-----------+
|           Metric          |     Sum     |    Min    |    Max    |    Avg    |
+---------------------------+-------------+-----------+-----------+-----------+
|  Runtime (RDTSC) [s] STAT |     54.9682 |    1.7177 |    1.7178 |    1.7178 |
| Runtime unhalted [s] STAT |     49.1324 |    1.5272 |    1.5441 |    1.5354 |
|      Clock [MHz] STAT     |  77104.6792 | 2396.6733 | 2423.1948 | 2409.5212 |
|          CPI STAT         |     12.2973 |    0.3823 |    0.3863 |    0.3843 |
|     SP [MFLOP/s] STAT     | 160021.0216 | 5000.4599 | 5000.8442 | 5000.6569 |
+---------------------------+-------------+-----------+-----------+-----------+
