--------------------------------------------------------------------------------
CPU name:	AMD EPYC 9755 128-Core Processor               
CPU type:	AMD K1A (Zen5) architecture
CPU clock:	2.70 GHz
--------------------------------------------------------------------------------
Region bench, Group 1: FLOPS_SP
+-------------------+------------+------------+------------+------------+------------+------------+------------+------------+------------+------------+-------------+-------------+-------------+-------------+-------------+-------------+-------------+-------------+-------------+-------------+-------------+-------------+-------------+-------------+-------------+-------------+-------------+-------------+-------------+-------------+-------------+-------------+
|    Region Info    | HWThread 0 | HWThread 1 | HWThread 2 | HWThread 3 | HWThread 4 | HWThread 5 | HWThread 6 | HWThread 7 | HWThread 8 | HWThread 9 | HWThread 10 | HWThread 11 | HWThread 12 | HWThread 13 | HWThread 14 | HWThread 15 | HWThread 16 | HWThread 17 | HWThread 18 | HWThread 19 | HWThread 20 | HWThread 21 | HWThread 22 | HWThread 23 | HWThread 24 | HWThread 25 | HWThread 26 | HWThread 27 | HWThread 28 | HWThread 29 | HWThread 30 | HWThread 31 |
+-------------------+------------+------------+------------+------------+------------+------------+------------+------------+------------+------------+-------------+-------------+-------------+-------------+-------------+-------------+-------------+-------------+-------------+-------------+-------------+-------------+-------------+-------------+-------------+-------------+-------------+-------------+-------------+-------------+-------------+-------------+
| RDTSC Runtime [s] |   1.716552 |   1.716583 |   1.716603 |   1.716558 |   1.716558 |   1.716558 |   1.716568 |   1.716552 |   1.716596 |   1.716587 |    1.716558 |    1.716575 |    1.716568 |    1.716570 |    1.716577 |    1.716604 |    1.716620 |    1.716603 |    1.716605 |    1.716577 |    1.716581 |    1.716575 |    1.716573 |    1.716573 |    1.716620 |    1.716605 |    1.716577 |    1.716576 |    1.716560 |    1.716607 |    1.716552 |    1.716575 |
|     call count    |          1 |          1 |          1 |          1 |          1 |          1 |          1 |          1 |          1 |          1 |           1 |           1 |           1 |           1 |           1 |           1 |           1 |           1 |           1 |           1 |           1 |           1 |           1 |           1 |           1 |           1 |           1 |           1 |           1 |           1 |           1 |           1 |
+-------------------+------------+------------+------------+------------+------------+------------+------------+------------+------------+------------+-------------+-------------+-------------+-------------+-------------+-------------+-------------+-------------+-------------+-------------+-------------+-------------+-------------+-------------+-------------+-------------+-------------+-------------+-------------+-------------+-------------+-------------+
+-------------------------------------+---------+-------------+-------------+-------------+-------------+-------------+-------------+-------------+-------------+-------------+-------------+-------------+-------------+-------------+-------------+-------------+-------------+-------------+-------------+-------------+-------------+-------------+-------------+-------------+-------------+-------------+-------------+-------------+-------------+-------------+-------------+-------------+-------------+
|                Event                | Counter |  HWThread 0 |  HWThread 1 |  HWThread 2 |  HWThread 3 |  HWThread 4 |  HWThread 5 |  HWThread 6 |  HWThread 7 |  HWThread 8 |  HWThread 9 | HWThread 10 | HWThread 11 | HWThread 12 | HWThread 13 | HWThread 14 | HWThread 15 | HWThread 16 | HWThread 17 | HWThread 18 | HWThread 19 | HWThread 20 | HWThread 21 | HWThread 22 | HWThread 23 | HWThread 24 | HWThread 25 | HWThread 26 | HWThread 27 | HWThread 28 | HWThread 29 | HWThread 30 | HWThread 31 |
+-------------------------------------+---------+-------------+-------------+-------------+-------------+-------------+-------------+-------------+-------------+-------------+-------------+-------------+-------------+-------------+-------------+-------------+-------------+-------------+-------------+-------------+-------------+-------------+-------------+-------------+-------------+-------------+-------------+-------------+-------------+-------------+-------------+-------------+-------------+
|           ACTUAL_CPU_CLOCK          |  FIXC1  |  4144813000 |  4144893000 |  4144857000 |  4144647000 |  4144662000 |  4144648000 |  4144630000 |  4144566000 |  4119112000 |  4119164000 |  4119077000 |  4119114000 |  4119103000 |  4119113000 |  4119315000 |  4119124000 |  4159844000 |  4159728000 |  4159937000 |  4159932000 |  4159797000 |  4159764000 |  4159721000 |  4159815000 |  4128350000 |  4128361000 |  4128300000 |  4128305000 |  4128485000 |  4128504000 |  4128313000 |  4128471000 |
|            MAX_CPU_CLOCK            |  FIXC2  |  4629396000 |  4629470000 |  4629504000 |  4629408000 |  4629432000 |  4629266000 |  4629364000 |  4629254000 |  4629370000 |  4629389000 |  4629317000 |  4629365000 |  4629350000 |  4629355000 |  4629568000 |  4629402000 |  4629597000 |  4629345000 |  4629589000 |  4629493000 |  4629402000 |  4629390000 |  4629411000 |  4629401000 |  4629393000 |  4629401000 |  4629428000 |  4629424000 |  4629453000 |  4629511000 |  4629384000 |  4629421000 |
|         RETIRED_INSTRUCTIONS        |   PMC0  | 10742200000 | 10743160000 | 10742650000 | 10742340000 | 10742620000 | 10742550000 | 10742910000 | 10742680000 | 10737970000 | 10738070000 | 10737770000 | 10737620000 | 10737970000 | 10737990000 | 10737700000 | 10738380000 | 10745250000 | 10745210000 | 10745330000 | 10745200000 | 10746060000 | 10745610000 | 10745480000 | 10745450000 | 10739540000 | 10740040000 | 10739660000 | 10739790000 | 10739550000 | 10739600000 | 10739670000 | 10739720000 |
|         CPU_CLOCKS_UNHALTED         |   PMC1  |  4130163000 |  4132940000 |  4132416000 |  4132894000 |  4132620000 |  4132525000 |  4132418000 |  4132540000 |  4106256000 |  4106234000 |  4106247000 |  4106238000 |  4106244000 |  4106162000 |  4106194000 |  4106146000 |  4147172000 |  4147175000 |  4147036000 |  4147069000 |  4146997000 |  4147221000 |  4147154000 |  4147177000 |  4115529000 |  4115773000 |  4115301000 |  4115576000 |  4115406000 |  4115747000 |  4115446000 |  4115435000 |
|                MERGE                |   PMC3  |           0 |           0 |           0 |           0 |           0 |           0 |           0 |           0 |           0 |           0 |           0 |           0 |           0 |           0 |           0 |           0 |           0 |           0 |           0 |           0 |           0 |           0 |           0 |           0 |           0 |           0 |           0 |           0 |           0 |           0 |           0 |           0 |
| RETIRED_SSE_AVX_FLOPS_ALL_SP_SCALAR |   PMC2  |  8589935000 |  8589935000 |  8589935000 |  8589935000 |  8589935000 |  8589935000 |  8589935000 |  8589935000 |  8589935000 |  8589935000 |  8589935000 |  8589935000 |  8589935000 |  8589935000 |  8589935000 |  8589935000 |  8589935000 |  8589935000 |  8589935000 |  8589935000 |  8589935000 |  8589935000 |  8589935000 |  8589935000 |  8589935000 |  8589935000 |  8589935000 |  8589935000 |  8589935000 |  8589935000 |  8589935000 |  8589935000 |
|                MERGE                |   PMC5  |           0 |           0 |           0 |           0 |           0 |           0 |           0 |           0 |           0 |           0 |           0 |           0 |           0 |           0 |           0 |           0 |           0 |           0 |           0 |           0 |           0 |           0 |           0 |           0 |           0 |           0 |           0 |           0 |           0 |           0 |           0 |           0 |
| RETIRED_SSE_AVX_FLOPS_ALL_SP_PACKED |   PMC4  |           0 |           0 |           0 |           0 |           0 |           0 |           0 |           0 |           0 |           0 |           0 |           0 |           0 |           0 |           0 |           0 |           0 |           0 |           0 |           0 |           0 |           0 |           0 |           0 |           0 |           0 |           0 |           0 |           0 |           0 |           0 |           0 |
+-------------------------------------+---------+-------------+-------------+-------------+-------------+-------------+-------------+-------------+-------------+-------------+-------------+-------------+-------------+-------------+-------------+-------------+-------------+-------------+-------------+-------------+-------------+-------------+-------------+-------------+-------------+-------------+-------------+-------------+-------------+-------------+-------------+-------------+-------------+
+------------------------------------------+---------+--------------+-------------+-------------+--------------+
|                   Event                  | Counter |      Sum     |     Min     |     Max     |      Avg     |
+------------------------------------------+---------+--------------+-------------+-------------+--------------+
|           ACTUAL_CPU_CLOCK STAT          |  FIXC1  | 132416465000 |  4119077000 |  4159937000 | 4.138015e+09 |
|            MAX_CPU_CLOCK STAT            |  FIXC2  | 148141253000 |  4629254000 |  4629597000 | 4.629414e+09 |
|         RETIRED_INSTRUCTIONS STAT        |   PMC0  | 343725740000 | 10737620000 | 10746060000 |  10741429375 |
|         CPU_CLOCKS_UNHALTED STAT         |   PMC1  | 132009451000 |  4106146000 |  4147221000 | 4.125295e+09 |
|                MERGE STAT                |   PMC3  |            0 |           0 |           0 |            0 |
| RETIRED_SSE_AVX_FLOPS_ALL_SP_SCALAR STAT |   PMC2  | 274877920000 |  8589935000 |  8589935000 |   8589935000 |
|                MERGE STAT                |   PMC5  |            0 |           0 |           0 |            0 |
| RETIRED_SSE_AVX_FLOPS_ALL_SP_PACKED STAT |   PMC4  |            0 |           0 |           0 |            0 |
+------------------------------------------+---------+--------------+-------------+-------------+--------------+
+----------------------+------------+------------+------------+------------+------------+------------+------------+------------+------------+------------+-------------+-------------+-------------+-------------+-------------+-------------+-------------+-------------+-------------+-------------+-------------+-------------+-------------+-------------+-------------+-------------+-------------+-------------+-------------+-------------+-------------+-------------+
|        Metric        | HWThread 0 | HWThread 1 | HWThread 2 | HWThread 3 | HWThread 4 | HWThread 5 | HWThread 6 | HWThread 7 | HWThread 8 | HWThread 9 | HWThread 10 | HWThread 11 | HWThread 12 | HWThread 13 | HWThread 14 | HWThread 15 | HWThread 16 | HWThread 17 | HWThread 18 | HWThread 19 | HWThread 20 | HWThread 21 | HWThread 22 | HWThread 23 | HWThread 24 | HWThread 25 | HWThread 26 | HWThread 27 | HWThread 28 | HWThread 29 | HWThread 30 | HWThread 31 |
+----------------------+------------+------------+------------+------------+------------+------------+------------+------------+------------+------------+-------------+-------------+-------------+-------------+-------------+-------------+-------------+-------------+-------------+-------------+-------------+-------------+-------------+-------------+-------------+-------------+-------------+-------------+-------------+-------------+-------------+-------------+
|  Runtime (RDTSC) [s] |     1.7166 |     1.7166 |     1.7166 |     1.7166 |     1.7166 |     1.7166 |     1.7166 |     1.7166 |     1.7166 |     1.7166 |      1.7166 |      1.7166 |      1.7166 |      1.7166 |      1.7166 |      1.7166 |      1.7166 |      1.7166 |      1.7166 |      1.7166 |      1.7166 |      1.7166 |      1.7166 |      1.7166 |      1.7166 |      1.7166 |      1.7166 |      1.7166 |      1.7166 |      1.7166 |      1.7166 |      1.7166 |
| Runtime unhalted [s] |     1.5378 |     1.5379 |     1.5378 |     1.5378 |     1.5378 |     1.5378 |     1.5378 |     1.5377 |     1.5283 |     1.5283 |      1.5283 |      1.5283 |      1.5283 |      1.5283 |      1.5284 |      1.5283 |      1.5434 |      1.5434 |      1.5434 |      1.5434 |      1.5434 |      1.5434 |      1.5434 |      1.5434 |      1.5317 |      1.5317 |      1.5317 |      1.5317 |      1.5318 |      1.5318 |      1.5317 |      1.5318 |
|      Clock [MHz]     |  2413.1196 |  2413.1276 |  2413.0889 |  2413.0167 |  2413.0129 |  2413.0913 |  2413.0297 |  2413.0498 |  2398.1698 |  2398.1903 |   2398.1769 |   2398.1736 |   2398.1750 |   2398.1782 |   2398.1855 |   2398.1602 |   2421.7655 |   2421.8298 |   2421.8238 |   2421.8711 |   2421.8401 |   2421.8272 |   2421.7912 |   2421.8511 |   2403.5363 |   2403.5386 |   2403.4890 |   2403.4940 |   2403.5838 |   2403.5647 |   2403.5194 |   2403.5922 |
|          CPI         |     0.3845 |     0.3847 |     0.3847 |     0.3847 |     0.3847 |     0.3847 |     0.3847 |     0.3847 |     0.3824 |     0.3824 |      0.3824 |      0.3824 |      0.3824 |      0.3824 |      0.3824 |      0.3824 |      0.3860 |      0.3860 |      0.3859 |      0.3859 |      0.3859 |      0.3859 |      0.3859 |      0.3859 |      0.3832 |      0.3832 |      0.3832 |      0.3832 |      0.3832 |      0.3832 |      0.3832 |      0.3832 |
|     SP [MFLOP/s]     |  5004.1799 |  5004.0895 |  5004.0312 |  5004.1624 |  5004.1624 |  5004.1624 |  5004.1332 |  5004.1799 |  5004.0516 |  5004.0779 |   5004.1624 |   5004.1128 |   5004.1332 |   5004.1274 |   5004.1070 |   5004.0283 |   5003.9817 |   5004.0312 |   5004.0254 |   5004.1070 |   5004.0954 |   5004.1128 |   5004.1187 |   5004.1187 |   5003.9817 |   5004.0254 |   5004.1070 |   5004.1099 |   5004.1566 |   5004.0196 |   5004.1799 |   5004.1128 |
+----------------------+------------+------------+------------+------------+------------+------------+------------+------------+------------+------------+-------------+-------------+-------------+-------------+-------------+-------------+-------------+-------------+-------------+-------------+-------------+-------------+-------------+-------------+-------------+-------------+-------------+-------------+-------------+-------------+-------------+-------------+
+---------------------------+-------------+-----------+-----------+-----------+
|           Metric          |     Sum     |    Min    |    Max    |    Avg    |
+---------------------------+-------------+-----------+-----------+-----------+
|  Runtime (RDTSC) [s] STAT |     54.9312 |    1.7166 |    1.7166 |    1.7166 |
| Runtime unhalted [s] STAT |     49.1300 |    1.5283 |    1.5434 |    1.5353 |
|      Clock [MHz] STAT     |  77092.8638 | 2398.1602 | 2421.8711 | 2409.1520 |
|          CPI STAT         |     12.2896 |    0.3824 |    0.3860 |    0.3841 |
|     SP [MFLOP/s] STAT     | 160131.1853 | 5003.9817 | 5004.1799 | 5004.0995 |
+---------------------------+-------------+-----------+-----------+-----------+
