--------------------------------------------------------------------------------
CPU name:	AMD EPYC 9654 96-Core Processor                
CPU type:	AMD K19 (Zen4) architecture
CPU clock:	2.40 GHz
--------------------------------------------------------------------------------
Region bench, Group 1: FLOPS_DP
+-------------------+------------+------------+------------+------------+------------+------------+------------+------------+------------+------------+-------------+-------------+-------------+-------------+-------------+-------------+-------------+-------------+-------------+-------------+-------------+-------------+-------------+-------------+-------------+-------------+-------------+-------------+-------------+-------------+-------------+-------------+-------------+-------------+-------------+-------------+-------------+-------------+-------------+-------------+-------------+-------------+-------------+-------------+-------------+-------------+-------------+-------------+-------------+-------------+-------------+-------------+-------------+-------------+-------------+-------------+-------------+-------------+-------------+-------------+-------------+-------------+-------------+-------------+-------------+-------------+-------------+-------------+-------------+-------------+-------------+-------------+-------------+-------------+-------------+-------------+-------------+-------------+-------------+-------------+-------------+-------------+-------------+-------------+-------------+-------------+-------------+-------------+-------------+-------------+-------------+-------------+-------------+-------------+-------------+-------------+
|    Region Info    | HWThread 0 | HWThread 1 | HWThread 2 | HWThread 3 | HWThread 4 | HWThread 5 | HWThread 6 | HWThread 7 | HWThread 8 | HWThread 9 | HWThread 10 | HWThread 11 | HWThread 12 | HWThread 13 | HWThread 14 | HWThread 15 | HWThread 16 | HWThread 17 | HWThread 18 | HWThread 19 | HWThread 20 | HWThread 21 | HWThread 22 | HWThread 23 | HWThread 24 | HWThread 25 | HWThread 26 | HWThread 27 | HWThread 28 | HWThread 29 | HWThread 30 | HWThread 31 | HWThread 32 | HWThread 33 | HWThread 34 | HWThread 35 | HWThread 36 | HWThread 37 | HWThread 38 | HWThread 39 | HWThread 40 | HWThread 41 | HWThread 42 | HWThread 43 | HWThread 44 | HWThread 45 | HWThread 46 | HWThread 47 | HWThread 48 | HWThread 49 | HWThread 50 | HWThread 51 | HWThread 52 | HWThread 53 | HWThread 54 | HWThread 55 | HWThread 56 | HWThread 57 | HWThread 58 | HWThread 59 | HWThread 60 | HWThread 61 | HWThread 62 | HWThread 63 | HWThread 64 | HWThread 65 | HWThread 66 | HWThread 67 | HWThread 68 | HWThread 69 | HWThread 70 | HWThread 71 | HWThread 72 | HWThread 73 | HWThread 74 | HWThread 75 | HWThread 76 | HWThread 77 | HWThread 78 | HWThread 79 | HWThread 80 | HWThread 81 | HWThread 82 | HWThread 83 | HWThread 84 | HWThread 85 | HWThread 86 | HWThread 87 | HWThread 88 | HWThread 89 | HWThread 90 | HWThread 91 | HWThread 92 | HWThread 93 | HWThread 94 | HWThread 95 |
+-------------------+------------+------------+------------+------------+------------+------------+------------+------------+------------+------------+-------------+-------------+-------------+-------------+-------------+-------------+-------------+-------------+-------------+-------------+-------------+-------------+-------------+-------------+-------------+-------------+-------------+-------------+-------------+-------------+-------------+-------------+-------------+-------------+-------------+-------------+-------------+-------------+-------------+-------------+-------------+-------------+-------------+-------------+-------------+-------------+-------------+-------------+-------------+-------------+-------------+-------------+-------------+-------------+-------------+-------------+-------------+-------------+-------------+-------------+-------------+-------------+-------------+-------------+-------------+-------------+-------------+-------------+-------------+-------------+-------------+-------------+-------------+-------------+-------------+-------------+-------------+-------------+-------------+-------------+-------------+-------------+-------------+-------------+-------------+-------------+-------------+-------------+-------------+-------------+-------------+-------------+-------------+-------------+-------------+-------------+
| RDTSC Runtime [s] |   1.069609 |   1.069600 |   1.069431 |   1.069464 |   1.069428 |   1.069435 |   1.069546 |   1.069501 |   1.069563 |   1.069645 |    1.069647 |    1.069438 |    1.069612 |    1.069541 |    1.069540 |    1.069536 |    1.069479 |    1.069493 |    1.069481 |    1.069605 |    1.069538 |    1.069412 |    1.069479 |    1.069541 |    1.069474 |    1.069410 |    1.069499 |    1.069599 |    1.069426 |    1.069426 |    1.069513 |    1.069538 |    1.069431 |    1.069538 |    1.069439 |    1.069597 |    1.069516 |    1.069408 |    1.069460 |    1.069448 |    1.069494 |    1.069449 |    1.069476 |    1.069531 |    1.069535 |    1.069477 |    1.069536 |    1.069432 |    1.069513 |    1.069431 |    1.069571 |    1.069733 |    1.069549 |    1.069478 |    1.069478 |    1.069425 |    1.069442 |    1.069434 |    1.069428 |    1.069564 |    1.069422 |    1.069758 |    1.069547 |    1.069756 |    1.069534 |    1.069667 |    1.069482 |    1.069729 |    1.069438 |    1.069605 |    1.069741 |    1.069751 |    1.069745 |    1.069407 |    1.069536 |    1.069596 |    1.069697 |    1.069535 |    1.069445 |    1.069474 |    1.069578 |    1.069540 |    1.069501 |    1.069612 |    1.069411 |    1.069548 |    1.069412 |    1.069477 |    1.069629 |    1.069666 |    1.069604 |    1.069539 |    1.069428 |    1.069734 |    1.069407 |    1.069599 |
|     call count    |          1 |          1 |          1 |          1 |          1 |          1 |          1 |          1 |          1 |          1 |           1 |           1 |           1 |           1 |           1 |           1 |           1 |           1 |           1 |           1 |           1 |           1 |           1 |           1 |           1 |           1 |           1 |           1 |           1 |           1 |           1 |           1 |           1 |           1 |           1 |           1 |           1 |           1 |           1 |           1 |           1 |           1 |           1 |           1 |           1 |           1 |           1 |           1 |           1 |           1 |           1 |           1 |           1 |           1 |           1 |           1 |           1 |           1 |           1 |           1 |           1 |           1 |           1 |           1 |           1 |           1 |           1 |           1 |           1 |           1 |           1 |           1 |           1 |           1 |           1 |           1 |           1 |           1 |           1 |           1 |           1 |           1 |           1 |           1 |           1 |           1 |           1 |           1 |           1 |           1 |           1 |           1 |           1 |           1 |           1 |           1 |
+-------------------+------------+------------+------------+------------+------------+------------+------------+------------+------------+------------+-------------+-------------+-------------+-------------+-------------+-------------+-------------+-------------+-------------+-------------+-------------+-------------+-------------+-------------+-------------+-------------+-------------+-------------+-------------+-------------+-------------+-------------+-------------+-------------+-------------+-------------+-------------+-------------+-------------+-------------+-------------+-------------+-------------+-------------+-------------+-------------+-------------+-------------+-------------+-------------+-------------+-------------+-------------+-------------+-------------+-------------+-------------+-------------+-------------+-------------+-------------+-------------+-------------+-------------+-------------+-------------+-------------+-------------+-------------+-------------+-------------+-------------+-------------+-------------+-------------+-------------+-------------+-------------+-------------+-------------+-------------+-------------+-------------+-------------+-------------+-------------+-------------+-------------+-------------+-------------+-------------+-------------+-------------+-------------+-------------+-------------+
+---------------------------+---------+-------------+-------------+-------------+-------------+-------------+-------------+-------------+-------------+-------------+-------------+-------------+-------------+-------------+-------------+-------------+-------------+-------------+-------------+-------------+-------------+-------------+-------------+-------------+-------------+-------------+-------------+-------------+-------------+-------------+-------------+-------------+-------------+-------------+-------------+-------------+-------------+-------------+-------------+-------------+-------------+-------------+-------------+-------------+-------------+-------------+-------------+-------------+-------------+-------------+-------------+-------------+-------------+-------------+-------------+-------------+-------------+-------------+-------------+-------------+-------------+-------------+-------------+-------------+-------------+-------------+-------------+-------------+-------------+-------------+-------------+-------------+-------------+-------------+-------------+-------------+-------------+-------------+-------------+-------------+-------------+-------------+-------------+-------------+-------------+-------------+-------------+-------------+-------------+-------------+-------------+-------------+-------------+-------------+-------------+-------------+-------------+
|           Event           | Counter |  HWThread 0 |  HWThread 1 |  HWThread 2 |  HWThread 3 |  HWThread 4 |  HWThread 5 |  HWThread 6 |  HWThread 7 |  HWThread 8 |  HWThread 9 | HWThread 10 | HWThread 11 | HWThread 12 | HWThread 13 | HWThread 14 | HWThread 15 | HWThread 16 | HWThread 17 | HWThread 18 | HWThread 19 | HWThread 20 | HWThread 21 | HWThread 22 | HWThread 23 | HWThread 24 | HWThread 25 | HWThread 26 | HWThread 27 | HWThread 28 | HWThread 29 | HWThread 30 | HWThread 31 | HWThread 32 | HWThread 33 | HWThread 34 | HWThread 35 | HWThread 36 | HWThread 37 | HWThread 38 | HWThread 39 | HWThread 40 | HWThread 41 | HWThread 42 | HWThread 43 | HWThread 44 | HWThread 45 | HWThread 46 | HWThread 47 | HWThread 48 | HWThread 49 | HWThread 50 | HWThread 51 | HWThread 52 | HWThread 53 | HWThread 54 | HWThread 55 | HWThread 56 | HWThread 57 | HWThread 58 | HWThread 59 | HWThread 60 | HWThread 61 | HWThread 62 | HWThread 63 | HWThread 64 | HWThread 65 | HWThread 66 | HWThread 67 | HWThread 68 | HWThread 69 | HWThread 70 | HWThread 71 | HWThread 72 | HWThread 73 | HWThread 74 | HWThread 75 | HWThread 76 | HWThread 77 | HWThread 78 | HWThread 79 | HWThread 80 | HWThread 81 | HWThread 82 | HWThread 83 | HWThread 84 | HWThread 85 | HWThread 86 | HWThread 87 | HWThread 88 | HWThread 89 | HWThread 90 | HWThread 91 | HWThread 92 | HWThread 93 | HWThread 94 | HWThread 95 |
+---------------------------+---------+-------------+-------------+-------------+-------------+-------------+-------------+-------------+-------------+-------------+-------------+-------------+-------------+-------------+-------------+-------------+-------------+-------------+-------------+-------------+-------------+-------------+-------------+-------------+-------------+-------------+-------------+-------------+-------------+-------------+-------------+-------------+-------------+-------------+-------------+-------------+-------------+-------------+-------------+-------------+-------------+-------------+-------------+-------------+-------------+-------------+-------------+-------------+-------------+-------------+-------------+-------------+-------------+-------------+-------------+-------------+-------------+-------------+-------------+-------------+-------------+-------------+-------------+-------------+-------------+-------------+-------------+-------------+-------------+-------------+-------------+-------------+-------------+-------------+-------------+-------------+-------------+-------------+-------------+-------------+-------------+-------------+-------------+-------------+-------------+-------------+-------------+-------------+-------------+-------------+-------------+-------------+-------------+-------------+-------------+-------------+-------------+
|      ACTUAL_CPU_CLOCK     |  FIXC1  |  2030583000 |  2030660000 |  2030011000 |  2030206000 |  2030248000 |  2030260000 |  2030148000 |  2030178000 |  2030259000 |  2030732000 |  2030700000 |  2030330000 |  2030578000 |  2030320000 |  2030341000 |  2030153000 |  2030507000 |  2030822000 |  2030765000 |  2030831000 |  2030182000 |  2030424000 |  2030511000 |  2030326000 |  2029962000 |  2030182000 |  2030351000 |  2030571000 |  2030544000 |  2030144000 |  2030047000 |  2030175000 |  2030215000 |  2030577000 |  2030201000 |  2030711000 |  2030521000 |  2030219000 |  2030193000 |  2030224000 |  2030364000 |  2030350000 |  2030338000 |  2030306000 |  2030367000 |  2030360000 |  2030310000 |  2030359000 |  2030689000 |  2030357000 |  2030173000 |  2030683000 |  2030601000 |  2030714000 |  2030528000 |  2030599000 |  2030587000 |  2030530000 |  2030554000 |  2030516000 |  2030537000 |  2030990000 |  2030559000 |  2030966000 |  2030472000 |  2030639000 |  2030217000 |  2030622000 |  2030278000 |  2030487000 |  2030675000 |  2030783000 |  2030957000 |  2030393000 |  2030582000 |  2030896000 |  2030814000 |  2030452000 |  2030492000 |  2030507000 |  2030738000 |  2030714000 |  2030679000 |  2030738000 |  2030544000 |  2030497000 |  2030502000 |  2030675000 |  2030767000 |  2030735000 |  2031010000 |  2030512000 |  2030488000 |  2030955000 |  2030492000 |  2030765000 |
|       MAX_CPU_CLOCK       |  FIXC2  |  2564827000 |  2564917000 |  2563963000 |  2564688000 |  2564662000 |  2564618000 |  2564449000 |  2564480000 |  2564388000 |  2564944000 |  2565038000 |  2564768000 |  2564881000 |  2564799000 |  2564960000 |  2564397000 |  2564920000 |  2565198000 |  2564959000 |  2565198000 |  2564631000 |  2564951000 |  2564909000 |  2564934000 |  2563990000 |  2564788000 |  2564259000 |  2564837000 |  2564990000 |  2564413000 |  2564073000 |  2564464000 |  2564373000 |  2565167000 |  2564485000 |  2564922000 |  2565078000 |  2564494000 |  2564476000 |  2564365000 |  2564810000 |  2564652000 |  2564776000 |  2564617000 |  2564865000 |  2564796000 |  2564795000 |  2564792000 |  2565057000 |  2564701000 |  2564701000 |  2565316000 |  2565178000 |  2565055000 |  2564926000 |  2564916000 |  2565000000 |  2564985000 |  2564966000 |  2564797000 |  2564747000 |  2565593000 |  2564978000 |  2565564000 |  2564890000 |  2565304000 |  2564491000 |  2565279000 |  2564710000 |  2564904000 |  2565278000 |  2565299000 |  2565685000 |  2564964000 |  2564838000 |  2565426000 |  2565498000 |  2564709000 |  2565003000 |  2564879000 |  2565125000 |  2565263000 |  2565194000 |  2565093000 |  2564783000 |  2564919000 |  2564902000 |  2565186000 |  2565155000 |  2565081000 |  2565557000 |  2564760000 |  2564729000 |  2565477000 |  2564719000 |  2565137000 |
|    RETIRED_INSTRUCTIONS   |   PMC0  |  2551112000 |  2551258000 |  2551215000 |  2551205000 |  2551190000 |  2551199000 |  2551240000 |  2551161000 |  2551266000 |  2551299000 |  2551291000 |  2551231000 |  2551231000 |  2551252000 |  2551246000 |  2551233000 |  2551192000 |  2551214000 |  2551193000 |  2551241000 |  2551198000 |  2551179000 |  2551190000 |  2551209000 |  2551186000 |  2551171000 |  2551148000 |  2551203000 |  2551080000 |  2551153000 |  2551166000 |  2551198000 |  2551131000 |  2551151000 |  2551149000 |  2551142000 |  2551134000 |  2551109000 |  2551117000 |  2551119000 |  2551320000 |  2550971000 |  2551328000 |  2551312000 |  2551211000 |  2551183000 |  2551212000 |  2551175000 |  2551231000 |  2551195000 |  2551193000 |  2551269000 |  2551210000 |  2551164000 |  2551161000 |  2551143000 |  2551210000 |  2551175000 |  2551149000 |  2551189000 |  2551134000 |  2551242000 |  2551181000 |  2551230000 |  2551197000 |  2551242000 |  2551184000 |  2551269000 |  2551122000 |  2551167000 |  2551191000 |  2551027000 |  2551146000 |  2551086000 |  2551091000 |  2551130000 |  2551152000 |  2551129000 |  2551053000 |  2551080000 |  2551325000 |  2551141000 |  2551230000 |  2551194000 |  2551112000 |  2551201000 |  2551222000 |  2551240000 |  2551166000 |  2551176000 |  2551201000 |  2551179000 |  2550965000 |  2551093000 |  2551068000 |  2550993000 |
|    CPU_CLOCKS_UNHALTED    |   PMC1  |  2014822000 |  2015615000 |  2015374000 |  2015313000 |  2015263000 |  2015289000 |  2015540000 |  2015089000 |  2015678000 |  2015838000 |  2015807000 |  2015468000 |  2015497000 |  2015611000 |  2015573000 |  2015491000 |  2015287000 |  2015363000 |  2015260000 |  2015542000 |  2015338000 |  2015199000 |  2015275000 |  2015373000 |  2015228000 |  2015180000 |  2015101000 |  2015322000 |  2014808000 |  2015032000 |  2015130000 |  2015298000 |  2014952000 |  2015031000 |  2015025000 |  2015000000 |  2014990000 |  2014814000 |  2014870000 |  2014884000 |  2015992000 |  2014008000 |  2016040000 |  2015927000 |  2015907000 |  2015459000 |  2015793000 |  2015628000 |  2015513000 |  2015303000 |  2015357000 |  2015736000 |  2015418000 |  2015140000 |  2015134000 |  2015065000 |  2015386000 |  2015180000 |  2015040000 |  2015279000 |  2014968000 |  2015587000 |  2015255000 |  2015500000 |  2015290000 |  2015580000 |  2015221000 |  2015708000 |  2015083000 |  2015347000 |  2015495000 |  2015124000 |  2015070000 |  2014687000 |  2014746000 |  2014950000 |  2015113000 |  2014947000 |  2014534000 |  2014677000 |  2016065000 |  2015366000 |  2015531000 |  2015439000 |  2014933000 |  2015383000 |  2015517000 |  2015583000 |  2015181000 |  2015222000 |  2015369000 |  2015243000 |  2014480000 |  2015019000 |  2014878000 |  2015044000 |
| RETIRED_SSE_AVX_FLOPS_ALL |   PMC2  | 32212250000 | 32212250000 | 32212250000 | 32212250000 | 32212250000 | 32212250000 | 32212250000 | 32212250000 | 32212250000 | 32212250000 | 32212250000 | 32212250000 | 32212250000 | 32212250000 | 32212250000 | 32212250000 | 32212250000 | 32212250000 | 32212250000 | 32212250000 | 32212250000 | 32212250000 | 32212250000 | 32212250000 | 32212250000 | 32212250000 | 32212250000 | 32212250000 | 32212250000 | 32212250000 | 32212250000 | 32212250000 | 32212250000 | 32212250000 | 32212250000 | 32212250000 | 32212250000 | 32212250000 | 32212250000 | 32212250000 | 32212250000 | 32212250000 | 32212250000 | 32212250000 | 32212250000 | 32212250000 | 32212250000 | 32212250000 | 32212250000 | 32212250000 | 32212250000 | 32212250000 | 32212250000 | 32212250000 | 32212250000 | 32212250000 | 32212250000 | 32212250000 | 32212250000 | 32212250000 | 32212250000 | 32212250000 | 32212250000 | 32212250000 | 32212250000 | 32212250000 | 32212250000 | 32212250000 | 32212250000 | 32212250000 | 32212250000 | 32212250000 | 32212250000 | 32212250000 | 32212250000 | 32212250000 | 32212250000 | 32212250000 | 32212250000 | 32212250000 | 32212250000 | 32212250000 | 32212250000 | 32212250000 | 32212250000 | 32212250000 | 32212250000 | 32212250000 | 32212250000 | 32212250000 | 32212250000 | 32212250000 | 32212250000 | 32212250000 | 32212250000 | 32212250000 |
|           MERGE           |   PMC3  |           0 |           0 |           0 |           0 |           0 |           0 |           0 |           0 |           0 |           0 |           0 |           0 |           0 |           0 |           0 |           0 |           0 |           0 |           0 |           0 |           0 |           0 |           0 |           0 |           0 |           0 |           0 |           0 |           0 |           0 |           0 |           0 |           0 |           0 |           0 |           0 |           0 |           0 |           0 |           0 |           0 |           0 |           0 |           0 |           0 |           0 |           0 |           0 |           0 |           0 |           0 |           0 |           0 |           0 |           0 |           0 |           0 |           0 |           0 |           0 |           0 |           0 |           0 |           0 |           0 |           0 |           0 |           0 |           0 |           0 |           0 |           0 |           0 |           0 |           0 |           0 |           0 |           0 |           0 |           0 |           0 |           0 |           0 |           0 |           0 |           0 |           0 |           0 |           0 |           0 |           0 |           0 |           0 |           0 |           0 |           0 |
+---------------------------+---------+-------------+-------------+-------------+-------------+-------------+-------------+-------------+-------------+-------------+-------------+-------------+-------------+-------------+-------------+-------------+-------------+-------------+-------------+-------------+-------------+-------------+-------------+-------------+-------------+-------------+-------------+-------------+-------------+-------------+-------------+-------------+-------------+-------------+-------------+-------------+-------------+-------------+-------------+-------------+-------------+-------------+-------------+-------------+-------------+-------------+-------------+-------------+-------------+-------------+-------------+-------------+-------------+-------------+-------------+-------------+-------------+-------------+-------------+-------------+-------------+-------------+-------------+-------------+-------------+-------------+-------------+-------------+-------------+-------------+-------------+-------------+-------------+-------------+-------------+-------------+-------------+-------------+-------------+-------------+-------------+-------------+-------------+-------------+-------------+-------------+-------------+-------------+-------------+-------------+-------------+-------------+-------------+-------------+-------------+-------------+-------------+
+--------------------------------+---------+---------------+-------------+-------------+--------------+
|              Event             | Counter |      Sum      |     Min     |     Max     |      Avg     |
+--------------------------------+---------+---------------+-------------+-------------+--------------+
|      ACTUAL_CPU_CLOCK STAT     |  FIXC1  |  194927326000 |  2029962000 |  2031010000 | 2.030493e+09 |
|       MAX_CPU_CLOCK STAT       |  FIXC2  |  246228473000 |  2563963000 |  2565685000 | 2.564880e+09 |
|    RETIRED_INSTRUCTIONS STAT   |   PMC0  |  244913162000 |  2550965000 |  2551328000 | 2.551179e+09 |
|    CPU_CLOCKS_UNHALTED STAT    |   PMC1  |  193466010000 |  2014008000 |  2016065000 | 2.015271e+09 |
| RETIRED_SSE_AVX_FLOPS_ALL STAT |   PMC2  | 3092376000000 | 32212250000 | 32212250000 |  32212250000 |
|           MERGE STAT           |   PMC3  |             0 |           0 |           0 |            0 |
+--------------------------------+---------+---------------+-------------+-------------+--------------+
+----------------------+------------+------------+------------+------------+------------+------------+------------+------------+------------+------------+-------------+-------------+-------------+-------------+-------------+-------------+-------------+-------------+-------------+-------------+-------------+-------------+-------------+-------------+-------------+-------------+-------------+-------------+-------------+-------------+-------------+-------------+-------------+-------------+-------------+-------------+-------------+-------------+-------------+-------------+-------------+-------------+-------------+-------------+-------------+-------------+-------------+-------------+-------------+-------------+-------------+-------------+-------------+-------------+-------------+-------------+-------------+-------------+-------------+-------------+-------------+-------------+-------------+-------------+-------------+-------------+-------------+-------------+-------------+-------------+-------------+-------------+-------------+-------------+-------------+-------------+-------------+-------------+-------------+-------------+-------------+-------------+-------------+-------------+-------------+-------------+-------------+-------------+-------------+-------------+-------------+-------------+-------------+-------------+-------------+-------------+
|        Metric        | HWThread 0 | HWThread 1 | HWThread 2 | HWThread 3 | HWThread 4 | HWThread 5 | HWThread 6 | HWThread 7 | HWThread 8 | HWThread 9 | HWThread 10 | HWThread 11 | HWThread 12 | HWThread 13 | HWThread 14 | HWThread 15 | HWThread 16 | HWThread 17 | HWThread 18 | HWThread 19 | HWThread 20 | HWThread 21 | HWThread 22 | HWThread 23 | HWThread 24 | HWThread 25 | HWThread 26 | HWThread 27 | HWThread 28 | HWThread 29 | HWThread 30 | HWThread 31 | HWThread 32 | HWThread 33 | HWThread 34 | HWThread 35 | HWThread 36 | HWThread 37 | HWThread 38 | HWThread 39 | HWThread 40 | HWThread 41 | HWThread 42 | HWThread 43 | HWThread 44 | HWThread 45 | HWThread 46 | HWThread 47 | HWThread 48 | HWThread 49 | HWThread 50 | HWThread 51 | HWThread 52 | HWThread 53 | HWThread 54 | HWThread 55 | HWThread 56 | HWThread 57 | HWThread 58 | HWThread 59 | HWThread 60 | HWThread 61 | HWThread 62 | HWThread 63 | HWThread 64 | HWThread 65 | HWThread 66 | HWThread 67 | HWThread 68 | HWThread 69 | HWThread 70 | HWThread 71 | HWThread 72 | HWThread 73 | HWThread 74 | HWThread 75 | HWThread 76 | HWThread 77 | HWThread 78 | HWThread 79 | HWThread 80 | HWThread 81 | HWThread 82 | HWThread 83 | HWThread 84 | HWThread 85 | HWThread 86 | HWThread 87 | HWThread 88 | HWThread 89 | HWThread 90 | HWThread 91 | HWThread 92 | HWThread 93 | HWThread 94 | HWThread 95 |
+----------------------+------------+------------+------------+------------+------------+------------+------------+------------+------------+------------+-------------+-------------+-------------+-------------+-------------+-------------+-------------+-------------+-------------+-------------+-------------+-------------+-------------+-------------+-------------+-------------+-------------+-------------+-------------+-------------+-------------+-------------+-------------+-------------+-------------+-------------+-------------+-------------+-------------+-------------+-------------+-------------+-------------+-------------+-------------+-------------+-------------+-------------+-------------+-------------+-------------+-------------+-------------+-------------+-------------+-------------+-------------+-------------+-------------+-------------+-------------+-------------+-------------+-------------+-------------+-------------+-------------+-------------+-------------+-------------+-------------+-------------+-------------+-------------+-------------+-------------+-------------+-------------+-------------+-------------+-------------+-------------+-------------+-------------+-------------+-------------+-------------+-------------+-------------+-------------+-------------+-------------+-------------+-------------+-------------+-------------+
|  Runtime (RDTSC) [s] |     1.0696 |     1.0696 |     1.0694 |     1.0695 |     1.0694 |     1.0694 |     1.0695 |     1.0695 |     1.0696 |     1.0696 |      1.0696 |      1.0694 |      1.0696 |      1.0695 |      1.0695 |      1.0695 |      1.0695 |      1.0695 |      1.0695 |      1.0696 |      1.0695 |      1.0694 |      1.0695 |      1.0695 |      1.0695 |      1.0694 |      1.0695 |      1.0696 |      1.0694 |      1.0694 |      1.0695 |      1.0695 |      1.0694 |      1.0695 |      1.0694 |      1.0696 |      1.0695 |      1.0694 |      1.0695 |      1.0694 |      1.0695 |      1.0694 |      1.0695 |      1.0695 |      1.0695 |      1.0695 |      1.0695 |      1.0694 |      1.0695 |      1.0694 |      1.0696 |      1.0697 |      1.0695 |      1.0695 |      1.0695 |      1.0694 |      1.0694 |      1.0694 |      1.0694 |      1.0696 |      1.0694 |      1.0698 |      1.0695 |      1.0698 |      1.0695 |      1.0697 |      1.0695 |      1.0697 |      1.0694 |      1.0696 |      1.0697 |      1.0698 |      1.0697 |      1.0694 |      1.0695 |      1.0696 |      1.0697 |      1.0695 |      1.0694 |      1.0695 |      1.0696 |      1.0695 |      1.0695 |      1.0696 |      1.0694 |      1.0695 |      1.0694 |      1.0695 |      1.0696 |      1.0697 |      1.0696 |      1.0695 |      1.0694 |      1.0697 |      1.0694 |      1.0696 |
| Runtime unhalted [s] |     0.8474 |     0.8474 |     0.8471 |     0.8472 |     0.8472 |     0.8472 |     0.8472 |     0.8472 |     0.8472 |     0.8474 |      0.8474 |      0.8473 |      0.8474 |      0.8472 |      0.8473 |      0.8472 |      0.8473 |      0.8475 |      0.8474 |      0.8475 |      0.8472 |      0.8473 |      0.8473 |      0.8472 |      0.8471 |      0.8472 |      0.8473 |      0.8474 |      0.8473 |      0.8472 |      0.8471 |      0.8472 |      0.8472 |      0.8474 |      0.8472 |      0.8474 |      0.8473 |      0.8472 |      0.8472 |      0.8472 |      0.8473 |      0.8473 |      0.8473 |      0.8472 |      0.8473 |      0.8473 |      0.8472 |      0.8473 |      0.8474 |      0.8473 |      0.8472 |      0.8474 |      0.8474 |      0.8474 |      0.8473 |      0.8474 |      0.8474 |      0.8473 |      0.8473 |      0.8473 |      0.8473 |      0.8475 |      0.8473 |      0.8475 |      0.8473 |      0.8474 |      0.8472 |      0.8474 |      0.8472 |      0.8473 |      0.8474 |      0.8474 |      0.8475 |      0.8473 |      0.8474 |      0.8475 |      0.8475 |      0.8473 |      0.8473 |      0.8473 |      0.8474 |      0.8474 |      0.8474 |      0.8474 |      0.8473 |      0.8473 |      0.8473 |      0.8474 |      0.8474 |      0.8474 |      0.8475 |      0.8473 |      0.8473 |      0.8475 |      0.8473 |      0.8474 |
|      Clock [MHz]     |  1897.2195 |  1897.2249 |  1897.3242 |  1896.9701 |  1897.0285 |  1897.0723 |  1897.0927 |  1897.0978 |  1897.2415 |  1897.2722 |   1897.1727 |   1897.0267 |   1897.1749 |   1896.9945 |   1896.8950 |   1897.1358 |   1897.0797 |   1897.1684 |   1897.2919 |   1897.1768 |   1896.9898 |   1896.9792 |   1897.0916 |   1896.9002 |   1897.2584 |   1896.8737 |   1897.4229 |   1897.2009 |   1897.0625 |   1897.1155 |   1897.2764 |   1897.1068 |   1897.2115 |   1896.9624 |   1897.1155 |   1897.2688 |   1896.9759 |   1897.1257 |   1897.1147 |   1897.2258 |   1897.0274 |   1897.1312 |   1897.0283 |   1897.1160 |   1896.9896 |   1897.0341 |   1896.9881 |   1897.0361 |   1897.1484 |   1897.1015 |   1896.9296 |   1896.9513 |   1896.9767 |   1897.1732 |   1897.0949 |   1897.1686 |   1897.0953 |   1897.0531 |   1897.0896 |   1897.1791 |   1897.2357 |   1897.0332 |   1897.0854 |   1897.0322 |   1897.0692 |   1896.9190 |   1897.1261 |   1896.9216 |   1897.0211 |   1897.0728 |   1896.9719 |   1897.0572 |   1896.9344 |   1896.9406 |   1897.2104 |   1897.0689 |   1896.9390 |   1897.1844 |   1897.0043 |   1897.1100 |   1897.1439 |   1897.0194 |   1897.0377 |   1897.1676 |   1897.2156 |   1897.0711 |   1897.0883 |   1897.0399 |   1897.1488 |   1897.1736 |   1897.0785 |   1897.2027 |   1897.2032 |   1897.0863 |   1897.2144 |   1897.1602 |
|          CPI         |     0.7898 |     0.7900 |     0.7900 |     0.7899 |     0.7899 |     0.7899 |     0.7900 |     0.7899 |     0.7901 |     0.7901 |      0.7901 |      0.7900 |      0.7900 |      0.7900 |      0.7900 |      0.7900 |      0.7899 |      0.7900 |      0.7899 |      0.7900 |      0.7900 |      0.7899 |      0.7899 |      0.7900 |      0.7899 |      0.7899 |      0.7899 |      0.7899 |      0.7898 |      0.7899 |      0.7899 |      0.7899 |      0.7898 |      0.7899 |      0.7898 |      0.7898 |      0.7898 |      0.7898 |      0.7898 |      0.7898 |      0.7902 |      0.7895 |      0.7902 |      0.7902 |      0.7902 |      0.7900 |      0.7901 |      0.7901 |      0.7900 |      0.7899 |      0.7900 |      0.7901 |      0.7900 |      0.7899 |      0.7899 |      0.7899 |      0.7900 |      0.7899 |      0.7899 |      0.7899 |      0.7898 |      0.7900 |      0.7899 |      0.7900 |      0.7899 |      0.7900 |      0.7899 |      0.7901 |      0.7899 |      0.7900 |      0.7900 |      0.7899 |      0.7899 |      0.7897 |      0.7898 |      0.7898 |      0.7899 |      0.7898 |      0.7897 |      0.7897 |      0.7902 |      0.7900 |      0.7900 |      0.7900 |      0.7898 |      0.7900 |      0.7900 |      0.7900 |      0.7899 |      0.7899 |      0.7900 |      0.7899 |      0.7897 |      0.7899 |      0.7898 |      0.7899 |
|     DP [MFLOP/s]     | 30115.9115 | 30116.1649 | 30120.9241 | 30119.9947 | 30121.0086 | 30120.8115 | 30117.6854 | 30118.9527 | 30117.2067 | 30114.8979 |  30114.8416 |  30120.7270 |  30115.8270 |  30117.8262 |  30117.8544 |  30117.9670 |  30119.5722 |  30119.1780 |  30119.5159 |  30116.0241 |  30117.9107 |  30121.4593 |  30119.5722 |  30117.8262 |  30119.7131 |  30121.5156 |  30119.0090 |  30116.1931 |  30121.0649 |  30121.0649 |  30118.6147 |  30117.9107 |  30120.9241 |  30117.9107 |  30120.6988 |  30116.2494 |  30118.5303 |  30121.5719 |  30120.1073 |  30120.4453 |  30119.1498 |  30120.4171 |  30119.6567 |  30118.1078 |  30117.9952 |  30119.6286 |  30117.9670 |  30120.8960 |  30118.6147 |  30120.9241 |  30116.9815 |  30112.4206 |  30117.6010 |  30119.6004 |  30119.6004 |  30121.0931 |  30120.6143 |  30120.8396 |  30121.0086 |  30117.1786 |  30121.1776 |  30111.7169 |  30117.6573 |  30111.7732 |  30118.0234 |  30114.2786 |  30119.4878 |  30112.5332 |  30120.7270 |  30116.0241 |  30112.1954 |  30111.9139 |  30112.0828 |  30121.6001 |  30117.9670 |  30116.2775 |  30113.4340 |  30117.9952 |  30120.5298 |  30119.7131 |  30116.7844 |  30117.8544 |  30118.9527 |  30115.8270 |  30121.4874 |  30117.6291 |  30121.4593 |  30119.6286 |  30115.3484 |  30114.3067 |  30116.0523 |  30117.8826 |  30121.0086 |  30112.3924 |  30121.6001 |  30116.1931 |
+----------------------+------------+------------+------------+------------+------------+------------+------------+------------+------------+------------+-------------+-------------+-------------+-------------+-------------+-------------+-------------+-------------+-------------+-------------+-------------+-------------+-------------+-------------+-------------+-------------+-------------+-------------+-------------+-------------+-------------+-------------+-------------+-------------+-------------+-------------+-------------+-------------+-------------+-------------+-------------+-------------+-------------+-------------+-------------+-------------+-------------+-------------+-------------+-------------+-------------+-------------+-------------+-------------+-------------+-------------+-------------+-------------+-------------+-------------+-------------+-------------+-------------+-------------+-------------+-------------+-------------+-------------+-------------+-------------+-------------+-------------+-------------+-------------+-------------+-------------+-------------+-------------+-------------+-------------+-------------+-------------+-------------+-------------+-------------+-------------+-------------+-------------+-------------+-------------+-------------+-------------+-------------+-------------+-------------+-------------+
+---------------------------+--------------+------------+------------+------------+
|           Metric          |      Sum     |     Min    |     Max    |     Avg    |
+---------------------------+--------------+------------+------------+------------+
|  Runtime (RDTSC) [s] STAT |     102.6736 |     1.0694 |     1.0698 |     1.0695 |
| Runtime unhalted [s] STAT |      81.3425 |     0.8471 |     0.8475 |     0.8473 |
|      Clock [MHz] STAT     |  182121.2390 |  1896.8737 |  1897.4229 |  1897.0962 |
|          CPI STAT         |      75.8335 |     0.7895 |     0.7902 |     0.7899 |
|     DP [MFLOP/s] STAT     | 2.891343e+06 | 30111.7169 | 30121.6001 | 30118.1562 |
+---------------------------+--------------+------------+------------+------------+
