--------------------------------------------------------------------------------
CPU name:	AMD EPYC 9654 96-Core Processor                
CPU type:	AMD K19 (Zen4) architecture
CPU clock:	2.40 GHz
--------------------------------------------------------------------------------
Region bench, Group 1: FLOPS_DP
+-------------------+------------+------------+------------+------------+------------+------------+------------+------------+------------+------------+-------------+-------------+-------------+-------------+-------------+-------------+-------------+-------------+-------------+-------------+-------------+-------------+-------------+-------------+-------------+-------------+-------------+-------------+-------------+-------------+-------------+-------------+-------------+-------------+-------------+-------------+-------------+-------------+-------------+-------------+-------------+-------------+-------------+-------------+-------------+-------------+-------------+-------------+-------------+-------------+-------------+-------------+-------------+-------------+-------------+-------------+-------------+-------------+-------------+-------------+-------------+-------------+-------------+-------------+-------------+-------------+-------------+-------------+-------------+-------------+-------------+-------------+-------------+-------------+-------------+-------------+-------------+-------------+-------------+-------------+-------------+-------------+-------------+-------------+-------------+-------------+-------------+-------------+-------------+-------------+-------------+-------------+-------------+-------------+-------------+-------------+
|    Region Info    | HWThread 0 | HWThread 1 | HWThread 2 | HWThread 3 | HWThread 4 | HWThread 5 | HWThread 6 | HWThread 7 | HWThread 8 | HWThread 9 | HWThread 10 | HWThread 11 | HWThread 12 | HWThread 13 | HWThread 14 | HWThread 15 | HWThread 16 | HWThread 17 | HWThread 18 | HWThread 19 | HWThread 20 | HWThread 21 | HWThread 22 | HWThread 23 | HWThread 24 | HWThread 25 | HWThread 26 | HWThread 27 | HWThread 28 | HWThread 29 | HWThread 30 | HWThread 31 | HWThread 32 | HWThread 33 | HWThread 34 | HWThread 35 | HWThread 36 | HWThread 37 | HWThread 38 | HWThread 39 | HWThread 40 | HWThread 41 | HWThread 42 | HWThread 43 | HWThread 44 | HWThread 45 | HWThread 46 | HWThread 47 | HWThread 48 | HWThread 49 | HWThread 50 | HWThread 51 | HWThread 52 | HWThread 53 | HWThread 54 | HWThread 55 | HWThread 56 | HWThread 57 | HWThread 58 | HWThread 59 | HWThread 60 | HWThread 61 | HWThread 62 | HWThread 63 | HWThread 64 | HWThread 65 | HWThread 66 | HWThread 67 | HWThread 68 | HWThread 69 | HWThread 70 | HWThread 71 | HWThread 72 | HWThread 73 | HWThread 74 | HWThread 75 | HWThread 76 | HWThread 77 | HWThread 78 | HWThread 79 | HWThread 80 | HWThread 81 | HWThread 82 | HWThread 83 | HWThread 84 | HWThread 85 | HWThread 86 | HWThread 87 | HWThread 88 | HWThread 89 | HWThread 90 | HWThread 91 | HWThread 92 | HWThread 93 | HWThread 94 | HWThread 95 |
+-------------------+------------+------------+------------+------------+------------+------------+------------+------------+------------+------------+-------------+-------------+-------------+-------------+-------------+-------------+-------------+-------------+-------------+-------------+-------------+-------------+-------------+-------------+-------------+-------------+-------------+-------------+-------------+-------------+-------------+-------------+-------------+-------------+-------------+-------------+-------------+-------------+-------------+-------------+-------------+-------------+-------------+-------------+-------------+-------------+-------------+-------------+-------------+-------------+-------------+-------------+-------------+-------------+-------------+-------------+-------------+-------------+-------------+-------------+-------------+-------------+-------------+-------------+-------------+-------------+-------------+-------------+-------------+-------------+-------------+-------------+-------------+-------------+-------------+-------------+-------------+-------------+-------------+-------------+-------------+-------------+-------------+-------------+-------------+-------------+-------------+-------------+-------------+-------------+-------------+-------------+-------------+-------------+-------------+-------------+
| RDTSC Runtime [s] |   1.070105 |   1.070223 |   1.070096 |   1.070108 |   1.070107 |   1.070248 |   1.070105 |   1.070181 |   1.070079 |   1.070264 |    1.070181 |    1.070253 |    1.070096 |    1.070162 |    1.070226 |    1.070169 |    1.070106 |    1.070219 |    1.070099 |    1.070290 |    1.070270 |    1.070271 |    1.070220 |    1.070125 |    1.070168 |    1.070161 |    1.070094 |    1.070290 |    1.070229 |    1.070078 |    1.070099 |    1.070169 |    1.070198 |    1.070220 |    1.070272 |    1.070100 |    1.070168 |    1.070181 |    1.070172 |    1.070147 |    1.070158 |    1.070091 |    1.070294 |    1.070227 |    1.070235 |    1.070109 |    1.070390 |    1.070157 |    1.070268 |    1.070455 |    1.070146 |    1.070168 |    1.070489 |    1.070232 |    1.070223 |    1.070263 |    1.070095 |    1.070092 |    1.070107 |    1.070202 |    1.070091 |    1.070158 |    1.070096 |    1.070099 |    1.070170 |    1.070078 |    1.070074 |    1.070159 |    1.070156 |    1.070165 |    1.070152 |    1.070158 |    1.070223 |    1.070273 |    1.070221 |    1.070273 |    1.070224 |    1.070383 |    1.070227 |    1.070222 |    1.070130 |    1.070115 |    1.070246 |    1.070257 |    1.070222 |    1.070219 |    1.070319 |    1.070258 |    1.070154 |    1.070240 |    1.070224 |    1.070457 |    1.070291 |    1.070264 |    1.070116 |    1.070487 |
|     call count    |          1 |          1 |          1 |          1 |          1 |          1 |          1 |          1 |          1 |          1 |           1 |           1 |           1 |           1 |           1 |           1 |           1 |           1 |           1 |           1 |           1 |           1 |           1 |           1 |           1 |           1 |           1 |           1 |           1 |           1 |           1 |           1 |           1 |           1 |           1 |           1 |           1 |           1 |           1 |           1 |           1 |           1 |           1 |           1 |           1 |           1 |           1 |           1 |           1 |           1 |           1 |           1 |           1 |           1 |           1 |           1 |           1 |           1 |           1 |           1 |           1 |           1 |           1 |           1 |           1 |           1 |           1 |           1 |           1 |           1 |           1 |           1 |           1 |           1 |           1 |           1 |           1 |           1 |           1 |           1 |           1 |           1 |           1 |           1 |           1 |           1 |           1 |           1 |           1 |           1 |           1 |           1 |           1 |           1 |           1 |           1 |
+-------------------+------------+------------+------------+------------+------------+------------+------------+------------+------------+------------+-------------+-------------+-------------+-------------+-------------+-------------+-------------+-------------+-------------+-------------+-------------+-------------+-------------+-------------+-------------+-------------+-------------+-------------+-------------+-------------+-------------+-------------+-------------+-------------+-------------+-------------+-------------+-------------+-------------+-------------+-------------+-------------+-------------+-------------+-------------+-------------+-------------+-------------+-------------+-------------+-------------+-------------+-------------+-------------+-------------+-------------+-------------+-------------+-------------+-------------+-------------+-------------+-------------+-------------+-------------+-------------+-------------+-------------+-------------+-------------+-------------+-------------+-------------+-------------+-------------+-------------+-------------+-------------+-------------+-------------+-------------+-------------+-------------+-------------+-------------+-------------+-------------+-------------+-------------+-------------+-------------+-------------+-------------+-------------+-------------+-------------+
+---------------------------+---------+-------------+-------------+-------------+-------------+-------------+-------------+-------------+-------------+-------------+-------------+-------------+-------------+-------------+-------------+-------------+-------------+-------------+-------------+-------------+-------------+-------------+-------------+-------------+-------------+-------------+-------------+-------------+-------------+-------------+-------------+-------------+-------------+-------------+-------------+-------------+-------------+-------------+-------------+-------------+-------------+-------------+-------------+-------------+-------------+-------------+-------------+-------------+-------------+-------------+-------------+-------------+-------------+-------------+-------------+-------------+-------------+-------------+-------------+-------------+-------------+-------------+-------------+-------------+-------------+-------------+-------------+-------------+-------------+-------------+-------------+-------------+-------------+-------------+-------------+-------------+-------------+-------------+-------------+-------------+-------------+-------------+-------------+-------------+-------------+-------------+-------------+-------------+-------------+-------------+-------------+-------------+-------------+-------------+-------------+-------------+-------------+
|           Event           | Counter |  HWThread 0 |  HWThread 1 |  HWThread 2 |  HWThread 3 |  HWThread 4 |  HWThread 5 |  HWThread 6 |  HWThread 7 |  HWThread 8 |  HWThread 9 | HWThread 10 | HWThread 11 | HWThread 12 | HWThread 13 | HWThread 14 | HWThread 15 | HWThread 16 | HWThread 17 | HWThread 18 | HWThread 19 | HWThread 20 | HWThread 21 | HWThread 22 | HWThread 23 | HWThread 24 | HWThread 25 | HWThread 26 | HWThread 27 | HWThread 28 | HWThread 29 | HWThread 30 | HWThread 31 | HWThread 32 | HWThread 33 | HWThread 34 | HWThread 35 | HWThread 36 | HWThread 37 | HWThread 38 | HWThread 39 | HWThread 40 | HWThread 41 | HWThread 42 | HWThread 43 | HWThread 44 | HWThread 45 | HWThread 46 | HWThread 47 | HWThread 48 | HWThread 49 | HWThread 50 | HWThread 51 | HWThread 52 | HWThread 53 | HWThread 54 | HWThread 55 | HWThread 56 | HWThread 57 | HWThread 58 | HWThread 59 | HWThread 60 | HWThread 61 | HWThread 62 | HWThread 63 | HWThread 64 | HWThread 65 | HWThread 66 | HWThread 67 | HWThread 68 | HWThread 69 | HWThread 70 | HWThread 71 | HWThread 72 | HWThread 73 | HWThread 74 | HWThread 75 | HWThread 76 | HWThread 77 | HWThread 78 | HWThread 79 | HWThread 80 | HWThread 81 | HWThread 82 | HWThread 83 | HWThread 84 | HWThread 85 | HWThread 86 | HWThread 87 | HWThread 88 | HWThread 89 | HWThread 90 | HWThread 91 | HWThread 92 | HWThread 93 | HWThread 94 | HWThread 95 |
+---------------------------+---------+-------------+-------------+-------------+-------------+-------------+-------------+-------------+-------------+-------------+-------------+-------------+-------------+-------------+-------------+-------------+-------------+-------------+-------------+-------------+-------------+-------------+-------------+-------------+-------------+-------------+-------------+-------------+-------------+-------------+-------------+-------------+-------------+-------------+-------------+-------------+-------------+-------------+-------------+-------------+-------------+-------------+-------------+-------------+-------------+-------------+-------------+-------------+-------------+-------------+-------------+-------------+-------------+-------------+-------------+-------------+-------------+-------------+-------------+-------------+-------------+-------------+-------------+-------------+-------------+-------------+-------------+-------------+-------------+-------------+-------------+-------------+-------------+-------------+-------------+-------------+-------------+-------------+-------------+-------------+-------------+-------------+-------------+-------------+-------------+-------------+-------------+-------------+-------------+-------------+-------------+-------------+-------------+-------------+-------------+-------------+-------------+
|      ACTUAL_CPU_CLOCK     |  FIXC1  |  2031255000 |  2031537000 |  2031375000 |  2031296000 |  2031403000 |  2031562000 |  2031661000 |  2031173000 |  2031151000 |  2031554000 |  2031803000 |  2031709000 |  2031616000 |  2031835000 |  2031480000 |  2031606000 |  2031383000 |  2031326000 |  2031289000 |  2031369000 |  2031597000 |  2031326000 |  2031347000 |  2031316000 |  2031779000 |  2031579000 |  2031707000 |  2031406000 |  2031534000 |  2031194000 |  2031597000 |  2031609000 |  2031308000 |  2031619000 |  2031612000 |  2031232000 |  2031521000 |  2031058000 |  2031118000 |  2031412000 |  2031566000 |  2031558000 |  2031941000 |  2031616000 |  2031611000 |  2031682000 |  2031776000 |  2031744000 |  2031732000 |  2031747000 |  2031414000 |  2031395000 |  2031747000 |  2031376000 |  2031673000 |  2031405000 |  2031581000 |  2031590000 |  2031608000 |  2031624000 |  2031487000 |  2031591000 |  2031564000 |  2031425000 |  2031592000 |  2031494000 |  2031426000 |  2031376000 |  2031217000 |  2031165000 |  2031609000 |  2031371000 |  2031352000 |  2031393000 |  2031667000 |  2031586000 |  2031665000 |  2032029000 |  2031657000 |  2031352000 |  2031639000 |  2031647000 |  2031674000 |  2031654000 |  2031664000 |  2031688000 |  2031689000 |  2031822000 |  2031471000 |  2031827000 |  2031686000 |  2031694000 |  2031669000 |  2031381000 |  2031619000 |  2031992000 |
|       MAX_CPU_CLOCK       |  FIXC2  |  2565779000 |  2566303000 |  2565612000 |  2565835000 |  2565703000 |  2566321000 |  2566284000 |  2565335000 |  2565589000 |  2566306000 |  2566194000 |  2566375000 |  2566094000 |  2566207000 |  2566157000 |  2566206000 |  2565903000 |  2566059000 |  2565825000 |  2566127000 |  2566194000 |  2566058000 |  2566114000 |  2565851000 |  2566231000 |  2566093000 |  2566161000 |  2566125000 |  2566182000 |  2565597000 |  2566103000 |  2566088000 |  2566046000 |  2566309000 |  2566074000 |  2565764000 |  2565958000 |  2565702000 |  2565783000 |  2566214000 |  2566108000 |  2566088000 |  2566418000 |  2566213000 |  2566183000 |  2566114000 |  2566433000 |  2566421000 |  2566363000 |  2566501000 |  2566139000 |  2566123000 |  2566482000 |  2566137000 |  2566315000 |  2566136000 |  2565944000 |  2565968000 |  2565973000 |  2565991000 |  2566064000 |  2565956000 |  2565933000 |  2565961000 |  2565948000 |  2565950000 |  2565925000 |  2565868000 |  2565850000 |  2565825000 |  2566115000 |  2565909000 |  2566108000 |  2566116000 |  2566282000 |  2566142000 |  2566323000 |  2566669000 |  2566264000 |  2566130000 |  2566252000 |  2566065000 |  2566313000 |  2566278000 |  2566322000 |  2566330000 |  2566331000 |  2566457000 |  2566010000 |  2566243000 |  2566328000 |  2566440000 |  2566297000 |  2566151000 |  2566215000 |  2566630000 |
|    RETIRED_INSTRUCTIONS   |   PMC0  |  4564431000 |  4564551000 |  4564550000 |  4564551000 |  4564551000 |  4564553000 |  4564501000 |  4564556000 |  4564536000 |  4564582000 |  4564533000 |  4564598000 |  4564517000 |  4564511000 |  4564532000 |  4564514000 |  4564484000 |  4564610000 |  4564579000 |  4564594000 |  4564623000 |  4564597000 |  4564577000 |  4564580000 |  4564576000 |  4564597000 |  4564517000 |  4564553000 |  4564588000 |  4564521000 |  4564530000 |  4564558000 |  4564552000 |  4564567000 |  4564542000 |  4564508000 |  4564548000 |  4564507000 |  4564534000 |  4564502000 |  4564560000 |  4564569000 |  4564549000 |  4564572000 |  4564336000 |  4564329000 |  4564391000 |  4564295000 |  4564481000 |  4564823000 |  4564699000 |  4564730000 |  4564817000 |  4564750000 |  4564730000 |  4564756000 |  4564541000 |  4564549000 |  4564543000 |  4564540000 |  4564512000 |  4564539000 |  4564518000 |  4564519000 |  4564593000 |  4564574000 |  4564552000 |  4564570000 |  4564386000 |  4564345000 |  4564246000 |  4564294000 |  4564438000 |  4564557000 |  4564529000 |  4564478000 |  4564525000 |  4564545000 |  4564445000 |  4564482000 |  4564631000 |  4564552000 |  4564644000 |  4564658000 |  4564587000 |  4564639000 |  4564641000 |  4564590000 |  4564577000 |  4564611000 |  4564588000 |  4564489000 |  4564323000 |  4564231000 |  4564291000 |  4564364000 |
|    CPU_CLOCKS_UNHALTED    |   PMC1  |  2015714000 |  2016396000 |  2016440000 |  2016476000 |  2016411000 |  2016469000 |  2016182000 |  2016516000 |  2016369000 |  2016593000 |  2016354000 |  2016737000 |  2016208000 |  2016277000 |  2016391000 |  2016290000 |  2016109000 |  2016719000 |  2016600000 |  2016860000 |  2016835000 |  2016718000 |  2016657000 |  2016628000 |  2016618000 |  2016665000 |  2016445000 |  2016649000 |  2016634000 |  2016296000 |  2016378000 |  2016517000 |  2016477000 |  2016477000 |  2016562000 |  2016229000 |  2016407000 |  2016243000 |  2016407000 |  2016298000 |  2016502000 |  2016462000 |  2016446000 |  2016592000 |  2016187000 |  2016266000 |  2016557000 |  2016030000 |  2016164000 |  2018045000 |  2017407000 |  2017488000 |  2017999000 |  2017619000 |  2017524000 |  2017656000 |  2016471000 |  2016406000 |  2016441000 |  2016490000 |  2016346000 |  2016443000 |  2016334000 |  2016347000 |  2016737000 |  2016632000 |  2016511000 |  2016603000 |  2016575000 |  2016308000 |  2015756000 |  2016535000 |  2015956000 |  2016505000 |  2016408000 |  2016141000 |  2016373000 |  2016576000 |  2015969000 |  2016308000 |  2016952000 |  2016698000 |  2017050000 |  2017151000 |  2016860000 |  2017035000 |  2017045000 |  2016793000 |  2016655000 |  2016790000 |  2016732000 |  2016196000 |  2016219000 |  2016411000 |  2016113000 |  2016518000 |
| RETIRED_SSE_AVX_FLOPS_ALL |   PMC2  | 48318380000 | 48318380000 | 48318380000 | 48318380000 | 48318380000 | 48318380000 | 48318380000 | 48318380000 | 48318380000 | 48318380000 | 48318380000 | 48318380000 | 48318380000 | 48318380000 | 48318380000 | 48318380000 | 48318380000 | 48318380000 | 48318380000 | 48318380000 | 48318380000 | 48318380000 | 48318380000 | 48318380000 | 48318380000 | 48318380000 | 48318380000 | 48318380000 | 48318380000 | 48318380000 | 48318380000 | 48318380000 | 48318380000 | 48318380000 | 48318380000 | 48318380000 | 48318380000 | 48318380000 | 48318380000 | 48318380000 | 48318380000 | 48318380000 | 48318380000 | 48318380000 | 48318380000 | 48318380000 | 48318380000 | 48318380000 | 48318380000 | 48318380000 | 48318380000 | 48318380000 | 48318380000 | 48318380000 | 48318380000 | 48318380000 | 48318380000 | 48318380000 | 48318380000 | 48318380000 | 48318380000 | 48318380000 | 48318380000 | 48318380000 | 48318380000 | 48318380000 | 48318380000 | 48318380000 | 48318380000 | 48318380000 | 48318380000 | 48318380000 | 48318380000 | 48318380000 | 48318380000 | 48318380000 | 48318380000 | 48318380000 | 48318380000 | 48318380000 | 48318380000 | 48318380000 | 48318380000 | 48318380000 | 48318380000 | 48318380000 | 48318380000 | 48318380000 | 48318380000 | 48318380000 | 48318380000 | 48318380000 | 48318380000 | 48318380000 | 48318380000 | 48318380000 |
|           MERGE           |   PMC3  |           0 |           0 |           0 |           0 |           0 |           0 |           0 |           0 |           0 |           0 |           0 |           0 |           0 |           0 |           0 |           0 |           0 |           0 |           0 |           0 |           0 |           0 |           0 |           0 |           0 |           0 |           0 |           0 |           0 |           0 |           0 |           0 |           0 |           0 |           0 |           0 |           0 |           0 |           0 |           0 |           0 |           0 |           0 |           0 |           0 |           0 |           0 |           0 |           0 |           0 |           0 |           0 |           0 |           0 |           0 |           0 |           0 |           0 |           0 |           0 |           0 |           0 |           0 |           0 |           0 |           0 |           0 |           0 |           0 |           0 |           0 |           0 |           0 |           0 |           0 |           0 |           0 |           0 |           0 |           0 |           0 |           0 |           0 |           0 |           0 |           0 |           0 |           0 |           0 |           0 |           0 |           0 |           0 |           0 |           0 |           0 |
+---------------------------+---------+-------------+-------------+-------------+-------------+-------------+-------------+-------------+-------------+-------------+-------------+-------------+-------------+-------------+-------------+-------------+-------------+-------------+-------------+-------------+-------------+-------------+-------------+-------------+-------------+-------------+-------------+-------------+-------------+-------------+-------------+-------------+-------------+-------------+-------------+-------------+-------------+-------------+-------------+-------------+-------------+-------------+-------------+-------------+-------------+-------------+-------------+-------------+-------------+-------------+-------------+-------------+-------------+-------------+-------------+-------------+-------------+-------------+-------------+-------------+-------------+-------------+-------------+-------------+-------------+-------------+-------------+-------------+-------------+-------------+-------------+-------------+-------------+-------------+-------------+-------------+-------------+-------------+-------------+-------------+-------------+-------------+-------------+-------------+-------------+-------------+-------------+-------------+-------------+-------------+-------------+-------------+-------------+-------------+-------------+-------------+-------------+
+--------------------------------+---------+---------------+-------------+-------------+--------------+
|              Event             | Counter |      Sum      |     Min     |     Max     |      Avg     |
+--------------------------------+---------+---------------+-------------+-------------+--------------+
|      ACTUAL_CPU_CLOCK STAT     |  FIXC1  |  195027474000 |  2031058000 |  2032029000 | 2.031536e+09 |
|       MAX_CPU_CLOCK STAT       |  FIXC2  |  246346911000 |  2565335000 |  2566669000 | 2.566114e+09 |
|    RETIRED_INSTRUCTIONS STAT   |   PMC0  |  438195534000 |  4564231000 |  4564823000 | 4.564537e+09 |
|    CPU_CLOCKS_UNHALTED STAT    |   PMC1  |  193589584000 |  2015714000 |  2018045000 | 2.016558e+09 |
| RETIRED_SSE_AVX_FLOPS_ALL STAT |   PMC2  | 4638564480000 | 48318380000 | 48318380000 |  48318380000 |
|           MERGE STAT           |   PMC3  |             0 |           0 |           0 |            0 |
+--------------------------------+---------+---------------+-------------+-------------+--------------+
+----------------------+------------+------------+------------+------------+------------+------------+------------+------------+------------+------------+-------------+-------------+-------------+-------------+-------------+-------------+-------------+-------------+-------------+-------------+-------------+-------------+-------------+-------------+-------------+-------------+-------------+-------------+-------------+-------------+-------------+-------------+-------------+-------------+-------------+-------------+-------------+-------------+-------------+-------------+-------------+-------------+-------------+-------------+-------------+-------------+-------------+-------------+-------------+-------------+-------------+-------------+-------------+-------------+-------------+-------------+-------------+-------------+-------------+-------------+-------------+-------------+-------------+-------------+-------------+-------------+-------------+-------------+-------------+-------------+-------------+-------------+-------------+-------------+-------------+-------------+-------------+-------------+-------------+-------------+-------------+-------------+-------------+-------------+-------------+-------------+-------------+-------------+-------------+-------------+-------------+-------------+-------------+-------------+-------------+-------------+
|        Metric        | HWThread 0 | HWThread 1 | HWThread 2 | HWThread 3 | HWThread 4 | HWThread 5 | HWThread 6 | HWThread 7 | HWThread 8 | HWThread 9 | HWThread 10 | HWThread 11 | HWThread 12 | HWThread 13 | HWThread 14 | HWThread 15 | HWThread 16 | HWThread 17 | HWThread 18 | HWThread 19 | HWThread 20 | HWThread 21 | HWThread 22 | HWThread 23 | HWThread 24 | HWThread 25 | HWThread 26 | HWThread 27 | HWThread 28 | HWThread 29 | HWThread 30 | HWThread 31 | HWThread 32 | HWThread 33 | HWThread 34 | HWThread 35 | HWThread 36 | HWThread 37 | HWThread 38 | HWThread 39 | HWThread 40 | HWThread 41 | HWThread 42 | HWThread 43 | HWThread 44 | HWThread 45 | HWThread 46 | HWThread 47 | HWThread 48 | HWThread 49 | HWThread 50 | HWThread 51 | HWThread 52 | HWThread 53 | HWThread 54 | HWThread 55 | HWThread 56 | HWThread 57 | HWThread 58 | HWThread 59 | HWThread 60 | HWThread 61 | HWThread 62 | HWThread 63 | HWThread 64 | HWThread 65 | HWThread 66 | HWThread 67 | HWThread 68 | HWThread 69 | HWThread 70 | HWThread 71 | HWThread 72 | HWThread 73 | HWThread 74 | HWThread 75 | HWThread 76 | HWThread 77 | HWThread 78 | HWThread 79 | HWThread 80 | HWThread 81 | HWThread 82 | HWThread 83 | HWThread 84 | HWThread 85 | HWThread 86 | HWThread 87 | HWThread 88 | HWThread 89 | HWThread 90 | HWThread 91 | HWThread 92 | HWThread 93 | HWThread 94 | HWThread 95 |
+----------------------+------------+------------+------------+------------+------------+------------+------------+------------+------------+------------+-------------+-------------+-------------+-------------+-------------+-------------+-------------+-------------+-------------+-------------+-------------+-------------+-------------+-------------+-------------+-------------+-------------+-------------+-------------+-------------+-------------+-------------+-------------+-------------+-------------+-------------+-------------+-------------+-------------+-------------+-------------+-------------+-------------+-------------+-------------+-------------+-------------+-------------+-------------+-------------+-------------+-------------+-------------+-------------+-------------+-------------+-------------+-------------+-------------+-------------+-------------+-------------+-------------+-------------+-------------+-------------+-------------+-------------+-------------+-------------+-------------+-------------+-------------+-------------+-------------+-------------+-------------+-------------+-------------+-------------+-------------+-------------+-------------+-------------+-------------+-------------+-------------+-------------+-------------+-------------+-------------+-------------+-------------+-------------+-------------+-------------+
|  Runtime (RDTSC) [s] |     1.0701 |     1.0702 |     1.0701 |     1.0701 |     1.0701 |     1.0702 |     1.0701 |     1.0702 |     1.0701 |     1.0703 |      1.0702 |      1.0703 |      1.0701 |      1.0702 |      1.0702 |      1.0702 |      1.0701 |      1.0702 |      1.0701 |      1.0703 |      1.0703 |      1.0703 |      1.0702 |      1.0701 |      1.0702 |      1.0702 |      1.0701 |      1.0703 |      1.0702 |      1.0701 |      1.0701 |      1.0702 |      1.0702 |      1.0702 |      1.0703 |      1.0701 |      1.0702 |      1.0702 |      1.0702 |      1.0701 |      1.0702 |      1.0701 |      1.0703 |      1.0702 |      1.0702 |      1.0701 |      1.0704 |      1.0702 |      1.0703 |      1.0705 |      1.0701 |      1.0702 |      1.0705 |      1.0702 |      1.0702 |      1.0703 |      1.0701 |      1.0701 |      1.0701 |      1.0702 |      1.0701 |      1.0702 |      1.0701 |      1.0701 |      1.0702 |      1.0701 |      1.0701 |      1.0702 |      1.0702 |      1.0702 |      1.0702 |      1.0702 |      1.0702 |      1.0703 |      1.0702 |      1.0703 |      1.0702 |      1.0704 |      1.0702 |      1.0702 |      1.0701 |      1.0701 |      1.0702 |      1.0703 |      1.0702 |      1.0702 |      1.0703 |      1.0703 |      1.0702 |      1.0702 |      1.0702 |      1.0705 |      1.0703 |      1.0703 |      1.0701 |      1.0705 |
| Runtime unhalted [s] |     0.8476 |     0.8478 |     0.8477 |     0.8477 |     0.8477 |     0.8478 |     0.8478 |     0.8476 |     0.8476 |     0.8478 |      0.8479 |      0.8478 |      0.8478 |      0.8479 |      0.8477 |      0.8478 |      0.8477 |      0.8477 |      0.8477 |      0.8477 |      0.8478 |      0.8477 |      0.8477 |      0.8477 |      0.8479 |      0.8478 |      0.8478 |      0.8477 |      0.8478 |      0.8476 |      0.8478 |      0.8478 |      0.8477 |      0.8478 |      0.8478 |      0.8476 |      0.8477 |      0.8476 |      0.8476 |      0.8477 |      0.8478 |      0.8478 |      0.8479 |      0.8478 |      0.8478 |      0.8478 |      0.8479 |      0.8478 |      0.8478 |      0.8478 |      0.8477 |      0.8477 |      0.8478 |      0.8477 |      0.8478 |      0.8477 |      0.8478 |      0.8478 |      0.8478 |      0.8478 |      0.8477 |      0.8478 |      0.8478 |      0.8477 |      0.8478 |      0.8477 |      0.8477 |      0.8477 |      0.8476 |      0.8476 |      0.8478 |      0.8477 |      0.8477 |      0.8477 |      0.8478 |      0.8478 |      0.8478 |      0.8480 |      0.8478 |      0.8477 |      0.8478 |      0.8478 |      0.8478 |      0.8478 |      0.8478 |      0.8478 |      0.8478 |      0.8479 |      0.8477 |      0.8479 |      0.8478 |      0.8478 |      0.8478 |      0.8477 |      0.8478 |      0.8479 |
|      Clock [MHz]     |  1897.1415 |  1897.0175 |  1897.3771 |  1897.1384 |  1897.3360 |  1897.0275 |  1897.1473 |  1897.3933 |  1897.1849 |  1897.0312 |   1897.3465 |   1897.1249 |   1897.2458 |   1897.3667 |   1897.0722 |   1897.1536 |   1897.1694 |   1897.0008 |   1897.1393 |   1896.9907 |   1897.1541 |   1897.0016 |   1896.9798 |   1897.1453 |   1897.2967 |   1897.2120 |   1897.2812 |   1897.0267 |   1897.1041 |   1897.2191 |   1897.2214 |   1897.2437 |   1896.9936 |   1897.0896 |   1897.2568 |   1897.1311 |   1897.2576 |   1897.0145 |   1897.0106 |   1896.9666 |   1897.1887 |   1897.1960 |   1897.3097 |   1897.1578 |   1897.1753 |   1897.2926 |   1897.1446 |   1897.1236 |   1897.1552 |   1897.0672 |   1897.0239 |   1897.0180 |   1897.0813 |   1896.9899 |   1897.1356 |   1897.0177 |   1897.3240 |   1897.3147 |   1897.3278 |   1897.3294 |   1897.1475 |   1897.3245 |   1897.3163 |   1897.1657 |   1897.3313 |   1897.2383 |   1897.1933 |   1897.1887 |   1897.0536 |   1897.0235 |   1897.2237 |   1897.1538 |   1896.9889 |   1897.0213 |   1897.1544 |   1897.1823 |   1897.1222 |   1897.2063 |   1897.1584 |   1896.9726 |   1897.1504 |   1897.2962 |   1897.1380 |   1897.1452 |   1897.1220 |   1897.1385 |   1897.1387 |   1897.1698 |   1897.1725 |   1897.3327 |   1897.1381 |   1897.0628 |   1897.1452 |   1896.9842 |   1897.1591 |   1897.2006 |
|          CPI         |     0.4416 |     0.4418 |     0.4418 |     0.4418 |     0.4418 |     0.4418 |     0.4417 |     0.4418 |     0.4417 |     0.4418 |      0.4417 |      0.4418 |      0.4417 |      0.4417 |      0.4418 |      0.4417 |      0.4417 |      0.4418 |      0.4418 |      0.4418 |      0.4418 |      0.4418 |      0.4418 |      0.4418 |      0.4418 |      0.4418 |      0.4418 |      0.4418 |      0.4418 |      0.4417 |      0.4417 |      0.4418 |      0.4418 |      0.4418 |      0.4418 |      0.4417 |      0.4418 |      0.4417 |      0.4418 |      0.4417 |      0.4418 |      0.4418 |      0.4418 |      0.4418 |      0.4417 |      0.4417 |      0.4418 |      0.4417 |      0.4417 |      0.4421 |      0.4420 |      0.4420 |      0.4421 |      0.4420 |      0.4420 |      0.4420 |      0.4418 |      0.4418 |      0.4418 |      0.4418 |      0.4417 |      0.4418 |      0.4417 |      0.4417 |      0.4418 |      0.4418 |      0.4418 |      0.4418 |      0.4418 |      0.4418 |      0.4416 |      0.4418 |      0.4417 |      0.4418 |      0.4418 |      0.4417 |      0.4417 |      0.4418 |      0.4417 |      0.4417 |      0.4419 |      0.4418 |      0.4419 |      0.4419 |      0.4418 |      0.4419 |      0.4419 |      0.4418 |      0.4418 |      0.4418 |      0.4418 |      0.4417 |      0.4417 |      0.4418 |      0.4417 |      0.4418 |
|     DP [MFLOP/s]     | 45152.9336 | 45147.9551 | 45153.3133 | 45152.8070 | 45152.8492 | 45146.9005 | 45152.9336 | 45149.7270 | 45154.0307 | 45146.2256 |  45149.7270 |  45146.6896 |  45153.3133 |  45150.5286 |  45147.8286 |  45150.2333 |  45152.8914 |  45148.1239 |  45153.1868 |  45145.1289 |  45145.9725 |  45145.9303 |  45148.0817 |  45152.0897 |  45150.2755 |  45150.5708 |  45153.3977 |  45145.1289 |  45147.7020 |  45154.0729 |  45153.1868 |  45150.2333 |  45149.0098 |  45148.0817 |  45145.8881 |  45153.1446 |  45150.2755 |  45149.7270 |  45150.1067 |  45151.1615 |  45150.6974 |  45153.5243 |  45144.9602 |  45147.7864 |  45147.4489 |  45152.7648 |  45140.9113 |  45150.7396 |  45146.0569 |  45138.1702 |  45151.2037 |  45150.2755 |  45136.7366 |  45147.5755 |  45147.9551 |  45146.2678 |  45153.3555 |  45153.4821 |  45152.8492 |  45148.8411 |  45153.5243 |  45150.6974 |  45153.3133 |  45153.1868 |  45150.1911 |  45154.0729 |  45154.2417 |  45150.6552 |  45150.7818 |  45150.4020 |  45150.9505 |  45150.6974 |  45147.9551 |  45145.8460 |  45148.0395 |  45145.8460 |  45147.9130 |  45141.2065 |  45147.7864 |  45147.9973 |  45151.8787 |  45152.5116 |  45146.9849 |  45146.5209 |  45147.9973 |  45148.1239 |  45143.9057 |  45146.4787 |  45150.8661 |  45147.2380 |  45147.9130 |  45138.0859 |  45145.0867 |  45146.2256 |  45152.4695 |  45136.8209 |
+----------------------+------------+------------+------------+------------+------------+------------+------------+------------+------------+------------+-------------+-------------+-------------+-------------+-------------+-------------+-------------+-------------+-------------+-------------+-------------+-------------+-------------+-------------+-------------+-------------+-------------+-------------+-------------+-------------+-------------+-------------+-------------+-------------+-------------+-------------+-------------+-------------+-------------+-------------+-------------+-------------+-------------+-------------+-------------+-------------+-------------+-------------+-------------+-------------+-------------+-------------+-------------+-------------+-------------+-------------+-------------+-------------+-------------+-------------+-------------+-------------+-------------+-------------+-------------+-------------+-------------+-------------+-------------+-------------+-------------+-------------+-------------+-------------+-------------+-------------+-------------+-------------+-------------+-------------+-------------+-------------+-------------+-------------+-------------+-------------+-------------+-------------+-------------+-------------+-------------+-------------+-------------+-------------+-------------+-------------+
+---------------------------+--------------+------------+------------+------------+
|           Metric          |      Sum     |     Min    |     Max    |     Avg    |
+---------------------------+--------------+------------+------------+------------+
|  Runtime (RDTSC) [s] STAT |     102.7396 |     1.0701 |     1.0705 |     1.0702 |
| Runtime unhalted [s] STAT |      81.3850 |     0.8476 |     0.8480 |     0.8478 |
|      Clock [MHz] STAT     |  182127.0443 |  1896.9666 |  1897.3933 |  1897.1567 |
|          CPI STAT         |      42.4118 |     0.4416 |     0.4421 |     0.4418 |
|     DP [MFLOP/s] STAT     | 4.334307e+06 | 45136.7366 | 45154.2417 | 45149.0352 |
+---------------------------+--------------+------------+------------+------------+
