--------------------------------------------------------------------------------
CPU name:	AMD EPYC 9654 96-Core Processor                
CPU type:	AMD K19 (Zen4) architecture
CPU clock:	2.40 GHz
--------------------------------------------------------------------------------
Region bench, Group 1: FLOPS_DP
+-------------------+------------+------------+------------+------------+------------+------------+------------+------------+------------+------------+-------------+-------------+-------------+-------------+-------------+-------------+-------------+-------------+-------------+-------------+-------------+-------------+-------------+-------------+-------------+-------------+-------------+-------------+-------------+-------------+-------------+-------------+-------------+-------------+-------------+-------------+-------------+-------------+-------------+-------------+-------------+-------------+-------------+-------------+-------------+-------------+-------------+-------------+-------------+-------------+-------------+-------------+-------------+-------------+-------------+-------------+-------------+-------------+-------------+-------------+-------------+-------------+-------------+-------------+-------------+-------------+-------------+-------------+-------------+-------------+-------------+-------------+-------------+-------------+-------------+-------------+-------------+-------------+-------------+-------------+-------------+-------------+-------------+-------------+-------------+-------------+-------------+-------------+-------------+-------------+-------------+-------------+-------------+-------------+-------------+-------------+
|    Region Info    | HWThread 0 | HWThread 1 | HWThread 2 | HWThread 3 | HWThread 4 | HWThread 5 | HWThread 6 | HWThread 7 | HWThread 8 | HWThread 9 | HWThread 10 | HWThread 11 | HWThread 12 | HWThread 13 | HWThread 14 | HWThread 15 | HWThread 16 | HWThread 17 | HWThread 18 | HWThread 19 | HWThread 20 | HWThread 21 | HWThread 22 | HWThread 23 | HWThread 24 | HWThread 25 | HWThread 26 | HWThread 27 | HWThread 28 | HWThread 29 | HWThread 30 | HWThread 31 | HWThread 32 | HWThread 33 | HWThread 34 | HWThread 35 | HWThread 36 | HWThread 37 | HWThread 38 | HWThread 39 | HWThread 40 | HWThread 41 | HWThread 42 | HWThread 43 | HWThread 44 | HWThread 45 | HWThread 46 | HWThread 47 | HWThread 48 | HWThread 49 | HWThread 50 | HWThread 51 | HWThread 52 | HWThread 53 | HWThread 54 | HWThread 55 | HWThread 56 | HWThread 57 | HWThread 58 | HWThread 59 | HWThread 60 | HWThread 61 | HWThread 62 | HWThread 63 | HWThread 64 | HWThread 65 | HWThread 66 | HWThread 67 | HWThread 68 | HWThread 69 | HWThread 70 | HWThread 71 | HWThread 72 | HWThread 73 | HWThread 74 | HWThread 75 | HWThread 76 | HWThread 77 | HWThread 78 | HWThread 79 | HWThread 80 | HWThread 81 | HWThread 82 | HWThread 83 | HWThread 84 | HWThread 85 | HWThread 86 | HWThread 87 | HWThread 88 | HWThread 89 | HWThread 90 | HWThread 91 | HWThread 92 | HWThread 93 | HWThread 94 | HWThread 95 |
+-------------------+------------+------------+------------+------------+------------+------------+------------+------------+------------+------------+-------------+-------------+-------------+-------------+-------------+-------------+-------------+-------------+-------------+-------------+-------------+-------------+-------------+-------------+-------------+-------------+-------------+-------------+-------------+-------------+-------------+-------------+-------------+-------------+-------------+-------------+-------------+-------------+-------------+-------------+-------------+-------------+-------------+-------------+-------------+-------------+-------------+-------------+-------------+-------------+-------------+-------------+-------------+-------------+-------------+-------------+-------------+-------------+-------------+-------------+-------------+-------------+-------------+-------------+-------------+-------------+-------------+-------------+-------------+-------------+-------------+-------------+-------------+-------------+-------------+-------------+-------------+-------------+-------------+-------------+-------------+-------------+-------------+-------------+-------------+-------------+-------------+-------------+-------------+-------------+-------------+-------------+-------------+-------------+-------------+-------------+
| RDTSC Runtime [s] |   1.069558 |   1.069728 |   1.069561 |   1.069559 |   1.069629 |   1.069630 |   1.069798 |   1.069592 |   1.069734 |   1.069557 |    1.069546 |    1.069548 |    1.069594 |    1.069547 |    1.069631 |    1.069731 |    1.069566 |    1.069777 |    1.069636 |    1.069779 |    1.069592 |    1.069781 |    1.069565 |    1.069739 |    1.069549 |    1.069615 |    1.069807 |    1.069593 |    1.069818 |    1.069675 |    1.069547 |    1.069553 |    1.069632 |    1.069819 |    1.069691 |    1.069593 |    1.069806 |    1.069634 |    1.069554 |    1.069637 |    1.069628 |    1.069565 |    1.069682 |    1.069734 |    1.069800 |    1.069562 |    1.069631 |    1.069734 |    1.069633 |    1.069639 |    1.069728 |    1.069733 |    1.069665 |    1.069592 |    1.069920 |    1.069641 |    1.069723 |    1.069593 |    1.069687 |    1.069636 |    1.069565 |    1.069675 |    1.069595 |    1.069569 |    1.069660 |    1.069632 |    1.069564 |    1.069632 |    1.069548 |    1.069637 |    1.069639 |    1.069550 |    1.069566 |    1.069658 |    1.069708 |    1.069724 |    1.069557 |    1.069669 |    1.069669 |    1.069670 |    1.069635 |    1.069722 |    1.069632 |    1.069742 |    1.069742 |    1.069632 |    1.069631 |    1.069537 |    1.069595 |    1.069617 |    1.069949 |    1.069926 |    1.069594 |    1.069674 |    1.069746 |    1.069676 |
|     call count    |          1 |          1 |          1 |          1 |          1 |          1 |          1 |          1 |          1 |          1 |           1 |           1 |           1 |           1 |           1 |           1 |           1 |           1 |           1 |           1 |           1 |           1 |           1 |           1 |           1 |           1 |           1 |           1 |           1 |           1 |           1 |           1 |           1 |           1 |           1 |           1 |           1 |           1 |           1 |           1 |           1 |           1 |           1 |           1 |           1 |           1 |           1 |           1 |           1 |           1 |           1 |           1 |           1 |           1 |           1 |           1 |           1 |           1 |           1 |           1 |           1 |           1 |           1 |           1 |           1 |           1 |           1 |           1 |           1 |           1 |           1 |           1 |           1 |           1 |           1 |           1 |           1 |           1 |           1 |           1 |           1 |           1 |           1 |           1 |           1 |           1 |           1 |           1 |           1 |           1 |           1 |           1 |           1 |           1 |           1 |           1 |
+-------------------+------------+------------+------------+------------+------------+------------+------------+------------+------------+------------+-------------+-------------+-------------+-------------+-------------+-------------+-------------+-------------+-------------+-------------+-------------+-------------+-------------+-------------+-------------+-------------+-------------+-------------+-------------+-------------+-------------+-------------+-------------+-------------+-------------+-------------+-------------+-------------+-------------+-------------+-------------+-------------+-------------+-------------+-------------+-------------+-------------+-------------+-------------+-------------+-------------+-------------+-------------+-------------+-------------+-------------+-------------+-------------+-------------+-------------+-------------+-------------+-------------+-------------+-------------+-------------+-------------+-------------+-------------+-------------+-------------+-------------+-------------+-------------+-------------+-------------+-------------+-------------+-------------+-------------+-------------+-------------+-------------+-------------+-------------+-------------+-------------+-------------+-------------+-------------+-------------+-------------+-------------+-------------+-------------+-------------+
+---------------------------+---------+-------------+-------------+-------------+-------------+-------------+-------------+-------------+-------------+-------------+-------------+-------------+-------------+-------------+-------------+-------------+-------------+-------------+-------------+-------------+-------------+-------------+-------------+-------------+-------------+-------------+-------------+-------------+-------------+-------------+-------------+-------------+-------------+-------------+-------------+-------------+-------------+-------------+-------------+-------------+-------------+-------------+-------------+-------------+-------------+-------------+-------------+-------------+-------------+-------------+-------------+-------------+-------------+-------------+-------------+-------------+-------------+-------------+-------------+-------------+-------------+-------------+-------------+-------------+-------------+-------------+-------------+-------------+-------------+-------------+-------------+-------------+-------------+-------------+-------------+-------------+-------------+-------------+-------------+-------------+-------------+-------------+-------------+-------------+-------------+-------------+-------------+-------------+-------------+-------------+-------------+-------------+-------------+-------------+-------------+-------------+-------------+
|           Event           | Counter |  HWThread 0 |  HWThread 1 |  HWThread 2 |  HWThread 3 |  HWThread 4 |  HWThread 5 |  HWThread 6 |  HWThread 7 |  HWThread 8 |  HWThread 9 | HWThread 10 | HWThread 11 | HWThread 12 | HWThread 13 | HWThread 14 | HWThread 15 | HWThread 16 | HWThread 17 | HWThread 18 | HWThread 19 | HWThread 20 | HWThread 21 | HWThread 22 | HWThread 23 | HWThread 24 | HWThread 25 | HWThread 26 | HWThread 27 | HWThread 28 | HWThread 29 | HWThread 30 | HWThread 31 | HWThread 32 | HWThread 33 | HWThread 34 | HWThread 35 | HWThread 36 | HWThread 37 | HWThread 38 | HWThread 39 | HWThread 40 | HWThread 41 | HWThread 42 | HWThread 43 | HWThread 44 | HWThread 45 | HWThread 46 | HWThread 47 | HWThread 48 | HWThread 49 | HWThread 50 | HWThread 51 | HWThread 52 | HWThread 53 | HWThread 54 | HWThread 55 | HWThread 56 | HWThread 57 | HWThread 58 | HWThread 59 | HWThread 60 | HWThread 61 | HWThread 62 | HWThread 63 | HWThread 64 | HWThread 65 | HWThread 66 | HWThread 67 | HWThread 68 | HWThread 69 | HWThread 70 | HWThread 71 | HWThread 72 | HWThread 73 | HWThread 74 | HWThread 75 | HWThread 76 | HWThread 77 | HWThread 78 | HWThread 79 | HWThread 80 | HWThread 81 | HWThread 82 | HWThread 83 | HWThread 84 | HWThread 85 | HWThread 86 | HWThread 87 | HWThread 88 | HWThread 89 | HWThread 90 | HWThread 91 | HWThread 92 | HWThread 93 | HWThread 94 | HWThread 95 |
+---------------------------+---------+-------------+-------------+-------------+-------------+-------------+-------------+-------------+-------------+-------------+-------------+-------------+-------------+-------------+-------------+-------------+-------------+-------------+-------------+-------------+-------------+-------------+-------------+-------------+-------------+-------------+-------------+-------------+-------------+-------------+-------------+-------------+-------------+-------------+-------------+-------------+-------------+-------------+-------------+-------------+-------------+-------------+-------------+-------------+-------------+-------------+-------------+-------------+-------------+-------------+-------------+-------------+-------------+-------------+-------------+-------------+-------------+-------------+-------------+-------------+-------------+-------------+-------------+-------------+-------------+-------------+-------------+-------------+-------------+-------------+-------------+-------------+-------------+-------------+-------------+-------------+-------------+-------------+-------------+-------------+-------------+-------------+-------------+-------------+-------------+-------------+-------------+-------------+-------------+-------------+-------------+-------------+-------------+-------------+-------------+-------------+-------------+
|      ACTUAL_CPU_CLOCK     |  FIXC1  |  2030946000 |  2031021000 |  2030535000 |  2030635000 |  2030561000 |  2030972000 |  2031134000 |  2030535000 |  2031210000 |  2030833000 |  2030564000 |  2030469000 |  2030925000 |  2030648000 |  2030938000 |  2030742000 |  2030754000 |  2031053000 |  2031015000 |  2031206000 |  2031061000 |  2031008000 |  2030923000 |  2031247000 |  2030677000 |  2031401000 |  2031404000 |  2030779000 |  2031438000 |  2031357000 |  2030690000 |  2030708000 |  2031129000 |  2031243000 |  2031164000 |  2031187000 |  2031272000 |  2030738000 |  2030699000 |  2030975000 |  2030662000 |  2031077000 |  2031270000 |  2030969000 |  2031413000 |  2031038000 |  2031377000 |  2030964000 |  2030915000 |  2031186000 |  2030996000 |  2031117000 |  2031098000 |  2031429000 |  2031708000 |  2031451000 |  2031281000 |  2031000000 |  2031232000 |  2031277000 |  2031009000 |  2031249000 |  2031029000 |  2031037000 |  2031220000 |  2030725000 |  2030716000 |  2031253000 |  2030682000 |  2030931000 |  2030937000 |  2030694000 |  2031440000 |  2031296000 |  2031357000 |  2031329000 |  2031376000 |  2031283000 |  2031305000 |  2031483000 |  2031254000 |  2031344000 |  2031404000 |  2031259000 |  2031229000 |  2031316000 |  2031269000 |  2030998000 |  2031510000 |  2031109000 |  2031488000 |  2031678000 |  2031160000 |  2031364000 |  2031058000 |  2031099000 |
|       MAX_CPU_CLOCK       |  FIXC2  |  2565500000 |  2565484000 |  2564689000 |  2565226000 |  2564741000 |  2565679000 |  2565364000 |  2564690000 |  2565690000 |  2565447000 |  2564833000 |  2564574000 |  2565538000 |  2565200000 |  2565571000 |  2564926000 |  2565469000 |  2565802000 |  2565484000 |  2565881000 |  2565528000 |  2565780000 |  2565572000 |  2565759000 |  2565237000 |  2565705000 |  2566174000 |  2565431000 |  2566140000 |  2566094000 |  2565254000 |  2565252000 |  2565538000 |  2566133000 |  2565560000 |  2565730000 |  2566118000 |  2565291000 |  2565242000 |  2565587000 |  2565258000 |  2565690000 |  2565858000 |  2565574000 |  2566160000 |  2565547000 |  2565944000 |  2565571000 |  2565175000 |  2565820000 |  2565652000 |  2565887000 |  2565868000 |  2565731000 |  2566385000 |  2565762000 |  2565789000 |  2565453000 |  2565747000 |  2565791000 |  2565491000 |  2565731000 |  2565490000 |  2565496000 |  2565713000 |  2565303000 |  2565284000 |  2565739000 |  2565232000 |  2565586000 |  2565564000 |  2565256000 |  2565764000 |  2565821000 |  2565922000 |  2565855000 |  2565704000 |  2565791000 |  2565827000 |  2565843000 |  2565768000 |  2565902000 |  2565789000 |  2565764000 |  2565736000 |  2565839000 |  2565787000 |  2565366000 |  2565950000 |  2565538000 |  2566397000 |  2566352000 |  2565767000 |  2566053000 |  2565802000 |  2565836000 |
|    RETIRED_INSTRUCTIONS   |   PMC0  |  2550964000 |  2551396000 |  2551327000 |  2551350000 |  2551364000 |  2551350000 |  2551403000 |  2551302000 |  2551377000 |  2551341000 |  2551317000 |  2551332000 |  2551332000 |  2551309000 |  2551336000 |  2551345000 |  2551344000 |  2551434000 |  2551396000 |  2551424000 |  2551369000 |  2551393000 |  2551354000 |  2551410000 |  2551282000 |  2551317000 |  2551315000 |  2551301000 |  2551311000 |  2551316000 |  2551266000 |  2551275000 |  2551283000 |  2551299000 |  2551285000 |  2551287000 |  2551344000 |  2551277000 |  2551257000 |  2551266000 |  2551325000 |  2551304000 |  2551325000 |  2551360000 |  2551111000 |  2551197000 |  2551233000 |  2551192000 |  2551367000 |  2551384000 |  2551364000 |  2551345000 |  2551359000 |  2551370000 |  2551418000 |  2551295000 |  2551344000 |  2551295000 |  2551302000 |  2551288000 |  2551252000 |  2551294000 |  2551264000 |  2551269000 |  2551316000 |  2551343000 |  2551316000 |  2551317000 |  2551167000 |  2551201000 |  2551241000 |  2551195000 |  2551174000 |  2551259000 |  2551226000 |  2551253000 |  2551199000 |  2551255000 |  2551190000 |  2551169000 |  2551354000 |  2551253000 |  2551328000 |  2551257000 |  2551301000 |  2551327000 |  2551281000 |  2551291000 |  2551279000 |  2551186000 |  2551373000 |  2551259000 |  2551188000 |  2551088000 |  2551205000 |  2551061000 |
|    CPU_CLOCKS_UNHALTED    |   PMC1  |  2013999000 |  2016363000 |  2015990000 |  2016112000 |  2016213000 |  2016133000 |  2016441000 |  2015855000 |  2016302000 |  2016084000 |  2015946000 |  2016019000 |  2016052000 |  2015904000 |  2016088000 |  2016116000 |  2016126000 |  2016602000 |  2016398000 |  2016563000 |  2016257000 |  2016411000 |  2016166000 |  2016471000 |  2015766000 |  2015960000 |  2016047000 |  2015870000 |  2016079000 |  2015956000 |  2015686000 |  2015718000 |  2015773000 |  2015862000 |  2015781000 |  2015798000 |  2016143000 |  2015747000 |  2015650000 |  2015685000 |  2015999000 |  2015866000 |  2016011000 |  2016203000 |  2015587000 |  2015503000 |  2015732000 |  2015975000 |  2016286000 |  2016338000 |  2016287000 |  2016128000 |  2016236000 |  2016276000 |  2016581000 |  2015912000 |  2016132000 |  2015851000 |  2015881000 |  2015825000 |  2015641000 |  2015861000 |  2015710000 |  2015712000 |  2015999000 |  2016111000 |  2015970000 |  2015976000 |  2015388000 |  2015502000 |  2015793000 |  2015521000 |  2015276000 |  2015672000 |  2015514000 |  2015650000 |  2015433000 |  2015670000 |  2015318000 |  2015192000 |  2016217000 |  2015849000 |  2016062000 |  2015837000 |  2015928000 |  2016050000 |  2015823000 |  2015848000 |  2015823000 |  2015267000 |  2016327000 |  2015709000 |  2015478000 |  2015436000 |  2015650000 |  2015096000 |
| RETIRED_SSE_AVX_FLOPS_ALL |   PMC2  | 32212250000 | 32212250000 | 32212250000 | 32212250000 | 32212250000 | 32212250000 | 32212250000 | 32212250000 | 32212250000 | 32212250000 | 32212250000 | 32212250000 | 32212250000 | 32212250000 | 32212250000 | 32212250000 | 32212250000 | 32212250000 | 32212250000 | 32212250000 | 32212250000 | 32212250000 | 32212250000 | 32212250000 | 32212250000 | 32212250000 | 32212250000 | 32212250000 | 32212250000 | 32212250000 | 32212250000 | 32212250000 | 32212250000 | 32212250000 | 32212250000 | 32212250000 | 32212250000 | 32212250000 | 32212250000 | 32212250000 | 32212250000 | 32212250000 | 32212250000 | 32212250000 | 32212250000 | 32212250000 | 32212250000 | 32212250000 | 32212250000 | 32212250000 | 32212250000 | 32212250000 | 32212250000 | 32212250000 | 32212250000 | 32212250000 | 32212250000 | 32212250000 | 32212250000 | 32212250000 | 32212250000 | 32212250000 | 32212250000 | 32212250000 | 32212250000 | 32212250000 | 32212250000 | 32212250000 | 32212250000 | 32212250000 | 32212250000 | 32212250000 | 32212250000 | 32212250000 | 32212250000 | 32212250000 | 32212250000 | 32212250000 | 32212250000 | 32212250000 | 32212250000 | 32212250000 | 32212250000 | 32212250000 | 32212250000 | 32212250000 | 32212250000 | 32212250000 | 32212250000 | 32212250000 | 32212250000 | 32212250000 | 32212250000 | 32212250000 | 32212250000 | 32212250000 |
|           MERGE           |   PMC3  |           0 |           0 |           0 |           0 |           0 |           0 |           0 |           0 |           0 |           0 |           0 |           0 |           0 |           0 |           0 |           0 |           0 |           0 |           0 |           0 |           0 |           0 |           0 |           0 |           0 |           0 |           0 |           0 |           0 |           0 |           0 |           0 |           0 |           0 |           0 |           0 |           0 |           0 |           0 |           0 |           0 |           0 |           0 |           0 |           0 |           0 |           0 |           0 |           0 |           0 |           0 |           0 |           0 |           0 |           0 |           0 |           0 |           0 |           0 |           0 |           0 |           0 |           0 |           0 |           0 |           0 |           0 |           0 |           0 |           0 |           0 |           0 |           0 |           0 |           0 |           0 |           0 |           0 |           0 |           0 |           0 |           0 |           0 |           0 |           0 |           0 |           0 |           0 |           0 |           0 |           0 |           0 |           0 |           0 |           0 |           0 |
+---------------------------+---------+-------------+-------------+-------------+-------------+-------------+-------------+-------------+-------------+-------------+-------------+-------------+-------------+-------------+-------------+-------------+-------------+-------------+-------------+-------------+-------------+-------------+-------------+-------------+-------------+-------------+-------------+-------------+-------------+-------------+-------------+-------------+-------------+-------------+-------------+-------------+-------------+-------------+-------------+-------------+-------------+-------------+-------------+-------------+-------------+-------------+-------------+-------------+-------------+-------------+-------------+-------------+-------------+-------------+-------------+-------------+-------------+-------------+-------------+-------------+-------------+-------------+-------------+-------------+-------------+-------------+-------------+-------------+-------------+-------------+-------------+-------------+-------------+-------------+-------------+-------------+-------------+-------------+-------------+-------------+-------------+-------------+-------------+-------------+-------------+-------------+-------------+-------------+-------------+-------------+-------------+-------------+-------------+-------------+-------------+-------------+-------------+
+--------------------------------+---------+---------------+-------------+-------------+--------------+
|              Event             | Counter |      Sum      |     Min     |     Max     |      Avg     |
+--------------------------------+---------+---------------+-------------+-------------+--------------+
|      ACTUAL_CPU_CLOCK STAT     |  FIXC1  |  194984146000 |  2030469000 |  2031708000 | 2.031085e+09 |
|       MAX_CPU_CLOCK STAT       |  FIXC2  |  246299633000 |  2564574000 |  2566397000 | 2.565621e+09 |
|    RETIRED_INSTRUCTIONS STAT   |   PMC0  |  244924059000 |  2550964000 |  2551434000 | 2.551292e+09 |
|    CPU_CLOCKS_UNHALTED STAT    |   PMC1  |  193526050000 |  2013999000 |  2016602000 | 2.015896e+09 |
| RETIRED_SSE_AVX_FLOPS_ALL STAT |   PMC2  | 3092376000000 | 32212250000 | 32212250000 |  32212250000 |
|           MERGE STAT           |   PMC3  |             0 |           0 |           0 |            0 |
+--------------------------------+---------+---------------+-------------+-------------+--------------+
+----------------------+------------+------------+------------+------------+------------+------------+------------+------------+------------+------------+-------------+-------------+-------------+-------------+-------------+-------------+-------------+-------------+-------------+-------------+-------------+-------------+-------------+-------------+-------------+-------------+-------------+-------------+-------------+-------------+-------------+-------------+-------------+-------------+-------------+-------------+-------------+-------------+-------------+-------------+-------------+-------------+-------------+-------------+-------------+-------------+-------------+-------------+-------------+-------------+-------------+-------------+-------------+-------------+-------------+-------------+-------------+-------------+-------------+-------------+-------------+-------------+-------------+-------------+-------------+-------------+-------------+-------------+-------------+-------------+-------------+-------------+-------------+-------------+-------------+-------------+-------------+-------------+-------------+-------------+-------------+-------------+-------------+-------------+-------------+-------------+-------------+-------------+-------------+-------------+-------------+-------------+-------------+-------------+-------------+-------------+
|        Metric        | HWThread 0 | HWThread 1 | HWThread 2 | HWThread 3 | HWThread 4 | HWThread 5 | HWThread 6 | HWThread 7 | HWThread 8 | HWThread 9 | HWThread 10 | HWThread 11 | HWThread 12 | HWThread 13 | HWThread 14 | HWThread 15 | HWThread 16 | HWThread 17 | HWThread 18 | HWThread 19 | HWThread 20 | HWThread 21 | HWThread 22 | HWThread 23 | HWThread 24 | HWThread 25 | HWThread 26 | HWThread 27 | HWThread 28 | HWThread 29 | HWThread 30 | HWThread 31 | HWThread 32 | HWThread 33 | HWThread 34 | HWThread 35 | HWThread 36 | HWThread 37 | HWThread 38 | HWThread 39 | HWThread 40 | HWThread 41 | HWThread 42 | HWThread 43 | HWThread 44 | HWThread 45 | HWThread 46 | HWThread 47 | HWThread 48 | HWThread 49 | HWThread 50 | HWThread 51 | HWThread 52 | HWThread 53 | HWThread 54 | HWThread 55 | HWThread 56 | HWThread 57 | HWThread 58 | HWThread 59 | HWThread 60 | HWThread 61 | HWThread 62 | HWThread 63 | HWThread 64 | HWThread 65 | HWThread 66 | HWThread 67 | HWThread 68 | HWThread 69 | HWThread 70 | HWThread 71 | HWThread 72 | HWThread 73 | HWThread 74 | HWThread 75 | HWThread 76 | HWThread 77 | HWThread 78 | HWThread 79 | HWThread 80 | HWThread 81 | HWThread 82 | HWThread 83 | HWThread 84 | HWThread 85 | HWThread 86 | HWThread 87 | HWThread 88 | HWThread 89 | HWThread 90 | HWThread 91 | HWThread 92 | HWThread 93 | HWThread 94 | HWThread 95 |
+----------------------+------------+------------+------------+------------+------------+------------+------------+------------+------------+------------+-------------+-------------+-------------+-------------+-------------+-------------+-------------+-------------+-------------+-------------+-------------+-------------+-------------+-------------+-------------+-------------+-------------+-------------+-------------+-------------+-------------+-------------+-------------+-------------+-------------+-------------+-------------+-------------+-------------+-------------+-------------+-------------+-------------+-------------+-------------+-------------+-------------+-------------+-------------+-------------+-------------+-------------+-------------+-------------+-------------+-------------+-------------+-------------+-------------+-------------+-------------+-------------+-------------+-------------+-------------+-------------+-------------+-------------+-------------+-------------+-------------+-------------+-------------+-------------+-------------+-------------+-------------+-------------+-------------+-------------+-------------+-------------+-------------+-------------+-------------+-------------+-------------+-------------+-------------+-------------+-------------+-------------+-------------+-------------+-------------+-------------+
|  Runtime (RDTSC) [s] |     1.0696 |     1.0697 |     1.0696 |     1.0696 |     1.0696 |     1.0696 |     1.0698 |     1.0696 |     1.0697 |     1.0696 |      1.0695 |      1.0695 |      1.0696 |      1.0695 |      1.0696 |      1.0697 |      1.0696 |      1.0698 |      1.0696 |      1.0698 |      1.0696 |      1.0698 |      1.0696 |      1.0697 |      1.0695 |      1.0696 |      1.0698 |      1.0696 |      1.0698 |      1.0697 |      1.0695 |      1.0696 |      1.0696 |      1.0698 |      1.0697 |      1.0696 |      1.0698 |      1.0696 |      1.0696 |      1.0696 |      1.0696 |      1.0696 |      1.0697 |      1.0697 |      1.0698 |      1.0696 |      1.0696 |      1.0697 |      1.0696 |      1.0696 |      1.0697 |      1.0697 |      1.0697 |      1.0696 |      1.0699 |      1.0696 |      1.0697 |      1.0696 |      1.0697 |      1.0696 |      1.0696 |      1.0697 |      1.0696 |      1.0696 |      1.0697 |      1.0696 |      1.0696 |      1.0696 |      1.0695 |      1.0696 |      1.0696 |      1.0696 |      1.0696 |      1.0697 |      1.0697 |      1.0697 |      1.0696 |      1.0697 |      1.0697 |      1.0697 |      1.0696 |      1.0697 |      1.0696 |      1.0697 |      1.0697 |      1.0696 |      1.0696 |      1.0695 |      1.0696 |      1.0696 |      1.0699 |      1.0699 |      1.0696 |      1.0697 |      1.0697 |      1.0697 |
| Runtime unhalted [s] |     0.8475 |     0.8475 |     0.8473 |     0.8474 |     0.8473 |     0.8475 |     0.8476 |     0.8473 |     0.8476 |     0.8475 |      0.8474 |      0.8473 |      0.8475 |      0.8474 |      0.8475 |      0.8474 |      0.8474 |      0.8476 |      0.8475 |      0.8476 |      0.8476 |      0.8475 |      0.8475 |      0.8476 |      0.8474 |      0.8477 |      0.8477 |      0.8474 |      0.8477 |      0.8477 |      0.8474 |      0.8474 |      0.8476 |      0.8476 |      0.8476 |      0.8476 |      0.8476 |      0.8474 |      0.8474 |      0.8475 |      0.8474 |      0.8476 |      0.8476 |      0.8475 |      0.8477 |      0.8475 |      0.8477 |      0.8475 |      0.8475 |      0.8476 |      0.8475 |      0.8476 |      0.8476 |      0.8477 |      0.8478 |      0.8477 |      0.8476 |      0.8475 |      0.8476 |      0.8476 |      0.8475 |      0.8476 |      0.8475 |      0.8475 |      0.8476 |      0.8474 |      0.8474 |      0.8476 |      0.8474 |      0.8475 |      0.8475 |      0.8474 |      0.8477 |      0.8477 |      0.8477 |      0.8477 |      0.8477 |      0.8477 |      0.8477 |      0.8477 |      0.8476 |      0.8477 |      0.8477 |      0.8476 |      0.8476 |      0.8477 |      0.8476 |      0.8475 |      0.8477 |      0.8476 |      0.8477 |      0.8478 |      0.8476 |      0.8477 |      0.8476 |      0.8476 |
|      Clock [MHz]     |  1897.0550 |  1897.1369 |  1897.2709 |  1896.9671 |  1897.2567 |  1896.9470 |  1897.3312 |  1897.2701 |  1897.1611 |  1896.9887 |   1897.1915 |   1897.2943 |   1897.0073 |   1896.9985 |   1896.9951 |   1897.2890 |   1896.8986 |   1896.9317 |   1897.1313 |   1897.0162 |   1897.1417 |   1896.9059 |   1896.9803 |   1897.1447 |   1896.9982 |   1897.3284 |   1896.9845 |   1896.9501 |   1897.0413 |   1896.9997 |   1896.9978 |   1897.0161 |   1897.1979 |   1896.8644 |   1897.2143 |   1897.1101 |   1896.9026 |   1897.0153 |   1897.0151 |   1897.0178 |   1896.9687 |   1897.0369 |   1897.0929 |   1897.0218 |   1897.0032 |   1897.1062 |   1897.1293 |   1897.0193 |   1897.2664 |   1897.0426 |   1896.9893 |   1896.9286 |   1896.9249 |   1897.3353 |   1897.1124 |   1897.3330 |   1897.1542 |   1897.1402 |   1897.1395 |   1897.1490 |   1897.1205 |   1897.1672 |   1897.1399 |   1897.1430 |   1897.1535 |   1896.9943 |   1896.9999 |   1897.1650 |   1897.0066 |   1896.9774 |   1896.9993 |   1897.0001 |   1897.3212 |   1897.1446 |   1897.1269 |   1897.1503 |   1897.3058 |   1897.1546 |   1897.1485 |   1897.3030 |   1897.1445 |   1897.1295 |   1897.2691 |   1897.1522 |   1897.1448 |   1897.1499 |   1897.1445 |   1897.2027 |   1897.2491 |   1897.1792 |   1896.8981 |   1897.1087 |   1897.0575 |   1897.0366 |   1896.9363 |   1896.9495 |
|          CPI         |     0.7895 |     0.7903 |     0.7902 |     0.7902 |     0.7902 |     0.7902 |     0.7903 |     0.7901 |     0.7903 |     0.7902 |      0.7902 |      0.7902 |      0.7902 |      0.7901 |      0.7902 |      0.7902 |      0.7902 |      0.7904 |      0.7903 |      0.7904 |      0.7903 |      0.7903 |      0.7902 |      0.7903 |      0.7901 |      0.7902 |      0.7902 |      0.7901 |      0.7902 |      0.7902 |      0.7901 |      0.7901 |      0.7901 |      0.7901 |      0.7901 |      0.7901 |      0.7902 |      0.7901 |      0.7901 |      0.7901 |      0.7902 |      0.7901 |      0.7902 |      0.7902 |      0.7901 |      0.7900 |      0.7901 |      0.7902 |      0.7903 |      0.7903 |      0.7903 |      0.7902 |      0.7903 |      0.7903 |      0.7904 |      0.7902 |      0.7902 |      0.7901 |      0.7901 |      0.7901 |      0.7901 |      0.7901 |      0.7901 |      0.7901 |      0.7902 |      0.7902 |      0.7902 |      0.7902 |      0.7900 |      0.7900 |      0.7901 |      0.7900 |      0.7899 |      0.7901 |      0.7900 |      0.7901 |      0.7900 |      0.7901 |      0.7900 |      0.7899 |      0.7903 |      0.7901 |      0.7902 |      0.7901 |      0.7902 |      0.7902 |      0.7901 |      0.7901 |      0.7901 |      0.7899 |      0.7903 |      0.7901 |      0.7900 |      0.7900 |      0.7901 |      0.7899 |
|     DP [MFLOP/s]     | 30117.3475 | 30112.5613 | 30117.2631 | 30117.3194 | 30115.3484 | 30115.3203 | 30110.5910 | 30116.3902 | 30112.3924 | 30117.3757 |  30117.6854 |  30117.6291 |  30116.3339 |  30117.6573 |  30115.2921 |  30112.4769 |  30117.1223 |  30111.1821 |  30115.1513 |  30111.1258 |  30116.3902 |  30111.0695 |  30117.1504 |  30112.2517 |  30117.6010 |  30115.7426 |  30110.3377 |  30116.3620 |  30110.0281 |  30114.0533 |  30117.6573 |  30117.4883 |  30115.2639 |  30109.9999 |  30113.6029 |  30116.3620 |  30110.3658 |  30115.2076 |  30117.4602 |  30115.1232 |  30115.3766 |  30117.1504 |  30113.8563 |  30112.3924 |  30110.5347 |  30117.2349 |  30115.2921 |  30112.3924 |  30115.2358 |  30115.0669 |  30112.5613 |  30112.4206 |  30114.3349 |  30116.3902 |  30107.1575 |  30115.0106 |  30112.7021 |  30116.3620 |  30113.7155 |  30115.1513 |  30117.1504 |  30114.0533 |  30116.3057 |  30117.0378 |  30114.4756 |  30115.2639 |  30117.1786 |  30115.2639 |  30117.6291 |  30115.1232 |  30115.0669 |  30117.5728 |  30117.1223 |  30114.5319 |  30113.1243 |  30112.6739 |  30117.3757 |  30114.2223 |  30114.2223 |  30114.1941 |  30115.1795 |  30112.7302 |  30115.2639 |  30112.1672 |  30112.1672 |  30115.2639 |  30115.2921 |  30117.9389 |  30116.3057 |  30115.6863 |  30106.3415 |  30106.9887 |  30116.3339 |  30114.0815 |  30112.0546 |  30114.0252 |
+----------------------+------------+------------+------------+------------+------------+------------+------------+------------+------------+------------+-------------+-------------+-------------+-------------+-------------+-------------+-------------+-------------+-------------+-------------+-------------+-------------+-------------+-------------+-------------+-------------+-------------+-------------+-------------+-------------+-------------+-------------+-------------+-------------+-------------+-------------+-------------+-------------+-------------+-------------+-------------+-------------+-------------+-------------+-------------+-------------+-------------+-------------+-------------+-------------+-------------+-------------+-------------+-------------+-------------+-------------+-------------+-------------+-------------+-------------+-------------+-------------+-------------+-------------+-------------+-------------+-------------+-------------+-------------+-------------+-------------+-------------+-------------+-------------+-------------+-------------+-------------+-------------+-------------+-------------+-------------+-------------+-------------+-------------+-------------+-------------+-------------+-------------+-------------+-------------+-------------+-------------+-------------+-------------+-------------+-------------+
+---------------------------+--------------+------------+------------+------------+
|           Metric          |      Sum     |     Min    |     Max    |     Avg    |
+---------------------------+--------------+------------+------------+------------+
|  Runtime (RDTSC) [s] STAT |     102.6864 |     1.0695 |     1.0699 |     1.0696 |
| Runtime unhalted [s] STAT |      81.3656 |     0.8473 |     0.8478 |     0.8476 |
|      Clock [MHz] STAT     |  182121.1319 |  1896.8644 |  1897.3353 |  1897.0951 |
|          CPI STAT         |      75.8541 |     0.7895 |     0.7904 |     0.7901 |
|     DP [MFLOP/s] STAT     | 2.891001e+06 | 30106.3415 | 30117.9389 | 30114.5920 |
+---------------------------+--------------+------------+------------+------------+
