--------------------------------------------------------------------------------
CPU name:	AMD EPYC 9654 96-Core Processor                
CPU type:	AMD K19 (Zen4) architecture
CPU clock:	2.40 GHz
--------------------------------------------------------------------------------
Region bench, Group 1: FLOPS_DP
+-------------------+------------+------------+------------+------------+------------+------------+------------+------------+------------+------------+-------------+-------------+-------------+-------------+-------------+-------------+-------------+-------------+-------------+-------------+-------------+-------------+-------------+-------------+-------------+-------------+-------------+-------------+-------------+-------------+-------------+-------------+-------------+-------------+-------------+-------------+-------------+-------------+-------------+-------------+-------------+-------------+-------------+-------------+-------------+-------------+-------------+-------------+-------------+-------------+-------------+-------------+-------------+-------------+-------------+-------------+-------------+-------------+-------------+-------------+-------------+-------------+-------------+-------------+-------------+-------------+-------------+-------------+-------------+-------------+-------------+-------------+-------------+-------------+-------------+-------------+-------------+-------------+-------------+-------------+-------------+-------------+-------------+-------------+-------------+-------------+-------------+-------------+-------------+-------------+-------------+-------------+-------------+-------------+-------------+-------------+
|    Region Info    | HWThread 0 | HWThread 1 | HWThread 2 | HWThread 3 | HWThread 4 | HWThread 5 | HWThread 6 | HWThread 7 | HWThread 8 | HWThread 9 | HWThread 10 | HWThread 11 | HWThread 12 | HWThread 13 | HWThread 14 | HWThread 15 | HWThread 16 | HWThread 17 | HWThread 18 | HWThread 19 | HWThread 20 | HWThread 21 | HWThread 22 | HWThread 23 | HWThread 24 | HWThread 25 | HWThread 26 | HWThread 27 | HWThread 28 | HWThread 29 | HWThread 30 | HWThread 31 | HWThread 32 | HWThread 33 | HWThread 34 | HWThread 35 | HWThread 36 | HWThread 37 | HWThread 38 | HWThread 39 | HWThread 40 | HWThread 41 | HWThread 42 | HWThread 43 | HWThread 44 | HWThread 45 | HWThread 46 | HWThread 47 | HWThread 48 | HWThread 49 | HWThread 50 | HWThread 51 | HWThread 52 | HWThread 53 | HWThread 54 | HWThread 55 | HWThread 56 | HWThread 57 | HWThread 58 | HWThread 59 | HWThread 60 | HWThread 61 | HWThread 62 | HWThread 63 | HWThread 64 | HWThread 65 | HWThread 66 | HWThread 67 | HWThread 68 | HWThread 69 | HWThread 70 | HWThread 71 | HWThread 72 | HWThread 73 | HWThread 74 | HWThread 75 | HWThread 76 | HWThread 77 | HWThread 78 | HWThread 79 | HWThread 80 | HWThread 81 | HWThread 82 | HWThread 83 | HWThread 84 | HWThread 85 | HWThread 86 | HWThread 87 | HWThread 88 | HWThread 89 | HWThread 90 | HWThread 91 | HWThread 92 | HWThread 93 | HWThread 94 | HWThread 95 |
+-------------------+------------+------------+------------+------------+------------+------------+------------+------------+------------+------------+-------------+-------------+-------------+-------------+-------------+-------------+-------------+-------------+-------------+-------------+-------------+-------------+-------------+-------------+-------------+-------------+-------------+-------------+-------------+-------------+-------------+-------------+-------------+-------------+-------------+-------------+-------------+-------------+-------------+-------------+-------------+-------------+-------------+-------------+-------------+-------------+-------------+-------------+-------------+-------------+-------------+-------------+-------------+-------------+-------------+-------------+-------------+-------------+-------------+-------------+-------------+-------------+-------------+-------------+-------------+-------------+-------------+-------------+-------------+-------------+-------------+-------------+-------------+-------------+-------------+-------------+-------------+-------------+-------------+-------------+-------------+-------------+-------------+-------------+-------------+-------------+-------------+-------------+-------------+-------------+-------------+-------------+-------------+-------------+-------------+-------------+
| RDTSC Runtime [s] |   1.074839 |   1.074753 |   1.074708 |   1.074856 |   1.074841 |   1.074859 |   1.074706 |   1.074851 |   1.074826 |   1.074816 |    1.074876 |    1.074837 |    1.074909 |    1.074738 |    1.074910 |    1.074771 |    1.074823 |    1.074871 |    1.074885 |    1.074771 |    1.074817 |    1.074778 |    1.074775 |    1.074896 |    1.074817 |    1.074864 |    1.074822 |    1.074711 |    1.074860 |    1.074912 |    1.074792 |    1.074907 |    1.074894 |    1.074830 |    1.074780 |    1.074911 |    1.074856 |    1.074907 |    1.074912 |    1.074834 |    1.074873 |    1.074856 |    1.074896 |    1.074835 |    1.074776 |    1.074766 |    1.074793 |    1.074706 |    1.074775 |    1.074709 |    1.074705 |    1.074778 |    1.074708 |    1.074734 |    1.074737 |    1.074710 |    1.074705 |    1.074711 |    1.074709 |    1.074707 |    1.074707 |    1.074707 |    1.074711 |    1.074712 |    1.074702 |    1.074776 |    1.074738 |    1.074708 |    1.074779 |    1.074782 |    1.074730 |    1.074780 |    1.074701 |    1.074789 |    1.074785 |    1.074818 |    1.074701 |    1.074746 |    1.074733 |    1.074756 |    1.074711 |    1.074705 |    1.074708 |    1.074756 |    1.074747 |    1.074739 |    1.074706 |    1.074710 |    1.074762 |    1.074701 |    1.074790 |    1.074766 |    1.074765 |    1.074820 |    1.074783 |    1.074765 |
|     call count    |          1 |          1 |          1 |          1 |          1 |          1 |          1 |          1 |          1 |          1 |           1 |           1 |           1 |           1 |           1 |           1 |           1 |           1 |           1 |           1 |           1 |           1 |           1 |           1 |           1 |           1 |           1 |           1 |           1 |           1 |           1 |           1 |           1 |           1 |           1 |           1 |           1 |           1 |           1 |           1 |           1 |           1 |           1 |           1 |           1 |           1 |           1 |           1 |           1 |           1 |           1 |           1 |           1 |           1 |           1 |           1 |           1 |           1 |           1 |           1 |           1 |           1 |           1 |           1 |           1 |           1 |           1 |           1 |           1 |           1 |           1 |           1 |           1 |           1 |           1 |           1 |           1 |           1 |           1 |           1 |           1 |           1 |           1 |           1 |           1 |           1 |           1 |           1 |           1 |           1 |           1 |           1 |           1 |           1 |           1 |           1 |
+-------------------+------------+------------+------------+------------+------------+------------+------------+------------+------------+------------+-------------+-------------+-------------+-------------+-------------+-------------+-------------+-------------+-------------+-------------+-------------+-------------+-------------+-------------+-------------+-------------+-------------+-------------+-------------+-------------+-------------+-------------+-------------+-------------+-------------+-------------+-------------+-------------+-------------+-------------+-------------+-------------+-------------+-------------+-------------+-------------+-------------+-------------+-------------+-------------+-------------+-------------+-------------+-------------+-------------+-------------+-------------+-------------+-------------+-------------+-------------+-------------+-------------+-------------+-------------+-------------+-------------+-------------+-------------+-------------+-------------+-------------+-------------+-------------+-------------+-------------+-------------+-------------+-------------+-------------+-------------+-------------+-------------+-------------+-------------+-------------+-------------+-------------+-------------+-------------+-------------+-------------+-------------+-------------+-------------+-------------+
+---------------------------+---------+-------------+-------------+-------------+-------------+-------------+-------------+-------------+-------------+-------------+-------------+-------------+-------------+-------------+-------------+-------------+-------------+-------------+-------------+-------------+-------------+-------------+-------------+-------------+-------------+-------------+-------------+-------------+-------------+-------------+-------------+-------------+-------------+-------------+-------------+-------------+-------------+-------------+-------------+-------------+-------------+-------------+-------------+-------------+-------------+-------------+-------------+-------------+-------------+-------------+-------------+-------------+-------------+-------------+-------------+-------------+-------------+-------------+-------------+-------------+-------------+-------------+-------------+-------------+-------------+-------------+-------------+-------------+-------------+-------------+-------------+-------------+-------------+-------------+-------------+-------------+-------------+-------------+-------------+-------------+-------------+-------------+-------------+-------------+-------------+-------------+-------------+-------------+-------------+-------------+-------------+-------------+-------------+-------------+-------------+-------------+-------------+
|           Event           | Counter |  HWThread 0 |  HWThread 1 |  HWThread 2 |  HWThread 3 |  HWThread 4 |  HWThread 5 |  HWThread 6 |  HWThread 7 |  HWThread 8 |  HWThread 9 | HWThread 10 | HWThread 11 | HWThread 12 | HWThread 13 | HWThread 14 | HWThread 15 | HWThread 16 | HWThread 17 | HWThread 18 | HWThread 19 | HWThread 20 | HWThread 21 | HWThread 22 | HWThread 23 | HWThread 24 | HWThread 25 | HWThread 26 | HWThread 27 | HWThread 28 | HWThread 29 | HWThread 30 | HWThread 31 | HWThread 32 | HWThread 33 | HWThread 34 | HWThread 35 | HWThread 36 | HWThread 37 | HWThread 38 | HWThread 39 | HWThread 40 | HWThread 41 | HWThread 42 | HWThread 43 | HWThread 44 | HWThread 45 | HWThread 46 | HWThread 47 | HWThread 48 | HWThread 49 | HWThread 50 | HWThread 51 | HWThread 52 | HWThread 53 | HWThread 54 | HWThread 55 | HWThread 56 | HWThread 57 | HWThread 58 | HWThread 59 | HWThread 60 | HWThread 61 | HWThread 62 | HWThread 63 | HWThread 64 | HWThread 65 | HWThread 66 | HWThread 67 | HWThread 68 | HWThread 69 | HWThread 70 | HWThread 71 | HWThread 72 | HWThread 73 | HWThread 74 | HWThread 75 | HWThread 76 | HWThread 77 | HWThread 78 | HWThread 79 | HWThread 80 | HWThread 81 | HWThread 82 | HWThread 83 | HWThread 84 | HWThread 85 | HWThread 86 | HWThread 87 | HWThread 88 | HWThread 89 | HWThread 90 | HWThread 91 | HWThread 92 | HWThread 93 | HWThread 94 | HWThread 95 |
+---------------------------+---------+-------------+-------------+-------------+-------------+-------------+-------------+-------------+-------------+-------------+-------------+-------------+-------------+-------------+-------------+-------------+-------------+-------------+-------------+-------------+-------------+-------------+-------------+-------------+-------------+-------------+-------------+-------------+-------------+-------------+-------------+-------------+-------------+-------------+-------------+-------------+-------------+-------------+-------------+-------------+-------------+-------------+-------------+-------------+-------------+-------------+-------------+-------------+-------------+-------------+-------------+-------------+-------------+-------------+-------------+-------------+-------------+-------------+-------------+-------------+-------------+-------------+-------------+-------------+-------------+-------------+-------------+-------------+-------------+-------------+-------------+-------------+-------------+-------------+-------------+-------------+-------------+-------------+-------------+-------------+-------------+-------------+-------------+-------------+-------------+-------------+-------------+-------------+-------------+-------------+-------------+-------------+-------------+-------------+-------------+-------------+-------------+
|      ACTUAL_CPU_CLOCK     |  FIXC1  |  2041078000 |  2040581000 |  2040557000 |  2040962000 |  2040981000 |  2040980000 |  2040760000 |  2040949000 |  2040918000 |  2040591000 |  2040812000 |  2040914000 |  2040999000 |  2040598000 |  2040886000 |  2040748000 |  2040576000 |  2040774000 |  2040477000 |  2040461000 |  2040622000 |  2040115000 |  2040110000 |  2040563000 |  2040464000 |  2040609000 |  2040718000 |  2040358000 |  2040864000 |  2040637000 |  2040340000 |  2040624000 |  2040703000 |  2040706000 |  2040601000 |  2040947000 |  2040731000 |  2040863000 |  2040857000 |  2040986000 |  2040593000 |  2040539000 |  2040579000 |  2040670000 |  2040325000 |  2040289000 |  2040608000 |  2040567000 |  2040427000 |  2040486000 |  2040417000 |  2040476000 |  2040481000 |  2040487000 |  2040430000 |  2040713000 |  2040544000 |  2040611000 |  2040498000 |  2040754000 |  2040774000 |  2040734000 |  2040929000 |  2040704000 |  2040727000 |  2040627000 |  2040470000 |  2040611000 |  2040833000 |  2040798000 |  2040830000 |  2040479000 |  2040552000 |  2040942000 |  2040709000 |  2040851000 |  2040665000 |  2040539000 |  2040562000 |  2040609000 |  2040750000 |  2040482000 |  2040663000 |  2040494000 |  2040795000 |  2040501000 |  2040626000 |  2040675000 |  2041020000 |  2041150000 |  2041040000 |  2041172000 |  2041179000 |  2041108000 |  2041292000 |  2041282000 |
|       MAX_CPU_CLOCK       |  FIXC2  |  2578087000 |  2577548000 |  2577498000 |  2578009000 |  2577966000 |  2577993000 |  2577544000 |  2577988000 |  2577888000 |  2577559000 |  2577974000 |  2577887000 |  2578033000 |  2577577000 |  2577870000 |  2577621000 |  2577313000 |  2577992000 |  2577116000 |  2577377000 |  2577501000 |  2576745000 |  2576751000 |  2577254000 |  2577691000 |  2577922000 |  2577655000 |  2577662000 |  2577897000 |  2577956000 |  2577603000 |  2577966000 |  2577976000 |  2577966000 |  2577553000 |  2577910000 |  2577965000 |  2578003000 |  2578058000 |  2577974000 |  2577621000 |  2577592000 |  2577873000 |  2577889000 |  2577638000 |  2577348000 |  2577272000 |  2577546000 |  2577699000 |  2577569000 |  2577510000 |  2577579000 |  2577549000 |  2577574000 |  2577532000 |  2577488000 |  2577562000 |  2577604000 |  2577565000 |  2577523000 |  2577527000 |  2577597000 |  2577537000 |  2577558000 |  2577634000 |  2577527000 |  2577557000 |  2577568000 |  2577507000 |  2577474000 |  2577650000 |  2577571000 |  2577590000 |  2577439000 |  2577626000 |  2577649000 |  2577406000 |  2577594000 |  2577594000 |  2577395000 |  2577525000 |  2577510000 |  2577394000 |  2577728000 |  2577556000 |  2577440000 |  2577371000 |  2577402000 |  2578036000 |  2577935000 |  2578052000 |  2577776000 |  2577760000 |  2577897000 |  2577800000 |  2577854000 |
|    RETIRED_INSTRUCTIONS   |   PMC0  |  4565888000 |  4566296000 |  4566254000 |  4566303000 |  4566272000 |  4566297000 |  4566260000 |  4566285000 |  4566199000 |  4566219000 |  4566216000 |  4566236000 |  4566223000 |  4566150000 |  4566196000 |  4566155000 |  4566219000 |  4566240000 |  4566236000 |  4566197000 |  4566226000 |  4566185000 |  4566195000 |  4566230000 |  4566206000 |  4566216000 |  4566148000 |  4566151000 |  4566139000 |  4566201000 |  4566178000 |  4566207000 |  4566136000 |  4566149000 |  4566124000 |  4566135000 |  4566142000 |  4566132000 |  4566118000 |  4566011000 |  4566220000 |  4566249000 |  4566253000 |  4566234000 |  4565965000 |  4565727000 |  4565863000 |  4565735000 |  4566192000 |  4566192000 |  4566144000 |  4566182000 |  4566171000 |  4566174000 |  4566164000 |  4566127000 |  4566109000 |  4566150000 |  4566126000 |  4566119000 |  4566100000 |  4566103000 |  4566131000 |  4566089000 |  4566157000 |  4566229000 |  4566188000 |  4566181000 |  4565998000 |  4565982000 |  4564231000 |  4565839000 |  4565977000 |  4566057000 |  4566102000 |  4566089000 |  4566080000 |  4565989000 |  4566053000 |  4566048000 |  4566120000 |  4566087000 |  4566180000 |  4566161000 |  4566062000 |  4566198000 |  4566089000 |  4566142000 |  4566114000 |  4566031000 |  4566123000 |  4566129000 |  4564619000 |  4565797000 |  4565639000 |  4565890000 |
|    CPU_CLOCKS_UNHALTED    |   PMC1  |  2023895000 |  2026133000 |  2025961000 |  2026277000 |  2026193000 |  2026246000 |  2026015000 |  2026197000 |  2025658000 |  2025716000 |  2025761000 |  2025878000 |  2025766000 |  2025406000 |  2025667000 |  2025451000 |  2025763000 |  2025833000 |  2025842000 |  2025654000 |  2025793000 |  2025589000 |  2025654000 |  2025873000 |  2025718000 |  2025709000 |  2025631000 |  2025457000 |  2025438000 |  2025711000 |  2025577000 |  2025749000 |  2025350000 |  2025342000 |  2025233000 |  2025357000 |  2025317000 |  2025321000 |  2025258000 |  2024662000 |  2025815000 |  2025882000 |  2025962000 |  2025857000 |  2025589000 |  2024635000 |  2025168000 |  2024821000 |  2025680000 |  2025640000 |  2025457000 |  2025618000 |  2025546000 |  2025617000 |  2025569000 |  2025428000 |  2025297000 |  2025434000 |  2025326000 |  2025365000 |  2025237000 |  2025249000 |  2025406000 |  2025194000 |  2025454000 |  2025798000 |  2025648000 |  2025607000 |  2025552000 |  2025511000 |  2024863000 |  2025170000 |  2024567000 |  2024891000 |  2025190000 |  2025112000 |  2025027000 |  2024648000 |  2024950000 |  2024979000 |  2025372000 |  2025410000 |  2025672000 |  2025575000 |  2025161000 |  2025765000 |  2025329000 |  2025503000 |  2025451000 |  2024966000 |  2025355000 |  2025374000 |  2025020000 |  2024586000 |  2024830000 |  2025057000 |
| RETIRED_SSE_AVX_FLOPS_ALL |   PMC2  | 48318380000 | 48318380000 | 48318380000 | 48318380000 | 48318380000 | 48318380000 | 48318380000 | 48318380000 | 48318380000 | 48318380000 | 48318380000 | 48318380000 | 48318380000 | 48318380000 | 48318380000 | 48318380000 | 48318380000 | 48318380000 | 48318380000 | 48318380000 | 48318380000 | 48318380000 | 48318380000 | 48318380000 | 48318380000 | 48318380000 | 48318380000 | 48318380000 | 48318380000 | 48318380000 | 48318380000 | 48318380000 | 48318380000 | 48318380000 | 48318380000 | 48318380000 | 48318380000 | 48318380000 | 48318380000 | 48318380000 | 48318380000 | 48318380000 | 48318380000 | 48318380000 | 48318380000 | 48318380000 | 48318380000 | 48318380000 | 48318380000 | 48318380000 | 48318380000 | 48318380000 | 48318380000 | 48318380000 | 48318380000 | 48318380000 | 48318380000 | 48318380000 | 48318380000 | 48318380000 | 48318380000 | 48318380000 | 48318380000 | 48318380000 | 48318380000 | 48318380000 | 48318380000 | 48318380000 | 48318380000 | 48318380000 | 48318380000 | 48318380000 | 48318380000 | 48318380000 | 48318380000 | 48318380000 | 48318380000 | 48318380000 | 48318380000 | 48318380000 | 48318380000 | 48318380000 | 48318380000 | 48318380000 | 48318380000 | 48318380000 | 48318380000 | 48318380000 | 48318380000 | 48318380000 | 48318380000 | 48318380000 | 48318380000 | 48318380000 | 48318380000 | 48318380000 |
|           MERGE           |   PMC3  |           0 |           0 |           0 |           0 |           0 |           0 |           0 |           0 |           0 |           0 |           0 |           0 |           0 |           0 |           0 |           0 |           0 |           0 |           0 |           0 |           0 |           0 |           0 |           0 |           0 |           0 |           0 |           0 |           0 |           0 |           0 |           0 |           0 |           0 |           0 |           0 |           0 |           0 |           0 |           0 |           0 |           0 |           0 |           0 |           0 |           0 |           0 |           0 |           0 |           0 |           0 |           0 |           0 |           0 |           0 |           0 |           0 |           0 |           0 |           0 |           0 |           0 |           0 |           0 |           0 |           0 |           0 |           0 |           0 |           0 |           0 |           0 |           0 |           0 |           0 |           0 |           0 |           0 |           0 |           0 |           0 |           0 |           0 |           0 |           0 |           0 |           0 |           0 |           0 |           0 |           0 |           0 |           0 |           0 |           0 |           0 |
+---------------------------+---------+-------------+-------------+-------------+-------------+-------------+-------------+-------------+-------------+-------------+-------------+-------------+-------------+-------------+-------------+-------------+-------------+-------------+-------------+-------------+-------------+-------------+-------------+-------------+-------------+-------------+-------------+-------------+-------------+-------------+-------------+-------------+-------------+-------------+-------------+-------------+-------------+-------------+-------------+-------------+-------------+-------------+-------------+-------------+-------------+-------------+-------------+-------------+-------------+-------------+-------------+-------------+-------------+-------------+-------------+-------------+-------------+-------------+-------------+-------------+-------------+-------------+-------------+-------------+-------------+-------------+-------------+-------------+-------------+-------------+-------------+-------------+-------------+-------------+-------------+-------------+-------------+-------------+-------------+-------------+-------------+-------------+-------------+-------------+-------------+-------------+-------------+-------------+-------------+-------------+-------------+-------------+-------------+-------------+-------------+-------------+-------------+
+--------------------------------+---------+---------------+-------------+-------------+--------------+
|              Event             | Counter |      Sum      |     Min     |     Max     |      Avg     |
+--------------------------------+---------+---------------+-------------+-------------+--------------+
|      ACTUAL_CPU_CLOCK STAT     |  FIXC1  |  195906688000 |  2040110000 |  2041292000 | 2.040695e+09 |
|       MAX_CPU_CLOCK STAT       |  FIXC2  |  247454417000 |  2576745000 |  2578087000 | 2.577650e+09 |
|    RETIRED_INSTRUCTIONS STAT   |   PMC0  |  438344670000 |  4564231000 |  4566303000 | 4.566090e+09 |
|    CPU_CLOCKS_UNHALTED STAT    |   PMC1  |  194443236000 |  2023895000 |  2026277000 |   2025450375 |
| RETIRED_SSE_AVX_FLOPS_ALL STAT |   PMC2  | 4638564480000 | 48318380000 | 48318380000 |  48318380000 |
|           MERGE STAT           |   PMC3  |             0 |           0 |           0 |            0 |
+--------------------------------+---------+---------------+-------------+-------------+--------------+
+----------------------+------------+------------+------------+------------+------------+------------+------------+------------+------------+------------+-------------+-------------+-------------+-------------+-------------+-------------+-------------+-------------+-------------+-------------+-------------+-------------+-------------+-------------+-------------+-------------+-------------+-------------+-------------+-------------+-------------+-------------+-------------+-------------+-------------+-------------+-------------+-------------+-------------+-------------+-------------+-------------+-------------+-------------+-------------+-------------+-------------+-------------+-------------+-------------+-------------+-------------+-------------+-------------+-------------+-------------+-------------+-------------+-------------+-------------+-------------+-------------+-------------+-------------+-------------+-------------+-------------+-------------+-------------+-------------+-------------+-------------+-------------+-------------+-------------+-------------+-------------+-------------+-------------+-------------+-------------+-------------+-------------+-------------+-------------+-------------+-------------+-------------+-------------+-------------+-------------+-------------+-------------+-------------+-------------+-------------+
|        Metric        | HWThread 0 | HWThread 1 | HWThread 2 | HWThread 3 | HWThread 4 | HWThread 5 | HWThread 6 | HWThread 7 | HWThread 8 | HWThread 9 | HWThread 10 | HWThread 11 | HWThread 12 | HWThread 13 | HWThread 14 | HWThread 15 | HWThread 16 | HWThread 17 | HWThread 18 | HWThread 19 | HWThread 20 | HWThread 21 | HWThread 22 | HWThread 23 | HWThread 24 | HWThread 25 | HWThread 26 | HWThread 27 | HWThread 28 | HWThread 29 | HWThread 30 | HWThread 31 | HWThread 32 | HWThread 33 | HWThread 34 | HWThread 35 | HWThread 36 | HWThread 37 | HWThread 38 | HWThread 39 | HWThread 40 | HWThread 41 | HWThread 42 | HWThread 43 | HWThread 44 | HWThread 45 | HWThread 46 | HWThread 47 | HWThread 48 | HWThread 49 | HWThread 50 | HWThread 51 | HWThread 52 | HWThread 53 | HWThread 54 | HWThread 55 | HWThread 56 | HWThread 57 | HWThread 58 | HWThread 59 | HWThread 60 | HWThread 61 | HWThread 62 | HWThread 63 | HWThread 64 | HWThread 65 | HWThread 66 | HWThread 67 | HWThread 68 | HWThread 69 | HWThread 70 | HWThread 71 | HWThread 72 | HWThread 73 | HWThread 74 | HWThread 75 | HWThread 76 | HWThread 77 | HWThread 78 | HWThread 79 | HWThread 80 | HWThread 81 | HWThread 82 | HWThread 83 | HWThread 84 | HWThread 85 | HWThread 86 | HWThread 87 | HWThread 88 | HWThread 89 | HWThread 90 | HWThread 91 | HWThread 92 | HWThread 93 | HWThread 94 | HWThread 95 |
+----------------------+------------+------------+------------+------------+------------+------------+------------+------------+------------+------------+-------------+-------------+-------------+-------------+-------------+-------------+-------------+-------------+-------------+-------------+-------------+-------------+-------------+-------------+-------------+-------------+-------------+-------------+-------------+-------------+-------------+-------------+-------------+-------------+-------------+-------------+-------------+-------------+-------------+-------------+-------------+-------------+-------------+-------------+-------------+-------------+-------------+-------------+-------------+-------------+-------------+-------------+-------------+-------------+-------------+-------------+-------------+-------------+-------------+-------------+-------------+-------------+-------------+-------------+-------------+-------------+-------------+-------------+-------------+-------------+-------------+-------------+-------------+-------------+-------------+-------------+-------------+-------------+-------------+-------------+-------------+-------------+-------------+-------------+-------------+-------------+-------------+-------------+-------------+-------------+-------------+-------------+-------------+-------------+-------------+-------------+
|  Runtime (RDTSC) [s] |     1.0748 |     1.0748 |     1.0747 |     1.0749 |     1.0748 |     1.0749 |     1.0747 |     1.0749 |     1.0748 |     1.0748 |      1.0749 |      1.0748 |      1.0749 |      1.0747 |      1.0749 |      1.0748 |      1.0748 |      1.0749 |      1.0749 |      1.0748 |      1.0748 |      1.0748 |      1.0748 |      1.0749 |      1.0748 |      1.0749 |      1.0748 |      1.0747 |      1.0749 |      1.0749 |      1.0748 |      1.0749 |      1.0749 |      1.0748 |      1.0748 |      1.0749 |      1.0749 |      1.0749 |      1.0749 |      1.0748 |      1.0749 |      1.0749 |      1.0749 |      1.0748 |      1.0748 |      1.0748 |      1.0748 |      1.0747 |      1.0748 |      1.0747 |      1.0747 |      1.0748 |      1.0747 |      1.0747 |      1.0747 |      1.0747 |      1.0747 |      1.0747 |      1.0747 |      1.0747 |      1.0747 |      1.0747 |      1.0747 |      1.0747 |      1.0747 |      1.0748 |      1.0747 |      1.0747 |      1.0748 |      1.0748 |      1.0747 |      1.0748 |      1.0747 |      1.0748 |      1.0748 |      1.0748 |      1.0747 |      1.0747 |      1.0747 |      1.0748 |      1.0747 |      1.0747 |      1.0747 |      1.0748 |      1.0747 |      1.0747 |      1.0747 |      1.0747 |      1.0748 |      1.0747 |      1.0748 |      1.0748 |      1.0748 |      1.0748 |      1.0748 |      1.0748 |
| Runtime unhalted [s] |     0.8517 |     0.8515 |     0.8515 |     0.8517 |     0.8517 |     0.8517 |     0.8516 |     0.8517 |     0.8517 |     0.8515 |      0.8516 |      0.8517 |      0.8517 |      0.8515 |      0.8517 |      0.8516 |      0.8515 |      0.8516 |      0.8515 |      0.8515 |      0.8515 |      0.8513 |      0.8513 |      0.8515 |      0.8515 |      0.8515 |      0.8516 |      0.8514 |      0.8516 |      0.8516 |      0.8514 |      0.8515 |      0.8516 |      0.8516 |      0.8515 |      0.8517 |      0.8516 |      0.8516 |      0.8516 |      0.8517 |      0.8515 |      0.8515 |      0.8515 |      0.8516 |      0.8514 |      0.8514 |      0.8515 |      0.8515 |      0.8515 |      0.8515 |      0.8515 |      0.8515 |      0.8515 |      0.8515 |      0.8515 |      0.8516 |      0.8515 |      0.8515 |      0.8515 |      0.8516 |      0.8516 |      0.8516 |      0.8517 |      0.8516 |      0.8516 |      0.8515 |      0.8515 |      0.8515 |      0.8516 |      0.8516 |      0.8516 |      0.8515 |      0.8515 |      0.8517 |      0.8516 |      0.8516 |      0.8516 |      0.8515 |      0.8515 |      0.8515 |      0.8516 |      0.8515 |      0.8516 |      0.8515 |      0.8516 |      0.8515 |      0.8515 |      0.8516 |      0.8517 |      0.8518 |      0.8517 |      0.8518 |      0.8518 |      0.8517 |      0.8518 |      0.8518 |
|      Clock [MHz]     |  1897.2147 |  1897.1494 |  1897.1638 |  1897.1643 |  1897.2136 |  1897.1928 |  1897.3187 |  1897.1676 |  1897.2124 |  1897.1506 |   1897.0506 |   1897.2094 |   1897.1810 |   1897.1438 |   1897.1959 |   1897.2509 |   1897.3177 |   1897.0020 |   1897.3707 |   1897.1637 |   1897.2221 |   1897.3072 |   1897.2981 |   1897.3490 |   1896.9353 |   1896.9002 |   1897.1980 |   1896.8581 |   1897.1556 |   1896.9012 |   1896.8848 |   1896.8817 |   1896.9478 |   1896.9579 |   1897.1643 |   1897.2232 |   1896.9819 |   1897.0767 |   1897.0306 |   1897.2123 |   1897.1068 |   1897.0779 |   1896.9083 |   1896.9811 |   1896.8451 |   1897.0251 |   1897.3776 |   1897.1378 |   1896.8951 |   1897.0456 |   1897.0249 |   1897.0289 |   1897.0557 |   1897.0428 |   1897.0207 |   1897.3162 |   1897.1047 |   1897.1360 |   1897.0597 |   1897.3286 |   1897.3443 |   1897.2555 |   1897.4810 |   1897.2564 |   1897.2218 |   1897.2076 |   1897.0395 |   1897.1625 |   1897.4138 |   1897.4056 |   1897.3058 |   1897.0376 |   1897.0915 |   1897.5652 |   1897.2110 |   1897.3260 |   1897.3320 |   1897.0765 |   1897.0978 |   1897.2880 |   1897.3234 |   1897.0853 |   1897.3390 |   1896.9360 |   1897.3424 |   1897.1545 |   1897.3215 |   1897.3442 |   1897.1983 |   1897.3935 |   1897.2051 |   1897.5310 |   1897.5493 |   1897.3824 |   1897.6249 |   1897.5758 |
|          CPI         |     0.4433 |     0.4437 |     0.4437 |     0.4437 |     0.4437 |     0.4437 |     0.4437 |     0.4437 |     0.4436 |     0.4436 |      0.4436 |      0.4437 |      0.4436 |      0.4436 |      0.4436 |      0.4436 |      0.4436 |      0.4437 |      0.4437 |      0.4436 |      0.4436 |      0.4436 |      0.4436 |      0.4437 |      0.4436 |      0.4436 |      0.4436 |      0.4436 |      0.4436 |      0.4436 |      0.4436 |      0.4436 |      0.4436 |      0.4436 |      0.4435 |      0.4436 |      0.4436 |      0.4436 |      0.4435 |      0.4434 |      0.4437 |      0.4437 |      0.4437 |      0.4437 |      0.4436 |      0.4434 |      0.4435 |      0.4435 |      0.4436 |      0.4436 |      0.4436 |      0.4436 |      0.4436 |      0.4436 |      0.4436 |      0.4436 |      0.4435 |      0.4436 |      0.4436 |      0.4436 |      0.4435 |      0.4435 |      0.4436 |      0.4435 |      0.4436 |      0.4436 |      0.4436 |      0.4436 |      0.4436 |      0.4436 |      0.4436 |      0.4435 |      0.4434 |      0.4435 |      0.4435 |      0.4435 |      0.4435 |      0.4434 |      0.4435 |      0.4435 |      0.4436 |      0.4436 |      0.4436 |      0.4436 |      0.4435 |      0.4436 |      0.4436 |      0.4436 |      0.4436 |      0.4435 |      0.4436 |      0.4436 |      0.4436 |      0.4434 |      0.4435 |      0.4435 |
|     DP [MFLOP/s]     | 44954.0629 | 44957.6600 | 44959.5425 | 44953.3519 | 44953.9792 | 44953.2264 | 44959.6262 | 44953.5610 | 44954.6066 | 44955.0249 |  44952.5155 |  44954.1465 |  44951.1354 |  44958.2875 |  44951.0936 |  44956.9071 |  44954.7321 |  44952.7246 |  44952.1391 |  44956.9071 |  44954.9830 |  44956.6143 |  44956.7398 |  44951.6790 |  44954.9830 |  44953.0173 |  44954.7739 |  44959.4170 |  44953.1846 |  44951.0099 |  44956.0287 |  44951.2190 |  44951.7627 |  44954.4393 |  44956.5306 |  44951.0518 |  44953.3519 |  44951.2190 |  44951.0099 |  44954.2720 |  44952.6409 |  44953.3519 |  44951.6790 |  44954.2302 |  44956.6980 |  44957.1162 |  44955.9869 |  44959.6262 |  44956.7398 |  44959.5007 |  44959.6680 |  44956.6143 |  44959.5425 |  44958.4548 |  44958.3293 |  44959.4588 |  44959.6680 |  44959.4170 |  44959.5007 |  44959.5843 |  44959.5843 |  44959.5843 |  44959.4170 |  44959.3752 |  44959.7935 |  44956.6980 |  44958.2875 |  44959.5425 |  44956.5725 |  44956.4470 |  44958.6222 |  44956.5306 |  44959.8353 |  44956.1542 |  44956.3215 |  44954.9412 |  44959.8353 |  44957.9529 |  44958.4967 |  44957.5345 |  44959.4170 |  44959.6680 |  44959.5425 |  44957.5345 |  44957.9110 |  44958.2457 |  44959.6262 |  44959.4588 |  44957.2836 |  44959.8353 |  44956.1124 |  44957.1162 |  44957.1581 |  44954.8576 |  44956.4052 |  44957.1581 |
+----------------------+------------+------------+------------+------------+------------+------------+------------+------------+------------+------------+-------------+-------------+-------------+-------------+-------------+-------------+-------------+-------------+-------------+-------------+-------------+-------------+-------------+-------------+-------------+-------------+-------------+-------------+-------------+-------------+-------------+-------------+-------------+-------------+-------------+-------------+-------------+-------------+-------------+-------------+-------------+-------------+-------------+-------------+-------------+-------------+-------------+-------------+-------------+-------------+-------------+-------------+-------------+-------------+-------------+-------------+-------------+-------------+-------------+-------------+-------------+-------------+-------------+-------------+-------------+-------------+-------------+-------------+-------------+-------------+-------------+-------------+-------------+-------------+-------------+-------------+-------------+-------------+-------------+-------------+-------------+-------------+-------------+-------------+-------------+-------------+-------------+-------------+-------------+-------------+-------------+-------------+-------------+-------------+-------------+-------------+
+---------------------------+--------------+------------+------------+------------+
|           Metric          |      Sum     |     Min    |     Max    |     Avg    |
+---------------------------+--------------+------------+------------+------------+
|  Runtime (RDTSC) [s] STAT |     103.1794 |     1.0747 |     1.0749 |     1.0748 |
| Runtime unhalted [s] STAT |      81.7508 |     0.8513 |     0.8518 |     0.8516 |
|      Clock [MHz] STAT     |  182129.2642 |  1896.8451 |  1897.6249 |  1897.1798 |
|          CPI STAT         |      42.5839 |     0.4433 |     0.4437 |     0.4436 |
|     DP [MFLOP/s] STAT     | 4.315809e+06 | 44951.0099 | 44959.8353 | 44956.3456 |
+---------------------------+--------------+------------+------------+------------+
