--------------------------------------------------------------------------------
CPU name:	AMD EPYC 9654 96-Core Processor                
CPU type:	AMD K19 (Zen4) architecture
CPU clock:	2.40 GHz
--------------------------------------------------------------------------------
Region bench, Group 1: FLOPS_DP
+-------------------+------------+------------+------------+------------+------------+------------+------------+------------+------------+------------+-------------+-------------+-------------+-------------+-------------+-------------+-------------+-------------+-------------+-------------+-------------+-------------+-------------+-------------+-------------+-------------+-------------+-------------+-------------+-------------+-------------+-------------+-------------+-------------+-------------+-------------+-------------+-------------+-------------+-------------+-------------+-------------+-------------+-------------+-------------+-------------+-------------+-------------+-------------+-------------+-------------+-------------+-------------+-------------+-------------+-------------+-------------+-------------+-------------+-------------+-------------+-------------+-------------+-------------+-------------+-------------+-------------+-------------+-------------+-------------+-------------+-------------+-------------+-------------+-------------+-------------+-------------+-------------+-------------+-------------+-------------+-------------+-------------+-------------+-------------+-------------+-------------+-------------+-------------+-------------+-------------+-------------+-------------+-------------+-------------+-------------+-------------+-------------+-------------+-------------+--------------+--------------+--------------+--------------+--------------+--------------+--------------+--------------+--------------+--------------+--------------+--------------+--------------+--------------+--------------+--------------+--------------+--------------+--------------+--------------+--------------+--------------+--------------+--------------+--------------+--------------+--------------+--------------+--------------+--------------+--------------+--------------+--------------+--------------+--------------+--------------+--------------+--------------+--------------+--------------+--------------+--------------+--------------+--------------+--------------+--------------+--------------+--------------+--------------+--------------+--------------+--------------+--------------+--------------+--------------+--------------+--------------+--------------+--------------+--------------+--------------+--------------+--------------+--------------+--------------+--------------+--------------+--------------+--------------+--------------+--------------+--------------+--------------+--------------+--------------+--------------+--------------+--------------+--------------+--------------+--------------+--------------+--------------+--------------+--------------+--------------+--------------+--------------+--------------+--------------+--------------+--------------+
|    Region Info    | HWThread 0 | HWThread 1 | HWThread 2 | HWThread 3 | HWThread 4 | HWThread 5 | HWThread 6 | HWThread 7 | HWThread 8 | HWThread 9 | HWThread 10 | HWThread 11 | HWThread 12 | HWThread 13 | HWThread 14 | HWThread 15 | HWThread 16 | HWThread 17 | HWThread 18 | HWThread 19 | HWThread 20 | HWThread 21 | HWThread 22 | HWThread 23 | HWThread 24 | HWThread 25 | HWThread 26 | HWThread 27 | HWThread 28 | HWThread 29 | HWThread 30 | HWThread 31 | HWThread 32 | HWThread 33 | HWThread 34 | HWThread 35 | HWThread 36 | HWThread 37 | HWThread 38 | HWThread 39 | HWThread 40 | HWThread 41 | HWThread 42 | HWThread 43 | HWThread 44 | HWThread 45 | HWThread 46 | HWThread 47 | HWThread 48 | HWThread 49 | HWThread 50 | HWThread 51 | HWThread 52 | HWThread 53 | HWThread 54 | HWThread 55 | HWThread 56 | HWThread 57 | HWThread 58 | HWThread 59 | HWThread 60 | HWThread 61 | HWThread 62 | HWThread 63 | HWThread 64 | HWThread 65 | HWThread 66 | HWThread 67 | HWThread 68 | HWThread 69 | HWThread 70 | HWThread 71 | HWThread 72 | HWThread 73 | HWThread 74 | HWThread 75 | HWThread 76 | HWThread 77 | HWThread 78 | HWThread 79 | HWThread 80 | HWThread 81 | HWThread 82 | HWThread 83 | HWThread 84 | HWThread 85 | HWThread 86 | HWThread 87 | HWThread 88 | HWThread 89 | HWThread 90 | HWThread 91 | HWThread 92 | HWThread 93 | HWThread 94 | HWThread 95 | HWThread 96 | HWThread 97 | HWThread 98 | HWThread 99 | HWThread 100 | HWThread 101 | HWThread 102 | HWThread 103 | HWThread 104 | HWThread 105 | HWThread 106 | HWThread 107 | HWThread 108 | HWThread 109 | HWThread 110 | HWThread 111 | HWThread 112 | HWThread 113 | HWThread 114 | HWThread 115 | HWThread 116 | HWThread 117 | HWThread 118 | HWThread 119 | HWThread 120 | HWThread 121 | HWThread 122 | HWThread 123 | HWThread 124 | HWThread 125 | HWThread 126 | HWThread 127 | HWThread 128 | HWThread 129 | HWThread 130 | HWThread 131 | HWThread 132 | HWThread 133 | HWThread 134 | HWThread 135 | HWThread 136 | HWThread 137 | HWThread 138 | HWThread 139 | HWThread 140 | HWThread 141 | HWThread 142 | HWThread 143 | HWThread 144 | HWThread 145 | HWThread 146 | HWThread 147 | HWThread 148 | HWThread 149 | HWThread 150 | HWThread 151 | HWThread 152 | HWThread 153 | HWThread 154 | HWThread 155 | HWThread 156 | HWThread 157 | HWThread 158 | HWThread 159 | HWThread 160 | HWThread 161 | HWThread 162 | HWThread 163 | HWThread 164 | HWThread 165 | HWThread 166 | HWThread 167 | HWThread 168 | HWThread 169 | HWThread 170 | HWThread 171 | HWThread 172 | HWThread 173 | HWThread 174 | HWThread 175 | HWThread 176 | HWThread 177 | HWThread 178 | HWThread 179 | HWThread 180 | HWThread 181 | HWThread 182 | HWThread 183 | HWThread 184 | HWThread 185 | HWThread 186 | HWThread 187 | HWThread 188 | HWThread 189 | HWThread 190 | HWThread 191 |
+-------------------+------------+------------+------------+------------+------------+------------+------------+------------+------------+------------+-------------+-------------+-------------+-------------+-------------+-------------+-------------+-------------+-------------+-------------+-------------+-------------+-------------+-------------+-------------+-------------+-------------+-------------+-------------+-------------+-------------+-------------+-------------+-------------+-------------+-------------+-------------+-------------+-------------+-------------+-------------+-------------+-------------+-------------+-------------+-------------+-------------+-------------+-------------+-------------+-------------+-------------+-------------+-------------+-------------+-------------+-------------+-------------+-------------+-------------+-------------+-------------+-------------+-------------+-------------+-------------+-------------+-------------+-------------+-------------+-------------+-------------+-------------+-------------+-------------+-------------+-------------+-------------+-------------+-------------+-------------+-------------+-------------+-------------+-------------+-------------+-------------+-------------+-------------+-------------+-------------+-------------+-------------+-------------+-------------+-------------+-------------+-------------+-------------+-------------+--------------+--------------+--------------+--------------+--------------+--------------+--------------+--------------+--------------+--------------+--------------+--------------+--------------+--------------+--------------+--------------+--------------+--------------+--------------+--------------+--------------+--------------+--------------+--------------+--------------+--------------+--------------+--------------+--------------+--------------+--------------+--------------+--------------+--------------+--------------+--------------+--------------+--------------+--------------+--------------+--------------+--------------+--------------+--------------+--------------+--------------+--------------+--------------+--------------+--------------+--------------+--------------+--------------+--------------+--------------+--------------+--------------+--------------+--------------+--------------+--------------+--------------+--------------+--------------+--------------+--------------+--------------+--------------+--------------+--------------+--------------+--------------+--------------+--------------+--------------+--------------+--------------+--------------+--------------+--------------+--------------+--------------+--------------+--------------+--------------+--------------+--------------+--------------+--------------+--------------+--------------+--------------+
| RDTSC Runtime [s] |   1.073536 |   1.072758 |   1.073530 |   1.072935 |   1.072758 |   1.073534 |   1.072930 |   1.072949 |   1.072847 |   1.072908 |    1.073204 |    1.072879 |    1.072893 |    1.072889 |    1.072869 |    1.072896 |    1.072765 |    1.072859 |    1.072763 |    1.072958 |    1.072867 |    1.072835 |    1.072899 |    1.072767 |    1.073250 |    1.073057 |    1.072981 |    1.073560 |    1.072765 |    1.074831 |    1.074063 |    1.072943 |    1.072938 |    1.072949 |    1.072850 |    1.072953 |    1.072931 |    1.072931 |    1.072758 |    1.072758 |    1.072892 |    1.073052 |    1.072845 |    1.072877 |    1.073183 |    1.072986 |    1.072765 |    1.073185 |    1.072858 |    1.072988 |    1.072954 |    1.072927 |    1.073248 |    1.072756 |    1.072949 |    1.072762 |    1.073209 |    1.072765 |    1.073209 |    1.072764 |    1.073245 |    1.072978 |    1.073179 |    1.073183 |    1.073014 |    1.072758 |    1.072954 |    1.072821 |    1.073255 |    1.072761 |    1.072955 |    1.072982 |    1.072895 |    1.072766 |    1.072769 |    1.072958 |    1.072958 |    1.073015 |    1.072953 |    1.073014 |    1.072755 |    1.072753 |    1.072754 |    1.072761 |    1.073268 |    1.073269 |    1.072753 |    1.072755 |    1.072864 |    1.072835 |    1.072897 |    1.072983 |    1.072989 |    1.072861 |    1.072995 |    1.072827 |    1.072763 |    1.072987 |    1.073042 |    1.072984 |     1.072820 |     1.073261 |     1.072950 |     1.072930 |     1.073224 |     1.072958 |     1.072839 |     1.073005 |     1.073010 |     1.073704 |     1.072987 |     1.073022 |     1.072758 |     1.072989 |     1.072995 |     1.073006 |     1.072986 |     1.073268 |     1.072986 |     1.073316 |     1.072959 |     1.072890 |     1.072756 |     1.072917 |     1.073219 |     1.073054 |     1.073221 |     1.073052 |     1.073049 |     1.072825 |     1.072896 |     1.073050 |     1.073230 |     1.072763 |     1.072951 |     1.073529 |     1.075279 |     1.073269 |     1.073522 |     1.073245 |     1.073269 |     1.073337 |     1.073197 |     1.073284 |     1.072859 |     1.073022 |     1.072841 |     1.072838 |     1.073309 |     1.072756 |     1.072918 |     1.073549 |     1.072847 |     1.072946 |     1.072764 |     1.072825 |     1.072955 |     1.072935 |     1.072766 |     1.072909 |     1.072765 |     1.072766 |     1.072850 |     1.072932 |     1.073052 |     1.072910 |     1.073253 |     1.073252 |     1.072973 |     1.075231 |     1.074037 |     1.075229 |     1.073056 |     1.072758 |     1.074442 |     1.072986 |     1.072838 |     1.073258 |     1.072999 |     1.072928 |     1.072836 |     1.073350 |     1.072869 |     1.073225 |     1.073220 |     1.072949 |     1.072930 |     1.072926 |     1.072822 |     1.072951 |     1.072755 |     1.072982 |
|     call count    |          1 |          1 |          1 |          1 |          1 |          1 |          1 |          1 |          1 |          1 |           1 |           1 |           1 |           1 |           1 |           1 |           1 |           1 |           1 |           1 |           1 |           1 |           1 |           1 |           1 |           1 |           1 |           1 |           1 |           1 |           1 |           1 |           1 |           1 |           1 |           1 |           1 |           1 |           1 |           1 |           1 |           1 |           1 |           1 |           1 |           1 |           1 |           1 |           1 |           1 |           1 |           1 |           1 |           1 |           1 |           1 |           1 |           1 |           1 |           1 |           1 |           1 |           1 |           1 |           1 |           1 |           1 |           1 |           1 |           1 |           1 |           1 |           1 |           1 |           1 |           1 |           1 |           1 |           1 |           1 |           1 |           1 |           1 |           1 |           1 |           1 |           1 |           1 |           1 |           1 |           1 |           1 |           1 |           1 |           1 |           1 |           1 |           1 |           1 |           1 |            1 |            1 |            1 |            1 |            1 |            1 |            1 |            1 |            1 |            1 |            1 |            1 |            1 |            1 |            1 |            1 |            1 |            1 |            1 |            1 |            1 |            1 |            1 |            1 |            1 |            1 |            1 |            1 |            1 |            1 |            1 |            1 |            1 |            1 |            1 |            1 |            1 |            1 |            1 |            1 |            1 |            1 |            1 |            1 |            1 |            1 |            1 |            1 |            1 |            1 |            1 |            1 |            1 |            1 |            1 |            1 |            1 |            1 |            1 |            1 |            1 |            1 |            1 |            1 |            1 |            1 |            1 |            1 |            1 |            1 |            1 |            1 |            1 |            1 |            1 |            1 |            1 |            1 |            1 |            1 |            1 |            1 |            1 |            1 |            1 |            1 |            1 |            1 |            1 |            1 |            1 |            1 |
+-------------------+------------+------------+------------+------------+------------+------------+------------+------------+------------+------------+-------------+-------------+-------------+-------------+-------------+-------------+-------------+-------------+-------------+-------------+-------------+-------------+-------------+-------------+-------------+-------------+-------------+-------------+-------------+-------------+-------------+-------------+-------------+-------------+-------------+-------------+-------------+-------------+-------------+-------------+-------------+-------------+-------------+-------------+-------------+-------------+-------------+-------------+-------------+-------------+-------------+-------------+-------------+-------------+-------------+-------------+-------------+-------------+-------------+-------------+-------------+-------------+-------------+-------------+-------------+-------------+-------------+-------------+-------------+-------------+-------------+-------------+-------------+-------------+-------------+-------------+-------------+-------------+-------------+-------------+-------------+-------------+-------------+-------------+-------------+-------------+-------------+-------------+-------------+-------------+-------------+-------------+-------------+-------------+-------------+-------------+-------------+-------------+-------------+-------------+--------------+--------------+--------------+--------------+--------------+--------------+--------------+--------------+--------------+--------------+--------------+--------------+--------------+--------------+--------------+--------------+--------------+--------------+--------------+--------------+--------------+--------------+--------------+--------------+--------------+--------------+--------------+--------------+--------------+--------------+--------------+--------------+--------------+--------------+--------------+--------------+--------------+--------------+--------------+--------------+--------------+--------------+--------------+--------------+--------------+--------------+--------------+--------------+--------------+--------------+--------------+--------------+--------------+--------------+--------------+--------------+--------------+--------------+--------------+--------------+--------------+--------------+--------------+--------------+--------------+--------------+--------------+--------------+--------------+--------------+--------------+--------------+--------------+--------------+--------------+--------------+--------------+--------------+--------------+--------------+--------------+--------------+--------------+--------------+--------------+--------------+--------------+--------------+--------------+--------------+--------------+--------------+
+---------------------------+---------+-------------+-------------+-------------+-------------+-------------+-------------+-------------+-------------+-------------+-------------+-------------+-------------+-------------+-------------+-------------+-------------+-------------+-------------+-------------+-------------+-------------+-------------+-------------+-------------+-------------+-------------+-------------+-------------+-------------+-------------+-------------+-------------+-------------+-------------+-------------+-------------+-------------+-------------+-------------+-------------+-------------+-------------+-------------+-------------+-------------+-------------+-------------+-------------+-------------+-------------+-------------+-------------+-------------+-------------+-------------+-------------+-------------+-------------+-------------+-------------+-------------+-------------+-------------+-------------+-------------+-------------+-------------+-------------+-------------+-------------+-------------+-------------+-------------+-------------+-------------+-------------+-------------+-------------+-------------+-------------+-------------+-------------+-------------+-------------+-------------+-------------+-------------+-------------+-------------+-------------+-------------+-------------+-------------+-------------+-------------+-------------+-------------+-------------+-------------+-------------+--------------+--------------+--------------+--------------+--------------+--------------+--------------+--------------+--------------+--------------+--------------+--------------+--------------+--------------+--------------+--------------+--------------+--------------+--------------+--------------+--------------+--------------+--------------+--------------+--------------+--------------+--------------+--------------+--------------+--------------+--------------+--------------+--------------+--------------+--------------+--------------+--------------+--------------+--------------+--------------+--------------+--------------+--------------+--------------+--------------+--------------+--------------+--------------+--------------+--------------+--------------+--------------+--------------+--------------+--------------+--------------+--------------+--------------+--------------+--------------+--------------+--------------+--------------+--------------+--------------+--------------+--------------+--------------+--------------+--------------+--------------+--------------+--------------+--------------+--------------+--------------+--------------+--------------+--------------+--------------+--------------+--------------+--------------+--------------+--------------+--------------+--------------+--------------+--------------+--------------+--------------+--------------+
|           Event           | Counter |  HWThread 0 |  HWThread 1 |  HWThread 2 |  HWThread 3 |  HWThread 4 |  HWThread 5 |  HWThread 6 |  HWThread 7 |  HWThread 8 |  HWThread 9 | HWThread 10 | HWThread 11 | HWThread 12 | HWThread 13 | HWThread 14 | HWThread 15 | HWThread 16 | HWThread 17 | HWThread 18 | HWThread 19 | HWThread 20 | HWThread 21 | HWThread 22 | HWThread 23 | HWThread 24 | HWThread 25 | HWThread 26 | HWThread 27 | HWThread 28 | HWThread 29 | HWThread 30 | HWThread 31 | HWThread 32 | HWThread 33 | HWThread 34 | HWThread 35 | HWThread 36 | HWThread 37 | HWThread 38 | HWThread 39 | HWThread 40 | HWThread 41 | HWThread 42 | HWThread 43 | HWThread 44 | HWThread 45 | HWThread 46 | HWThread 47 | HWThread 48 | HWThread 49 | HWThread 50 | HWThread 51 | HWThread 52 | HWThread 53 | HWThread 54 | HWThread 55 | HWThread 56 | HWThread 57 | HWThread 58 | HWThread 59 | HWThread 60 | HWThread 61 | HWThread 62 | HWThread 63 | HWThread 64 | HWThread 65 | HWThread 66 | HWThread 67 | HWThread 68 | HWThread 69 | HWThread 70 | HWThread 71 | HWThread 72 | HWThread 73 | HWThread 74 | HWThread 75 | HWThread 76 | HWThread 77 | HWThread 78 | HWThread 79 | HWThread 80 | HWThread 81 | HWThread 82 | HWThread 83 | HWThread 84 | HWThread 85 | HWThread 86 | HWThread 87 | HWThread 88 | HWThread 89 | HWThread 90 | HWThread 91 | HWThread 92 | HWThread 93 | HWThread 94 | HWThread 95 | HWThread 96 | HWThread 97 | HWThread 98 | HWThread 99 | HWThread 100 | HWThread 101 | HWThread 102 | HWThread 103 | HWThread 104 | HWThread 105 | HWThread 106 | HWThread 107 | HWThread 108 | HWThread 109 | HWThread 110 | HWThread 111 | HWThread 112 | HWThread 113 | HWThread 114 | HWThread 115 | HWThread 116 | HWThread 117 | HWThread 118 | HWThread 119 | HWThread 120 | HWThread 121 | HWThread 122 | HWThread 123 | HWThread 124 | HWThread 125 | HWThread 126 | HWThread 127 | HWThread 128 | HWThread 129 | HWThread 130 | HWThread 131 | HWThread 132 | HWThread 133 | HWThread 134 | HWThread 135 | HWThread 136 | HWThread 137 | HWThread 138 | HWThread 139 | HWThread 140 | HWThread 141 | HWThread 142 | HWThread 143 | HWThread 144 | HWThread 145 | HWThread 146 | HWThread 147 | HWThread 148 | HWThread 149 | HWThread 150 | HWThread 151 | HWThread 152 | HWThread 153 | HWThread 154 | HWThread 155 | HWThread 156 | HWThread 157 | HWThread 158 | HWThread 159 | HWThread 160 | HWThread 161 | HWThread 162 | HWThread 163 | HWThread 164 | HWThread 165 | HWThread 166 | HWThread 167 | HWThread 168 | HWThread 169 | HWThread 170 | HWThread 171 | HWThread 172 | HWThread 173 | HWThread 174 | HWThread 175 | HWThread 176 | HWThread 177 | HWThread 178 | HWThread 179 | HWThread 180 | HWThread 181 | HWThread 182 | HWThread 183 | HWThread 184 | HWThread 185 | HWThread 186 | HWThread 187 | HWThread 188 | HWThread 189 | HWThread 190 | HWThread 191 |
+---------------------------+---------+-------------+-------------+-------------+-------------+-------------+-------------+-------------+-------------+-------------+-------------+-------------+-------------+-------------+-------------+-------------+-------------+-------------+-------------+-------------+-------------+-------------+-------------+-------------+-------------+-------------+-------------+-------------+-------------+-------------+-------------+-------------+-------------+-------------+-------------+-------------+-------------+-------------+-------------+-------------+-------------+-------------+-------------+-------------+-------------+-------------+-------------+-------------+-------------+-------------+-------------+-------------+-------------+-------------+-------------+-------------+-------------+-------------+-------------+-------------+-------------+-------------+-------------+-------------+-------------+-------------+-------------+-------------+-------------+-------------+-------------+-------------+-------------+-------------+-------------+-------------+-------------+-------------+-------------+-------------+-------------+-------------+-------------+-------------+-------------+-------------+-------------+-------------+-------------+-------------+-------------+-------------+-------------+-------------+-------------+-------------+-------------+-------------+-------------+-------------+-------------+--------------+--------------+--------------+--------------+--------------+--------------+--------------+--------------+--------------+--------------+--------------+--------------+--------------+--------------+--------------+--------------+--------------+--------------+--------------+--------------+--------------+--------------+--------------+--------------+--------------+--------------+--------------+--------------+--------------+--------------+--------------+--------------+--------------+--------------+--------------+--------------+--------------+--------------+--------------+--------------+--------------+--------------+--------------+--------------+--------------+--------------+--------------+--------------+--------------+--------------+--------------+--------------+--------------+--------------+--------------+--------------+--------------+--------------+--------------+--------------+--------------+--------------+--------------+--------------+--------------+--------------+--------------+--------------+--------------+--------------+--------------+--------------+--------------+--------------+--------------+--------------+--------------+--------------+--------------+--------------+--------------+--------------+--------------+--------------+--------------+--------------+--------------+--------------+--------------+--------------+--------------+--------------+
|      ACTUAL_CPU_CLOCK     |  FIXC1  |  2041673000 |  2040737000 |  2041689000 |  2040863000 |  2040693000 |  2041199000 |  2040454000 |  2041223000 |  2039971000 |  2039831000 |  2040086000 |  2040353000 |  2040913000 |  2040317000 |  2040324000 |  2040913000 |  2039978000 |  2039476000 |  2039814000 |  2040859000 |  2040623000 |  2040613000 |  2040859000 |  2039954000 |  2040133000 |  2040582000 |  2040029000 |  2041476000 |  2039301000 |  2041848000 |  2041675000 |  2040469000 |  2039879000 |  2039881000 |  2039829000 |  2039944000 |  2039143000 |  2039986000 |  2039861000 |  2040729000 |  2040264000 |  2039867000 |  2040014000 |  2039496000 |  2040339000 |  2040294000 |  2040553000 |  2040136000 |  2039915000 |  2039501000 |  2039832000 |  2039538000 |  2040399000 |  2039508000 |  2039916000 |  2039684000 |  2040274000 |  2039841000 |  2040038000 |  2039869000 |  2040255000 |  2040103000 |  2040282000 |  2040299000 |  2039328000 |  2039359000 |  2040670000 |  2039584000 |  2040086000 |  2039616000 |  2039761000 |  2041046000 |  2040298000 |  2040793000 |  2040766000 |  2040685000 |  2041029000 |  2040703000 |  2041398000 |  2040353000 |  2039266000 |  2039549000 |  2040796000 |  2039361000 |  2039516000 |  2039512000 |  2039610000 |  2039304000 |  2040300000 |  2040294000 |  2040473000 |  2040321000 |  2041003000 |  2040305000 |  2040932000 |  2040267000 |  2039712000 |  2040219000 |  2040642000 |  2040113000 |   2039704000 |   2040405000 |   2039762000 |   2039757000 |   2040444000 |   2040160000 |   2039925000 |   2040738000 |   2040932000 |   2040728000 |   2040139000 |   2040851000 |   2040189000 |   2040531000 |   2040299000 |   2039914000 |   2039732000 |   2040510000 |   2039738000 |   2040742000 |   2040434000 |   2039427000 |   2039381000 |   2039584000 |   2040031000 |   2039989000 |   2040011000 |   2039343000 |   2040577000 |   2040670000 |   2040443000 |   2040636000 |   2040946000 |   2040594000 |   2041129000 |   2040619000 |   2040681000 |   2040271000 |   2040595000 |   2041397000 |   2041055000 |   2040595000 |   2040351000 |   2040412000 |   2040682000 |   2039554000 |   2040449000 |   2040312000 |   2040641000 |   2040447000 |   2039969000 |   2040605000 |   2040671000 |   2040436000 |   2039899000 |   2040637000 |   2040513000 |   2040834000 |   2040574000 |   2040166000 |   2040198000 |   2039739000 |   2039965000 |   2039809000 |   2040396000 |   2039760000 |   2040640000 |   2040212000 |   2041056000 |   2040821000 |   2040679000 |   2040879000 |   2040057000 |   2039996000 |   2040269000 |   2040796000 |   2039967000 |   2040574000 |   2041299000 |   2040434000 |   2039927000 |   2041170000 |   2040015000 |   2040346000 |   2039209000 |   2039738000 |   2039710000 |   2040045000 |   2040239000 |   2040427000 |   2039440000 |   2039457000 |
|       MAX_CPU_CLOCK       |  FIXC2  |  2579312000 |  2577776000 |  2579297000 |  2577950000 |  2577724000 |  2579377000 |  2578118000 |  2577573000 |  2576820000 |  2576861000 |  2576594000 |  2577911000 |  2577480000 |  2577928000 |  2577927000 |  2577471000 |  2576193000 |  2575192000 |  2576813000 |  2577952000 |  2577648000 |  2577613000 |  2577418000 |  2576836000 |  2577107000 |  2577547000 |  2576581000 |  2579073000 |  2575492000 |  2579776000 |  2579574000 |  2577546000 |  2576997000 |  2577009000 |  2576855000 |  2576509000 |  2574635000 |  2576539000 |  2576762000 |  2577747000 |  2577857000 |  2575392000 |  2576918000 |  2577143000 |  2577486000 |  2576655000 |  2576792000 |  2576711000 |  2575532000 |  2576549000 |  2576469000 |  2575316000 |  2577380000 |  2576537000 |  2576499000 |  2576749000 |  2577292000 |  2576798000 |  2577501000 |  2576813000 |  2577968000 |  2576534000 |  2577700000 |  2577391000 |  2575981000 |  2575952000 |  2577741000 |  2576732000 |  2577622000 |  2576706000 |  2576395000 |  2577334000 |  2577816000 |  2577802000 |  2577806000 |  2577635000 |  2577602000 |  2577690000 |  2578087000 |  2577873000 |  2575358000 |  2574844000 |  2577837000 |  2576383000 |  2575361000 |  2575355000 |  2576569000 |  2575429000 |  2577896000 |  2577821000 |  2577591000 |  2577792000 |  2578331000 |  2577910000 |  2577829000 |  2577789000 |  2576730000 |  2577689000 |  2577597000 |  2576917000 |   2576358000 |   2577336000 |   2576415000 |   2576414000 |   2577349000 |   2577657000 |   2576897000 |   2577571000 |   2577806000 |   2578546000 |   2576568000 |   2577757000 |   2576627000 |   2577454000 |   2577930000 |   2576489000 |   2576659000 |   2577376000 |   2576667000 |   2577542000 |   2577357000 |   2576400000 |   2576821000 |   2576620000 |   2577693000 |   2576831000 |   2577683000 |   2576345000 |   2577533000 |   2577695000 |   2578038000 |   2577609000 |   2577461000 |   2577516000 |   2577428000 |   2577434000 |   2578083000 |   2577198000 |   2577830000 |   2578699000 |   2579054000 |   2578194000 |   2577501000 |   2577909000 |   2577723000 |   2576602000 |   2576761000 |   2576731000 |   2578208000 |   2576745000 |   2576529000 |   2578264000 |   2577690000 |   2577515000 |   2576812000 |   2577669000 |   2577406000 |   2577348000 |   2577517000 |   2576605000 |   2577673000 |   2576779000 |   2576921000 |   2576872000 |   2578013000 |   2576838000 |   2577486000 |   2577258000 |   2577337000 |   2578926000 |   2578713000 |   2578969000 |   2576535000 |   2576855000 |   2577179000 |   2577377000 |   2576890000 |   2577456000 |   2577651000 |   2576769000 |   2576871000 |   2578611000 |   2576907000 |   2577327000 |   2575255000 |   2576416000 |   2576391000 |   2577606000 |   2577730000 |   2577459000 |   2576525000 |   2576520000 |
|    RETIRED_INSTRUCTIONS   |   PMC0  |  2551711000 |  2552080000 |  2552309000 |  2552116000 |  2552046000 |  2552295000 |  2552121000 |  2552135000 |  2552034000 |  2552073000 |  2552132000 |  2552078000 |  2552048000 |  2552060000 |  2552028000 |  2552046000 |  2551994000 |  2552052000 |  2552053000 |  2552103000 |  2552001000 |  2552028000 |  2552059000 |  2552034000 |  2552189000 |  2552134000 |  2552093000 |  2552258000 |  2552037000 |  2552683000 |  2552425000 |  2552097000 |  2552035000 |  2552041000 |  2552004000 |  2552027000 |  2552037000 |  2552032000 |  2551974000 |  2551952000 |  2552056000 |  2552119000 |  2552033000 |  2552060000 |  2552065000 |  2551848000 |  2551963000 |  2552034000 |  2552119000 |  2552170000 |  2552109000 |  2552079000 |  2552212000 |  2552085000 |  2552129000 |  2552094000 |  2552157000 |  2552006000 |  2552144000 |  2552042000 |  2552161000 |  2552059000 |  2552106000 |  2552128000 |  2552081000 |  2552043000 |  2552068000 |  2552032000 |  2551982000 |  2550966000 |  2551899000 |  2551988000 |  2551968000 |  2551989000 |  2551976000 |  2551952000 |  2552009000 |  2551962000 |  2552015000 |  2552041000 |  2552175000 |  2552062000 |  2552107000 |  2552159000 |  2552204000 |  2552301000 |  2552091000 |  2552108000 |  2552049000 |  2552041000 |  2552021000 |  2552017000 |  2552012000 |  2551931000 |  2552019000 |  2551957000 |  2552336000 |  2552421000 |  2552399000 |  2552394000 |   2552335000 |   2552487000 |   2552366000 |   2552366000 |   2552496000 |   2552424000 |   2552368000 |   2552394000 |   2552351000 |   2552625000 |   2552372000 |   2552391000 |   2552339000 |   2552430000 |   2552442000 |   2552427000 |   2552274000 |   2552482000 |   2552237000 |   2552206000 |   2552355000 |   2552360000 |   2552296000 |   2552341000 |   2552403000 |   2552377000 |   2552434000 |   2552377000 |   2552346000 |   2552289000 |   2552329000 |   2552349000 |   2552393000 |   2552257000 |   2552312000 |   2552487000 |   2553101000 |   2552492000 |   2552541000 |   2552503000 |   2552357000 |   2552299000 |   2552325000 |   2552108000 |   2552267000 |   2552330000 |   2552276000 |   2552249000 |   2552367000 |   2552239000 |   2552202000 |   2552476000 |   2552242000 |   2552250000 |   2552214000 |   2552233000 |   2552230000 |   2552272000 |   2552203000 |   2552196000 |   2552265000 |   2552305000 |   2552313000 |   2552340000 |   2551426000 |   2552287000 |   2552233000 |   2552289000 |   2552224000 |   2553018000 |   2552617000 |   2553011000 |   2552305000 |   2552217000 |   2552745000 |   2552274000 |   2552301000 |   2552393000 |   2552305000 |   2552301000 |   2552251000 |   2552403000 |   2552254000 |   2552335000 |   2552519000 |   2552430000 |   2552417000 |   2552011000 |   2552217000 |   2552385000 |   2552317000 |   2551664000 |
|    CPU_CLOCKS_UNHALTED    |   PMC1  |  2019046000 |  2020276000 |  2021573000 |  2020516000 |  2020149000 |  2021516000 |  2020536000 |  2020602000 |  2020100000 |  2020239000 |  2020578000 |  2020300000 |  2020134000 |  2020187000 |  2020035000 |  2020128000 |  2019844000 |  2020166000 |  2020138000 |  2020425000 |  2019908000 |  2020037000 |  2020212000 |  2020062000 |  2020948000 |  2020631000 |  2020456000 |  2021314000 |  2020099000 |  2023698000 |  2022275000 |  2020403000 |  2020064000 |  2020080000 |  2019884000 |  2020002000 |  2020071000 |  2020049000 |  2019729000 |  2019599000 |  2020169000 |  2020441000 |  2020020000 |  2020167000 |  2020433000 |  2019708000 |  2019922000 |  2020473000 |  2020508000 |  2020817000 |  2020536000 |  2020401000 |  2021070000 |  2020335000 |  2020653000 |  2020381000 |  2020769000 |  2019889000 |  2020637000 |  2020110000 |  2020756000 |  2020202000 |  2020451000 |  2020559000 |  2020299000 |  2020047000 |  2020247000 |  2020019000 |  2020313000 |  2019606000 |  2020210000 |  2020143000 |  2019726000 |  2019832000 |  2019769000 |  2019648000 |  2019983000 |  2019702000 |  2020005000 |  2020124000 |  2020814000 |  2020359000 |  2020554000 |  2020751000 |  2020984000 |  2021521000 |  2020375000 |  2020424000 |  2020210000 |  2020101000 |  2020006000 |  2019975000 |  2020236000 |  2019718000 |  2020261000 |  2019910000 |  2021768000 |  2022237000 |  2022112000 |  2022084000 |   2021760000 |   2022632000 |   2021958000 |   2021947000 |   2022692000 |   2022257000 |   2021927000 |   2022072000 |   2021853000 |   2023413000 |   2021980000 |   2022072000 |   2021814000 |   2022270000 |   2022367000 |   2022271000 |   2021632000 |   2022795000 |   2021845000 |   2022162000 |   2021897000 |   2021866000 |   2021544000 |   2021778000 |   2022168000 |   2021986000 |   2022350000 |   2021986000 |   2021853000 |   2021497000 |   2021734000 |   2021847000 |   2022134000 |   2021333000 |   2021660000 |   2022658000 |   2026047000 |   2022604000 |   2022938000 |   2022703000 |   2022115000 |   2021787000 |   2021978000 |   2022400000 |   2021394000 |   2021731000 |   2021408000 |   2021263000 |   2021969000 |   2021225000 |   2021038000 |   2022583000 |   2021248000 |   2021286000 |   2021077000 |   2021204000 |   2021228000 |   2021400000 |   2021058000 |   2020999000 |   2021377000 |   2021587000 |   2021640000 |   2021789000 |   2021627000 |   2021780000 |   2021481000 |   2021776000 |   2021180000 |   2025595000 |   2023384000 |   2025582000 |   2021634000 |   2021104000 |   2024128000 |   2021424000 |   2021577000 |   2022104000 |   2021612000 |   2021575000 |   2021327000 |   2022169000 |   2021320000 |   2021813000 |   2022836000 |   2022269000 |   2022212000 |   2019945000 |   2021770000 |   2022248000 |   2021838000 |   2022087000 |
| RETIRED_SSE_AVX_FLOPS_ALL |   PMC2  | 32212250000 | 32212250000 | 32212250000 | 32212250000 | 32212250000 | 32212250000 | 32212250000 | 32212250000 | 32212250000 | 32212250000 | 32212250000 | 32212250000 | 32212250000 | 32212250000 | 32212250000 | 32212250000 | 32212250000 | 32212250000 | 32212250000 | 32212250000 | 32212250000 | 32212250000 | 32212250000 | 32212250000 | 32212250000 | 32212250000 | 32212250000 | 32212250000 | 32212250000 | 32212250000 | 32212250000 | 32212250000 | 32212250000 | 32212250000 | 32212250000 | 32212250000 | 32212250000 | 32212250000 | 32212250000 | 32212250000 | 32212250000 | 32212250000 | 32212250000 | 32212250000 | 32212250000 | 32212250000 | 32212250000 | 32212250000 | 32212250000 | 32212250000 | 32212250000 | 32212250000 | 32212250000 | 32212250000 | 32212250000 | 32212250000 | 32212250000 | 32212250000 | 32212250000 | 32212250000 | 32212250000 | 32212250000 | 32212250000 | 32212250000 | 32212250000 | 32212250000 | 32212250000 | 32212250000 | 32212250000 | 32212250000 | 32212250000 | 32212250000 | 32212250000 | 32212250000 | 32212250000 | 32212250000 | 32212250000 | 32212250000 | 32212250000 | 32212250000 | 32212250000 | 32212250000 | 32212250000 | 32212250000 | 32212250000 | 32212250000 | 32212250000 | 32212250000 | 32212250000 | 32212250000 | 32212250000 | 32212250000 | 32212250000 | 32212250000 | 32212250000 | 32212250000 | 32212250000 | 32212250000 | 32212250000 | 32212250000 |  32212250000 |  32212250000 |  32212250000 |  32212250000 |  32212250000 |  32212250000 |  32212250000 |  32212250000 |  32212250000 |  32212250000 |  32212250000 |  32212250000 |  32212250000 |  32212250000 |  32212250000 |  32212250000 |  32212250000 |  32212250000 |  32212250000 |  32212250000 |  32212250000 |  32212250000 |  32212250000 |  32212250000 |  32212250000 |  32212250000 |  32212250000 |  32212250000 |  32212250000 |  32212250000 |  32212250000 |  32212250000 |  32212250000 |  32212250000 |  32212250000 |  32212250000 |  32212250000 |  32212250000 |  32212250000 |  32212250000 |  32212250000 |  32212250000 |  32212250000 |  32212250000 |  32212250000 |  32212250000 |  32212250000 |  32212250000 |  32212250000 |  32212250000 |  32212250000 |  32212250000 |  32212250000 |  32212250000 |  32212250000 |  32212250000 |  32212250000 |  32212250000 |  32212250000 |  32212250000 |  32212250000 |  32212250000 |  32212250000 |  32212250000 |  32212250000 |  32212250000 |  32212250000 |  32212250000 |  32212250000 |  32212250000 |  32212250000 |  32212250000 |  32212250000 |  32212250000 |  32212250000 |  32212250000 |  32212250000 |  32212250000 |  32212250000 |  32212250000 |  32212250000 |  32212250000 |  32212250000 |  32212250000 |  32212250000 |  32212250000 |  32212250000 |  32212250000 |  32212250000 |  32212250000 |  32212250000 |  32212250000 |
|           MERGE           |   PMC3  |           0 |           0 |           0 |           0 |           0 |           0 |           0 |           0 |           0 |           0 |           0 |           0 |           0 |           0 |           0 |           0 |           0 |           0 |           0 |           0 |           0 |           0 |           0 |           0 |           0 |           0 |           0 |           0 |           0 |           0 |           0 |           0 |           0 |           0 |           0 |           0 |           0 |           0 |           0 |           0 |           0 |           0 |           0 |           0 |           0 |           0 |           0 |           0 |           0 |           0 |           0 |           0 |           0 |           0 |           0 |           0 |           0 |           0 |           0 |           0 |           0 |           0 |           0 |           0 |           0 |           0 |           0 |           0 |           0 |           0 |           0 |           0 |           0 |           0 |           0 |           0 |           0 |           0 |           0 |           0 |           0 |           0 |           0 |           0 |           0 |           0 |           0 |           0 |           0 |           0 |           0 |           0 |           0 |           0 |           0 |           0 |           0 |           0 |           0 |           0 |            0 |            0 |            0 |            0 |            0 |            0 |            0 |            0 |            0 |            0 |            0 |            0 |            0 |            0 |            0 |            0 |            0 |            0 |            0 |            0 |            0 |            0 |            0 |            0 |            0 |            0 |            0 |            0 |            0 |            0 |            0 |            0 |            0 |            0 |            0 |            0 |            0 |            0 |            0 |            0 |            0 |            0 |            0 |            0 |            0 |            0 |            0 |            0 |            0 |            0 |            0 |            0 |            0 |            0 |            0 |            0 |            0 |            0 |            0 |            0 |            0 |            0 |            0 |            0 |            0 |            0 |            0 |            0 |            0 |            0 |            0 |            0 |            0 |            0 |            0 |            0 |            0 |            0 |            0 |            0 |            0 |            0 |            0 |            0 |            0 |            0 |            0 |            0 |            0 |            0 |            0 |            0 |
+---------------------------+---------+-------------+-------------+-------------+-------------+-------------+-------------+-------------+-------------+-------------+-------------+-------------+-------------+-------------+-------------+-------------+-------------+-------------+-------------+-------------+-------------+-------------+-------------+-------------+-------------+-------------+-------------+-------------+-------------+-------------+-------------+-------------+-------------+-------------+-------------+-------------+-------------+-------------+-------------+-------------+-------------+-------------+-------------+-------------+-------------+-------------+-------------+-------------+-------------+-------------+-------------+-------------+-------------+-------------+-------------+-------------+-------------+-------------+-------------+-------------+-------------+-------------+-------------+-------------+-------------+-------------+-------------+-------------+-------------+-------------+-------------+-------------+-------------+-------------+-------------+-------------+-------------+-------------+-------------+-------------+-------------+-------------+-------------+-------------+-------------+-------------+-------------+-------------+-------------+-------------+-------------+-------------+-------------+-------------+-------------+-------------+-------------+-------------+-------------+-------------+-------------+--------------+--------------+--------------+--------------+--------------+--------------+--------------+--------------+--------------+--------------+--------------+--------------+--------------+--------------+--------------+--------------+--------------+--------------+--------------+--------------+--------------+--------------+--------------+--------------+--------------+--------------+--------------+--------------+--------------+--------------+--------------+--------------+--------------+--------------+--------------+--------------+--------------+--------------+--------------+--------------+--------------+--------------+--------------+--------------+--------------+--------------+--------------+--------------+--------------+--------------+--------------+--------------+--------------+--------------+--------------+--------------+--------------+--------------+--------------+--------------+--------------+--------------+--------------+--------------+--------------+--------------+--------------+--------------+--------------+--------------+--------------+--------------+--------------+--------------+--------------+--------------+--------------+--------------+--------------+--------------+--------------+--------------+--------------+--------------+--------------+--------------+--------------+--------------+--------------+--------------+--------------+--------------+
+--------------------------------+---------+---------------+-------------+-------------+--------------+
|              Event             | Counter |      Sum      |     Min     |     Max     |      Avg     |
+--------------------------------+---------+---------------+-------------+-------------+--------------+
|      ACTUAL_CPU_CLOCK STAT     |  FIXC1  |  391733396000 |  2039143000 |  2041848000 | 2.040278e+09 |
|       MAX_CPU_CLOCK STAT       |  FIXC2  |  494829907000 |  2574635000 |  2579776000 | 2.577239e+09 |
|    RETIRED_INSTRUCTIONS STAT   |   PMC0  |  490023268000 |  2550966000 |  2553101000 | 2.552205e+09 |
|    CPU_CLOCKS_UNHALTED STAT    |   PMC1  |  388063972000 |  2019046000 |  2026047000 | 2.021167e+09 |
| RETIRED_SSE_AVX_FLOPS_ALL STAT |   PMC2  | 6184752000000 | 32212250000 | 32212250000 |  32212250000 |
|           MERGE STAT           |   PMC3  |             0 |           0 |           0 |            0 |
+--------------------------------+---------+---------------+-------------+-------------+--------------+
+----------------------+------------+------------+------------+------------+------------+------------+------------+------------+------------+------------+-------------+-------------+-------------+-------------+-------------+-------------+-------------+-------------+-------------+-------------+-------------+-------------+-------------+-------------+-------------+-------------+-------------+-------------+-------------+-------------+-------------+-------------+-------------+-------------+-------------+-------------+-------------+-------------+-------------+-------------+-------------+-------------+-------------+-------------+-------------+-------------+-------------+-------------+-------------+-------------+-------------+-------------+-------------+-------------+-------------+-------------+-------------+-------------+-------------+-------------+-------------+-------------+-------------+-------------+-------------+-------------+-------------+-------------+-------------+-------------+-------------+-------------+-------------+-------------+-------------+-------------+-------------+-------------+-------------+-------------+-------------+-------------+-------------+-------------+-------------+-------------+-------------+-------------+-------------+-------------+-------------+-------------+-------------+-------------+-------------+-------------+-------------+-------------+-------------+-------------+--------------+--------------+--------------+--------------+--------------+--------------+--------------+--------------+--------------+--------------+--------------+--------------+--------------+--------------+--------------+--------------+--------------+--------------+--------------+--------------+--------------+--------------+--------------+--------------+--------------+--------------+--------------+--------------+--------------+--------------+--------------+--------------+--------------+--------------+--------------+--------------+--------------+--------------+--------------+--------------+--------------+--------------+--------------+--------------+--------------+--------------+--------------+--------------+--------------+--------------+--------------+--------------+--------------+--------------+--------------+--------------+--------------+--------------+--------------+--------------+--------------+--------------+--------------+--------------+--------------+--------------+--------------+--------------+--------------+--------------+--------------+--------------+--------------+--------------+--------------+--------------+--------------+--------------+--------------+--------------+--------------+--------------+--------------+--------------+--------------+--------------+--------------+--------------+--------------+--------------+--------------+--------------+
|        Metric        | HWThread 0 | HWThread 1 | HWThread 2 | HWThread 3 | HWThread 4 | HWThread 5 | HWThread 6 | HWThread 7 | HWThread 8 | HWThread 9 | HWThread 10 | HWThread 11 | HWThread 12 | HWThread 13 | HWThread 14 | HWThread 15 | HWThread 16 | HWThread 17 | HWThread 18 | HWThread 19 | HWThread 20 | HWThread 21 | HWThread 22 | HWThread 23 | HWThread 24 | HWThread 25 | HWThread 26 | HWThread 27 | HWThread 28 | HWThread 29 | HWThread 30 | HWThread 31 | HWThread 32 | HWThread 33 | HWThread 34 | HWThread 35 | HWThread 36 | HWThread 37 | HWThread 38 | HWThread 39 | HWThread 40 | HWThread 41 | HWThread 42 | HWThread 43 | HWThread 44 | HWThread 45 | HWThread 46 | HWThread 47 | HWThread 48 | HWThread 49 | HWThread 50 | HWThread 51 | HWThread 52 | HWThread 53 | HWThread 54 | HWThread 55 | HWThread 56 | HWThread 57 | HWThread 58 | HWThread 59 | HWThread 60 | HWThread 61 | HWThread 62 | HWThread 63 | HWThread 64 | HWThread 65 | HWThread 66 | HWThread 67 | HWThread 68 | HWThread 69 | HWThread 70 | HWThread 71 | HWThread 72 | HWThread 73 | HWThread 74 | HWThread 75 | HWThread 76 | HWThread 77 | HWThread 78 | HWThread 79 | HWThread 80 | HWThread 81 | HWThread 82 | HWThread 83 | HWThread 84 | HWThread 85 | HWThread 86 | HWThread 87 | HWThread 88 | HWThread 89 | HWThread 90 | HWThread 91 | HWThread 92 | HWThread 93 | HWThread 94 | HWThread 95 | HWThread 96 | HWThread 97 | HWThread 98 | HWThread 99 | HWThread 100 | HWThread 101 | HWThread 102 | HWThread 103 | HWThread 104 | HWThread 105 | HWThread 106 | HWThread 107 | HWThread 108 | HWThread 109 | HWThread 110 | HWThread 111 | HWThread 112 | HWThread 113 | HWThread 114 | HWThread 115 | HWThread 116 | HWThread 117 | HWThread 118 | HWThread 119 | HWThread 120 | HWThread 121 | HWThread 122 | HWThread 123 | HWThread 124 | HWThread 125 | HWThread 126 | HWThread 127 | HWThread 128 | HWThread 129 | HWThread 130 | HWThread 131 | HWThread 132 | HWThread 133 | HWThread 134 | HWThread 135 | HWThread 136 | HWThread 137 | HWThread 138 | HWThread 139 | HWThread 140 | HWThread 141 | HWThread 142 | HWThread 143 | HWThread 144 | HWThread 145 | HWThread 146 | HWThread 147 | HWThread 148 | HWThread 149 | HWThread 150 | HWThread 151 | HWThread 152 | HWThread 153 | HWThread 154 | HWThread 155 | HWThread 156 | HWThread 157 | HWThread 158 | HWThread 159 | HWThread 160 | HWThread 161 | HWThread 162 | HWThread 163 | HWThread 164 | HWThread 165 | HWThread 166 | HWThread 167 | HWThread 168 | HWThread 169 | HWThread 170 | HWThread 171 | HWThread 172 | HWThread 173 | HWThread 174 | HWThread 175 | HWThread 176 | HWThread 177 | HWThread 178 | HWThread 179 | HWThread 180 | HWThread 181 | HWThread 182 | HWThread 183 | HWThread 184 | HWThread 185 | HWThread 186 | HWThread 187 | HWThread 188 | HWThread 189 | HWThread 190 | HWThread 191 |
+----------------------+------------+------------+------------+------------+------------+------------+------------+------------+------------+------------+-------------+-------------+-------------+-------------+-------------+-------------+-------------+-------------+-------------+-------------+-------------+-------------+-------------+-------------+-------------+-------------+-------------+-------------+-------------+-------------+-------------+-------------+-------------+-------------+-------------+-------------+-------------+-------------+-------------+-------------+-------------+-------------+-------------+-------------+-------------+-------------+-------------+-------------+-------------+-------------+-------------+-------------+-------------+-------------+-------------+-------------+-------------+-------------+-------------+-------------+-------------+-------------+-------------+-------------+-------------+-------------+-------------+-------------+-------------+-------------+-------------+-------------+-------------+-------------+-------------+-------------+-------------+-------------+-------------+-------------+-------------+-------------+-------------+-------------+-------------+-------------+-------------+-------------+-------------+-------------+-------------+-------------+-------------+-------------+-------------+-------------+-------------+-------------+-------------+-------------+--------------+--------------+--------------+--------------+--------------+--------------+--------------+--------------+--------------+--------------+--------------+--------------+--------------+--------------+--------------+--------------+--------------+--------------+--------------+--------------+--------------+--------------+--------------+--------------+--------------+--------------+--------------+--------------+--------------+--------------+--------------+--------------+--------------+--------------+--------------+--------------+--------------+--------------+--------------+--------------+--------------+--------------+--------------+--------------+--------------+--------------+--------------+--------------+--------------+--------------+--------------+--------------+--------------+--------------+--------------+--------------+--------------+--------------+--------------+--------------+--------------+--------------+--------------+--------------+--------------+--------------+--------------+--------------+--------------+--------------+--------------+--------------+--------------+--------------+--------------+--------------+--------------+--------------+--------------+--------------+--------------+--------------+--------------+--------------+--------------+--------------+--------------+--------------+--------------+--------------+--------------+--------------+
|  Runtime (RDTSC) [s] |     1.0735 |     1.0728 |     1.0735 |     1.0729 |     1.0728 |     1.0735 |     1.0729 |     1.0729 |     1.0728 |     1.0729 |      1.0732 |      1.0729 |      1.0729 |      1.0729 |      1.0729 |      1.0729 |      1.0728 |      1.0729 |      1.0728 |      1.0730 |      1.0729 |      1.0728 |      1.0729 |      1.0728 |      1.0733 |      1.0731 |      1.0730 |      1.0736 |      1.0728 |      1.0748 |      1.0741 |      1.0729 |      1.0729 |      1.0729 |      1.0729 |      1.0730 |      1.0729 |      1.0729 |      1.0728 |      1.0728 |      1.0729 |      1.0731 |      1.0728 |      1.0729 |      1.0732 |      1.0730 |      1.0728 |      1.0732 |      1.0729 |      1.0730 |      1.0730 |      1.0729 |      1.0732 |      1.0728 |      1.0729 |      1.0728 |      1.0732 |      1.0728 |      1.0732 |      1.0728 |      1.0732 |      1.0730 |      1.0732 |      1.0732 |      1.0730 |      1.0728 |      1.0730 |      1.0728 |      1.0733 |      1.0728 |      1.0730 |      1.0730 |      1.0729 |      1.0728 |      1.0728 |      1.0730 |      1.0730 |      1.0730 |      1.0730 |      1.0730 |      1.0728 |      1.0728 |      1.0728 |      1.0728 |      1.0733 |      1.0733 |      1.0728 |      1.0728 |      1.0729 |      1.0728 |      1.0729 |      1.0730 |      1.0730 |      1.0729 |      1.0730 |      1.0728 |      1.0728 |      1.0730 |      1.0730 |      1.0730 |       1.0728 |       1.0733 |       1.0730 |       1.0729 |       1.0732 |       1.0730 |       1.0728 |       1.0730 |       1.0730 |       1.0737 |       1.0730 |       1.0730 |       1.0728 |       1.0730 |       1.0730 |       1.0730 |       1.0730 |       1.0733 |       1.0730 |       1.0733 |       1.0730 |       1.0729 |       1.0728 |       1.0729 |       1.0732 |       1.0731 |       1.0732 |       1.0731 |       1.0730 |       1.0728 |       1.0729 |       1.0731 |       1.0732 |       1.0728 |       1.0730 |       1.0735 |       1.0753 |       1.0733 |       1.0735 |       1.0732 |       1.0733 |       1.0733 |       1.0732 |       1.0733 |       1.0729 |       1.0730 |       1.0728 |       1.0728 |       1.0733 |       1.0728 |       1.0729 |       1.0735 |       1.0728 |       1.0729 |       1.0728 |       1.0728 |       1.0730 |       1.0729 |       1.0728 |       1.0729 |       1.0728 |       1.0728 |       1.0729 |       1.0729 |       1.0731 |       1.0729 |       1.0733 |       1.0733 |       1.0730 |       1.0752 |       1.0740 |       1.0752 |       1.0731 |       1.0728 |       1.0744 |       1.0730 |       1.0728 |       1.0733 |       1.0730 |       1.0729 |       1.0728 |       1.0734 |       1.0729 |       1.0732 |       1.0732 |       1.0729 |       1.0729 |       1.0729 |       1.0728 |       1.0730 |       1.0728 |       1.0730 |
| Runtime unhalted [s] |     0.8522 |     0.8518 |     0.8522 |     0.8518 |     0.8518 |     0.8520 |     0.8517 |     0.8520 |     0.8515 |     0.8514 |      0.8515 |      0.8516 |      0.8519 |      0.8516 |      0.8516 |      0.8519 |      0.8515 |      0.8513 |      0.8514 |      0.8518 |      0.8517 |      0.8517 |      0.8518 |      0.8515 |      0.8515 |      0.8517 |      0.8515 |      0.8521 |      0.8512 |      0.8523 |      0.8522 |      0.8517 |      0.8514 |      0.8514 |      0.8514 |      0.8515 |      0.8511 |      0.8515 |      0.8514 |      0.8518 |      0.8516 |      0.8514 |      0.8515 |      0.8513 |      0.8516 |      0.8516 |      0.8517 |      0.8515 |      0.8514 |      0.8513 |      0.8514 |      0.8513 |      0.8516 |      0.8513 |      0.8514 |      0.8513 |      0.8516 |      0.8514 |      0.8515 |      0.8514 |      0.8516 |      0.8515 |      0.8516 |      0.8516 |      0.8512 |      0.8512 |      0.8518 |      0.8513 |      0.8515 |      0.8513 |      0.8514 |      0.8519 |      0.8516 |      0.8518 |      0.8518 |      0.8518 |      0.8519 |      0.8518 |      0.8521 |      0.8516 |      0.8512 |      0.8513 |      0.8518 |      0.8512 |      0.8513 |      0.8513 |      0.8513 |      0.8512 |      0.8516 |      0.8516 |      0.8517 |      0.8516 |      0.8519 |      0.8516 |      0.8519 |      0.8516 |      0.8514 |      0.8516 |      0.8517 |      0.8515 |       0.8514 |       0.8516 |       0.8514 |       0.8514 |       0.8517 |       0.8515 |       0.8514 |       0.8518 |       0.8519 |       0.8518 |       0.8515 |       0.8518 |       0.8516 |       0.8517 |       0.8516 |       0.8514 |       0.8514 |       0.8517 |       0.8514 |       0.8518 |       0.8517 |       0.8512 |       0.8512 |       0.8513 |       0.8515 |       0.8515 |       0.8515 |       0.8512 |       0.8517 |       0.8518 |       0.8517 |       0.8517 |       0.8519 |       0.8517 |       0.8520 |       0.8517 |       0.8518 |       0.8516 |       0.8517 |       0.8521 |       0.8519 |       0.8517 |       0.8516 |       0.8517 |       0.8518 |       0.8513 |       0.8517 |       0.8516 |       0.8517 |       0.8517 |       0.8515 |       0.8517 |       0.8518 |       0.8517 |       0.8514 |       0.8517 |       0.8517 |       0.8518 |       0.8517 |       0.8515 |       0.8516 |       0.8514 |       0.8515 |       0.8514 |       0.8516 |       0.8514 |       0.8517 |       0.8516 |       0.8519 |       0.8518 |       0.8518 |       0.8518 |       0.8515 |       0.8515 |       0.8516 |       0.8518 |       0.8515 |       0.8517 |       0.8520 |       0.8517 |       0.8514 |       0.8520 |       0.8515 |       0.8516 |       0.8511 |       0.8514 |       0.8514 |       0.8515 |       0.8516 |       0.8517 |       0.8512 |       0.8513 |
|      Clock [MHz]     |  1896.4359 |  1896.6960 |  1896.4618 |  1896.6851 |  1896.6934 |  1895.9479 |  1896.1814 |  1897.2971 |  1896.6875 |  1896.5271 |   1896.9608 |   1896.2398 |   1897.0774 |   1896.1938 |   1896.2011 |   1897.0840 |   1897.1556 |   1897.4260 |   1896.5467 |   1896.6799 |   1896.6842 |   1896.7007 |   1897.0729 |   1896.6599 |   1896.6269 |   1896.7204 |   1896.9173 |   1896.4287 |   1897.0422 |   1896.2574 |   1896.2452 |   1896.6161 |   1896.4717 |   1896.4647 |   1896.5297 |   1896.8913 |   1897.5266 |   1896.9083 |   1896.6279 |   1896.7099 |   1896.1968 |   1897.6424 |   1896.6553 |   1896.0082 |   1896.5395 |   1897.1093 |   1897.2492 |   1896.9211 |   1897.5839 |   1896.4499 |   1896.8166 |   1897.3923 |   1896.6732 |   1896.4653 |   1896.8726 |   1896.4729 |   1896.6218 |   1896.5828 |   1896.2486 |   1896.5978 |   1896.1068 |   1897.0208 |   1896.3290 |   1896.5722 |   1896.7072 |   1896.7574 |   1896.6595 |   1896.3924 |   1896.2042 |   1896.4413 |   1896.8051 |   1897.3085 |   1896.2586 |   1896.7289 |   1896.7009 |   1896.7514 |   1897.0955 |   1896.7277 |   1897.0815 |   1896.2678 |   1897.1084 |   1897.7504 |   1896.7060 |   1896.4419 |   1897.3387 |   1897.3394 |   1896.5366 |   1897.0914 |   1896.2016 |   1896.2512 |   1896.5868 |   1896.2976 |   1896.5349 |   1896.1959 |   1896.8382 |   1896.2496 |   1896.5129 |   1896.2786 |   1896.7394 |   1896.7481 |    1896.7793 |    1896.7112 |    1896.7913 |    1896.7874 |    1896.7379 |    1896.2473 |    1896.5880 |    1896.8478 |    1896.8552 |    1896.1213 |    1897.0292 |    1896.8159 |    1897.0323 |    1896.7415 |    1896.1756 |    1896.8781 |    1896.5838 |    1896.7794 |    1896.5835 |    1896.8728 |    1896.7227 |    1896.4908 |    1896.1382 |    1896.4749 |    1896.1009 |    1896.6961 |    1896.0897 |    1896.4532 |    1896.7261 |    1896.6933 |    1896.2300 |    1896.7250 |    1897.1221 |    1896.7544 |    1897.3165 |    1896.8380 |    1896.4181 |    1896.6882 |    1896.5243 |    1896.6303 |    1896.0515 |    1896.2565 |    1896.5396 |    1896.2961 |    1896.6839 |    1896.4602 |    1897.1753 |    1897.0701 |    1896.2890 |    1897.1853 |    1896.8998 |    1896.2144 |    1896.6979 |    1896.6083 |    1896.6264 |    1896.6818 |    1896.7601 |    1897.1011 |    1896.7351 |    1897.0271 |    1896.2708 |    1896.5020 |    1896.6076 |    1896.4986 |    1896.2047 |    1896.4781 |    1896.8192 |    1896.5892 |    1897.3156 |    1895.9283 |    1895.9529 |    1895.9505 |    1896.9773 |    1896.6850 |    1896.7003 |    1897.0445 |    1896.6322 |    1896.7800 |    1897.3103 |    1897.1555 |    1896.6090 |    1896.4841 |    1896.6644 |    1896.6630 |    1897.1312 |    1896.7682 |    1896.7606 |    1896.1779 |    1896.2670 |    1896.6411 |    1896.4109 |    1896.4304 |
|          CPI         |     0.7913 |     0.7916 |     0.7921 |     0.7917 |     0.7916 |     0.7920 |     0.7917 |     0.7917 |     0.7916 |     0.7916 |      0.7917 |      0.7916 |      0.7916 |      0.7916 |      0.7915 |      0.7916 |      0.7915 |      0.7916 |      0.7916 |      0.7917 |      0.7915 |      0.7915 |      0.7916 |      0.7915 |      0.7918 |      0.7917 |      0.7917 |      0.7920 |      0.7916 |      0.7928 |      0.7923 |      0.7917 |      0.7916 |      0.7916 |      0.7915 |      0.7915 |      0.7916 |      0.7915 |      0.7914 |      0.7914 |      0.7916 |      0.7917 |      0.7915 |      0.7916 |      0.7917 |      0.7915 |      0.7915 |      0.7917 |      0.7917 |      0.7918 |      0.7917 |      0.7917 |      0.7919 |      0.7916 |      0.7918 |      0.7917 |      0.7918 |      0.7915 |      0.7917 |      0.7916 |      0.7918 |      0.7916 |      0.7917 |      0.7917 |      0.7916 |      0.7915 |      0.7916 |      0.7915 |      0.7917 |      0.7917 |      0.7916 |      0.7916 |      0.7914 |      0.7915 |      0.7915 |      0.7914 |      0.7915 |      0.7914 |      0.7915 |      0.7916 |      0.7918 |      0.7917 |      0.7917 |      0.7918 |      0.7919 |      0.7920 |      0.7917 |      0.7917 |      0.7916 |      0.7916 |      0.7915 |      0.7915 |      0.7916 |      0.7914 |      0.7916 |      0.7915 |      0.7921 |      0.7923 |      0.7922 |      0.7922 |       0.7921 |       0.7924 |       0.7922 |       0.7922 |       0.7924 |       0.7923 |       0.7922 |       0.7922 |       0.7922 |       0.7927 |       0.7922 |       0.7922 |       0.7921 |       0.7923 |       0.7923 |       0.7923 |       0.7921 |       0.7925 |       0.7922 |       0.7923 |       0.7922 |       0.7922 |       0.7920 |       0.7921 |       0.7923 |       0.7922 |       0.7923 |       0.7922 |       0.7922 |       0.7920 |       0.7921 |       0.7922 |       0.7923 |       0.7920 |       0.7921 |       0.7924 |       0.7936 |       0.7924 |       0.7925 |       0.7924 |       0.7923 |       0.7921 |       0.7922 |       0.7924 |       0.7920 |       0.7921 |       0.7920 |       0.7920 |       0.7922 |       0.7919 |       0.7919 |       0.7924 |       0.7919 |       0.7920 |       0.7919 |       0.7919 |       0.7919 |       0.7920 |       0.7919 |       0.7919 |       0.7920 |       0.7921 |       0.7921 |       0.7921 |       0.7924 |       0.7921 |       0.7920 |       0.7921 |       0.7919 |       0.7934 |       0.7927 |       0.7934 |       0.7921 |       0.7919 |       0.7929 |       0.7920 |       0.7921 |       0.7922 |       0.7921 |       0.7921 |       0.7920 |       0.7923 |       0.7920 |       0.7921 |       0.7925 |       0.7923 |       0.7923 |       0.7915 |       0.7922 |       0.7923 |       0.7922 |       0.7925 |
|     DP [MFLOP/s]     | 30005.7474 | 30027.5085 | 30005.9151 | 30022.5550 | 30027.5085 | 30005.8033 | 30022.6949 | 30022.1632 | 30025.0175 | 30023.3105 |  30015.0298 |  30024.1220 |  30023.7302 |  30023.8422 |  30024.4019 |  30023.6463 |  30027.3126 |  30024.6817 |  30027.3686 |  30021.9114 |  30024.4578 |  30025.3534 |  30023.5623 |  30027.2566 |  30013.7433 |  30019.1416 |  30021.2679 |  30005.0766 |  30027.3126 |  29969.5952 |  29991.0247 |  30022.3311 |  30022.4710 |  30022.1632 |  30024.9336 |  30022.0513 |  30022.6669 |  30022.6669 |  30027.5085 |  30027.5085 |  30023.7582 |  30019.2815 |  30025.0735 |  30024.1780 |  30015.6171 |  30021.1280 |  30027.3126 |  30015.5612 |  30024.7097 |  30021.0720 |  30022.0233 |  30022.7788 |  30013.7992 |  30027.5645 |  30022.1632 |  30027.3966 |  30014.8899 |  30027.3126 |  30014.8899 |  30027.3406 |  30013.8831 |  30021.3518 |  30015.7290 |  30015.6171 |  30020.3446 |  30027.5085 |  30022.0233 |  30025.7452 |  30013.6035 |  30027.4246 |  30021.9953 |  30021.2399 |  30023.6743 |  30027.2846 |  30027.2006 |  30021.9114 |  30021.9114 |  30020.3166 |  30022.0513 |  30020.3446 |  30027.5925 |  30027.6485 |  30027.6205 |  30027.4246 |  30013.2399 |  30013.2120 |  30027.6485 |  30027.5925 |  30024.5418 |  30025.3534 |  30023.6183 |  30021.2119 |  30021.0440 |  30024.6257 |  30020.8761 |  30025.5773 |  30027.3686 |  30021.1000 |  30019.5612 |  30021.1839 |   30025.7732 |   30013.4357 |   30022.1352 |   30022.6949 |   30014.4704 |   30021.9114 |   30025.2414 |   30020.5964 |   30020.4565 |   30001.0524 |   30021.1000 |   30020.1207 |   30027.5085 |   30021.0440 |   30020.8761 |   30020.5684 |   30021.1280 |   30013.2399 |   30021.1280 |   30011.8977 |   30021.8834 |   30023.8142 |   30027.5645 |   30023.0586 |   30014.6103 |   30019.2255 |   30014.5543 |   30019.2815 |   30019.3654 |   30025.6333 |   30023.6463 |   30019.3374 |   30014.3026 |   30027.3686 |   30022.1073 |   30005.9430 |   29957.1088 |   30013.2120 |   30006.1387 |   30013.8831 |   30013.2120 |   30011.3105 |   30015.2255 |   30012.7925 |   30024.6817 |   30020.1207 |   30025.1855 |   30025.2694 |   30012.0934 |   30027.5645 |   30023.0307 |   30005.3840 |   30025.0175 |   30022.2472 |   30027.3406 |   30025.6333 |   30021.9953 |   30022.5550 |   30027.2846 |   30023.2825 |   30027.3126 |   30027.2846 |   30024.9336 |   30022.6389 |   30019.2815 |   30023.2545 |   30013.6594 |   30013.6874 |   30021.4917 |   29958.4461 |   29991.7507 |   29958.5019 |   30019.1695 |   30027.5085 |   29980.4457 |   30021.1280 |   30025.2694 |   30013.5196 |   30020.7642 |   30022.7508 |   30025.3254 |   30010.9470 |   30024.4019 |   30014.4425 |   30014.5823 |   30022.1632 |   30022.6949 |   30022.8068 |   30025.7172 |   30022.1073 |   30027.5925 |   30021.2399 |
+----------------------+------------+------------+------------+------------+------------+------------+------------+------------+------------+------------+-------------+-------------+-------------+-------------+-------------+-------------+-------------+-------------+-------------+-------------+-------------+-------------+-------------+-------------+-------------+-------------+-------------+-------------+-------------+-------------+-------------+-------------+-------------+-------------+-------------+-------------+-------------+-------------+-------------+-------------+-------------+-------------+-------------+-------------+-------------+-------------+-------------+-------------+-------------+-------------+-------------+-------------+-------------+-------------+-------------+-------------+-------------+-------------+-------------+-------------+-------------+-------------+-------------+-------------+-------------+-------------+-------------+-------------+-------------+-------------+-------------+-------------+-------------+-------------+-------------+-------------+-------------+-------------+-------------+-------------+-------------+-------------+-------------+-------------+-------------+-------------+-------------+-------------+-------------+-------------+-------------+-------------+-------------+-------------+-------------+-------------+-------------+-------------+-------------+-------------+--------------+--------------+--------------+--------------+--------------+--------------+--------------+--------------+--------------+--------------+--------------+--------------+--------------+--------------+--------------+--------------+--------------+--------------+--------------+--------------+--------------+--------------+--------------+--------------+--------------+--------------+--------------+--------------+--------------+--------------+--------------+--------------+--------------+--------------+--------------+--------------+--------------+--------------+--------------+--------------+--------------+--------------+--------------+--------------+--------------+--------------+--------------+--------------+--------------+--------------+--------------+--------------+--------------+--------------+--------------+--------------+--------------+--------------+--------------+--------------+--------------+--------------+--------------+--------------+--------------+--------------+--------------+--------------+--------------+--------------+--------------+--------------+--------------+--------------+--------------+--------------+--------------+--------------+--------------+--------------+--------------+--------------+--------------+--------------+--------------+--------------+--------------+--------------+--------------+--------------+--------------+--------------+
+---------------------------+--------------+------------+------------+------------+
|           Metric          |      Sum     |     Min    |     Max    |     Avg    |
+---------------------------+--------------+------------+------------+------------+
|  Runtime (RDTSC) [s] STAT |     206.0269 |     1.0728 |     1.0753 |     1.0731 |
| Runtime unhalted [s] STAT |     163.5066 |     0.8511 |     0.8523 |     0.8516 |
|      Clock [MHz] STAT     |  364159.6056 |  1895.9283 |  1897.7504 |  1896.6646 |
|          CPI STAT         |     152.0507 |     0.7913 |     0.7936 |     0.7919 |
|     DP [MFLOP/s] STAT     | 5.763720e+06 | 29957.1088 | 30027.6485 | 30019.3744 |
+---------------------------+--------------+------------+------------+------------+
