--------------------------------------------------------------------------------
CPU name:	AMD EPYC 9654 96-Core Processor                
CPU type:	AMD K19 (Zen4) architecture
CPU clock:	2.40 GHz
--------------------------------------------------------------------------------
Region bench, Group 1: FLOPS_DP
+-------------------+------------+------------+------------+------------+------------+------------+------------+------------+------------+------------+-------------+-------------+-------------+-------------+-------------+-------------+-------------+-------------+-------------+-------------+-------------+-------------+-------------+-------------+-------------+-------------+-------------+-------------+-------------+-------------+-------------+-------------+-------------+-------------+-------------+-------------+-------------+-------------+-------------+-------------+-------------+-------------+-------------+-------------+-------------+-------------+-------------+-------------+-------------+-------------+-------------+-------------+-------------+-------------+-------------+-------------+-------------+-------------+-------------+-------------+-------------+-------------+-------------+-------------+-------------+-------------+-------------+-------------+-------------+-------------+-------------+-------------+-------------+-------------+-------------+-------------+-------------+-------------+-------------+-------------+-------------+-------------+-------------+-------------+-------------+-------------+-------------+-------------+-------------+-------------+-------------+-------------+-------------+-------------+-------------+-------------+-------------+-------------+-------------+-------------+--------------+--------------+--------------+--------------+--------------+--------------+--------------+--------------+--------------+--------------+--------------+--------------+--------------+--------------+--------------+--------------+--------------+--------------+--------------+--------------+--------------+--------------+--------------+--------------+--------------+--------------+--------------+--------------+--------------+--------------+--------------+--------------+--------------+--------------+--------------+--------------+--------------+--------------+--------------+--------------+--------------+--------------+--------------+--------------+--------------+--------------+--------------+--------------+--------------+--------------+--------------+--------------+--------------+--------------+--------------+--------------+--------------+--------------+--------------+--------------+--------------+--------------+--------------+--------------+--------------+--------------+--------------+--------------+--------------+--------------+--------------+--------------+--------------+--------------+--------------+--------------+--------------+--------------+--------------+--------------+--------------+--------------+--------------+--------------+--------------+--------------+--------------+--------------+--------------+--------------+--------------+--------------+
|    Region Info    | HWThread 0 | HWThread 1 | HWThread 2 | HWThread 3 | HWThread 4 | HWThread 5 | HWThread 6 | HWThread 7 | HWThread 8 | HWThread 9 | HWThread 10 | HWThread 11 | HWThread 12 | HWThread 13 | HWThread 14 | HWThread 15 | HWThread 16 | HWThread 17 | HWThread 18 | HWThread 19 | HWThread 20 | HWThread 21 | HWThread 22 | HWThread 23 | HWThread 24 | HWThread 25 | HWThread 26 | HWThread 27 | HWThread 28 | HWThread 29 | HWThread 30 | HWThread 31 | HWThread 32 | HWThread 33 | HWThread 34 | HWThread 35 | HWThread 36 | HWThread 37 | HWThread 38 | HWThread 39 | HWThread 40 | HWThread 41 | HWThread 42 | HWThread 43 | HWThread 44 | HWThread 45 | HWThread 46 | HWThread 47 | HWThread 48 | HWThread 49 | HWThread 50 | HWThread 51 | HWThread 52 | HWThread 53 | HWThread 54 | HWThread 55 | HWThread 56 | HWThread 57 | HWThread 58 | HWThread 59 | HWThread 60 | HWThread 61 | HWThread 62 | HWThread 63 | HWThread 64 | HWThread 65 | HWThread 66 | HWThread 67 | HWThread 68 | HWThread 69 | HWThread 70 | HWThread 71 | HWThread 72 | HWThread 73 | HWThread 74 | HWThread 75 | HWThread 76 | HWThread 77 | HWThread 78 | HWThread 79 | HWThread 80 | HWThread 81 | HWThread 82 | HWThread 83 | HWThread 84 | HWThread 85 | HWThread 86 | HWThread 87 | HWThread 88 | HWThread 89 | HWThread 90 | HWThread 91 | HWThread 92 | HWThread 93 | HWThread 94 | HWThread 95 | HWThread 96 | HWThread 97 | HWThread 98 | HWThread 99 | HWThread 100 | HWThread 101 | HWThread 102 | HWThread 103 | HWThread 104 | HWThread 105 | HWThread 106 | HWThread 107 | HWThread 108 | HWThread 109 | HWThread 110 | HWThread 111 | HWThread 112 | HWThread 113 | HWThread 114 | HWThread 115 | HWThread 116 | HWThread 117 | HWThread 118 | HWThread 119 | HWThread 120 | HWThread 121 | HWThread 122 | HWThread 123 | HWThread 124 | HWThread 125 | HWThread 126 | HWThread 127 | HWThread 128 | HWThread 129 | HWThread 130 | HWThread 131 | HWThread 132 | HWThread 133 | HWThread 134 | HWThread 135 | HWThread 136 | HWThread 137 | HWThread 138 | HWThread 139 | HWThread 140 | HWThread 141 | HWThread 142 | HWThread 143 | HWThread 144 | HWThread 145 | HWThread 146 | HWThread 147 | HWThread 148 | HWThread 149 | HWThread 150 | HWThread 151 | HWThread 152 | HWThread 153 | HWThread 154 | HWThread 155 | HWThread 156 | HWThread 157 | HWThread 158 | HWThread 159 | HWThread 160 | HWThread 161 | HWThread 162 | HWThread 163 | HWThread 164 | HWThread 165 | HWThread 166 | HWThread 167 | HWThread 168 | HWThread 169 | HWThread 170 | HWThread 171 | HWThread 172 | HWThread 173 | HWThread 174 | HWThread 175 | HWThread 176 | HWThread 177 | HWThread 178 | HWThread 179 | HWThread 180 | HWThread 181 | HWThread 182 | HWThread 183 | HWThread 184 | HWThread 185 | HWThread 186 | HWThread 187 | HWThread 188 | HWThread 189 | HWThread 190 | HWThread 191 |
+-------------------+------------+------------+------------+------------+------------+------------+------------+------------+------------+------------+-------------+-------------+-------------+-------------+-------------+-------------+-------------+-------------+-------------+-------------+-------------+-------------+-------------+-------------+-------------+-------------+-------------+-------------+-------------+-------------+-------------+-------------+-------------+-------------+-------------+-------------+-------------+-------------+-------------+-------------+-------------+-------------+-------------+-------------+-------------+-------------+-------------+-------------+-------------+-------------+-------------+-------------+-------------+-------------+-------------+-------------+-------------+-------------+-------------+-------------+-------------+-------------+-------------+-------------+-------------+-------------+-------------+-------------+-------------+-------------+-------------+-------------+-------------+-------------+-------------+-------------+-------------+-------------+-------------+-------------+-------------+-------------+-------------+-------------+-------------+-------------+-------------+-------------+-------------+-------------+-------------+-------------+-------------+-------------+-------------+-------------+-------------+-------------+-------------+-------------+--------------+--------------+--------------+--------------+--------------+--------------+--------------+--------------+--------------+--------------+--------------+--------------+--------------+--------------+--------------+--------------+--------------+--------------+--------------+--------------+--------------+--------------+--------------+--------------+--------------+--------------+--------------+--------------+--------------+--------------+--------------+--------------+--------------+--------------+--------------+--------------+--------------+--------------+--------------+--------------+--------------+--------------+--------------+--------------+--------------+--------------+--------------+--------------+--------------+--------------+--------------+--------------+--------------+--------------+--------------+--------------+--------------+--------------+--------------+--------------+--------------+--------------+--------------+--------------+--------------+--------------+--------------+--------------+--------------+--------------+--------------+--------------+--------------+--------------+--------------+--------------+--------------+--------------+--------------+--------------+--------------+--------------+--------------+--------------+--------------+--------------+--------------+--------------+--------------+--------------+--------------+--------------+
| RDTSC Runtime [s] |   1.072650 |   1.072638 |   1.072399 |   1.072647 |   1.072263 |   1.072274 |   1.072491 |   1.072260 |   1.072177 |   1.072206 |    1.072136 |    1.072247 |    1.072240 |    1.072257 |    1.072194 |    1.072245 |    1.072360 |    1.072372 |    1.072265 |    1.072368 |    1.072308 |    1.072354 |    1.072309 |    1.072263 |    1.072136 |    1.072622 |    1.072133 |    1.072620 |    1.072132 |    1.072135 |    1.072135 |    1.072132 |    1.072361 |    1.072380 |    1.072623 |    1.072410 |    1.072324 |    1.072372 |    1.072476 |    1.072668 |    1.072350 |    1.072353 |    1.072243 |    1.072293 |    1.072318 |    1.072329 |    1.072139 |    1.072308 |    1.072658 |    1.072423 |    1.072419 |    1.072250 |    1.072310 |    1.072144 |    1.072284 |    1.072423 |    1.072761 |    1.072834 |    1.072725 |    1.072673 |    1.072850 |    1.072852 |    1.072241 |    1.072461 |    1.072271 |    1.072681 |    1.072264 |    1.072690 |    1.072341 |    1.072269 |    1.072414 |    1.072639 |    1.072437 |    1.072710 |    1.074776 |    1.072273 |    1.072682 |    1.072432 |    1.072669 |    1.072675 |    1.072133 |    1.074805 |    1.072462 |    1.072632 |    1.072480 |    1.072237 |    1.072676 |    1.072247 |    1.072137 |    1.072348 |    1.072617 |    1.072135 |    1.072349 |    1.072192 |    1.072137 |    1.072253 |    1.072244 |    1.072382 |    1.072220 |    1.072700 |     1.072696 |     1.072518 |     1.072419 |     1.072514 |     1.072267 |     1.072397 |     1.072644 |     1.072309 |     1.072266 |     1.074778 |     1.072642 |     1.072662 |     1.072269 |     1.072669 |     1.072418 |     1.072491 |     1.072625 |     1.072656 |     1.073017 |     1.072265 |     1.072447 |     1.072420 |     1.072420 |     1.072202 |     1.072621 |     1.072309 |     1.072271 |     1.072242 |     1.072363 |     1.072419 |     1.072270 |     1.072853 |     1.072243 |     1.073014 |     1.073034 |     1.072463 |     1.072429 |     1.072261 |     1.073229 |     1.072239 |     1.072259 |     1.072144 |     1.072259 |     1.072304 |     1.072421 |     1.072424 |     1.072379 |     1.072219 |     1.072379 |     1.072193 |     1.072421 |     1.072151 |     1.072137 |     1.072462 |     1.072358 |     1.072139 |     1.072139 |     1.072486 |     1.072149 |     1.072198 |     1.072137 |     1.072143 |     1.072262 |     1.072337 |     1.072218 |     1.072350 |     1.072219 |     1.072306 |     1.072267 |     1.072829 |     1.072370 |     1.072248 |     1.072674 |     1.072272 |     1.073008 |     1.072346 |     1.074863 |     1.072225 |     1.074860 |     1.074860 |     1.072355 |     1.072434 |     1.072649 |     1.072202 |     1.072645 |     1.072537 |     1.073635 |     1.072133 |     1.072457 |     1.072214 |     1.072784 |     1.072254 |
|     call count    |          1 |          1 |          1 |          1 |          1 |          1 |          1 |          1 |          1 |          1 |           1 |           1 |           1 |           1 |           1 |           1 |           1 |           1 |           1 |           1 |           1 |           1 |           1 |           1 |           1 |           1 |           1 |           1 |           1 |           1 |           1 |           1 |           1 |           1 |           1 |           1 |           1 |           1 |           1 |           1 |           1 |           1 |           1 |           1 |           1 |           1 |           1 |           1 |           1 |           1 |           1 |           1 |           1 |           1 |           1 |           1 |           1 |           1 |           1 |           1 |           1 |           1 |           1 |           1 |           1 |           1 |           1 |           1 |           1 |           1 |           1 |           1 |           1 |           1 |           1 |           1 |           1 |           1 |           1 |           1 |           1 |           1 |           1 |           1 |           1 |           1 |           1 |           1 |           1 |           1 |           1 |           1 |           1 |           1 |           1 |           1 |           1 |           1 |           1 |           1 |            1 |            1 |            1 |            1 |            1 |            1 |            1 |            1 |            1 |            1 |            1 |            1 |            1 |            1 |            1 |            1 |            1 |            1 |            1 |            1 |            1 |            1 |            1 |            1 |            1 |            1 |            1 |            1 |            1 |            1 |            1 |            1 |            1 |            1 |            1 |            1 |            1 |            1 |            1 |            1 |            1 |            1 |            1 |            1 |            1 |            1 |            1 |            1 |            1 |            1 |            1 |            1 |            1 |            1 |            1 |            1 |            1 |            1 |            1 |            1 |            1 |            1 |            1 |            1 |            1 |            1 |            1 |            1 |            1 |            1 |            1 |            1 |            1 |            1 |            1 |            1 |            1 |            1 |            1 |            1 |            1 |            1 |            1 |            1 |            1 |            1 |            1 |            1 |            1 |            1 |            1 |            1 |
+-------------------+------------+------------+------------+------------+------------+------------+------------+------------+------------+------------+-------------+-------------+-------------+-------------+-------------+-------------+-------------+-------------+-------------+-------------+-------------+-------------+-------------+-------------+-------------+-------------+-------------+-------------+-------------+-------------+-------------+-------------+-------------+-------------+-------------+-------------+-------------+-------------+-------------+-------------+-------------+-------------+-------------+-------------+-------------+-------------+-------------+-------------+-------------+-------------+-------------+-------------+-------------+-------------+-------------+-------------+-------------+-------------+-------------+-------------+-------------+-------------+-------------+-------------+-------------+-------------+-------------+-------------+-------------+-------------+-------------+-------------+-------------+-------------+-------------+-------------+-------------+-------------+-------------+-------------+-------------+-------------+-------------+-------------+-------------+-------------+-------------+-------------+-------------+-------------+-------------+-------------+-------------+-------------+-------------+-------------+-------------+-------------+-------------+-------------+--------------+--------------+--------------+--------------+--------------+--------------+--------------+--------------+--------------+--------------+--------------+--------------+--------------+--------------+--------------+--------------+--------------+--------------+--------------+--------------+--------------+--------------+--------------+--------------+--------------+--------------+--------------+--------------+--------------+--------------+--------------+--------------+--------------+--------------+--------------+--------------+--------------+--------------+--------------+--------------+--------------+--------------+--------------+--------------+--------------+--------------+--------------+--------------+--------------+--------------+--------------+--------------+--------------+--------------+--------------+--------------+--------------+--------------+--------------+--------------+--------------+--------------+--------------+--------------+--------------+--------------+--------------+--------------+--------------+--------------+--------------+--------------+--------------+--------------+--------------+--------------+--------------+--------------+--------------+--------------+--------------+--------------+--------------+--------------+--------------+--------------+--------------+--------------+--------------+--------------+--------------+--------------+
+---------------------------+---------+-------------+-------------+-------------+-------------+-------------+-------------+-------------+-------------+-------------+-------------+-------------+-------------+-------------+-------------+-------------+-------------+-------------+-------------+-------------+-------------+-------------+-------------+-------------+-------------+-------------+-------------+-------------+-------------+-------------+-------------+-------------+-------------+-------------+-------------+-------------+-------------+-------------+-------------+-------------+-------------+-------------+-------------+-------------+-------------+-------------+-------------+-------------+-------------+-------------+-------------+-------------+-------------+-------------+-------------+-------------+-------------+-------------+-------------+-------------+-------------+-------------+-------------+-------------+-------------+-------------+-------------+-------------+-------------+-------------+-------------+-------------+-------------+-------------+-------------+-------------+-------------+-------------+-------------+-------------+-------------+-------------+-------------+-------------+-------------+-------------+-------------+-------------+-------------+-------------+-------------+-------------+-------------+-------------+-------------+-------------+-------------+-------------+-------------+-------------+-------------+--------------+--------------+--------------+--------------+--------------+--------------+--------------+--------------+--------------+--------------+--------------+--------------+--------------+--------------+--------------+--------------+--------------+--------------+--------------+--------------+--------------+--------------+--------------+--------------+--------------+--------------+--------------+--------------+--------------+--------------+--------------+--------------+--------------+--------------+--------------+--------------+--------------+--------------+--------------+--------------+--------------+--------------+--------------+--------------+--------------+--------------+--------------+--------------+--------------+--------------+--------------+--------------+--------------+--------------+--------------+--------------+--------------+--------------+--------------+--------------+--------------+--------------+--------------+--------------+--------------+--------------+--------------+--------------+--------------+--------------+--------------+--------------+--------------+--------------+--------------+--------------+--------------+--------------+--------------+--------------+--------------+--------------+--------------+--------------+--------------+--------------+--------------+--------------+--------------+--------------+--------------+--------------+
|           Event           | Counter |  HWThread 0 |  HWThread 1 |  HWThread 2 |  HWThread 3 |  HWThread 4 |  HWThread 5 |  HWThread 6 |  HWThread 7 |  HWThread 8 |  HWThread 9 | HWThread 10 | HWThread 11 | HWThread 12 | HWThread 13 | HWThread 14 | HWThread 15 | HWThread 16 | HWThread 17 | HWThread 18 | HWThread 19 | HWThread 20 | HWThread 21 | HWThread 22 | HWThread 23 | HWThread 24 | HWThread 25 | HWThread 26 | HWThread 27 | HWThread 28 | HWThread 29 | HWThread 30 | HWThread 31 | HWThread 32 | HWThread 33 | HWThread 34 | HWThread 35 | HWThread 36 | HWThread 37 | HWThread 38 | HWThread 39 | HWThread 40 | HWThread 41 | HWThread 42 | HWThread 43 | HWThread 44 | HWThread 45 | HWThread 46 | HWThread 47 | HWThread 48 | HWThread 49 | HWThread 50 | HWThread 51 | HWThread 52 | HWThread 53 | HWThread 54 | HWThread 55 | HWThread 56 | HWThread 57 | HWThread 58 | HWThread 59 | HWThread 60 | HWThread 61 | HWThread 62 | HWThread 63 | HWThread 64 | HWThread 65 | HWThread 66 | HWThread 67 | HWThread 68 | HWThread 69 | HWThread 70 | HWThread 71 | HWThread 72 | HWThread 73 | HWThread 74 | HWThread 75 | HWThread 76 | HWThread 77 | HWThread 78 | HWThread 79 | HWThread 80 | HWThread 81 | HWThread 82 | HWThread 83 | HWThread 84 | HWThread 85 | HWThread 86 | HWThread 87 | HWThread 88 | HWThread 89 | HWThread 90 | HWThread 91 | HWThread 92 | HWThread 93 | HWThread 94 | HWThread 95 | HWThread 96 | HWThread 97 | HWThread 98 | HWThread 99 | HWThread 100 | HWThread 101 | HWThread 102 | HWThread 103 | HWThread 104 | HWThread 105 | HWThread 106 | HWThread 107 | HWThread 108 | HWThread 109 | HWThread 110 | HWThread 111 | HWThread 112 | HWThread 113 | HWThread 114 | HWThread 115 | HWThread 116 | HWThread 117 | HWThread 118 | HWThread 119 | HWThread 120 | HWThread 121 | HWThread 122 | HWThread 123 | HWThread 124 | HWThread 125 | HWThread 126 | HWThread 127 | HWThread 128 | HWThread 129 | HWThread 130 | HWThread 131 | HWThread 132 | HWThread 133 | HWThread 134 | HWThread 135 | HWThread 136 | HWThread 137 | HWThread 138 | HWThread 139 | HWThread 140 | HWThread 141 | HWThread 142 | HWThread 143 | HWThread 144 | HWThread 145 | HWThread 146 | HWThread 147 | HWThread 148 | HWThread 149 | HWThread 150 | HWThread 151 | HWThread 152 | HWThread 153 | HWThread 154 | HWThread 155 | HWThread 156 | HWThread 157 | HWThread 158 | HWThread 159 | HWThread 160 | HWThread 161 | HWThread 162 | HWThread 163 | HWThread 164 | HWThread 165 | HWThread 166 | HWThread 167 | HWThread 168 | HWThread 169 | HWThread 170 | HWThread 171 | HWThread 172 | HWThread 173 | HWThread 174 | HWThread 175 | HWThread 176 | HWThread 177 | HWThread 178 | HWThread 179 | HWThread 180 | HWThread 181 | HWThread 182 | HWThread 183 | HWThread 184 | HWThread 185 | HWThread 186 | HWThread 187 | HWThread 188 | HWThread 189 | HWThread 190 | HWThread 191 |
+---------------------------+---------+-------------+-------------+-------------+-------------+-------------+-------------+-------------+-------------+-------------+-------------+-------------+-------------+-------------+-------------+-------------+-------------+-------------+-------------+-------------+-------------+-------------+-------------+-------------+-------------+-------------+-------------+-------------+-------------+-------------+-------------+-------------+-------------+-------------+-------------+-------------+-------------+-------------+-------------+-------------+-------------+-------------+-------------+-------------+-------------+-------------+-------------+-------------+-------------+-------------+-------------+-------------+-------------+-------------+-------------+-------------+-------------+-------------+-------------+-------------+-------------+-------------+-------------+-------------+-------------+-------------+-------------+-------------+-------------+-------------+-------------+-------------+-------------+-------------+-------------+-------------+-------------+-------------+-------------+-------------+-------------+-------------+-------------+-------------+-------------+-------------+-------------+-------------+-------------+-------------+-------------+-------------+-------------+-------------+-------------+-------------+-------------+-------------+-------------+-------------+-------------+--------------+--------------+--------------+--------------+--------------+--------------+--------------+--------------+--------------+--------------+--------------+--------------+--------------+--------------+--------------+--------------+--------------+--------------+--------------+--------------+--------------+--------------+--------------+--------------+--------------+--------------+--------------+--------------+--------------+--------------+--------------+--------------+--------------+--------------+--------------+--------------+--------------+--------------+--------------+--------------+--------------+--------------+--------------+--------------+--------------+--------------+--------------+--------------+--------------+--------------+--------------+--------------+--------------+--------------+--------------+--------------+--------------+--------------+--------------+--------------+--------------+--------------+--------------+--------------+--------------+--------------+--------------+--------------+--------------+--------------+--------------+--------------+--------------+--------------+--------------+--------------+--------------+--------------+--------------+--------------+--------------+--------------+--------------+--------------+--------------+--------------+--------------+--------------+--------------+--------------+--------------+--------------+
|      ACTUAL_CPU_CLOCK     |  FIXC1  |  2039788000 |  2039298000 |  2038758000 |  2039462000 |  2038550000 |  2039229000 |  2039746000 |  2039801000 |  2039352000 |  2038538000 |  2039292000 |  2039320000 |  2038255000 |  2040014000 |  2038205000 |  2038219000 |  2039131000 |  2039896000 |  2039971000 |  2040324000 |  2040062000 |  2040012000 |  2039259000 |  2039206000 |  2038497000 |  2039108000 |  2038298000 |  2039109000 |  2038487000 |  2038534000 |  2038712000 |  2038347000 |  2039431000 |  2039711000 |  2039415000 |  2039711000 |  2039567000 |  2040130000 |  2040031000 |  2040065000 |  2039450000 |  2039937000 |  2038349000 |  2040154000 |  2040638000 |  2038946000 |  2038462000 |  2039286000 |  2039478000 |  2039740000 |  2039761000 |  2039521000 |  2040118000 |  2039414000 |  2039654000 |  2040112000 |  2039914000 |  2040452000 |  2039859000 |  2040348000 |  2039800000 |  2040032000 |  2039124000 |  2039911000 |  2039461000 |  2039468000 |  2039048000 |  2040497000 |  2039466000 |  2040086000 |  2040301000 |  2039735000 |  2039549000 |  2040943000 |  2040213000 |  2038898000 |  2040614000 |  2039414000 |  2038939000 |  2039898000 |  2038548000 |  2041107000 |  2040030000 |  2039589000 |  2040219000 |  2038499000 |  2039731000 |  2038733000 |  2039088000 |  2040126000 |  2040224000 |  2039569000 |  2040135000 |  2039521000 |  2039471000 |  2040109000 |  2039873000 |  2039216000 |  2039334000 |  2039801000 |   2040063000 |   2039745000 |   2040651000 |   2039253000 |   2039431000 |   2039936000 |   2039986000 |   2040540000 |   2039253000 |   2041172000 |   2040796000 |   2040416000 |   2040193000 |   2040454000 |   2040074000 |   2040610000 |   2039663000 |   2040636000 |   2040869000 |   2039790000 |   2040692000 |   2040645000 |   2039878000 |   2039361000 |   2039399000 |   2040102000 |   2039764000 |   2039118000 |   2040308000 |   2040324000 |   2039464000 |   2039893000 |   2038287000 |   2039935000 |   2040677000 |   2039830000 |   2039193000 |   2039952000 |   2040992000 |   2039070000 |   2039712000 |   2039300000 |   2038958000 |   2039118000 |   2040206000 |   2040018000 |   2039975000 |   2039109000 |   2040259000 |   2039058000 |   2040374000 |   2039146000 |   2038571000 |   2040332000 |   2040095000 |   2039301000 |   2038429000 |   2038751000 |   2039067000 |   2039390000 |   2038249000 |   2038292000 |   2040135000 |   2040284000 |   2038404000 |   2039637000 |   2039106000 |   2040703000 |   2040525000 |   2040624000 |   2039315000 |   2038766000 |   2040699000 |   2038668000 |   2040952000 |   2039836000 |   2041201000 |   2039587000 |   2041137000 |   2041202000 |   2040292000 |   2040154000 |   2040364000 |   2039453000 |   2040721000 |   2038905000 |   2040193000 |   2038240000 |   2039620000 |   2038352000 |   2041038000 |   2039090000 |
|       MAX_CPU_CLOCK       |  FIXC2  |  2576912000 |  2575192000 |  2573897000 |  2575470000 |  2574308000 |  2576046000 |  2575864000 |  2575944000 |  2575595000 |  2574755000 |  2576089000 |  2576104000 |  2574427000 |  2576948000 |  2574126000 |  2574178000 |  2576135000 |  2577308000 |  2576912000 |  2577365000 |  2577026000 |  2576972000 |  2576188000 |  2576122000 |  2574327000 |  2576015000 |  2574890000 |  2576026000 |  2575192000 |  2574734000 |  2574753000 |  2574396000 |  2576278000 |  2575948000 |  2576244000 |  2575947000 |  2576389000 |  2576196000 |  2576067000 |  2577071000 |  2575763000 |  2576591000 |  2575122000 |  2576958000 |  2576865000 |  2575881000 |  2574649000 |  2576223000 |  2576335000 |  2575913000 |  2577059000 |  2575894000 |  2576997000 |  2575597000 |  2577032000 |  2577072000 |  2577117000 |  2577800000 |  2577029000 |  2577018000 |  2576702000 |  2576835000 |  2576051000 |  2575996000 |  2575689000 |  2576033000 |  2575946000 |  2576726000 |  2576047000 |  2576935000 |  2576643000 |  2576782000 |  2576207000 |  2578605000 |  2578635000 |  2576268000 |  2576856000 |  2574779000 |  2573949000 |  2576948000 |  2574733000 |  2579520000 |  2576065000 |  2575778000 |  2576861000 |  2575190000 |  2575884000 |  2575315000 |  2576185000 |  2577155000 |  2577227000 |  2576386000 |  2577146000 |  2576308000 |  2576307000 |  2577114000 |  2577269000 |  2574734000 |  2576551000 |  2575917000 |   2577479000 |   2577107000 |   2576918000 |   2576057000 |   2576211000 |   2576020000 |   2577021000 |   2576669000 |   2576071000 |   2579613000 |   2577890000 |   2577079000 |   2577170000 |   2577142000 |   2577503000 |   2576849000 |   2575801000 |   2578608000 |   2578306000 |   2577152000 |   2576968000 |   2576911000 |   2576000000 |   2576006000 |   2576217000 |   2577098000 |   2577124000 |   2575859000 |   2576964000 |   2576979000 |   2575787000 |   2577151000 |   2575339000 |   2577032000 |   2578242000 |   2575910000 |   2576110000 |   2577353000 |   2578814000 |   2575752000 |   2576061000 |   2575996000 |   2575006000 |   2576038000 |   2577100000 |   2577452000 |   2577413000 |   2576278000 |   2577268000 |   2576120000 |   2577471000 |   2576308000 |   2575201000 |   2576996000 |   2577087000 |   2576496000 |   2575066000 |   2574839000 |   2576243000 |   2576115000 |   2574882000 |   2575018000 |   2577090000 |   2577307000 |   2575082000 |   2575841000 |   2576253000 |   2577011000 |   2576772000 |   2577974000 |   2576134000 |   2574909000 |   2578689000 |   2575337000 |   2578483000 |   2575953000 |   2579646000 |   2576388000 |   2579615000 |   2579639000 |   2576650000 |   2576928000 |   2577025000 |   2576270000 |   2577795000 |   2575027000 |   2578043000 |   2573627000 |   2575826000 |   2575124000 |   2578834000 |   2576006000 |
|    RETIRED_INSTRUCTIONS   |   PMC0  |  2551440000 |  2552187000 |  2552109000 |  2552128000 |  2552004000 |  2552023000 |  2552070000 |  2552012000 |  2551939000 |  2551923000 |  2551913000 |  2551968000 |  2551925000 |  2551938000 |  2551941000 |  2551931000 |  2551996000 |  2552001000 |  2551986000 |  2552011000 |  2551896000 |  2551987000 |  2551963000 |  2551965000 |  2551942000 |  2552065000 |  2551924000 |  2552045000 |  2551896000 |  2551943000 |  2551924000 |  2551930000 |  2552021000 |  2552045000 |  2551965000 |  2552039000 |  2552020000 |  2552033000 |  2552034000 |  2552113000 |  2551990000 |  2552015000 |  2551965000 |  2551980000 |  2551933000 |  2550986000 |  2551121000 |  2551882000 |  2552187000 |  2552037000 |  2552064000 |  2551991000 |  2552046000 |  2552013000 |  2552043000 |  2552099000 |  2552094000 |  2552142000 |  2552063000 |  2552078000 |  2552093000 |  2552114000 |  2551923000 |  2551997000 |  2551962000 |  2552103000 |  2551989000 |  2552110000 |  2551811000 |  2551882000 |  2551903000 |  2551978000 |  2551931000 |  2551995000 |  2552712000 |  2551934000 |  2552036000 |  2551940000 |  2552045000 |  2552027000 |  2551864000 |  2552714000 |  2552038000 |  2552093000 |  2552058000 |  2552011000 |  2552095000 |  2552008000 |  2551879000 |  2551928000 |  2552045000 |  2551910000 |  2551811000 |  2551760000 |  2551816000 |  2550966000 |  2552233000 |  2552309000 |  2552268000 |  2552338000 |   2552351000 |   2552322000 |   2552259000 |   2552324000 |   2552278000 |   2552314000 |   2552369000 |   2552275000 |   2552261000 |   2553077000 |   2552325000 |   2552339000 |   2552276000 |   2552385000 |   2552314000 |   2552304000 |   2552304000 |   2552202000 |   2552356000 |   2552195000 |   2552261000 |   2552249000 |   2552241000 |   2552188000 |   2552304000 |   2552213000 |   2552171000 |   2552199000 |   2552386000 |   2551967000 |   2552344000 |   2552496000 |   2552323000 |   2552569000 |   2552546000 |   2552395000 |   2552293000 |   2552233000 |   2552521000 |   2552220000 |   2552183000 |   2552065000 |   2551390000 |   2552118000 |   2552226000 |   2552208000 |   2552193000 |   2552147000 |   2552193000 |   2552139000 |   2552196000 |   2552112000 |   2552156000 |   2552237000 |   2552207000 |   2552144000 |   2552126000 |   2552244000 |   2552149000 |   2552143000 |   2552192000 |   2552220000 |   2552215000 |   2552278000 |   2552145000 |   2552137000 |   2552110000 |   2552088000 |   2552132000 |   2552327000 |   2552178000 |   2552137000 |   2552236000 |   2552174000 |   2552338000 |   2552167000 |   2553001000 |   2552163000 |   2552941000 |   2553029000 |   2552171000 |   2552202000 |   2552278000 |   2552125000 |   2552324000 |   2552273000 |   2552646000 |   2552156000 |   2552144000 |   2551895000 |   2552223000 |   2552001000 |
|    CPU_CLOCKS_UNHALTED    |   PMC1  |  2017581000 |  2020877000 |  2020407000 |  2020564000 |  2019868000 |  2019985000 |  2020262000 |  2019921000 |  2019527000 |  2019394000 |  2019318000 |  2019650000 |  2019442000 |  2019490000 |  2019488000 |  2019423000 |  2019794000 |  2019817000 |  2019751000 |  2019865000 |  2019287000 |  2019724000 |  2019650000 |  2019653000 |  2019545000 |  2020210000 |  2019485000 |  2020108000 |  2019322000 |  2019514000 |  2019441000 |  2019433000 |  2019955000 |  2020097000 |  2020143000 |  2020063000 |  2019983000 |  2020042000 |  2020063000 |  2020498000 |  2019779000 |  2019912000 |  2019634000 |  2019728000 |  2019717000 |  2019318000 |  2019009000 |  2019428000 |  2020957000 |  2020135000 |  2020284000 |  2019948000 |  2020159000 |  2019953000 |  2020157000 |  2020446000 |  2020401000 |  2020657000 |  2020226000 |  2020313000 |  2020402000 |  2020504000 |  2019442000 |  2019856000 |  2019661000 |  2020397000 |  2019775000 |  2020469000 |  2019194000 |  2019439000 |  2019564000 |  2019986000 |  2019491000 |  2019840000 |  2023855000 |  2019473000 |  2020073000 |  2019515000 |  2020109000 |  2020032000 |  2019119000 |  2024158000 |  2020105000 |  2020385000 |  2020223000 |  2019950000 |  2020429000 |  2019928000 |  2019225000 |  2019499000 |  2020150000 |  2019375000 |  2019100000 |  2019120000 |  2019100000 |  2019045000 |  2021217000 |  2021600000 |  2021384000 |  2021805000 |   2021908000 |   2021704000 |   2021372000 |   2021717000 |   2021450000 |   2021634000 |   2021959000 |   2021407000 |   2021383000 |   2025939000 |   2021731000 |   2021791000 |   2021429000 |   2022062000 |   2021649000 |   2021577000 |   2021863000 |   2021294000 |   2022173000 |   2021251000 |   2021389000 |   2021308000 |   2021270000 |   2020936000 |   2021690000 |   2021107000 |   2020895000 |   2021021000 |   2022090000 |   2019719000 |   2021829000 |   2022686000 |   2021701000 |   2023099000 |   2022994000 |   2022119000 |   2021537000 |   2021186000 |   2022858000 |   2021123000 |   2021148000 |   2020466000 |   2020888000 |   2020822000 |   2021199000 |   2021073000 |   2020991000 |   2020713000 |   2020995000 |   2020687000 |   2021045000 |   2020545000 |   2020763000 |   2021222000 |   2021072000 |   2020692000 |   2020625000 |   2021280000 |   2020753000 |   2020708000 |   2020945000 |   2021094000 |   2021114000 |   2021455000 |   2020914000 |   2020883000 |   2020712000 |   2020597000 |   2020678000 |   2021769000 |   2020917000 |   2020681000 |   2021258000 |   2020905000 |   2021866000 |   2020854000 |   2025553000 |   2020797000 |   2025212000 |   2025682000 |   2020887000 |   2021056000 |   2021503000 |   2020612000 |   2021731000 |   2021416000 |   2023536000 |   2020748000 |   2020987000 |   2020247000 |   2021421000 |   2020208000 |
| RETIRED_SSE_AVX_FLOPS_ALL |   PMC2  | 32212250000 | 32212250000 | 32212250000 | 32212250000 | 32212250000 | 32212250000 | 32212250000 | 32212250000 | 32212250000 | 32212250000 | 32212250000 | 32212250000 | 32212250000 | 32212250000 | 32212250000 | 32212250000 | 32212250000 | 32212250000 | 32212250000 | 32212250000 | 32212250000 | 32212250000 | 32212250000 | 32212250000 | 32212250000 | 32212250000 | 32212250000 | 32212250000 | 32212250000 | 32212250000 | 32212250000 | 32212250000 | 32212250000 | 32212250000 | 32212250000 | 32212250000 | 32212250000 | 32212250000 | 32212250000 | 32212250000 | 32212250000 | 32212250000 | 32212250000 | 32212250000 | 32212250000 | 32212250000 | 32212250000 | 32212250000 | 32212250000 | 32212250000 | 32212250000 | 32212250000 | 32212250000 | 32212250000 | 32212250000 | 32212250000 | 32212250000 | 32212250000 | 32212250000 | 32212250000 | 32212250000 | 32212250000 | 32212250000 | 32212250000 | 32212250000 | 32212250000 | 32212250000 | 32212250000 | 32212250000 | 32212250000 | 32212250000 | 32212250000 | 32212250000 | 32212250000 | 32212250000 | 32212250000 | 32212250000 | 32212250000 | 32212250000 | 32212250000 | 32212250000 | 32212250000 | 32212250000 | 32212250000 | 32212250000 | 32212250000 | 32212250000 | 32212250000 | 32212250000 | 32212250000 | 32212250000 | 32212250000 | 32212250000 | 32212250000 | 32212250000 | 32212250000 | 32212250000 | 32212250000 | 32212250000 | 32212250000 |  32212250000 |  32212250000 |  32212250000 |  32212250000 |  32212250000 |  32212250000 |  32212250000 |  32212250000 |  32212250000 |  32212250000 |  32212250000 |  32212250000 |  32212250000 |  32212250000 |  32212250000 |  32212250000 |  32212250000 |  32212250000 |  32212250000 |  32212250000 |  32212250000 |  32212250000 |  32212250000 |  32212250000 |  32212250000 |  32212250000 |  32212250000 |  32212250000 |  32212250000 |  32212250000 |  32212250000 |  32212250000 |  32212250000 |  32212250000 |  32212250000 |  32212250000 |  32212250000 |  32212250000 |  32212250000 |  32212250000 |  32212250000 |  32212250000 |  32212250000 |  32212250000 |  32212250000 |  32212250000 |  32212250000 |  32212250000 |  32212250000 |  32212250000 |  32212250000 |  32212250000 |  32212250000 |  32212250000 |  32212250000 |  32212250000 |  32212250000 |  32212250000 |  32212250000 |  32212250000 |  32212250000 |  32212250000 |  32212250000 |  32212250000 |  32212250000 |  32212250000 |  32212250000 |  32212250000 |  32212250000 |  32212250000 |  32212250000 |  32212250000 |  32212250000 |  32212250000 |  32212250000 |  32212250000 |  32212250000 |  32212250000 |  32212250000 |  32212250000 |  32212250000 |  32212250000 |  32212250000 |  32212250000 |  32212250000 |  32212250000 |  32212250000 |  32212250000 |  32212250000 |  32212250000 |  32212250000 |  32212250000 |
|           MERGE           |   PMC3  |           0 |           0 |           0 |           0 |           0 |           0 |           0 |           0 |           0 |           0 |           0 |           0 |           0 |           0 |           0 |           0 |           0 |           0 |           0 |           0 |           0 |           0 |           0 |           0 |           0 |           0 |           0 |           0 |           0 |           0 |           0 |           0 |           0 |           0 |           0 |           0 |           0 |           0 |           0 |           0 |           0 |           0 |           0 |           0 |           0 |           0 |           0 |           0 |           0 |           0 |           0 |           0 |           0 |           0 |           0 |           0 |           0 |           0 |           0 |           0 |           0 |           0 |           0 |           0 |           0 |           0 |           0 |           0 |           0 |           0 |           0 |           0 |           0 |           0 |           0 |           0 |           0 |           0 |           0 |           0 |           0 |           0 |           0 |           0 |           0 |           0 |           0 |           0 |           0 |           0 |           0 |           0 |           0 |           0 |           0 |           0 |           0 |           0 |           0 |           0 |            0 |            0 |            0 |            0 |            0 |            0 |            0 |            0 |            0 |            0 |            0 |            0 |            0 |            0 |            0 |            0 |            0 |            0 |            0 |            0 |            0 |            0 |            0 |            0 |            0 |            0 |            0 |            0 |            0 |            0 |            0 |            0 |            0 |            0 |            0 |            0 |            0 |            0 |            0 |            0 |            0 |            0 |            0 |            0 |            0 |            0 |            0 |            0 |            0 |            0 |            0 |            0 |            0 |            0 |            0 |            0 |            0 |            0 |            0 |            0 |            0 |            0 |            0 |            0 |            0 |            0 |            0 |            0 |            0 |            0 |            0 |            0 |            0 |            0 |            0 |            0 |            0 |            0 |            0 |            0 |            0 |            0 |            0 |            0 |            0 |            0 |            0 |            0 |            0 |            0 |            0 |            0 |
+---------------------------+---------+-------------+-------------+-------------+-------------+-------------+-------------+-------------+-------------+-------------+-------------+-------------+-------------+-------------+-------------+-------------+-------------+-------------+-------------+-------------+-------------+-------------+-------------+-------------+-------------+-------------+-------------+-------------+-------------+-------------+-------------+-------------+-------------+-------------+-------------+-------------+-------------+-------------+-------------+-------------+-------------+-------------+-------------+-------------+-------------+-------------+-------------+-------------+-------------+-------------+-------------+-------------+-------------+-------------+-------------+-------------+-------------+-------------+-------------+-------------+-------------+-------------+-------------+-------------+-------------+-------------+-------------+-------------+-------------+-------------+-------------+-------------+-------------+-------------+-------------+-------------+-------------+-------------+-------------+-------------+-------------+-------------+-------------+-------------+-------------+-------------+-------------+-------------+-------------+-------------+-------------+-------------+-------------+-------------+-------------+-------------+-------------+-------------+-------------+-------------+-------------+--------------+--------------+--------------+--------------+--------------+--------------+--------------+--------------+--------------+--------------+--------------+--------------+--------------+--------------+--------------+--------------+--------------+--------------+--------------+--------------+--------------+--------------+--------------+--------------+--------------+--------------+--------------+--------------+--------------+--------------+--------------+--------------+--------------+--------------+--------------+--------------+--------------+--------------+--------------+--------------+--------------+--------------+--------------+--------------+--------------+--------------+--------------+--------------+--------------+--------------+--------------+--------------+--------------+--------------+--------------+--------------+--------------+--------------+--------------+--------------+--------------+--------------+--------------+--------------+--------------+--------------+--------------+--------------+--------------+--------------+--------------+--------------+--------------+--------------+--------------+--------------+--------------+--------------+--------------+--------------+--------------+--------------+--------------+--------------+--------------+--------------+--------------+--------------+--------------+--------------+--------------+--------------+
+--------------------------------+---------+---------------+-------------+-------------+--------------+
|              Event             | Counter |      Sum      |     Min     |     Max     |      Avg     |
+--------------------------------+---------+---------------+-------------+-------------+--------------+
|      ACTUAL_CPU_CLOCK STAT     |  FIXC1  |  391616082000 |  2038205000 |  2041202000 | 2.039667e+09 |
|       MAX_CPU_CLOCK STAT       |  FIXC2  |  494673562000 |  2573627000 |  2579646000 | 2.576425e+09 |
|    RETIRED_INSTRUCTIONS STAT   |   PMC0  |  490006724000 |  2550966000 |  2553077000 | 2.552118e+09 |
|    CPU_CLOCKS_UNHALTED STAT    |   PMC1  |  387972570000 |  2017581000 |  2025939000 | 2.020690e+09 |
| RETIRED_SSE_AVX_FLOPS_ALL STAT |   PMC2  | 6184752000000 | 32212250000 | 32212250000 |  32212250000 |
|           MERGE STAT           |   PMC3  |             0 |           0 |           0 |            0 |
+--------------------------------+---------+---------------+-------------+-------------+--------------+
+----------------------+------------+------------+------------+------------+------------+------------+------------+------------+------------+------------+-------------+-------------+-------------+-------------+-------------+-------------+-------------+-------------+-------------+-------------+-------------+-------------+-------------+-------------+-------------+-------------+-------------+-------------+-------------+-------------+-------------+-------------+-------------+-------------+-------------+-------------+-------------+-------------+-------------+-------------+-------------+-------------+-------------+-------------+-------------+-------------+-------------+-------------+-------------+-------------+-------------+-------------+-------------+-------------+-------------+-------------+-------------+-------------+-------------+-------------+-------------+-------------+-------------+-------------+-------------+-------------+-------------+-------------+-------------+-------------+-------------+-------------+-------------+-------------+-------------+-------------+-------------+-------------+-------------+-------------+-------------+-------------+-------------+-------------+-------------+-------------+-------------+-------------+-------------+-------------+-------------+-------------+-------------+-------------+-------------+-------------+-------------+-------------+-------------+-------------+--------------+--------------+--------------+--------------+--------------+--------------+--------------+--------------+--------------+--------------+--------------+--------------+--------------+--------------+--------------+--------------+--------------+--------------+--------------+--------------+--------------+--------------+--------------+--------------+--------------+--------------+--------------+--------------+--------------+--------------+--------------+--------------+--------------+--------------+--------------+--------------+--------------+--------------+--------------+--------------+--------------+--------------+--------------+--------------+--------------+--------------+--------------+--------------+--------------+--------------+--------------+--------------+--------------+--------------+--------------+--------------+--------------+--------------+--------------+--------------+--------------+--------------+--------------+--------------+--------------+--------------+--------------+--------------+--------------+--------------+--------------+--------------+--------------+--------------+--------------+--------------+--------------+--------------+--------------+--------------+--------------+--------------+--------------+--------------+--------------+--------------+--------------+--------------+--------------+--------------+--------------+--------------+
|        Metric        | HWThread 0 | HWThread 1 | HWThread 2 | HWThread 3 | HWThread 4 | HWThread 5 | HWThread 6 | HWThread 7 | HWThread 8 | HWThread 9 | HWThread 10 | HWThread 11 | HWThread 12 | HWThread 13 | HWThread 14 | HWThread 15 | HWThread 16 | HWThread 17 | HWThread 18 | HWThread 19 | HWThread 20 | HWThread 21 | HWThread 22 | HWThread 23 | HWThread 24 | HWThread 25 | HWThread 26 | HWThread 27 | HWThread 28 | HWThread 29 | HWThread 30 | HWThread 31 | HWThread 32 | HWThread 33 | HWThread 34 | HWThread 35 | HWThread 36 | HWThread 37 | HWThread 38 | HWThread 39 | HWThread 40 | HWThread 41 | HWThread 42 | HWThread 43 | HWThread 44 | HWThread 45 | HWThread 46 | HWThread 47 | HWThread 48 | HWThread 49 | HWThread 50 | HWThread 51 | HWThread 52 | HWThread 53 | HWThread 54 | HWThread 55 | HWThread 56 | HWThread 57 | HWThread 58 | HWThread 59 | HWThread 60 | HWThread 61 | HWThread 62 | HWThread 63 | HWThread 64 | HWThread 65 | HWThread 66 | HWThread 67 | HWThread 68 | HWThread 69 | HWThread 70 | HWThread 71 | HWThread 72 | HWThread 73 | HWThread 74 | HWThread 75 | HWThread 76 | HWThread 77 | HWThread 78 | HWThread 79 | HWThread 80 | HWThread 81 | HWThread 82 | HWThread 83 | HWThread 84 | HWThread 85 | HWThread 86 | HWThread 87 | HWThread 88 | HWThread 89 | HWThread 90 | HWThread 91 | HWThread 92 | HWThread 93 | HWThread 94 | HWThread 95 | HWThread 96 | HWThread 97 | HWThread 98 | HWThread 99 | HWThread 100 | HWThread 101 | HWThread 102 | HWThread 103 | HWThread 104 | HWThread 105 | HWThread 106 | HWThread 107 | HWThread 108 | HWThread 109 | HWThread 110 | HWThread 111 | HWThread 112 | HWThread 113 | HWThread 114 | HWThread 115 | HWThread 116 | HWThread 117 | HWThread 118 | HWThread 119 | HWThread 120 | HWThread 121 | HWThread 122 | HWThread 123 | HWThread 124 | HWThread 125 | HWThread 126 | HWThread 127 | HWThread 128 | HWThread 129 | HWThread 130 | HWThread 131 | HWThread 132 | HWThread 133 | HWThread 134 | HWThread 135 | HWThread 136 | HWThread 137 | HWThread 138 | HWThread 139 | HWThread 140 | HWThread 141 | HWThread 142 | HWThread 143 | HWThread 144 | HWThread 145 | HWThread 146 | HWThread 147 | HWThread 148 | HWThread 149 | HWThread 150 | HWThread 151 | HWThread 152 | HWThread 153 | HWThread 154 | HWThread 155 | HWThread 156 | HWThread 157 | HWThread 158 | HWThread 159 | HWThread 160 | HWThread 161 | HWThread 162 | HWThread 163 | HWThread 164 | HWThread 165 | HWThread 166 | HWThread 167 | HWThread 168 | HWThread 169 | HWThread 170 | HWThread 171 | HWThread 172 | HWThread 173 | HWThread 174 | HWThread 175 | HWThread 176 | HWThread 177 | HWThread 178 | HWThread 179 | HWThread 180 | HWThread 181 | HWThread 182 | HWThread 183 | HWThread 184 | HWThread 185 | HWThread 186 | HWThread 187 | HWThread 188 | HWThread 189 | HWThread 190 | HWThread 191 |
+----------------------+------------+------------+------------+------------+------------+------------+------------+------------+------------+------------+-------------+-------------+-------------+-------------+-------------+-------------+-------------+-------------+-------------+-------------+-------------+-------------+-------------+-------------+-------------+-------------+-------------+-------------+-------------+-------------+-------------+-------------+-------------+-------------+-------------+-------------+-------------+-------------+-------------+-------------+-------------+-------------+-------------+-------------+-------------+-------------+-------------+-------------+-------------+-------------+-------------+-------------+-------------+-------------+-------------+-------------+-------------+-------------+-------------+-------------+-------------+-------------+-------------+-------------+-------------+-------------+-------------+-------------+-------------+-------------+-------------+-------------+-------------+-------------+-------------+-------------+-------------+-------------+-------------+-------------+-------------+-------------+-------------+-------------+-------------+-------------+-------------+-------------+-------------+-------------+-------------+-------------+-------------+-------------+-------------+-------------+-------------+-------------+-------------+-------------+--------------+--------------+--------------+--------------+--------------+--------------+--------------+--------------+--------------+--------------+--------------+--------------+--------------+--------------+--------------+--------------+--------------+--------------+--------------+--------------+--------------+--------------+--------------+--------------+--------------+--------------+--------------+--------------+--------------+--------------+--------------+--------------+--------------+--------------+--------------+--------------+--------------+--------------+--------------+--------------+--------------+--------------+--------------+--------------+--------------+--------------+--------------+--------------+--------------+--------------+--------------+--------------+--------------+--------------+--------------+--------------+--------------+--------------+--------------+--------------+--------------+--------------+--------------+--------------+--------------+--------------+--------------+--------------+--------------+--------------+--------------+--------------+--------------+--------------+--------------+--------------+--------------+--------------+--------------+--------------+--------------+--------------+--------------+--------------+--------------+--------------+--------------+--------------+--------------+--------------+--------------+--------------+
|  Runtime (RDTSC) [s] |     1.0727 |     1.0726 |     1.0724 |     1.0726 |     1.0723 |     1.0723 |     1.0725 |     1.0723 |     1.0722 |     1.0722 |      1.0721 |      1.0722 |      1.0722 |      1.0723 |      1.0722 |      1.0722 |      1.0724 |      1.0724 |      1.0723 |      1.0724 |      1.0723 |      1.0724 |      1.0723 |      1.0723 |      1.0721 |      1.0726 |      1.0721 |      1.0726 |      1.0721 |      1.0721 |      1.0721 |      1.0721 |      1.0724 |      1.0724 |      1.0726 |      1.0724 |      1.0723 |      1.0724 |      1.0725 |      1.0727 |      1.0723 |      1.0724 |      1.0722 |      1.0723 |      1.0723 |      1.0723 |      1.0721 |      1.0723 |      1.0727 |      1.0724 |      1.0724 |      1.0722 |      1.0723 |      1.0721 |      1.0723 |      1.0724 |      1.0728 |      1.0728 |      1.0727 |      1.0727 |      1.0729 |      1.0729 |      1.0722 |      1.0725 |      1.0723 |      1.0727 |      1.0723 |      1.0727 |      1.0723 |      1.0723 |      1.0724 |      1.0726 |      1.0724 |      1.0727 |      1.0748 |      1.0723 |      1.0727 |      1.0724 |      1.0727 |      1.0727 |      1.0721 |      1.0748 |      1.0725 |      1.0726 |      1.0725 |      1.0722 |      1.0727 |      1.0722 |      1.0721 |      1.0723 |      1.0726 |      1.0721 |      1.0723 |      1.0722 |      1.0721 |      1.0723 |      1.0722 |      1.0724 |      1.0722 |      1.0727 |       1.0727 |       1.0725 |       1.0724 |       1.0725 |       1.0723 |       1.0724 |       1.0726 |       1.0723 |       1.0723 |       1.0748 |       1.0726 |       1.0727 |       1.0723 |       1.0727 |       1.0724 |       1.0725 |       1.0726 |       1.0727 |       1.0730 |       1.0723 |       1.0724 |       1.0724 |       1.0724 |       1.0722 |       1.0726 |       1.0723 |       1.0723 |       1.0722 |       1.0724 |       1.0724 |       1.0723 |       1.0729 |       1.0722 |       1.0730 |       1.0730 |       1.0725 |       1.0724 |       1.0723 |       1.0732 |       1.0722 |       1.0723 |       1.0721 |       1.0723 |       1.0723 |       1.0724 |       1.0724 |       1.0724 |       1.0722 |       1.0724 |       1.0722 |       1.0724 |       1.0722 |       1.0721 |       1.0725 |       1.0724 |       1.0721 |       1.0721 |       1.0725 |       1.0721 |       1.0722 |       1.0721 |       1.0721 |       1.0723 |       1.0723 |       1.0722 |       1.0723 |       1.0722 |       1.0723 |       1.0723 |       1.0728 |       1.0724 |       1.0722 |       1.0727 |       1.0723 |       1.0730 |       1.0723 |       1.0749 |       1.0722 |       1.0749 |       1.0749 |       1.0724 |       1.0724 |       1.0726 |       1.0722 |       1.0726 |       1.0725 |       1.0736 |       1.0721 |       1.0725 |       1.0722 |       1.0728 |       1.0723 |
| Runtime unhalted [s] |     0.8512 |     0.8510 |     0.8508 |     0.8511 |     0.8507 |     0.8510 |     0.8512 |     0.8512 |     0.8510 |     0.8507 |      0.8510 |      0.8510 |      0.8506 |      0.8513 |      0.8505 |      0.8505 |      0.8509 |      0.8512 |      0.8513 |      0.8514 |      0.8513 |      0.8513 |      0.8510 |      0.8510 |      0.8507 |      0.8509 |      0.8506 |      0.8509 |      0.8507 |      0.8507 |      0.8507 |      0.8506 |      0.8510 |      0.8512 |      0.8510 |      0.8512 |      0.8511 |      0.8513 |      0.8513 |      0.8513 |      0.8511 |      0.8513 |      0.8506 |      0.8514 |      0.8516 |      0.8508 |      0.8506 |      0.8510 |      0.8511 |      0.8512 |      0.8512 |      0.8511 |      0.8513 |      0.8510 |      0.8511 |      0.8513 |      0.8513 |      0.8515 |      0.8512 |      0.8514 |      0.8512 |      0.8513 |      0.8509 |      0.8512 |      0.8511 |      0.8511 |      0.8509 |      0.8515 |      0.8511 |      0.8513 |      0.8514 |      0.8512 |      0.8511 |      0.8517 |      0.8514 |      0.8508 |      0.8515 |      0.8510 |      0.8508 |      0.8512 |      0.8507 |      0.8517 |      0.8513 |      0.8511 |      0.8514 |      0.8507 |      0.8512 |      0.8508 |      0.8509 |      0.8513 |      0.8514 |      0.8511 |      0.8513 |      0.8511 |      0.8511 |      0.8513 |      0.8512 |      0.8510 |      0.8510 |      0.8512 |       0.8513 |       0.8512 |       0.8516 |       0.8510 |       0.8510 |       0.8513 |       0.8513 |       0.8515 |       0.8510 |       0.8518 |       0.8516 |       0.8515 |       0.8514 |       0.8515 |       0.8513 |       0.8515 |       0.8511 |       0.8516 |       0.8516 |       0.8512 |       0.8516 |       0.8516 |       0.8512 |       0.8510 |       0.8510 |       0.8513 |       0.8512 |       0.8509 |       0.8514 |       0.8514 |       0.8511 |       0.8512 |       0.8506 |       0.8513 |       0.8516 |       0.8512 |       0.8509 |       0.8513 |       0.8517 |       0.8509 |       0.8512 |       0.8510 |       0.8509 |       0.8509 |       0.8514 |       0.8513 |       0.8513 |       0.8509 |       0.8514 |       0.8509 |       0.8514 |       0.8509 |       0.8507 |       0.8514 |       0.8513 |       0.8510 |       0.8506 |       0.8508 |       0.8509 |       0.8510 |       0.8506 |       0.8506 |       0.8513 |       0.8514 |       0.8506 |       0.8511 |       0.8509 |       0.8516 |       0.8515 |       0.8515 |       0.8510 |       0.8508 |       0.8516 |       0.8507 |       0.8517 |       0.8512 |       0.8518 |       0.8511 |       0.8518 |       0.8518 |       0.8514 |       0.8514 |       0.8514 |       0.8511 |       0.8516 |       0.8508 |       0.8514 |       0.8506 |       0.8511 |       0.8506 |       0.8517 |       0.8509 |
|      Clock [MHz]     |  1896.8795 |  1897.6904 |  1898.1425 |  1897.6382 |  1897.6458 |  1896.9971 |  1897.6121 |  1897.6044 |  1897.4438 |  1897.3052 |   1897.0241 |   1897.0391 |   1897.2835 |   1897.0631 |   1897.4588 |   1897.4335 |   1896.8404 |   1896.6884 |   1897.0496 |   1897.0444 |   1897.0504 |   1897.0436 |   1896.9205 |   1896.9198 |   1897.5825 |   1896.9074 |   1896.9823 |   1896.9002 |   1896.9358 |   1897.3169 |   1897.4686 |   1897.3920 |   1897.0142 |   1897.5177 |   1897.0244 |   1897.5184 |   1897.0590 |   1897.7248 |   1897.7277 |   1897.0200 |   1897.4112 |   1897.2544 |   1896.8589 |   1897.1860 |   1897.7045 |   1896.8554 |   1897.3126 |   1896.9198 |   1897.0160 |   1897.5705 |   1896.7462 |   1897.3807 |   1897.1238 |   1897.5000 |   1896.6665 |   1897.0630 |   1896.8457 |   1896.8433 |   1896.8594 |   1897.3222 |   1897.0452 |   1897.1631 |   1896.8958 |   1897.6684 |   1897.4759 |   1897.2290 |   1896.9024 |   1897.6758 |   1897.2169 |   1897.1397 |   1897.5546 |   1896.9259 |   1897.1763 |   1896.7074 |   1896.0070 |   1896.5258 |   1897.6888 |   1898.1028 |   1898.2726 |   1896.9553 |   1897.3307 |   1896.1870 |   1897.7283 |   1897.5294 |   1897.3178 |   1896.9484 |   1897.5835 |   1897.0741 |   1896.7636 |   1897.0149 |   1897.0530 |   1897.0630 |   1897.0299 |   1897.0758 |   1897.0301 |   1897.0293 |   1896.6958 |   1897.9517 |   1896.7230 |   1897.6243 |    1896.7179 |    1896.6960 |    1897.6776 |    1897.0114 |    1897.0635 |    1897.6740 |    1896.9834 |    1897.7577 |    1897.0011 |    1896.1790 |    1897.0969 |    1897.3405 |    1897.0662 |    1897.3295 |    1896.7104 |    1897.6903 |    1897.5813 |    1896.4199 |    1896.8586 |    1896.7047 |    1897.6789 |    1897.6772 |    1897.6348 |    1897.1494 |    1897.0294 |    1897.0345 |    1896.7011 |    1897.0316 |    1897.3248 |    1897.3286 |    1897.4065 |    1896.8012 |    1896.6414 |    1896.9278 |    1896.7272 |    1897.6564 |    1896.9165 |    1896.7074 |    1896.5993 |    1897.0657 |    1897.4354 |    1897.1000 |    1897.5111 |    1896.8998 |    1897.1298 |    1896.6959 |    1896.6846 |    1896.7147 |    1897.0554 |    1896.7836 |    1897.0129 |    1896.7270 |    1897.0073 |    1897.3235 |    1897.0361 |    1896.7328 |    1896.9746 |    1897.4415 |    1896.7014 |    1897.0961 |    1896.9426 |    1896.8825 |    1897.0711 |    1897.0499 |    1896.9395 |    1897.5277 |    1896.7303 |    1897.6575 |    1897.6679 |    1896.8752 |    1897.0123 |    1897.4039 |    1896.4189 |    1896.9974 |    1896.8055 |    1897.6303 |    1896.1817 |    1897.0783 |    1896.1450 |    1896.1878 |    1897.5411 |    1897.2080 |    1897.3319 |    1897.0406 |    1897.0970 |    1897.4463 |    1896.4238 |    1897.8593 |    1897.5229 |    1896.8602 |    1896.6273 |    1896.8973 |
|          CPI         |     0.7908 |     0.7918 |     0.7917 |     0.7917 |     0.7915 |     0.7915 |     0.7916 |     0.7915 |     0.7914 |     0.7913 |      0.7913 |      0.7914 |      0.7913 |      0.7914 |      0.7914 |      0.7913 |      0.7915 |      0.7915 |      0.7914 |      0.7915 |      0.7913 |      0.7914 |      0.7914 |      0.7914 |      0.7914 |      0.7916 |      0.7914 |      0.7916 |      0.7913 |      0.7914 |      0.7913 |      0.7913 |      0.7915 |      0.7916 |      0.7916 |      0.7915 |      0.7915 |      0.7915 |      0.7916 |      0.7917 |      0.7915 |      0.7915 |      0.7914 |      0.7914 |      0.7914 |      0.7916 |      0.7914 |      0.7913 |      0.7919 |      0.7916 |      0.7916 |      0.7915 |      0.7916 |      0.7915 |      0.7916 |      0.7917 |      0.7917 |      0.7917 |      0.7916 |      0.7916 |      0.7917 |      0.7917 |      0.7913 |      0.7915 |      0.7914 |      0.7917 |      0.7915 |      0.7917 |      0.7913 |      0.7914 |      0.7914 |      0.7915 |      0.7914 |      0.7915 |      0.7928 |      0.7914 |      0.7916 |      0.7914 |      0.7916 |      0.7915 |      0.7912 |      0.7929 |      0.7916 |      0.7917 |      0.7916 |      0.7915 |      0.7917 |      0.7915 |      0.7913 |      0.7914 |      0.7916 |      0.7913 |      0.7912 |      0.7913 |      0.7912 |      0.7915 |      0.7919 |      0.7921 |      0.7920 |      0.7921 |       0.7922 |       0.7921 |       0.7920 |       0.7921 |       0.7920 |       0.7921 |       0.7922 |       0.7920 |       0.7920 |       0.7935 |       0.7921 |       0.7921 |       0.7920 |       0.7922 |       0.7921 |       0.7921 |       0.7922 |       0.7920 |       0.7923 |       0.7920 |       0.7920 |       0.7920 |       0.7920 |       0.7918 |       0.7921 |       0.7919 |       0.7918 |       0.7919 |       0.7922 |       0.7914 |       0.7921 |       0.7924 |       0.7921 |       0.7926 |       0.7925 |       0.7922 |       0.7920 |       0.7919 |       0.7925 |       0.7919 |       0.7919 |       0.7917 |       0.7921 |       0.7918 |       0.7919 |       0.7919 |       0.7919 |       0.7918 |       0.7919 |       0.7918 |       0.7919 |       0.7917 |       0.7918 |       0.7919 |       0.7919 |       0.7918 |       0.7917 |       0.7920 |       0.7918 |       0.7918 |       0.7918 |       0.7919 |       0.7919 |       0.7920 |       0.7918 |       0.7918 |       0.7918 |       0.7917 |       0.7918 |       0.7921 |       0.7918 |       0.7918 |       0.7920 |       0.7918 |       0.7922 |       0.7918 |       0.7934 |       0.7918 |       0.7933 |       0.7934 |       0.7918 |       0.7919 |       0.7920 |       0.7917 |       0.7921 |       0.7920 |       0.7927 |       0.7918 |       0.7919 |       0.7917 |       0.7920 |       0.7916 |
|     DP [MFLOP/s]     | 30030.5319 | 30030.8678 | 30037.5606 | 30030.6159 | 30041.3704 | 30041.0623 | 30034.9840 | 30041.4545 | 30043.7801 | 30042.9675 |  30044.9290 |  30041.8187 |  30042.0148 |  30041.5385 |  30043.3037 |  30041.8748 |  30038.6531 |  30038.3169 |  30041.3144 |  30038.4290 |  30040.1097 |  30038.8211 |  30040.0817 |  30041.3704 |  30044.9290 |  30031.3158 |  30045.0131 |  30031.3718 |  30045.0411 |  30044.9570 |  30044.9570 |  30045.0411 |  30038.6251 |  30038.0928 |  30031.2878 |  30037.2525 |  30039.6615 |  30038.3169 |  30035.4041 |  30030.0279 |  30038.9332 |  30038.8491 |  30041.9308 |  30040.5300 |  30039.8296 |  30039.5215 |  30044.8449 |  30040.1097 |  30030.3079 |  30036.8884 |  30037.0005 |  30041.7347 |  30040.0537 |  30044.7048 |  30040.7821 |  30036.8884 |  30027.4246 |  30025.3814 |  30028.4323 |  30029.8880 |  30024.9336 |  30024.8776 |  30041.9868 |  30035.8241 |  30041.1463 |  30029.6640 |  30041.3424 |  30029.4120 |  30039.1853 |  30041.2023 |  30037.1405 |  30030.8398 |  30036.4963 |  30028.8522 |  29971.1289 |  30041.0903 |  30029.6360 |  30036.6364 |  30029.9999 |  30029.8320 |  30045.0131 |  29970.3202 |  30035.7961 |  30031.0358 |  30035.2920 |  30042.0989 |  30029.8040 |  30041.8187 |  30044.9010 |  30038.9892 |  30031.4558 |  30044.9570 |  30038.9612 |  30043.3598 |  30044.9010 |  30041.6506 |  30041.9028 |  30038.0368 |  30042.5752 |  30029.1321 |   30029.2441 |   30034.2279 |   30037.0005 |   30034.3399 |   30041.2584 |   30037.6167 |   30030.6998 |   30040.0817 |   30041.2864 |   29971.0731 |   30030.7558 |   30030.1959 |   30041.2023 |   30029.9999 |   30037.0285 |   30034.9840 |   30031.2318 |   30030.3639 |   30020.2606 |   30041.3144 |   30036.2162 |   30036.9725 |   30036.9725 |   30043.0796 |   30031.3438 |   30040.0817 |   30041.1463 |   30041.9588 |   30038.5690 |   30037.0005 |   30041.1743 |   30024.8496 |   30041.9308 |   30020.3446 |   30019.7850 |   30035.7681 |   30036.7204 |   30041.4265 |   30014.3306 |   30042.0429 |   30041.4825 |   30044.7048 |   30041.4825 |   30040.2218 |   30036.9444 |   30036.8604 |   30038.1209 |   30042.6032 |   30038.1209 |   30043.3318 |   30036.9444 |   30044.5087 |   30044.9010 |   30035.7961 |   30038.7091 |   30044.8449 |   30044.8449 |   30035.1240 |   30044.5647 |   30043.1916 |   30044.9010 |   30044.7328 |   30041.3985 |   30039.2973 |   30042.6313 |   30038.9332 |   30042.6032 |   30040.1658 |   30041.2584 |   30025.5213 |   30038.3729 |   30041.7907 |   30029.8600 |   30041.1183 |   30020.5124 |   30039.0452 |   29968.7030 |   30042.4351 |   29968.7866 |   29968.7866 |   30038.7931 |   30036.5803 |   30030.5599 |   30043.0796 |   30030.6718 |   30033.6958 |   30002.9805 |   30045.0131 |   30035.9362 |   30042.7433 |   30026.7808 |   30041.6226 |
+----------------------+------------+------------+------------+------------+------------+------------+------------+------------+------------+------------+-------------+-------------+-------------+-------------+-------------+-------------+-------------+-------------+-------------+-------------+-------------+-------------+-------------+-------------+-------------+-------------+-------------+-------------+-------------+-------------+-------------+-------------+-------------+-------------+-------------+-------------+-------------+-------------+-------------+-------------+-------------+-------------+-------------+-------------+-------------+-------------+-------------+-------------+-------------+-------------+-------------+-------------+-------------+-------------+-------------+-------------+-------------+-------------+-------------+-------------+-------------+-------------+-------------+-------------+-------------+-------------+-------------+-------------+-------------+-------------+-------------+-------------+-------------+-------------+-------------+-------------+-------------+-------------+-------------+-------------+-------------+-------------+-------------+-------------+-------------+-------------+-------------+-------------+-------------+-------------+-------------+-------------+-------------+-------------+-------------+-------------+-------------+-------------+-------------+-------------+--------------+--------------+--------------+--------------+--------------+--------------+--------------+--------------+--------------+--------------+--------------+--------------+--------------+--------------+--------------+--------------+--------------+--------------+--------------+--------------+--------------+--------------+--------------+--------------+--------------+--------------+--------------+--------------+--------------+--------------+--------------+--------------+--------------+--------------+--------------+--------------+--------------+--------------+--------------+--------------+--------------+--------------+--------------+--------------+--------------+--------------+--------------+--------------+--------------+--------------+--------------+--------------+--------------+--------------+--------------+--------------+--------------+--------------+--------------+--------------+--------------+--------------+--------------+--------------+--------------+--------------+--------------+--------------+--------------+--------------+--------------+--------------+--------------+--------------+--------------+--------------+--------------+--------------+--------------+--------------+--------------+--------------+--------------+--------------+--------------+--------------+--------------+--------------+--------------+--------------+--------------+--------------+
+---------------------------+--------------+------------+------------+------------+
|           Metric          |      Sum     |     Min    |     Max    |     Avg    |
+---------------------------+--------------+------------+------------+------------+
|  Runtime (RDTSC) [s] STAT |     205.9162 |     1.0721 |     1.0749 |     1.0725 |
| Runtime unhalted [s] STAT |     163.4205 |     0.8505 |     0.8518 |     0.8511 |
|      Clock [MHz] STAT     |  364248.1566 |  1896.0070 |  1898.2726 |  1897.1258 |
|          CPI STAT         |     152.0198 |     0.7908 |     0.7935 |     0.7918 |
|     DP [MFLOP/s] STAT     | 5.766759e+06 | 29968.7030 | 30045.0411 | 30035.2022 |
+---------------------------+--------------+------------+------------+------------+
