--------------------------------------------------------------------------------
CPU name:	AMD EPYC 9654 96-Core Processor                
CPU type:	AMD K19 (Zen4) architecture
CPU clock:	2.40 GHz
--------------------------------------------------------------------------------
Region bench, Group 1: L2
+-------------------+------------+------------+------------+------------+------------+------------+------------+------------+------------+------------+-------------+-------------+-------------+-------------+-------------+-------------+-------------+-------------+-------------+-------------+-------------+-------------+-------------+-------------+-------------+-------------+-------------+-------------+-------------+-------------+-------------+-------------+-------------+-------------+-------------+-------------+-------------+-------------+-------------+-------------+-------------+-------------+-------------+-------------+-------------+-------------+-------------+-------------+-------------+-------------+-------------+-------------+-------------+-------------+-------------+-------------+-------------+-------------+-------------+-------------+-------------+-------------+-------------+-------------+-------------+-------------+-------------+-------------+-------------+-------------+-------------+-------------+-------------+-------------+-------------+-------------+-------------+-------------+-------------+-------------+-------------+-------------+-------------+-------------+-------------+-------------+-------------+-------------+-------------+-------------+-------------+-------------+-------------+-------------+-------------+-------------+-------------+-------------+-------------+-------------+--------------+--------------+--------------+--------------+--------------+--------------+--------------+--------------+--------------+--------------+--------------+--------------+--------------+--------------+--------------+--------------+--------------+--------------+--------------+--------------+--------------+--------------+--------------+--------------+--------------+--------------+--------------+--------------+--------------+--------------+--------------+--------------+--------------+--------------+--------------+--------------+--------------+--------------+--------------+--------------+--------------+--------------+--------------+--------------+--------------+--------------+--------------+--------------+--------------+--------------+--------------+--------------+--------------+--------------+--------------+--------------+--------------+--------------+--------------+--------------+--------------+--------------+--------------+--------------+--------------+--------------+--------------+--------------+--------------+--------------+--------------+--------------+--------------+--------------+--------------+--------------+--------------+--------------+--------------+--------------+--------------+--------------+--------------+--------------+--------------+--------------+--------------+--------------+--------------+--------------+--------------+--------------+
|    Region Info    | HWThread 0 | HWThread 1 | HWThread 2 | HWThread 3 | HWThread 4 | HWThread 5 | HWThread 6 | HWThread 7 | HWThread 8 | HWThread 9 | HWThread 10 | HWThread 11 | HWThread 12 | HWThread 13 | HWThread 14 | HWThread 15 | HWThread 16 | HWThread 17 | HWThread 18 | HWThread 19 | HWThread 20 | HWThread 21 | HWThread 22 | HWThread 23 | HWThread 24 | HWThread 25 | HWThread 26 | HWThread 27 | HWThread 28 | HWThread 29 | HWThread 30 | HWThread 31 | HWThread 32 | HWThread 33 | HWThread 34 | HWThread 35 | HWThread 36 | HWThread 37 | HWThread 38 | HWThread 39 | HWThread 40 | HWThread 41 | HWThread 42 | HWThread 43 | HWThread 44 | HWThread 45 | HWThread 46 | HWThread 47 | HWThread 48 | HWThread 49 | HWThread 50 | HWThread 51 | HWThread 52 | HWThread 53 | HWThread 54 | HWThread 55 | HWThread 56 | HWThread 57 | HWThread 58 | HWThread 59 | HWThread 60 | HWThread 61 | HWThread 62 | HWThread 63 | HWThread 64 | HWThread 65 | HWThread 66 | HWThread 67 | HWThread 68 | HWThread 69 | HWThread 70 | HWThread 71 | HWThread 72 | HWThread 73 | HWThread 74 | HWThread 75 | HWThread 76 | HWThread 77 | HWThread 78 | HWThread 79 | HWThread 80 | HWThread 81 | HWThread 82 | HWThread 83 | HWThread 84 | HWThread 85 | HWThread 86 | HWThread 87 | HWThread 88 | HWThread 89 | HWThread 90 | HWThread 91 | HWThread 92 | HWThread 93 | HWThread 94 | HWThread 95 | HWThread 96 | HWThread 97 | HWThread 98 | HWThread 99 | HWThread 100 | HWThread 101 | HWThread 102 | HWThread 103 | HWThread 104 | HWThread 105 | HWThread 106 | HWThread 107 | HWThread 108 | HWThread 109 | HWThread 110 | HWThread 111 | HWThread 112 | HWThread 113 | HWThread 114 | HWThread 115 | HWThread 116 | HWThread 117 | HWThread 118 | HWThread 119 | HWThread 120 | HWThread 121 | HWThread 122 | HWThread 123 | HWThread 124 | HWThread 125 | HWThread 126 | HWThread 127 | HWThread 128 | HWThread 129 | HWThread 130 | HWThread 131 | HWThread 132 | HWThread 133 | HWThread 134 | HWThread 135 | HWThread 136 | HWThread 137 | HWThread 138 | HWThread 139 | HWThread 140 | HWThread 141 | HWThread 142 | HWThread 143 | HWThread 144 | HWThread 145 | HWThread 146 | HWThread 147 | HWThread 148 | HWThread 149 | HWThread 150 | HWThread 151 | HWThread 152 | HWThread 153 | HWThread 154 | HWThread 155 | HWThread 156 | HWThread 157 | HWThread 158 | HWThread 159 | HWThread 160 | HWThread 161 | HWThread 162 | HWThread 163 | HWThread 164 | HWThread 165 | HWThread 166 | HWThread 167 | HWThread 168 | HWThread 169 | HWThread 170 | HWThread 171 | HWThread 172 | HWThread 173 | HWThread 174 | HWThread 175 | HWThread 176 | HWThread 177 | HWThread 178 | HWThread 179 | HWThread 180 | HWThread 181 | HWThread 182 | HWThread 183 | HWThread 184 | HWThread 185 | HWThread 186 | HWThread 187 | HWThread 188 | HWThread 189 | HWThread 190 | HWThread 191 |
+-------------------+------------+------------+------------+------------+------------+------------+------------+------------+------------+------------+-------------+-------------+-------------+-------------+-------------+-------------+-------------+-------------+-------------+-------------+-------------+-------------+-------------+-------------+-------------+-------------+-------------+-------------+-------------+-------------+-------------+-------------+-------------+-------------+-------------+-------------+-------------+-------------+-------------+-------------+-------------+-------------+-------------+-------------+-------------+-------------+-------------+-------------+-------------+-------------+-------------+-------------+-------------+-------------+-------------+-------------+-------------+-------------+-------------+-------------+-------------+-------------+-------------+-------------+-------------+-------------+-------------+-------------+-------------+-------------+-------------+-------------+-------------+-------------+-------------+-------------+-------------+-------------+-------------+-------------+-------------+-------------+-------------+-------------+-------------+-------------+-------------+-------------+-------------+-------------+-------------+-------------+-------------+-------------+-------------+-------------+-------------+-------------+-------------+-------------+--------------+--------------+--------------+--------------+--------------+--------------+--------------+--------------+--------------+--------------+--------------+--------------+--------------+--------------+--------------+--------------+--------------+--------------+--------------+--------------+--------------+--------------+--------------+--------------+--------------+--------------+--------------+--------------+--------------+--------------+--------------+--------------+--------------+--------------+--------------+--------------+--------------+--------------+--------------+--------------+--------------+--------------+--------------+--------------+--------------+--------------+--------------+--------------+--------------+--------------+--------------+--------------+--------------+--------------+--------------+--------------+--------------+--------------+--------------+--------------+--------------+--------------+--------------+--------------+--------------+--------------+--------------+--------------+--------------+--------------+--------------+--------------+--------------+--------------+--------------+--------------+--------------+--------------+--------------+--------------+--------------+--------------+--------------+--------------+--------------+--------------+--------------+--------------+--------------+--------------+--------------+--------------+
| RDTSC Runtime [s] |   1.192804 |   1.192961 |   1.193068 |   1.192738 |   1.192960 |   1.192965 |   1.193401 |   1.192828 |   1.192854 |   1.192857 |    1.193400 |    1.192729 |    1.193173 |    1.193099 |    1.193165 |    1.193180 |    1.192797 |    1.194326 |    1.193176 |    1.193568 |    1.193595 |    1.192928 |    1.195407 |    1.193266 |    1.193165 |    1.193225 |    1.192731 |    1.193420 |    1.193413 |    1.192731 |    1.193240 |    1.193166 |    1.192737 |    1.192981 |    1.192746 |    1.192736 |    1.193190 |    1.193417 |    1.193103 |    1.193101 |    1.193095 |    1.192829 |    1.193181 |    1.192723 |    1.193133 |    1.192716 |    1.193123 |    1.192846 |    1.192819 |    1.192983 |    1.193511 |    1.193406 |    1.193180 |    1.193076 |    1.193107 |    1.193468 |    1.193499 |    1.192918 |    1.193970 |    1.193180 |    1.192889 |    1.192729 |    1.192874 |    1.192865 |    1.192850 |    1.192784 |    1.193266 |    1.193171 |    1.193176 |    1.193135 |    1.192824 |    1.192924 |    1.192806 |    1.195359 |    1.193227 |    1.192810 |    1.194868 |    1.192746 |    1.195357 |    1.194877 |    1.193458 |    1.193566 |    1.192740 |    1.192736 |    1.193102 |    1.194036 |    1.193499 |    1.193074 |    1.192856 |    1.193483 |    1.192735 |    1.193502 |    1.193502 |    1.192808 |    1.193099 |    1.192742 |    1.192791 |    1.192737 |    1.192734 |    1.193195 |     1.195394 |     1.193184 |     1.193152 |     1.193053 |     1.193127 |     1.192813 |     1.192824 |     1.193944 |     1.192813 |     1.192734 |     1.194086 |     1.193104 |     1.193231 |     1.193087 |     1.193223 |     1.193225 |     1.192726 |     1.192815 |     1.192728 |     1.192872 |     1.193475 |     1.192723 |     1.193619 |     1.193129 |     1.193134 |     1.193171 |     1.193100 |     1.193646 |     1.193101 |     1.192824 |     1.192826 |     1.193131 |     1.192741 |     1.192798 |     1.193278 |     1.192747 |     1.192723 |     1.193404 |     1.192757 |     1.193208 |     1.192917 |     1.193207 |     1.193210 |     1.193188 |     1.193258 |     1.193104 |     1.193498 |     1.193189 |     1.192959 |     1.193130 |     1.193108 |     1.192886 |     1.192742 |     1.192801 |     1.192755 |     1.193941 |     1.192740 |     1.192856 |     1.193160 |     1.193097 |     1.192882 |     1.193005 |     1.192847 |     1.192883 |     1.193218 |     1.192825 |     1.193172 |     1.192795 |     1.192735 |     1.192887 |     1.193105 |     1.192735 |     1.193422 |     1.193995 |     1.192747 |     1.193129 |     1.193167 |     1.193130 |     1.193099 |     1.193165 |     1.192745 |     1.193099 |     1.193224 |     1.192752 |     1.192855 |     1.192823 |     1.192823 |     1.192953 |     1.192819 |     1.193196 |     1.192856 |     1.192950 |
|     call count    |          1 |          1 |          1 |          1 |          1 |          1 |          1 |          1 |          1 |          1 |           1 |           1 |           1 |           1 |           1 |           1 |           1 |           1 |           1 |           1 |           1 |           1 |           1 |           1 |           1 |           1 |           1 |           1 |           1 |           1 |           1 |           1 |           1 |           1 |           1 |           1 |           1 |           1 |           1 |           1 |           1 |           1 |           1 |           1 |           1 |           1 |           1 |           1 |           1 |           1 |           1 |           1 |           1 |           1 |           1 |           1 |           1 |           1 |           1 |           1 |           1 |           1 |           1 |           1 |           1 |           1 |           1 |           1 |           1 |           1 |           1 |           1 |           1 |           1 |           1 |           1 |           1 |           1 |           1 |           1 |           1 |           1 |           1 |           1 |           1 |           1 |           1 |           1 |           1 |           1 |           1 |           1 |           1 |           1 |           1 |           1 |           1 |           1 |           1 |           1 |            1 |            1 |            1 |            1 |            1 |            1 |            1 |            1 |            1 |            1 |            1 |            1 |            1 |            1 |            1 |            1 |            1 |            1 |            1 |            1 |            1 |            1 |            1 |            1 |            1 |            1 |            1 |            1 |            1 |            1 |            1 |            1 |            1 |            1 |            1 |            1 |            1 |            1 |            1 |            1 |            1 |            1 |            1 |            1 |            1 |            1 |            1 |            1 |            1 |            1 |            1 |            1 |            1 |            1 |            1 |            1 |            1 |            1 |            1 |            1 |            1 |            1 |            1 |            1 |            1 |            1 |            1 |            1 |            1 |            1 |            1 |            1 |            1 |            1 |            1 |            1 |            1 |            1 |            1 |            1 |            1 |            1 |            1 |            1 |            1 |            1 |            1 |            1 |            1 |            1 |            1 |            1 |
+-------------------+------------+------------+------------+------------+------------+------------+------------+------------+------------+------------+-------------+-------------+-------------+-------------+-------------+-------------+-------------+-------------+-------------+-------------+-------------+-------------+-------------+-------------+-------------+-------------+-------------+-------------+-------------+-------------+-------------+-------------+-------------+-------------+-------------+-------------+-------------+-------------+-------------+-------------+-------------+-------------+-------------+-------------+-------------+-------------+-------------+-------------+-------------+-------------+-------------+-------------+-------------+-------------+-------------+-------------+-------------+-------------+-------------+-------------+-------------+-------------+-------------+-------------+-------------+-------------+-------------+-------------+-------------+-------------+-------------+-------------+-------------+-------------+-------------+-------------+-------------+-------------+-------------+-------------+-------------+-------------+-------------+-------------+-------------+-------------+-------------+-------------+-------------+-------------+-------------+-------------+-------------+-------------+-------------+-------------+-------------+-------------+-------------+-------------+--------------+--------------+--------------+--------------+--------------+--------------+--------------+--------------+--------------+--------------+--------------+--------------+--------------+--------------+--------------+--------------+--------------+--------------+--------------+--------------+--------------+--------------+--------------+--------------+--------------+--------------+--------------+--------------+--------------+--------------+--------------+--------------+--------------+--------------+--------------+--------------+--------------+--------------+--------------+--------------+--------------+--------------+--------------+--------------+--------------+--------------+--------------+--------------+--------------+--------------+--------------+--------------+--------------+--------------+--------------+--------------+--------------+--------------+--------------+--------------+--------------+--------------+--------------+--------------+--------------+--------------+--------------+--------------+--------------+--------------+--------------+--------------+--------------+--------------+--------------+--------------+--------------+--------------+--------------+--------------+--------------+--------------+--------------+--------------+--------------+--------------+--------------+--------------+--------------+--------------+--------------+--------------+
+-------------------------------+---------+------------+------------+------------+------------+------------+------------+------------+------------+------------+------------+-------------+-------------+-------------+-------------+-------------+-------------+-------------+-------------+-------------+-------------+-------------+-------------+-------------+-------------+-------------+-------------+-------------+-------------+-------------+-------------+-------------+-------------+-------------+-------------+-------------+-------------+-------------+-------------+-------------+-------------+-------------+-------------+-------------+-------------+-------------+-------------+-------------+-------------+-------------+-------------+-------------+-------------+-------------+-------------+-------------+-------------+-------------+-------------+-------------+-------------+-------------+-------------+-------------+-------------+-------------+-------------+-------------+-------------+-------------+-------------+-------------+-------------+-------------+-------------+-------------+-------------+-------------+-------------+-------------+-------------+-------------+-------------+-------------+-------------+-------------+-------------+-------------+-------------+-------------+-------------+-------------+-------------+-------------+-------------+-------------+-------------+-------------+-------------+-------------+-------------+--------------+--------------+--------------+--------------+--------------+--------------+--------------+--------------+--------------+--------------+--------------+--------------+--------------+--------------+--------------+--------------+--------------+--------------+--------------+--------------+--------------+--------------+--------------+--------------+--------------+--------------+--------------+--------------+--------------+--------------+--------------+--------------+--------------+--------------+--------------+--------------+--------------+--------------+--------------+--------------+--------------+--------------+--------------+--------------+--------------+--------------+--------------+--------------+--------------+--------------+--------------+--------------+--------------+--------------+--------------+--------------+--------------+--------------+--------------+--------------+--------------+--------------+--------------+--------------+--------------+--------------+--------------+--------------+--------------+--------------+--------------+--------------+--------------+--------------+--------------+--------------+--------------+--------------+--------------+--------------+--------------+--------------+--------------+--------------+--------------+--------------+--------------+--------------+--------------+--------------+--------------+--------------+
|             Event             | Counter | HWThread 0 | HWThread 1 | HWThread 2 | HWThread 3 | HWThread 4 | HWThread 5 | HWThread 6 | HWThread 7 | HWThread 8 | HWThread 9 | HWThread 10 | HWThread 11 | HWThread 12 | HWThread 13 | HWThread 14 | HWThread 15 | HWThread 16 | HWThread 17 | HWThread 18 | HWThread 19 | HWThread 20 | HWThread 21 | HWThread 22 | HWThread 23 | HWThread 24 | HWThread 25 | HWThread 26 | HWThread 27 | HWThread 28 | HWThread 29 | HWThread 30 | HWThread 31 | HWThread 32 | HWThread 33 | HWThread 34 | HWThread 35 | HWThread 36 | HWThread 37 | HWThread 38 | HWThread 39 | HWThread 40 | HWThread 41 | HWThread 42 | HWThread 43 | HWThread 44 | HWThread 45 | HWThread 46 | HWThread 47 | HWThread 48 | HWThread 49 | HWThread 50 | HWThread 51 | HWThread 52 | HWThread 53 | HWThread 54 | HWThread 55 | HWThread 56 | HWThread 57 | HWThread 58 | HWThread 59 | HWThread 60 | HWThread 61 | HWThread 62 | HWThread 63 | HWThread 64 | HWThread 65 | HWThread 66 | HWThread 67 | HWThread 68 | HWThread 69 | HWThread 70 | HWThread 71 | HWThread 72 | HWThread 73 | HWThread 74 | HWThread 75 | HWThread 76 | HWThread 77 | HWThread 78 | HWThread 79 | HWThread 80 | HWThread 81 | HWThread 82 | HWThread 83 | HWThread 84 | HWThread 85 | HWThread 86 | HWThread 87 | HWThread 88 | HWThread 89 | HWThread 90 | HWThread 91 | HWThread 92 | HWThread 93 | HWThread 94 | HWThread 95 | HWThread 96 | HWThread 97 | HWThread 98 | HWThread 99 | HWThread 100 | HWThread 101 | HWThread 102 | HWThread 103 | HWThread 104 | HWThread 105 | HWThread 106 | HWThread 107 | HWThread 108 | HWThread 109 | HWThread 110 | HWThread 111 | HWThread 112 | HWThread 113 | HWThread 114 | HWThread 115 | HWThread 116 | HWThread 117 | HWThread 118 | HWThread 119 | HWThread 120 | HWThread 121 | HWThread 122 | HWThread 123 | HWThread 124 | HWThread 125 | HWThread 126 | HWThread 127 | HWThread 128 | HWThread 129 | HWThread 130 | HWThread 131 | HWThread 132 | HWThread 133 | HWThread 134 | HWThread 135 | HWThread 136 | HWThread 137 | HWThread 138 | HWThread 139 | HWThread 140 | HWThread 141 | HWThread 142 | HWThread 143 | HWThread 144 | HWThread 145 | HWThread 146 | HWThread 147 | HWThread 148 | HWThread 149 | HWThread 150 | HWThread 151 | HWThread 152 | HWThread 153 | HWThread 154 | HWThread 155 | HWThread 156 | HWThread 157 | HWThread 158 | HWThread 159 | HWThread 160 | HWThread 161 | HWThread 162 | HWThread 163 | HWThread 164 | HWThread 165 | HWThread 166 | HWThread 167 | HWThread 168 | HWThread 169 | HWThread 170 | HWThread 171 | HWThread 172 | HWThread 173 | HWThread 174 | HWThread 175 | HWThread 176 | HWThread 177 | HWThread 178 | HWThread 179 | HWThread 180 | HWThread 181 | HWThread 182 | HWThread 183 | HWThread 184 | HWThread 185 | HWThread 186 | HWThread 187 | HWThread 188 | HWThread 189 | HWThread 190 | HWThread 191 |
+-------------------------------+---------+------------+------------+------------+------------+------------+------------+------------+------------+------------+------------+-------------+-------------+-------------+-------------+-------------+-------------+-------------+-------------+-------------+-------------+-------------+-------------+-------------+-------------+-------------+-------------+-------------+-------------+-------------+-------------+-------------+-------------+-------------+-------------+-------------+-------------+-------------+-------------+-------------+-------------+-------------+-------------+-------------+-------------+-------------+-------------+-------------+-------------+-------------+-------------+-------------+-------------+-------------+-------------+-------------+-------------+-------------+-------------+-------------+-------------+-------------+-------------+-------------+-------------+-------------+-------------+-------------+-------------+-------------+-------------+-------------+-------------+-------------+-------------+-------------+-------------+-------------+-------------+-------------+-------------+-------------+-------------+-------------+-------------+-------------+-------------+-------------+-------------+-------------+-------------+-------------+-------------+-------------+-------------+-------------+-------------+-------------+-------------+-------------+-------------+--------------+--------------+--------------+--------------+--------------+--------------+--------------+--------------+--------------+--------------+--------------+--------------+--------------+--------------+--------------+--------------+--------------+--------------+--------------+--------------+--------------+--------------+--------------+--------------+--------------+--------------+--------------+--------------+--------------+--------------+--------------+--------------+--------------+--------------+--------------+--------------+--------------+--------------+--------------+--------------+--------------+--------------+--------------+--------------+--------------+--------------+--------------+--------------+--------------+--------------+--------------+--------------+--------------+--------------+--------------+--------------+--------------+--------------+--------------+--------------+--------------+--------------+--------------+--------------+--------------+--------------+--------------+--------------+--------------+--------------+--------------+--------------+--------------+--------------+--------------+--------------+--------------+--------------+--------------+--------------+--------------+--------------+--------------+--------------+--------------+--------------+--------------+--------------+--------------+--------------+--------------+--------------+
|        ACTUAL_CPU_CLOCK       |  FIXC1  | 2268206000 | 2267231000 | 2269283000 | 2266693000 | 2268101000 | 2268083000 | 2268236000 | 2267174000 | 2267217000 | 2267549000 |  2268164000 |  2267359000 |  2267945000 |  2267720000 |  2267831000 |  2268988000 |  2267365000 |  2269504000 |  2268492000 |  2269580000 |  2268549000 |  2267345000 |  2270067000 |  2268430000 |  2267803000 |  2267868000 |  2268375000 |  2268249000 |  2268179000 |  2267391000 |  2269195000 |  2267231000 |  2266611000 |  2267278000 |  2267146000 |  2266860000 |  2267834000 |  2269537000 |  2268532000 |  2268256000 |  2267527000 |  2267831000 |  2267803000 |  2267212000 |  2267729000 |  2266976000 |  2268824000 |  2266985000 |  2266953000 |  2267008000 |  2269571000 |  2269566000 |  2268357000 |  2268635000 |  2268559000 |  2268039000 |  2268702000 |  2267814000 |  2268914000 |  2269270000 |  2268403000 |  2267705000 |  2267592000 |  2267548000 |  2268220000 |  2268451000 |  2269156000 |  2269154000 |  2269104000 |  2269128000 |  2268207000 |  2268536000 |  2268440000 |  2269307000 |  2268329000 |  2268452000 |  2269162000 |  2268758000 |  2269617000 |  2268836000 |  2268866000 |  2269601000 |  2267262000 |  2268284000 |  2269475000 |  2268746000 |  2269613000 |  2268771000 |  2267321000 |  2268190000 |  2268634000 |  2268074000 |  2268127000 |  2266945000 |  2267453000 |  2266887000 |  2267563000 |  2268222000 |  2267639000 |  2269135000 |   2269207000 |   2268524000 |   2268059000 |   2268200000 |   2268123000 |   2268260000 |   2268369000 |   2268879000 |   2267553000 |   2267517000 |   2268720000 |   2269195000 |   2268000000 |   2267735000 |   2268376000 |   2267981000 |   2267020000 |   2267576000 |   2267125000 |   2266948000 |   2269605000 |   2268650000 |   2269634000 |   2269129000 |   2269149000 |   2269221000 |   2269584000 |   2269605000 |   2267979000 |   2268452000 |   2268516000 |   2269231000 |   2268611000 |   2268420000 |   2268257000 |   2268501000 |   2268396000 |   2268300000 |   2267721000 |   2268301000 |   2266868000 |   2268453000 |   2269239000 |   2268367000 |   2269268000 |   2268170000 |   2269578000 |   2268354000 |   2268280000 |   2268267000 |   2269054000 |   2268213000 |   2267899000 |   2267168000 |   2267278000 |   2269681000 |   2268322000 |   2267119000 |   2267634000 |   2268866000 |   2268326000 |   2269373000 |   2268554000 |   2268032000 |   2268161000 |   2267541000 |   2267782000 |   2268359000 |   2267779000 |   2267602000 |   2268037000 |   2266724000 |   2269481000 |   2269542000 |   2267968000 |   2268100000 |   2268143000 |   2269309000 |   2269487000 |   2269208000 |   2267380000 |   2269490000 |   2268675000 |   2268387000 |   2267195000 |   2266855000 |   2267741000 |   2267646000 |   2268470000 |   2269453000 |   2268436000 |   2267735000 |
|         MAX_CPU_CLOCK         |  FIXC2  | 2865148000 | 2864515000 | 2866059000 | 2863741000 | 2864979000 | 2864867000 | 2866224000 | 2864862000 | 2864448000 | 2863829000 |  2866230000 |  2864649000 |  2865447000 |  2865380000 |  2865405000 |  2865838000 |  2864019000 |  2867416000 |  2865146000 |  2867436000 |  2866859000 |  2864032000 |  2868226000 |  2865061000 |  2865326000 |  2865311000 |  2864876000 |  2866144000 |  2866268000 |  2864695000 |  2865996000 |  2862914000 |  2862416000 |  2864558000 |  2864782000 |  2862352000 |  2863656000 |  2867005000 |  2865137000 |  2865739000 |  2864069000 |  2864766000 |  2865339000 |  2863507000 |  2865254000 |  2863814000 |  2865613000 |  2863860000 |  2863512000 |  2863729000 |  2867338000 |  2867327000 |  2865138000 |  2865286000 |  2865179000 |  2865132000 |  2866330000 |  2864242000 |  2866766000 |  2865717000 |  2864988000 |  2864180000 |  2864585000 |  2864534000 |  2865264000 |  2864995000 |  2865984000 |  2866098000 |  2865959000 |  2866054000 |  2865252000 |  2865049000 |  2865569000 |  2867294000 |  2864881000 |  2865465000 |  2867123000 |  2865480000 |  2868177000 |  2867390000 |  2866663000 |  2867512000 |  2864704000 |  2865137000 |  2866186000 |  2866444000 |  2867480000 |  2865357000 |  2865042000 |  2866668000 |  2865276000 |  2865007000 |  2865193000 |  2863286000 |  2863553000 |  2862939000 |  2864405000 |  2865240000 |  2863992000 |  2865974000 |   2867057000 |   2864854000 |   2865473000 |   2865604000 |   2864726000 |   2865349000 |   2864974000 |   2866707000 |   2864541000 |   2864331000 |   2866372000 |   2866166000 |   2865504000 |   2865379000 |   2864939000 |   2865451000 |   2864575000 |   2864582000 |   2864772000 |   2864511000 |   2867496000 |   2865338000 |   2867636000 |   2865977000 |   2866074000 |   2866190000 |   2866082000 |   2867545000 |   2864693000 |   2865498000 |   2865154000 |   2866184000 |   2865151000 |   2865424000 |   2865140000 |   2865543000 |   2865330000 |   2866395000 |   2864774000 |   2865961000 |   2863196000 |   2865121000 |   2866081000 |   2864966000 |   2866034000 |   2864962000 |   2867305000 |   2865142000 |   2865092000 |   2865832000 |   2866112000 |   2865042000 |   2864415000 |   2864823000 |   2864832000 |   2867688000 |   2865294000 |   2864352000 |   2863643000 |   2865858000 |   2865520000 |   2866070000 |   2865719000 |   2865023000 |   2865503000 |   2864400000 |   2865415000 |   2865385000 |   2864650000 |   2863877000 |   2864763000 |   2863251000 |   2867407000 |   2867497000 |   2864506000 |   2864752000 |   2864723000 |   2866166000 |   2866396000 |   2866165000 |   2864497000 |   2866293000 |   2865324000 |   2865337000 |   2864931000 |   2863039000 |   2864127000 |   2863962000 |   2865636000 |   2866189000 |   2865046000 |   2864179000 |
|      RETIRED_INSTRUCTIONS     |   PMC0  | 5916043000 | 5919837000 | 5919429000 | 5919550000 | 5919574000 | 5919547000 | 5919328000 | 5919455000 | 5918431000 | 5918432000 |  5918237000 |  5918390000 |  5918358000 |  5918352000 |  5917916000 |  5918346000 |  5915820000 |  5914202000 |  5916098000 |  5916313000 |  5916289000 |  5916007000 |  5916467000 |  5916098000 |  5919338000 |  5919775000 |  5918256000 |  5917503000 |  5919700000 |  5919437000 |  5918426000 |  5919320000 |  5917312000 |  5917388000 |  5906448000 |  5917290000 |  5917480000 |  5917572000 |  5916386000 |  5917386000 |  5915632000 |  5915509000 |  5915678000 |  5915489000 |  5915635000 |  5915510000 |  5915482000 |  5915560000 |  5919715000 |  5918162000 |  5918550000 |  5920296000 |  5919996000 |  5920016000 |  5918190000 |  5919792000 |  5919902000 |  5919647000 |  5918123000 |  5919813000 |  5919505000 |  5919386000 |  5917487000 |  5919383000 |  5917945000 |  5918162000 |  5916328000 |  5918066000 |  5917967000 |  5917898000 |  5916045000 |  5917252000 |  5906233000 |  5907107000 |  5906198000 |  5906210000 |  5906981000 |  5906162000 |  5906910000 |  5906936000 |  5906396000 |  5905891000 |  5905933000 |  5906155000 |  5906324000 |  5906565000 |  5906120000 |  5906274000 |  5906015000 |  5906207000 |  5905844000 |  5906183000 |  5906207000 |  5906062000 |  5905989000 |  5905989000 |  5919756000 |  5919953000 |  5916920000 |  5920120000 |   5920828000 |   5920091000 |   5917108000 |   5919761000 |   5917068000 |   5915881000 |   5914024000 |   5918881000 |   5918501000 |   5918429000 |   5915987000 |   5918571000 |   5918477000 |   5918405000 |   5907653000 |   5918477000 |   5918310000 |   5918355000 |   5915046000 |   5918330000 |   5919884000 |   5919999000 |   5917303000 |   5919963000 |   5917758000 |   5920019000 |   5917015000 |   5919954000 |   5917757000 |   5917685000 |   5914648000 |   5917800000 |   5917631000 |   5917659000 |   5914787000 |   5917638000 |   5917596000 |   5917837000 |   5914592000 |   5917741000 |   5917621000 |   5917737000 |   5914660000 |   5917549000 |   5919878000 |   5920044000 |   5917299000 |   5920137000 |   5919802000 |   5919902000 |   5916988000 |   5913855000 |   5918727000 |   5918946000 |   5915542000 |   5919203000 |   5918658000 |   5918824000 |   5915703000 |   5918847000 |   5916679000 |   5912546000 |   5915829000 |   5918972000 |   5919089000 |   5918776000 |   5915950000 |   5918091000 |   5919566000 |   5920135000 |   5917136000 |   5919947000 |   5920256000 |   5920324000 |   5914732000 |   5919925000 |   5918114000 |   5918113000 |   5915119000 |   5918111000 |   5918019000 |   5918042000 |   5915188000 |   5917970000 |   5917571000 |   5917602000 |   5915154000 |   5917618000 |   5917543000 |   5917709000 |   5915080000 |   5917543000 |
|      CPU_CLOCKS_UNHALTED      |   PMC1  | 2237827000 | 2237548000 | 2237811000 | 2237255000 | 2237582000 | 2237472000 | 2238547000 | 2237442000 | 2229961000 | 2229923000 |  2230979000 |  2229883000 |  2230523000 |  2230415000 |  2230724000 |  2230632000 |  2217810000 |  2221452000 |  2219270000 |  2219972000 |  2219967000 |  2218784000 |  2223189000 |  2219482000 |  2236732000 |  2236652000 |  2236053000 |  2237110000 |  2237116000 |  2235927000 |  2236859000 |  2236404000 |  2225991000 |  2226356000 |  2226708000 |  2225889000 |  2226788000 |  2227220000 |  2226715000 |  2226800000 |  2223610000 |  2223054000 |  2224082000 |  2222941000 |  2223995000 |  2223072000 |  2224167000 |  2223095000 |  2238758000 |  2238864000 |  2239832000 |  2239520000 |  2238916000 |  2239198000 |  2239286000 |  2239621000 |  2236987000 |  2236051000 |  2237663000 |  2236366000 |  2235874000 |  2235674000 |  2235697000 |  2235882000 |  2231124000 |  2231202000 |  2231819000 |  2231728000 |  2232027000 |  2231496000 |  2231207000 |  2231508000 |  2224321000 |  2228850000 |  2225146000 |  2224269000 |  2228335000 |  2224391000 |  2229044000 |  2228142000 |  2227099000 |  2227166000 |  2225927000 |  2225741000 |  2226657000 |  2227666000 |  2227081000 |  2226608000 |  2230514000 |  2231990000 |  2230935000 |  2231939000 |  2232006000 |  2231127000 |  2231600000 |  2230951000 |  2238919000 |  2238314000 |  2238509000 |  2239488000 |   2243572000 |   2239459000 |   2239406000 |   2239249000 |   2233265000 |   2232804000 |   2232498000 |   2234338000 |   2232752000 |   2232363000 |   2234881000 |   2232934000 |   2238531000 |   2238388000 |   2238755000 |   2238940000 |   2238345000 |   2238169000 |   2237849000 |   2238111000 |   2239472000 |   2238184000 |   2239659000 |   2238929000 |   2238573000 |   2239081000 |   2239037000 |   2239456000 |   2229463000 |   2229122000 |   2229094000 |   2229426000 |   2228852000 |   2228867000 |   2229679000 |   2229093000 |   2234083000 |   2235492000 |   2234727000 |   2235159000 |   2234834000 |   2235486000 |   2235110000 |   2235452000 |   2239776000 |   2239386000 |   2240214000 |   2239701000 |   2238985000 |   2239488000 |   2239549000 |   2238911000 |   2232530000 |   2232796000 |   2232608000 |   2234474000 |   2232470000 |   2232802000 |   2233272000 |   2233086000 |   2240068000 |   2240148000 |   2239984000 |   2240501000 |   2240896000 |   2239869000 |   2240562000 |   2240078000 |   2237728000 |   2238122000 |   2238410000 |   2237948000 |   2239222000 |   2239688000 |   2238027000 |   2238012000 |   2229015000 |   2229034000 |   2228937000 |   2229025000 |   2228621000 |   2228942000 |   2229152000 |   2228490000 |   2234360000 |   2233937000 |   2234485000 |   2234770000 |   2234572000 |   2235002000 |   2234381000 |   2234754000 |
| REQUESTS_TO_L2_GRP1_ALL_NO_PF |   PMC2  |  537071700 |  537052300 |  537053600 |  537053700 |  537053400 |  537047300 |  537053200 |  537054000 |  537039000 |  537052700 |   537053800 |   537047000 |   537054200 |   537046100 |   537054600 |   537053000 |   537046000 |   537092700 |   537044100 |   537055800 |   537054100 |   537046900 |   537053700 |   537054400 |   537048800 |   537054700 |   537057100 |   537093400 |   537054100 |   537049200 |   537053700 |   537054600 |   537046600 |   537055900 |   537210800 |   537053900 |   537053400 |   537048200 |   537056500 |   537054800 |   537044300 |   537055100 |   537049100 |   537049300 |   537046600 |   537049200 |   537049100 |   537033600 |   537047900 |   537087600 |   537054900 |   537055900 |   537053400 |   537050300 |   537053000 |   537056900 |   537040100 |   537054000 |   537056600 |   537048800 |   537049500 |   537047900 |   537055700 |   537052900 |   537042700 |   537053300 |   537055600 |   537053600 |   537054400 |   537049000 |   537056200 |   537054400 |   537183600 |   537204500 |   537206800 |   537192000 |   537199200 |   537199700 |   537197700 |   537193700 |   537187900 |   537208400 |   537207900 |   537200200 |   537199700 |   537193600 |   537205600 |   537198800 |   537193700 |   537199500 |   537200400 |   537191100 |   537194100 |   537192900 |   537203500 |   537134800 |   537047800 |   537055000 |   537056200 |   537054100 |    537053000 |    537048200 |    537054800 |    537055000 |    537071300 |    537097600 |    537081900 |    537054900 |    537053300 |    537047800 |    537056800 |    537055400 |    537049000 |    537049200 |    537156500 |    537047700 |    537047500 |    537048800 |    537055000 |    537028700 |    537047100 |    537055800 |    537050500 |    537057300 |    537083900 |    537046600 |    537048200 |    537056200 |    537049800 |    537055000 |    537053700 |    537055400 |    537052800 |    537050400 |    537057100 |    537054800 |    537050400 |    537053400 |    537048700 |    537054700 |    537053600 |    537047700 |    537052400 |    537038300 |    537046700 |    537052700 |    537056800 |    537053700 |    537054700 |    537050400 |    537051700 |    537143000 |    537047800 |    537054000 |    537053600 |    537058000 |    537053900 |    537046400 |    537057300 |    537053900 |    537075400 |    537153400 |    537051600 |    537047400 |    537047500 |    537047700 |    537056800 |    537029500 |    537019100 |    537044600 |    537047200 |    537045300 |    537045200 |    537042100 |    537081800 |    537046300 |    537039000 |    537045300 |    537046600 |    537047200 |    537044500 |    537039800 |    537046600 |    537046900 |    537039400 |    537046000 |    537049700 |    537046200 |    537047500 |    537040600 |    537047300 |    537033300 |
|        L2_PF_HIT_IN_L2        |   PMC3  |  836404000 |  823406400 |  772346300 |  821651800 |  824625200 |  828192000 |  746805000 |  830151200 |  823010100 |  821512000 |   771413000 |   822411800 |   825246300 |   829235500 |   750632700 |   828798600 |   823755500 |   838285900 |   771429000 |   821440300 |   825977400 |   828893900 |   746315800 |   828530600 |   824495600 |   821905000 |   761277400 |   844628000 |   825490500 |   829739600 |   748676000 |   830429900 |   823682100 |   821742600 |   845387400 |   823832700 |   825875500 |   828657500 |   759224000 |   829505900 |   821814800 |   820769600 |   758959000 |   822826300 |   824488900 |   829005800 |   819966300 |   686243300 |   822399400 |   835598100 |   771360900 |   825530700 |   830572500 |   829761500 |   746536100 |   830862900 |   824373000 |   825448200 |   769167000 |   823058300 |   826347100 |   828939600 |   819891100 |   831763500 |   823784600 |   824418000 |   770221800 |   822698900 |   827344500 |   829550000 |   746600700 |   689895900 |   873769600 |   880364300 |   811479500 |   894665000 |   888115600 |   890186200 |   891096500 |   886644400 |   886019000 |   900483800 |   800816800 |   880420600 |   887888700 |   898601900 |   842157600 |   888017300 |   885607500 |   876929900 |   793601300 |   883693600 |   887239400 |   882996100 |   818899500 |   718549600 |   823693000 |   824176100 |   785771700 |   824996900 |    828923800 |    831563800 |    817714800 |    832017600 |    836527900 |    844084200 |    786941400 |    826636400 |    827963300 |    831290600 |    789851500 |    833155900 |    826061900 |    825994700 |    806081900 |    824070800 |    827218700 |    832192600 |    798138700 |    692086700 |    822858600 |    826928900 |    786318800 |    826427100 |    844671800 |    831931300 |    790671400 |    833027700 |    828669100 |    825037600 |    787932800 |    826374600 |    828729000 |    832448200 |    800712800 |    833600800 |    828240000 |    824030600 |    786391400 |    825214200 |    830507100 |    830124800 |    818783600 |    689436500 |    822113000 |    828132800 |    787009200 |    826648300 |    830820300 |    832356300 |    802142500 |    870301900 |    828734600 |    825479400 |    787273500 |    828203200 |    831786700 |    833580700 |    820638900 |    835104400 |    839441800 |    862258900 |    790143900 |    825866000 |    828889200 |    833720000 |    799380000 |    690726600 |    824081500 |    828014300 |    789290900 |    828208900 |    832348100 |    834678600 |    837783000 |    834863700 |    829426400 |    826986500 |    787569300 |    828179000 |    830039800 |    835132000 |    801420400 |    833876600 |    829480800 |    826491000 |    791381700 |    827189000 |    829626600 |    834564500 |    794127600 |    693139400 |
+-------------------------------+---------+------------+------------+------------+------------+------------+------------+------------+------------+------------+------------+-------------+-------------+-------------+-------------+-------------+-------------+-------------+-------------+-------------+-------------+-------------+-------------+-------------+-------------+-------------+-------------+-------------+-------------+-------------+-------------+-------------+-------------+-------------+-------------+-------------+-------------+-------------+-------------+-------------+-------------+-------------+-------------+-------------+-------------+-------------+-------------+-------------+-------------+-------------+-------------+-------------+-------------+-------------+-------------+-------------+-------------+-------------+-------------+-------------+-------------+-------------+-------------+-------------+-------------+-------------+-------------+-------------+-------------+-------------+-------------+-------------+-------------+-------------+-------------+-------------+-------------+-------------+-------------+-------------+-------------+-------------+-------------+-------------+-------------+-------------+-------------+-------------+-------------+-------------+-------------+-------------+-------------+-------------+-------------+-------------+-------------+-------------+-------------+-------------+-------------+--------------+--------------+--------------+--------------+--------------+--------------+--------------+--------------+--------------+--------------+--------------+--------------+--------------+--------------+--------------+--------------+--------------+--------------+--------------+--------------+--------------+--------------+--------------+--------------+--------------+--------------+--------------+--------------+--------------+--------------+--------------+--------------+--------------+--------------+--------------+--------------+--------------+--------------+--------------+--------------+--------------+--------------+--------------+--------------+--------------+--------------+--------------+--------------+--------------+--------------+--------------+--------------+--------------+--------------+--------------+--------------+--------------+--------------+--------------+--------------+--------------+--------------+--------------+--------------+--------------+--------------+--------------+--------------+--------------+--------------+--------------+--------------+--------------+--------------+--------------+--------------+--------------+--------------+--------------+--------------+--------------+--------------+--------------+--------------+--------------+--------------+--------------+--------------+--------------+--------------+--------------+--------------+
+------------------------------------+---------+---------------+------------+------------+--------------+
|                Event               | Counter |      Sum      |     Min    |     Max    |      Avg     |
+------------------------------------+---------+---------------+------------+------------+--------------+
|        ACTUAL_CPU_CLOCK STAT       |  FIXC1  |  435508323000 | 2266611000 | 2270067000 | 2.268273e+09 |
|         MAX_CPU_CLOCK STAT         |  FIXC2  |  550144278000 | 2862352000 | 2868226000 | 2.865335e+09 |
|      RETIRED_INSTRUCTIONS STAT     |   PMC0  | 1135931117000 | 5905844000 | 5920828000 | 5.916308e+09 |
|      CPU_CLOCKS_UNHALTED STAT      |   PMC1  |  428764548000 | 2217810000 | 2243572000 | 2.233149e+09 |
| REQUESTS_TO_L2_GRP1_ALL_NO_PF STAT |   PMC2  |  103117903900 |  537019100 |  537210800 | 5.370724e+08 |
|        L2_PF_HIT_IN_L2 STAT        |   PMC3  |  157398337300 |  686243300 |  900483800 | 8.197830e+08 |
+------------------------------------+---------+---------------+------------+------------+--------------+
+-------------------------------+------------+------------+------------+------------+------------+------------+------------+------------+------------+------------+-------------+-------------+-------------+-------------+-------------+-------------+-------------+-------------+-------------+-------------+-------------+-------------+-------------+-------------+-------------+-------------+-------------+-------------+-------------+-------------+-------------+-------------+-------------+-------------+-------------+-------------+-------------+-------------+-------------+-------------+-------------+-------------+-------------+-------------+-------------+-------------+-------------+-------------+-------------+-------------+-------------+-------------+-------------+-------------+-------------+-------------+-------------+-------------+-------------+-------------+-------------+-------------+-------------+-------------+-------------+-------------+-------------+-------------+-------------+-------------+-------------+-------------+-------------+-------------+-------------+-------------+-------------+-------------+-------------+-------------+-------------+-------------+-------------+-------------+-------------+-------------+-------------+-------------+-------------+-------------+-------------+-------------+-------------+-------------+-------------+-------------+-------------+-------------+-------------+-------------+--------------+--------------+--------------+--------------+--------------+--------------+--------------+--------------+--------------+--------------+--------------+--------------+--------------+--------------+--------------+--------------+--------------+--------------+--------------+--------------+--------------+--------------+--------------+--------------+--------------+--------------+--------------+--------------+--------------+--------------+--------------+--------------+--------------+--------------+--------------+--------------+--------------+--------------+--------------+--------------+--------------+--------------+--------------+--------------+--------------+--------------+--------------+--------------+--------------+--------------+--------------+--------------+--------------+--------------+--------------+--------------+--------------+--------------+--------------+--------------+--------------+--------------+--------------+--------------+--------------+--------------+--------------+--------------+--------------+--------------+--------------+--------------+--------------+--------------+--------------+--------------+--------------+--------------+--------------+--------------+--------------+--------------+--------------+--------------+--------------+--------------+--------------+--------------+--------------+--------------+--------------+--------------+
|             Metric            | HWThread 0 | HWThread 1 | HWThread 2 | HWThread 3 | HWThread 4 | HWThread 5 | HWThread 6 | HWThread 7 | HWThread 8 | HWThread 9 | HWThread 10 | HWThread 11 | HWThread 12 | HWThread 13 | HWThread 14 | HWThread 15 | HWThread 16 | HWThread 17 | HWThread 18 | HWThread 19 | HWThread 20 | HWThread 21 | HWThread 22 | HWThread 23 | HWThread 24 | HWThread 25 | HWThread 26 | HWThread 27 | HWThread 28 | HWThread 29 | HWThread 30 | HWThread 31 | HWThread 32 | HWThread 33 | HWThread 34 | HWThread 35 | HWThread 36 | HWThread 37 | HWThread 38 | HWThread 39 | HWThread 40 | HWThread 41 | HWThread 42 | HWThread 43 | HWThread 44 | HWThread 45 | HWThread 46 | HWThread 47 | HWThread 48 | HWThread 49 | HWThread 50 | HWThread 51 | HWThread 52 | HWThread 53 | HWThread 54 | HWThread 55 | HWThread 56 | HWThread 57 | HWThread 58 | HWThread 59 | HWThread 60 | HWThread 61 | HWThread 62 | HWThread 63 | HWThread 64 | HWThread 65 | HWThread 66 | HWThread 67 | HWThread 68 | HWThread 69 | HWThread 70 | HWThread 71 | HWThread 72 | HWThread 73 | HWThread 74 | HWThread 75 | HWThread 76 | HWThread 77 | HWThread 78 | HWThread 79 | HWThread 80 | HWThread 81 | HWThread 82 | HWThread 83 | HWThread 84 | HWThread 85 | HWThread 86 | HWThread 87 | HWThread 88 | HWThread 89 | HWThread 90 | HWThread 91 | HWThread 92 | HWThread 93 | HWThread 94 | HWThread 95 | HWThread 96 | HWThread 97 | HWThread 98 | HWThread 99 | HWThread 100 | HWThread 101 | HWThread 102 | HWThread 103 | HWThread 104 | HWThread 105 | HWThread 106 | HWThread 107 | HWThread 108 | HWThread 109 | HWThread 110 | HWThread 111 | HWThread 112 | HWThread 113 | HWThread 114 | HWThread 115 | HWThread 116 | HWThread 117 | HWThread 118 | HWThread 119 | HWThread 120 | HWThread 121 | HWThread 122 | HWThread 123 | HWThread 124 | HWThread 125 | HWThread 126 | HWThread 127 | HWThread 128 | HWThread 129 | HWThread 130 | HWThread 131 | HWThread 132 | HWThread 133 | HWThread 134 | HWThread 135 | HWThread 136 | HWThread 137 | HWThread 138 | HWThread 139 | HWThread 140 | HWThread 141 | HWThread 142 | HWThread 143 | HWThread 144 | HWThread 145 | HWThread 146 | HWThread 147 | HWThread 148 | HWThread 149 | HWThread 150 | HWThread 151 | HWThread 152 | HWThread 153 | HWThread 154 | HWThread 155 | HWThread 156 | HWThread 157 | HWThread 158 | HWThread 159 | HWThread 160 | HWThread 161 | HWThread 162 | HWThread 163 | HWThread 164 | HWThread 165 | HWThread 166 | HWThread 167 | HWThread 168 | HWThread 169 | HWThread 170 | HWThread 171 | HWThread 172 | HWThread 173 | HWThread 174 | HWThread 175 | HWThread 176 | HWThread 177 | HWThread 178 | HWThread 179 | HWThread 180 | HWThread 181 | HWThread 182 | HWThread 183 | HWThread 184 | HWThread 185 | HWThread 186 | HWThread 187 | HWThread 188 | HWThread 189 | HWThread 190 | HWThread 191 |
+-------------------------------+------------+------------+------------+------------+------------+------------+------------+------------+------------+------------+-------------+-------------+-------------+-------------+-------------+-------------+-------------+-------------+-------------+-------------+-------------+-------------+-------------+-------------+-------------+-------------+-------------+-------------+-------------+-------------+-------------+-------------+-------------+-------------+-------------+-------------+-------------+-------------+-------------+-------------+-------------+-------------+-------------+-------------+-------------+-------------+-------------+-------------+-------------+-------------+-------------+-------------+-------------+-------------+-------------+-------------+-------------+-------------+-------------+-------------+-------------+-------------+-------------+-------------+-------------+-------------+-------------+-------------+-------------+-------------+-------------+-------------+-------------+-------------+-------------+-------------+-------------+-------------+-------------+-------------+-------------+-------------+-------------+-------------+-------------+-------------+-------------+-------------+-------------+-------------+-------------+-------------+-------------+-------------+-------------+-------------+-------------+-------------+-------------+-------------+--------------+--------------+--------------+--------------+--------------+--------------+--------------+--------------+--------------+--------------+--------------+--------------+--------------+--------------+--------------+--------------+--------------+--------------+--------------+--------------+--------------+--------------+--------------+--------------+--------------+--------------+--------------+--------------+--------------+--------------+--------------+--------------+--------------+--------------+--------------+--------------+--------------+--------------+--------------+--------------+--------------+--------------+--------------+--------------+--------------+--------------+--------------+--------------+--------------+--------------+--------------+--------------+--------------+--------------+--------------+--------------+--------------+--------------+--------------+--------------+--------------+--------------+--------------+--------------+--------------+--------------+--------------+--------------+--------------+--------------+--------------+--------------+--------------+--------------+--------------+--------------+--------------+--------------+--------------+--------------+--------------+--------------+--------------+--------------+--------------+--------------+--------------+--------------+--------------+--------------+--------------+--------------+
|      Runtime (RDTSC) [s]      |     1.1928 |     1.1930 |     1.1931 |     1.1927 |     1.1930 |     1.1930 |     1.1934 |     1.1928 |     1.1929 |     1.1929 |      1.1934 |      1.1927 |      1.1932 |      1.1931 |      1.1932 |      1.1932 |      1.1928 |      1.1943 |      1.1932 |      1.1936 |      1.1936 |      1.1929 |      1.1954 |      1.1933 |      1.1932 |      1.1932 |      1.1927 |      1.1934 |      1.1934 |      1.1927 |      1.1932 |      1.1932 |      1.1927 |      1.1930 |      1.1927 |      1.1927 |      1.1932 |      1.1934 |      1.1931 |      1.1931 |      1.1931 |      1.1928 |      1.1932 |      1.1927 |      1.1931 |      1.1927 |      1.1931 |      1.1928 |      1.1928 |      1.1930 |      1.1935 |      1.1934 |      1.1932 |      1.1931 |      1.1931 |      1.1935 |      1.1935 |      1.1929 |      1.1940 |      1.1932 |      1.1929 |      1.1927 |      1.1929 |      1.1929 |      1.1928 |      1.1928 |      1.1933 |      1.1932 |      1.1932 |      1.1931 |      1.1928 |      1.1929 |      1.1928 |      1.1954 |      1.1932 |      1.1928 |      1.1949 |      1.1927 |      1.1954 |      1.1949 |      1.1935 |      1.1936 |      1.1927 |      1.1927 |      1.1931 |      1.1940 |      1.1935 |      1.1931 |      1.1929 |      1.1935 |      1.1927 |      1.1935 |      1.1935 |      1.1928 |      1.1931 |      1.1927 |      1.1928 |      1.1927 |      1.1927 |      1.1932 |       1.1954 |       1.1932 |       1.1932 |       1.1931 |       1.1931 |       1.1928 |       1.1928 |       1.1939 |       1.1928 |       1.1927 |       1.1941 |       1.1931 |       1.1932 |       1.1931 |       1.1932 |       1.1932 |       1.1927 |       1.1928 |       1.1927 |       1.1929 |       1.1935 |       1.1927 |       1.1936 |       1.1931 |       1.1931 |       1.1932 |       1.1931 |       1.1936 |       1.1931 |       1.1928 |       1.1928 |       1.1931 |       1.1927 |       1.1928 |       1.1933 |       1.1927 |       1.1927 |       1.1934 |       1.1928 |       1.1932 |       1.1929 |       1.1932 |       1.1932 |       1.1932 |       1.1933 |       1.1931 |       1.1935 |       1.1932 |       1.1930 |       1.1931 |       1.1931 |       1.1929 |       1.1927 |       1.1928 |       1.1928 |       1.1939 |       1.1927 |       1.1929 |       1.1932 |       1.1931 |       1.1929 |       1.1930 |       1.1928 |       1.1929 |       1.1932 |       1.1928 |       1.1932 |       1.1928 |       1.1927 |       1.1929 |       1.1931 |       1.1927 |       1.1934 |       1.1940 |       1.1927 |       1.1931 |       1.1932 |       1.1931 |       1.1931 |       1.1932 |       1.1927 |       1.1931 |       1.1932 |       1.1928 |       1.1929 |       1.1928 |       1.1928 |       1.1930 |       1.1928 |       1.1932 |       1.1929 |       1.1929 |
|      Runtime unhalted [s]     |     0.9467 |     0.9463 |     0.9472 |     0.9461 |     0.9467 |     0.9467 |     0.9467 |     0.9463 |     0.9463 |     0.9464 |      0.9467 |      0.9464 |      0.9466 |      0.9465 |      0.9466 |      0.9470 |      0.9464 |      0.9473 |      0.9468 |      0.9473 |      0.9469 |      0.9464 |      0.9475 |      0.9468 |      0.9465 |      0.9466 |      0.9468 |      0.9467 |      0.9467 |      0.9464 |      0.9471 |      0.9463 |      0.9460 |      0.9463 |      0.9463 |      0.9462 |      0.9466 |      0.9473 |      0.9468 |      0.9467 |      0.9464 |      0.9466 |      0.9465 |      0.9463 |      0.9465 |      0.9462 |      0.9470 |      0.9462 |      0.9462 |      0.9462 |      0.9473 |      0.9473 |      0.9468 |      0.9469 |      0.9469 |      0.9466 |      0.9469 |      0.9465 |      0.9470 |      0.9472 |      0.9468 |      0.9465 |      0.9465 |      0.9464 |      0.9467 |      0.9468 |      0.9471 |      0.9471 |      0.9471 |      0.9471 |      0.9467 |      0.9469 |      0.9468 |      0.9472 |      0.9468 |      0.9468 |      0.9471 |      0.9469 |      0.9473 |      0.9470 |      0.9470 |      0.9473 |      0.9463 |      0.9467 |      0.9472 |      0.9469 |      0.9473 |      0.9469 |      0.9463 |      0.9467 |      0.9469 |      0.9467 |      0.9467 |      0.9462 |      0.9464 |      0.9462 |      0.9464 |      0.9467 |      0.9465 |      0.9471 |       0.9471 |       0.9468 |       0.9467 |       0.9467 |       0.9467 |       0.9467 |       0.9468 |       0.9470 |       0.9464 |       0.9464 |       0.9469 |       0.9471 |       0.9466 |       0.9465 |       0.9468 |       0.9466 |       0.9462 |       0.9464 |       0.9463 |       0.9462 |       0.9473 |       0.9469 |       0.9473 |       0.9471 |       0.9471 |       0.9471 |       0.9473 |       0.9473 |       0.9466 |       0.9468 |       0.9468 |       0.9471 |       0.9469 |       0.9468 |       0.9467 |       0.9468 |       0.9468 |       0.9468 |       0.9465 |       0.9468 |       0.9462 |       0.9468 |       0.9471 |       0.9468 |       0.9472 |       0.9467 |       0.9473 |       0.9468 |       0.9467 |       0.9467 |       0.9471 |       0.9467 |       0.9466 |       0.9463 |       0.9463 |       0.9473 |       0.9468 |       0.9463 |       0.9465 |       0.9470 |       0.9468 |       0.9472 |       0.9469 |       0.9466 |       0.9467 |       0.9464 |       0.9465 |       0.9468 |       0.9465 |       0.9465 |       0.9466 |       0.9461 |       0.9472 |       0.9473 |       0.9466 |       0.9467 |       0.9467 |       0.9472 |       0.9472 |       0.9471 |       0.9464 |       0.9472 |       0.9469 |       0.9468 |       0.9463 |       0.9461 |       0.9465 |       0.9465 |       0.9468 |       0.9472 |       0.9468 |       0.9465 |
|          Clock [MHz]          |  1896.7055 |  1896.3092 |  1897.0029 |  1896.3716 |  1896.7296 |  1896.7887 |  1896.0186 |  1896.0318 |  1896.3418 |  1897.0294 |   1895.9544 |   1896.3275 |   1896.2894 |   1896.1456 |   1896.2218 |   1896.9026 |   1896.7497 |   1896.2898 |   1896.9460 |   1896.3401 |   1895.8602 |   1896.7243 |   1896.2246 |   1896.9504 |   1896.2507 |   1896.3150 |   1897.0269 |   1896.0823 |   1895.9418 |   1896.3238 |   1896.9711 |   1897.3696 |   1897.1808 |   1896.3200 |   1896.0613 |   1897.4316 |   1897.3825 |   1896.5893 |   1896.9854 |   1896.3562 |   1896.8521 |   1896.6448 |   1896.2421 |   1896.9608 |   1896.2365 |   1896.5600 |   1896.9144 |   1896.5371 |   1896.7408 |   1896.6431 |   1896.3974 |   1896.4005 |   1896.8384 |   1896.9729 |   1896.9802 |   1896.5765 |   1896.3379 |   1896.9776 |   1896.2267 |   1897.2185 |   1896.9762 |   1896.9275 |   1896.5647 |   1896.5617 |   1896.6404 |   1897.0117 |   1896.9464 |   1896.8693 |   1896.9195 |   1896.8767 |   1896.6375 |   1897.0470 |   1896.6225 |   1896.2059 |   1896.9851 |   1896.7014 |   1896.1978 |   1896.9473 |   1895.8811 |   1895.7489 |   1896.2547 |   1896.3074 |   1896.2100 |   1896.7780 |   1897.0794 |   1896.2993 |   1896.3386 |   1897.0396 |   1896.0356 |   1895.6864 |   1896.9787 |   1896.6885 |   1896.6097 |   1896.8838 |   1897.1320 |   1897.0652 |   1896.6597 |   1896.6580 |   1896.9968 |   1896.9355 |    1896.2791 |    1897.1661 |    1896.3675 |    1896.3987 |    1896.9155 |    1896.6176 |    1896.9570 |    1896.2365 |    1896.5613 |    1896.6702 |    1896.3252 |    1896.8586 |    1896.2976 |    1896.1588 |    1896.9860 |    1896.3168 |    1896.0930 |    1896.5534 |    1896.0504 |    1896.0751 |    1896.3213 |    1896.9510 |    1896.2530 |    1896.9285 |    1896.8810 |    1896.8644 |    1897.2393 |    1896.2889 |    1896.8169 |    1896.6795 |    1896.9608 |    1896.8767 |    1897.0422 |    1896.7018 |    1896.7535 |    1896.6907 |    1896.7439 |    1895.9589 |    1896.5475 |    1896.2469 |    1896.8790 |    1896.9299 |    1896.9516 |    1896.9606 |    1897.0070 |    1896.7985 |    1896.4251 |    1896.8332 |    1896.8045 |    1896.3038 |    1896.7764 |    1896.7815 |    1896.9341 |    1896.0526 |    1896.1386 |    1896.2579 |    1896.7059 |    1896.3234 |    1897.2238 |    1896.7874 |    1896.5596 |    1897.0709 |    1896.6185 |    1896.6428 |    1896.4329 |    1896.6446 |    1896.1743 |    1896.6766 |    1896.6781 |    1897.0420 |    1896.8191 |    1896.7221 |    1896.2766 |    1896.2680 |    1896.9315 |    1896.8790 |    1896.9342 |    1896.9539 |    1896.9504 |    1896.8701 |    1896.4457 |    1897.0211 |    1896.9812 |    1896.7317 |    1896.0037 |    1896.9721 |    1896.9927 |    1897.0225 |    1896.6032 |    1897.0590 |    1896.9654 |    1896.9532 |
|              CPI              |     0.3783 |     0.3780 |     0.3780 |     0.3779 |     0.3780 |     0.3780 |     0.3782 |     0.3780 |     0.3768 |     0.3768 |      0.3770 |      0.3768 |      0.3769 |      0.3769 |      0.3769 |      0.3769 |      0.3749 |      0.3756 |      0.3751 |      0.3752 |      0.3752 |      0.3750 |      0.3758 |      0.3752 |      0.3779 |      0.3778 |      0.3778 |      0.3780 |      0.3779 |      0.3777 |      0.3779 |      0.3778 |      0.3762 |      0.3762 |      0.3770 |      0.3762 |      0.3763 |      0.3764 |      0.3764 |      0.3763 |      0.3759 |      0.3758 |      0.3760 |      0.3758 |      0.3760 |      0.3758 |      0.3760 |      0.3758 |      0.3782 |      0.3783 |      0.3784 |      0.3783 |      0.3782 |      0.3782 |      0.3784 |      0.3783 |      0.3779 |      0.3777 |      0.3781 |      0.3778 |      0.3777 |      0.3777 |      0.3778 |      0.3777 |      0.3770 |      0.3770 |      0.3772 |      0.3771 |      0.3772 |      0.3771 |      0.3771 |      0.3771 |      0.3766 |      0.3773 |      0.3767 |      0.3766 |      0.3772 |      0.3766 |      0.3774 |      0.3772 |      0.3771 |      0.3771 |      0.3769 |      0.3769 |      0.3770 |      0.3772 |      0.3771 |      0.3770 |      0.3777 |      0.3779 |      0.3778 |      0.3779 |      0.3779 |      0.3778 |      0.3779 |      0.3777 |      0.3782 |      0.3781 |      0.3783 |      0.3783 |       0.3789 |       0.3783 |       0.3785 |       0.3783 |       0.3774 |       0.3774 |       0.3775 |       0.3775 |       0.3772 |       0.3772 |       0.3778 |       0.3773 |       0.3782 |       0.3782 |       0.3790 |       0.3783 |       0.3782 |       0.3782 |       0.3783 |       0.3782 |       0.3783 |       0.3781 |       0.3785 |       0.3782 |       0.3783 |       0.3782 |       0.3784 |       0.3783 |       0.3767 |       0.3767 |       0.3769 |       0.3767 |       0.3766 |       0.3766 |       0.3770 |       0.3767 |       0.3775 |       0.3778 |       0.3778 |       0.3777 |       0.3777 |       0.3778 |       0.3779 |       0.3778 |       0.3783 |       0.3783 |       0.3786 |       0.3783 |       0.3782 |       0.3783 |       0.3785 |       0.3786 |       0.3772 |       0.3772 |       0.3774 |       0.3775 |       0.3772 |       0.3772 |       0.3775 |       0.3773 |       0.3786 |       0.3789 |       0.3786 |       0.3785 |       0.3786 |       0.3784 |       0.3787 |       0.3785 |       0.3780 |       0.3781 |       0.3783 |       0.3780 |       0.3782 |       0.3783 |       0.3784 |       0.3780 |       0.3766 |       0.3766 |       0.3768 |       0.3766 |       0.3766 |       0.3766 |       0.3769 |       0.3766 |       0.3776 |       0.3775 |       0.3778 |       0.3776 |       0.3776 |       0.3777 |       0.3777 |       0.3776 |
|    L2 bandwidth [MBytes/s]    | 28816.6277 | 28811.7945 | 28809.2803 | 28817.2564 | 28811.8777 | 28811.4297 | 28801.2200 | 28815.0982 | 28813.6654 | 28814.3280 |  28801.2764 |  28817.1144 |  28806.7772 |  28808.1294 |  28806.9918 |  28806.5439 |  28815.4179 |  28781.0303 |  28806.1630 |  28797.3297 |  28796.5871 |  28812.3018 |  28752.9158 |  28804.5428 |  28806.6807 |  28805.5487 |  28817.6080 |  28802.9173 |  28800.9787 |  28817.1841 |  28805.1329 |  28806.9677 |  28816.8996 |  28811.5046 |  28825.4928 |  28817.3155 |  28806.3239 |  28800.5658 |  28808.5907 |  28808.5478 |  28808.1294 |  28815.1331 |  28806.3105 |  28817.3827 |  28807.3353 |  28817.5465 |  28807.7109 |  28813.5689 |  28814.9884 |  28813.1569 |  28798.6567 |  28801.2442 |  28806.5653 |  28808.9101 |  28808.3064 |  28799.8016 |  28798.1527 |  28812.9243 |  28787.6767 |  28806.3186 |  28813.3833 |  28817.1627 |  28814.0783 |  28814.1454 |  28813.9605 |  28816.1236 |  28804.6072 |  28806.7933 |  28806.7155 |  28807.4158 |  28815.3129 |  28812.8008 |  28822.5834 |  28762.1443 |  28813.6584 |  28822.9374 |  28773.6794 |  28824.8972 |  28761.8283 |  28773.1681 |  28807.0679 |  28805.5605 |  28825.4822 |  28825.1657 |  28816.2963 |  28793.4287 |  28807.0274 |  28816.9243 |  28821.9171 |  28807.0865 |  28825.2006 |  28806.1775 |  28806.3383 |  28823.0341 |  28816.5726 |  28821.5114 |  28815.6594 |  28817.3503 |  28817.4872 |  28806.2407 |   28753.1910 |   28806.1898 |   28807.3164 |   28809.7176 |   28808.8051 |   28817.7999 |   28816.6918 |   28788.2125 |   28815.4230 |   28817.0365 |   28784.8909 |   28808.5076 |   28805.0981 |   28808.5855 |   28811.0571 |   28805.1732 |   28817.2137 |   28815.1333 |   28817.5678 |   28812.6780 |   28799.1071 |   28817.7315 |   28795.8151 |   28808.0058 |   28809.3119 |   28806.4179 |   28808.2179 |   28795.4693 |   28808.2796 |   28815.2485 |   28815.1305 |   28807.8556 |   28817.1357 |   28815.6298 |   28804.3980 |   28817.0980 |   28817.4418 |   28801.1584 |   28816.5291 |   28805.9591 |   28812.9270 |   28805.6077 |   28805.7874 |   28805.5622 |   28804.3230 |   28808.3627 |   28799.0723 |   28806.3641 |   28811.9716 |   28807.6116 |   28808.2125 |   28818.4722 |   28816.8432 |   28815.7505 |   28816.8403 |   28788.4510 |   28817.2188 |   28814.0141 |   28807.2574 |   28808.5961 |   28814.9420 |   28816.1555 |   28814.5105 |   28813.4156 |   28805.3315 |   28814.8327 |   28806.9408 |   28814.5809 |   28815.4723 |   28813.1687 |   28808.0436 |   28816.8782 |   28800.2842 |   28786.2968 |   28818.5468 |   28807.4158 |   28806.1068 |   28807.3380 |   28808.1562 |   28806.5949 |   28816.5937 |   28807.7915 |   28805.1383 |   28816.5533 |   28813.6627 |   28814.7898 |   28814.9883 |   28811.6605 |   28814.9669 |   28805.4925 |   28814.0624 |   28811.0409 |
|    L2 data volume [GBytes]    |    34.3726 |    34.3713 |    34.3714 |    34.3714 |    34.3714 |    34.3710 |    34.3714 |    34.3715 |    34.3705 |    34.3714 |     34.3714 |     34.3710 |     34.3715 |     34.3710 |     34.3715 |     34.3714 |     34.3709 |     34.3739 |     34.3708 |     34.3716 |     34.3715 |     34.3710 |     34.3714 |     34.3715 |     34.3711 |     34.3715 |     34.3717 |     34.3740 |     34.3715 |     34.3711 |     34.3714 |     34.3715 |     34.3710 |     34.3716 |     34.3815 |     34.3714 |     34.3714 |     34.3711 |     34.3716 |     34.3715 |     34.3708 |     34.3715 |     34.3711 |     34.3712 |     34.3710 |     34.3711 |     34.3711 |     34.3702 |     34.3711 |     34.3736 |     34.3715 |     34.3716 |     34.3714 |     34.3712 |     34.3714 |     34.3716 |     34.3706 |     34.3715 |     34.3716 |     34.3711 |     34.3712 |     34.3711 |     34.3716 |     34.3714 |     34.3707 |     34.3714 |     34.3716 |     34.3714 |     34.3715 |     34.3711 |     34.3716 |     34.3715 |     34.3798 |     34.3811 |     34.3812 |     34.3803 |     34.3807 |     34.3808 |     34.3807 |     34.3804 |     34.3800 |     34.3813 |     34.3813 |     34.3808 |     34.3808 |     34.3804 |     34.3812 |     34.3807 |     34.3804 |     34.3808 |     34.3808 |     34.3802 |     34.3804 |     34.3803 |     34.3810 |     34.3766 |     34.3711 |     34.3715 |     34.3716 |     34.3715 |      34.3714 |      34.3711 |      34.3715 |      34.3715 |      34.3726 |      34.3742 |      34.3732 |      34.3715 |      34.3714 |      34.3711 |      34.3716 |      34.3715 |      34.3711 |      34.3711 |      34.3780 |      34.3711 |      34.3710 |      34.3711 |      34.3715 |      34.3698 |      34.3710 |      34.3716 |      34.3712 |      34.3717 |      34.3734 |      34.3710 |      34.3711 |      34.3716 |      34.3712 |      34.3715 |      34.3714 |      34.3715 |      34.3714 |      34.3712 |      34.3717 |      34.3715 |      34.3712 |      34.3714 |      34.3711 |      34.3715 |      34.3714 |      34.3711 |      34.3714 |      34.3705 |      34.3710 |      34.3714 |      34.3716 |      34.3714 |      34.3715 |      34.3712 |      34.3713 |      34.3772 |      34.3711 |      34.3715 |      34.3714 |      34.3717 |      34.3714 |      34.3710 |      34.3717 |      34.3714 |      34.3728 |      34.3778 |      34.3713 |      34.3710 |      34.3710 |      34.3711 |      34.3716 |      34.3699 |      34.3692 |      34.3709 |      34.3710 |      34.3709 |      34.3709 |      34.3707 |      34.3732 |      34.3710 |      34.3705 |      34.3709 |      34.3710 |      34.3710 |      34.3708 |      34.3705 |      34.3710 |      34.3710 |      34.3705 |      34.3709 |      34.3712 |      34.3710 |      34.3710 |      34.3706 |      34.3710 |      34.3701 |
| Prefetch bandwidth [MBytes/s] | 44877.3277 | 44174.1261 | 41431.1365 | 44088.2366 | 44239.5494 | 44430.7151 | 40049.8407 | 44540.9370 | 44156.8259 | 44076.3377 |  41369.5592 |  44129.3498 |  44264.9668 |  44481.7002 |  40263.0758 |  44455.2460 |  44198.9307 |  44920.9827 |  41378.1839 |  44046.2372 |  44288.5180 |  44469.7497 |  39956.4426 |  44437.6680 |  44224.9969 |  44083.8233 |  40848.9036 |  45295.1953 |  44269.1608 |  44522.4736 |  40155.5965 |  44543.2686 |  44197.2156 |  44084.1274 |  45361.5385 |  44205.3336 |  44298.0850 |  44438.8508 |  40726.0195 |  44496.1303 |  44083.7881 |  44037.5397 |  40709.1430 |  44151.8133 |  44225.8236 |  44483.6585 |  43983.5987 |  36819.1461 |  44125.3548 |  44827.3600 |  41362.9180 |  44271.5763 |  44550.3947 |  44510.7738 |  40045.2855 |  44555.2169 |  44206.0463 |  44285.2608 |  41229.4178 |  44147.3468 |  44334.5646 |  44479.6214 |  43988.7452 |  44626.0591 |  44198.5282 |  44234.9596 |  41310.3157 |  44128.4020 |  44377.3995 |  44497.2279 |  40058.2523 |  37012.6996 |  46882.1035 |  47135.0575 |  43524.5666 |  48003.0852 |  47569.6047 |  47765.3388 |  47709.7436 |  47490.4460 |  47513.3737 |  48284.6891 |  42970.1990 |  47241.7353 |  47627.8447 |  48164.8138 |  45159.7248 |  47635.8610 |  47515.2743 |  47024.9795 |  42583.2085 |  47386.9255 |  47577.0645 |  47377.0719 |  43927.2583 |  38555.8439 |  44195.7996 |  44223.7227 |  42163.1217 |  44250.7734 |   44379.6131 |   44603.4167 |   43861.7604 |   44632.6579 |   44871.8247 |   45289.0678 |   42222.6997 |   44310.8970 |   44424.1060 |   44605.5855 |   42334.0496 |   44691.8103 |   44306.5606 |   44308.3034 |   43235.2055 |   44199.9884 |   44387.3922 |   44650.9529 |   42826.9285 |   37131.8539 |   44125.7256 |   44371.9536 |   42161.1948 |   44329.9378 |   45308.4022 |   44623.6149 |   42413.0162 |   44664.6433 |   44451.2429 |   44266.7203 |   42275.8216 |   44327.0474 |   44467.8736 |   44665.3036 |   42945.2476 |   44729.0592 |   44442.3055 |   44191.2030 |   42195.5600 |   44261.9466 |   44556.7080 |   44525.3734 |   43916.9554 |   36979.8691 |   44093.7601 |   44422.3632 |   42202.4912 |   44339.5734 |   44571.9419 |   44647.9455 |   43028.0578 |   46692.9125 |   44468.1368 |   44291.2788 |   42242.9619 |   44394.9951 |   44631.9808 |   44723.8936 |   44018.3124 |   44796.5937 |   45037.3760 |   46256.7798 |   42393.7098 |   44308.9758 |   44458.6897 |   44732.5299 |   42877.5734 |   37061.2741 |   44218.7208 |   44424.0864 |   42338.7863 |   44440.1896 |   44636.5815 |   44740.0788 |   44953.4662 |   44782.4810 |   44489.4048 |   44359.9071 |   42246.6494 |   44422.5702 |   44538.0590 |   44797.9992 |   42985.1441 |   44743.6704 |   44503.9600 |   44344.7385 |   42460.9760 |   44377.3527 |   44513.1260 |   44763.9181 |   42607.1264 |   37185.9018 |
| Prefetch data volume [GBytes] |    53.5299 |    52.6980 |    49.4302 |    52.5857 |    52.7760 |    53.0043 |    47.7955 |    53.1297 |    52.6726 |    52.5768 |     49.3704 |     52.6344 |     52.8158 |     53.0711 |     48.0405 |     53.0431 |     52.7204 |     53.6503 |     49.3715 |     52.5722 |     52.8626 |     53.0492 |     47.7642 |     53.0260 |     52.7677 |     52.6019 |     48.7218 |     54.0562 |     52.8314 |     53.1033 |     47.9153 |     53.1475 |     52.7157 |     52.5915 |     54.1048 |     52.7253 |     52.8560 |     53.0341 |     48.5903 |     53.0884 |     52.5961 |     52.5293 |     48.5734 |     52.6609 |     52.7673 |     53.0564 |     52.4778 |     43.9196 |     52.6336 |     53.4783 |     49.3671 |     52.8340 |     53.1566 |     53.1047 |     47.7783 |     53.1752 |     52.7599 |     52.8287 |     49.2267 |     52.6757 |     52.8862 |     53.0521 |     52.4730 |     53.2329 |     52.7222 |     52.7628 |     49.2942 |     52.6527 |     52.9500 |     53.0912 |     47.7824 |     44.1533 |     55.9213 |     56.3433 |     51.9347 |     57.2586 |     56.8394 |     56.9719 |     57.0302 |     56.7452 |     56.7052 |     57.6310 |     51.2523 |     56.3469 |     56.8249 |     57.5105 |     53.8981 |     56.8331 |     56.6789 |     56.1235 |     50.7905 |     56.5564 |     56.7833 |     56.5118 |     52.4096 |     45.9872 |     52.7164 |     52.7473 |     50.2894 |     52.7998 |      53.0511 |      53.2201 |      52.3337 |      53.2491 |      53.5378 |      54.0214 |      50.3642 |      52.9047 |      52.9897 |      53.2026 |      50.5505 |      53.3220 |      52.8680 |      52.8637 |      51.5892 |      52.7405 |      52.9420 |      53.2603 |      51.0809 |      44.2935 |      52.6630 |      52.9234 |      50.3244 |      52.8913 |      54.0590 |      53.2436 |      50.6030 |      53.3138 |      53.0348 |      52.8024 |      50.4277 |      52.8880 |      53.0387 |      53.2767 |      51.2456 |      53.3505 |      53.0074 |      52.7380 |      50.3290 |      52.8137 |      53.1525 |      53.1280 |      52.4022 |      44.1239 |      52.6152 |      53.0005 |      50.3686 |      52.9055 |      53.1725 |      53.2708 |      51.3371 |      55.6993 |      53.0390 |      52.8307 |      50.3855 |      53.0050 |      53.2343 |      53.3492 |      52.5209 |      53.4467 |      53.7243 |      55.1846 |      50.5692 |      52.8554 |      53.0489 |      53.3581 |      51.1603 |      44.2065 |      52.7412 |      52.9929 |      50.5146 |      53.0054 |      53.2703 |      53.4194 |      53.6181 |      53.4313 |      53.0833 |      52.9271 |      50.4044 |      53.0035 |      53.1225 |      53.4484 |      51.2909 |      53.3681 |      53.0868 |      52.8954 |      50.6484 |      52.9401 |      53.0961 |      53.4121 |      50.8242 |      44.3609 |
+-------------------------------+------------+------------+------------+------------+------------+------------+------------+------------+------------+------------+-------------+-------------+-------------+-------------+-------------+-------------+-------------+-------------+-------------+-------------+-------------+-------------+-------------+-------------+-------------+-------------+-------------+-------------+-------------+-------------+-------------+-------------+-------------+-------------+-------------+-------------+-------------+-------------+-------------+-------------+-------------+-------------+-------------+-------------+-------------+-------------+-------------+-------------+-------------+-------------+-------------+-------------+-------------+-------------+-------------+-------------+-------------+-------------+-------------+-------------+-------------+-------------+-------------+-------------+-------------+-------------+-------------+-------------+-------------+-------------+-------------+-------------+-------------+-------------+-------------+-------------+-------------+-------------+-------------+-------------+-------------+-------------+-------------+-------------+-------------+-------------+-------------+-------------+-------------+-------------+-------------+-------------+-------------+-------------+-------------+-------------+-------------+-------------+-------------+-------------+--------------+--------------+--------------+--------------+--------------+--------------+--------------+--------------+--------------+--------------+--------------+--------------+--------------+--------------+--------------+--------------+--------------+--------------+--------------+--------------+--------------+--------------+--------------+--------------+--------------+--------------+--------------+--------------+--------------+--------------+--------------+--------------+--------------+--------------+--------------+--------------+--------------+--------------+--------------+--------------+--------------+--------------+--------------+--------------+--------------+--------------+--------------+--------------+--------------+--------------+--------------+--------------+--------------+--------------+--------------+--------------+--------------+--------------+--------------+--------------+--------------+--------------+--------------+--------------+--------------+--------------+--------------+--------------+--------------+--------------+--------------+--------------+--------------+--------------+--------------+--------------+--------------+--------------+--------------+--------------+--------------+--------------+--------------+--------------+--------------+--------------+--------------+--------------+--------------+--------------+--------------+--------------+
+------------------------------------+--------------+------------+------------+------------+
|               Metric               |      Sum     |     Min    |     Max    |     Avg    |
+------------------------------------+--------------+------------+------------+------------+
|      Runtime (RDTSC) [s] STAT      |     229.0820 |     1.1927 |     1.1954 |     1.1931 |
|      Runtime unhalted [s] STAT     |     181.7739 |     0.9460 |     0.9475 |     0.9467 |
|          Clock [MHz] STAT          |  364154.4102 |  1895.6864 |  1897.4316 |  1896.6376 |
|              CPI STAT              |      72.4714 |     0.3749 |     0.3790 |     0.3775 |
|    L2 bandwidth [MBytes/s] STAT    | 5.531252e+06 | 28752.9158 | 28825.4928 | 28808.6038 |
|    L2 data volume [GBytes] STAT    |    6599.5452 |    34.3692 |    34.3815 |    34.3726 |
| Prefetch bandwidth [MBytes/s] STAT | 8.442834e+06 | 36819.1461 | 48284.6891 | 43973.0950 |
| Prefetch data volume [GBytes] STAT |   10073.4940 |    43.9196 |    57.6310 |    52.4661 |
+------------------------------------+--------------+------------+------------+------------+
