--------------------------------------------------------------------------------
CPU name:	AMD EPYC 9654 96-Core Processor                
CPU type:	AMD K19 (Zen4) architecture
CPU clock:	2.40 GHz
--------------------------------------------------------------------------------
Region bench, Group 1: L2
+-------------------+------------+------------+------------+------------+------------+------------+------------+------------+------------+------------+-------------+-------------+-------------+-------------+-------------+-------------+-------------+-------------+-------------+-------------+-------------+-------------+-------------+-------------+-------------+-------------+-------------+-------------+-------------+-------------+-------------+-------------+-------------+-------------+-------------+-------------+-------------+-------------+-------------+-------------+-------------+-------------+-------------+-------------+-------------+-------------+-------------+-------------+-------------+-------------+-------------+-------------+-------------+-------------+-------------+-------------+-------------+-------------+-------------+-------------+-------------+-------------+-------------+-------------+-------------+-------------+-------------+-------------+-------------+-------------+-------------+-------------+-------------+-------------+-------------+-------------+-------------+-------------+-------------+-------------+-------------+-------------+-------------+-------------+-------------+-------------+-------------+-------------+-------------+-------------+-------------+-------------+-------------+-------------+-------------+-------------+-------------+-------------+-------------+-------------+--------------+--------------+--------------+--------------+--------------+--------------+--------------+--------------+--------------+--------------+--------------+--------------+--------------+--------------+--------------+--------------+--------------+--------------+--------------+--------------+--------------+--------------+--------------+--------------+--------------+--------------+--------------+--------------+--------------+--------------+--------------+--------------+--------------+--------------+--------------+--------------+--------------+--------------+--------------+--------------+--------------+--------------+--------------+--------------+--------------+--------------+--------------+--------------+--------------+--------------+--------------+--------------+--------------+--------------+--------------+--------------+--------------+--------------+--------------+--------------+--------------+--------------+--------------+--------------+--------------+--------------+--------------+--------------+--------------+--------------+--------------+--------------+--------------+--------------+--------------+--------------+--------------+--------------+--------------+--------------+--------------+--------------+--------------+--------------+--------------+--------------+--------------+--------------+--------------+--------------+--------------+--------------+
|    Region Info    | HWThread 0 | HWThread 1 | HWThread 2 | HWThread 3 | HWThread 4 | HWThread 5 | HWThread 6 | HWThread 7 | HWThread 8 | HWThread 9 | HWThread 10 | HWThread 11 | HWThread 12 | HWThread 13 | HWThread 14 | HWThread 15 | HWThread 16 | HWThread 17 | HWThread 18 | HWThread 19 | HWThread 20 | HWThread 21 | HWThread 22 | HWThread 23 | HWThread 24 | HWThread 25 | HWThread 26 | HWThread 27 | HWThread 28 | HWThread 29 | HWThread 30 | HWThread 31 | HWThread 32 | HWThread 33 | HWThread 34 | HWThread 35 | HWThread 36 | HWThread 37 | HWThread 38 | HWThread 39 | HWThread 40 | HWThread 41 | HWThread 42 | HWThread 43 | HWThread 44 | HWThread 45 | HWThread 46 | HWThread 47 | HWThread 48 | HWThread 49 | HWThread 50 | HWThread 51 | HWThread 52 | HWThread 53 | HWThread 54 | HWThread 55 | HWThread 56 | HWThread 57 | HWThread 58 | HWThread 59 | HWThread 60 | HWThread 61 | HWThread 62 | HWThread 63 | HWThread 64 | HWThread 65 | HWThread 66 | HWThread 67 | HWThread 68 | HWThread 69 | HWThread 70 | HWThread 71 | HWThread 72 | HWThread 73 | HWThread 74 | HWThread 75 | HWThread 76 | HWThread 77 | HWThread 78 | HWThread 79 | HWThread 80 | HWThread 81 | HWThread 82 | HWThread 83 | HWThread 84 | HWThread 85 | HWThread 86 | HWThread 87 | HWThread 88 | HWThread 89 | HWThread 90 | HWThread 91 | HWThread 92 | HWThread 93 | HWThread 94 | HWThread 95 | HWThread 96 | HWThread 97 | HWThread 98 | HWThread 99 | HWThread 100 | HWThread 101 | HWThread 102 | HWThread 103 | HWThread 104 | HWThread 105 | HWThread 106 | HWThread 107 | HWThread 108 | HWThread 109 | HWThread 110 | HWThread 111 | HWThread 112 | HWThread 113 | HWThread 114 | HWThread 115 | HWThread 116 | HWThread 117 | HWThread 118 | HWThread 119 | HWThread 120 | HWThread 121 | HWThread 122 | HWThread 123 | HWThread 124 | HWThread 125 | HWThread 126 | HWThread 127 | HWThread 128 | HWThread 129 | HWThread 130 | HWThread 131 | HWThread 132 | HWThread 133 | HWThread 134 | HWThread 135 | HWThread 136 | HWThread 137 | HWThread 138 | HWThread 139 | HWThread 140 | HWThread 141 | HWThread 142 | HWThread 143 | HWThread 144 | HWThread 145 | HWThread 146 | HWThread 147 | HWThread 148 | HWThread 149 | HWThread 150 | HWThread 151 | HWThread 152 | HWThread 153 | HWThread 154 | HWThread 155 | HWThread 156 | HWThread 157 | HWThread 158 | HWThread 159 | HWThread 160 | HWThread 161 | HWThread 162 | HWThread 163 | HWThread 164 | HWThread 165 | HWThread 166 | HWThread 167 | HWThread 168 | HWThread 169 | HWThread 170 | HWThread 171 | HWThread 172 | HWThread 173 | HWThread 174 | HWThread 175 | HWThread 176 | HWThread 177 | HWThread 178 | HWThread 179 | HWThread 180 | HWThread 181 | HWThread 182 | HWThread 183 | HWThread 184 | HWThread 185 | HWThread 186 | HWThread 187 | HWThread 188 | HWThread 189 | HWThread 190 | HWThread 191 |
+-------------------+------------+------------+------------+------------+------------+------------+------------+------------+------------+------------+-------------+-------------+-------------+-------------+-------------+-------------+-------------+-------------+-------------+-------------+-------------+-------------+-------------+-------------+-------------+-------------+-------------+-------------+-------------+-------------+-------------+-------------+-------------+-------------+-------------+-------------+-------------+-------------+-------------+-------------+-------------+-------------+-------------+-------------+-------------+-------------+-------------+-------------+-------------+-------------+-------------+-------------+-------------+-------------+-------------+-------------+-------------+-------------+-------------+-------------+-------------+-------------+-------------+-------------+-------------+-------------+-------------+-------------+-------------+-------------+-------------+-------------+-------------+-------------+-------------+-------------+-------------+-------------+-------------+-------------+-------------+-------------+-------------+-------------+-------------+-------------+-------------+-------------+-------------+-------------+-------------+-------------+-------------+-------------+-------------+-------------+-------------+-------------+-------------+-------------+--------------+--------------+--------------+--------------+--------------+--------------+--------------+--------------+--------------+--------------+--------------+--------------+--------------+--------------+--------------+--------------+--------------+--------------+--------------+--------------+--------------+--------------+--------------+--------------+--------------+--------------+--------------+--------------+--------------+--------------+--------------+--------------+--------------+--------------+--------------+--------------+--------------+--------------+--------------+--------------+--------------+--------------+--------------+--------------+--------------+--------------+--------------+--------------+--------------+--------------+--------------+--------------+--------------+--------------+--------------+--------------+--------------+--------------+--------------+--------------+--------------+--------------+--------------+--------------+--------------+--------------+--------------+--------------+--------------+--------------+--------------+--------------+--------------+--------------+--------------+--------------+--------------+--------------+--------------+--------------+--------------+--------------+--------------+--------------+--------------+--------------+--------------+--------------+--------------+--------------+--------------+--------------+
| RDTSC Runtime [s] |   1.191286 |   1.192766 |   1.191157 |   1.192070 |   1.191490 |   1.192088 |   1.191255 |   1.191237 |   1.191158 |   1.191155 |    1.191155 |    1.191384 |    1.191472 |    1.191156 |    1.191556 |    1.191557 |    1.191678 |    1.192064 |    1.191473 |    1.191174 |    1.191163 |    1.191157 |    1.191487 |    1.191155 |    1.191487 |    1.191470 |    1.191489 |    1.191486 |    1.191560 |    1.191136 |    1.191488 |    1.191489 |    1.191239 |    1.191979 |    1.191516 |    1.191979 |    1.191265 |    1.191561 |    1.191561 |    1.191251 |    1.191289 |    1.191163 |    1.192082 |    1.191710 |    1.191585 |    1.191346 |    1.191233 |    1.191326 |    1.191149 |    1.191479 |    1.191482 |    1.191268 |    1.191140 |    1.191476 |    1.191480 |    1.191217 |    1.191489 |    1.191703 |    1.191340 |    1.191669 |    1.191477 |    1.191481 |    1.191150 |    1.191490 |    1.191495 |    1.192066 |    1.191151 |    1.192028 |    1.191158 |    1.192039 |    1.191490 |    1.191161 |    1.191234 |    1.191489 |    1.191176 |    1.191512 |    1.191513 |    1.191509 |    1.191234 |    1.191229 |    1.191393 |    1.191242 |    1.191239 |    1.191152 |    1.191156 |    1.191394 |    1.191392 |    1.191171 |    1.191156 |    1.191384 |    1.191154 |    1.191681 |    1.191343 |    1.191632 |    1.191344 |    1.191687 |    1.191176 |    1.191748 |    1.191249 |    1.191666 |     1.191548 |     1.191530 |     1.191282 |     1.191238 |     1.191568 |     1.191482 |     1.191893 |     1.193226 |     1.191512 |     1.191513 |     1.192098 |     1.191231 |     1.191283 |     1.191708 |     1.191160 |     1.191281 |     1.191162 |     1.191980 |     1.191285 |     1.191287 |     1.191474 |     1.191347 |     1.191183 |     1.191241 |     1.191154 |     1.191154 |     1.191332 |     1.191273 |     1.191281 |     1.191259 |     1.191158 |     1.191257 |     1.191152 |     1.191152 |     1.191153 |     1.191154 |     1.191539 |     1.191488 |     1.191242 |     1.191164 |     1.191488 |     1.191247 |     1.191286 |     1.191277 |     1.191152 |     1.191178 |     1.191938 |     1.191176 |     1.191389 |     1.191178 |     1.191669 |     1.191276 |     1.191374 |     1.191505 |     1.191350 |     1.191344 |     1.191235 |     1.191131 |     1.191511 |     1.191349 |     1.191280 |     1.191166 |     1.191278 |     1.191276 |     1.191280 |     1.191268 |     1.191274 |     1.191277 |     1.191688 |     1.191290 |     1.191335 |     1.191346 |     1.192328 |     1.191150 |     1.191565 |     1.191479 |     1.191688 |     1.191541 |     1.191177 |     1.191153 |     1.191266 |     1.191179 |     1.191179 |     1.191474 |     1.191476 |     1.191683 |     1.191475 |     1.191506 |     1.191503 |     1.191683 |     1.191547 |     1.191479 |
|     call count    |          1 |          1 |          1 |          1 |          1 |          1 |          1 |          1 |          1 |          1 |           1 |           1 |           1 |           1 |           1 |           1 |           1 |           1 |           1 |           1 |           1 |           1 |           1 |           1 |           1 |           1 |           1 |           1 |           1 |           1 |           1 |           1 |           1 |           1 |           1 |           1 |           1 |           1 |           1 |           1 |           1 |           1 |           1 |           1 |           1 |           1 |           1 |           1 |           1 |           1 |           1 |           1 |           1 |           1 |           1 |           1 |           1 |           1 |           1 |           1 |           1 |           1 |           1 |           1 |           1 |           1 |           1 |           1 |           1 |           1 |           1 |           1 |           1 |           1 |           1 |           1 |           1 |           1 |           1 |           1 |           1 |           1 |           1 |           1 |           1 |           1 |           1 |           1 |           1 |           1 |           1 |           1 |           1 |           1 |           1 |           1 |           1 |           1 |           1 |           1 |            1 |            1 |            1 |            1 |            1 |            1 |            1 |            1 |            1 |            1 |            1 |            1 |            1 |            1 |            1 |            1 |            1 |            1 |            1 |            1 |            1 |            1 |            1 |            1 |            1 |            1 |            1 |            1 |            1 |            1 |            1 |            1 |            1 |            1 |            1 |            1 |            1 |            1 |            1 |            1 |            1 |            1 |            1 |            1 |            1 |            1 |            1 |            1 |            1 |            1 |            1 |            1 |            1 |            1 |            1 |            1 |            1 |            1 |            1 |            1 |            1 |            1 |            1 |            1 |            1 |            1 |            1 |            1 |            1 |            1 |            1 |            1 |            1 |            1 |            1 |            1 |            1 |            1 |            1 |            1 |            1 |            1 |            1 |            1 |            1 |            1 |            1 |            1 |            1 |            1 |            1 |            1 |
+-------------------+------------+------------+------------+------------+------------+------------+------------+------------+------------+------------+-------------+-------------+-------------+-------------+-------------+-------------+-------------+-------------+-------------+-------------+-------------+-------------+-------------+-------------+-------------+-------------+-------------+-------------+-------------+-------------+-------------+-------------+-------------+-------------+-------------+-------------+-------------+-------------+-------------+-------------+-------------+-------------+-------------+-------------+-------------+-------------+-------------+-------------+-------------+-------------+-------------+-------------+-------------+-------------+-------------+-------------+-------------+-------------+-------------+-------------+-------------+-------------+-------------+-------------+-------------+-------------+-------------+-------------+-------------+-------------+-------------+-------------+-------------+-------------+-------------+-------------+-------------+-------------+-------------+-------------+-------------+-------------+-------------+-------------+-------------+-------------+-------------+-------------+-------------+-------------+-------------+-------------+-------------+-------------+-------------+-------------+-------------+-------------+-------------+-------------+--------------+--------------+--------------+--------------+--------------+--------------+--------------+--------------+--------------+--------------+--------------+--------------+--------------+--------------+--------------+--------------+--------------+--------------+--------------+--------------+--------------+--------------+--------------+--------------+--------------+--------------+--------------+--------------+--------------+--------------+--------------+--------------+--------------+--------------+--------------+--------------+--------------+--------------+--------------+--------------+--------------+--------------+--------------+--------------+--------------+--------------+--------------+--------------+--------------+--------------+--------------+--------------+--------------+--------------+--------------+--------------+--------------+--------------+--------------+--------------+--------------+--------------+--------------+--------------+--------------+--------------+--------------+--------------+--------------+--------------+--------------+--------------+--------------+--------------+--------------+--------------+--------------+--------------+--------------+--------------+--------------+--------------+--------------+--------------+--------------+--------------+--------------+--------------+--------------+--------------+--------------+--------------+
+-------------------------------+---------+------------+------------+------------+------------+------------+------------+------------+------------+------------+------------+-------------+-------------+-------------+-------------+-------------+-------------+-------------+-------------+-------------+-------------+-------------+-------------+-------------+-------------+-------------+-------------+-------------+-------------+-------------+-------------+-------------+-------------+-------------+-------------+-------------+-------------+-------------+-------------+-------------+-------------+-------------+-------------+-------------+-------------+-------------+-------------+-------------+-------------+-------------+-------------+-------------+-------------+-------------+-------------+-------------+-------------+-------------+-------------+-------------+-------------+-------------+-------------+-------------+-------------+-------------+-------------+-------------+-------------+-------------+-------------+-------------+-------------+-------------+-------------+-------------+-------------+-------------+-------------+-------------+-------------+-------------+-------------+-------------+-------------+-------------+-------------+-------------+-------------+-------------+-------------+-------------+-------------+-------------+-------------+-------------+-------------+-------------+-------------+-------------+-------------+--------------+--------------+--------------+--------------+--------------+--------------+--------------+--------------+--------------+--------------+--------------+--------------+--------------+--------------+--------------+--------------+--------------+--------------+--------------+--------------+--------------+--------------+--------------+--------------+--------------+--------------+--------------+--------------+--------------+--------------+--------------+--------------+--------------+--------------+--------------+--------------+--------------+--------------+--------------+--------------+--------------+--------------+--------------+--------------+--------------+--------------+--------------+--------------+--------------+--------------+--------------+--------------+--------------+--------------+--------------+--------------+--------------+--------------+--------------+--------------+--------------+--------------+--------------+--------------+--------------+--------------+--------------+--------------+--------------+--------------+--------------+--------------+--------------+--------------+--------------+--------------+--------------+--------------+--------------+--------------+--------------+--------------+--------------+--------------+--------------+--------------+--------------+--------------+--------------+--------------+--------------+--------------+
|             Event             | Counter | HWThread 0 | HWThread 1 | HWThread 2 | HWThread 3 | HWThread 4 | HWThread 5 | HWThread 6 | HWThread 7 | HWThread 8 | HWThread 9 | HWThread 10 | HWThread 11 | HWThread 12 | HWThread 13 | HWThread 14 | HWThread 15 | HWThread 16 | HWThread 17 | HWThread 18 | HWThread 19 | HWThread 20 | HWThread 21 | HWThread 22 | HWThread 23 | HWThread 24 | HWThread 25 | HWThread 26 | HWThread 27 | HWThread 28 | HWThread 29 | HWThread 30 | HWThread 31 | HWThread 32 | HWThread 33 | HWThread 34 | HWThread 35 | HWThread 36 | HWThread 37 | HWThread 38 | HWThread 39 | HWThread 40 | HWThread 41 | HWThread 42 | HWThread 43 | HWThread 44 | HWThread 45 | HWThread 46 | HWThread 47 | HWThread 48 | HWThread 49 | HWThread 50 | HWThread 51 | HWThread 52 | HWThread 53 | HWThread 54 | HWThread 55 | HWThread 56 | HWThread 57 | HWThread 58 | HWThread 59 | HWThread 60 | HWThread 61 | HWThread 62 | HWThread 63 | HWThread 64 | HWThread 65 | HWThread 66 | HWThread 67 | HWThread 68 | HWThread 69 | HWThread 70 | HWThread 71 | HWThread 72 | HWThread 73 | HWThread 74 | HWThread 75 | HWThread 76 | HWThread 77 | HWThread 78 | HWThread 79 | HWThread 80 | HWThread 81 | HWThread 82 | HWThread 83 | HWThread 84 | HWThread 85 | HWThread 86 | HWThread 87 | HWThread 88 | HWThread 89 | HWThread 90 | HWThread 91 | HWThread 92 | HWThread 93 | HWThread 94 | HWThread 95 | HWThread 96 | HWThread 97 | HWThread 98 | HWThread 99 | HWThread 100 | HWThread 101 | HWThread 102 | HWThread 103 | HWThread 104 | HWThread 105 | HWThread 106 | HWThread 107 | HWThread 108 | HWThread 109 | HWThread 110 | HWThread 111 | HWThread 112 | HWThread 113 | HWThread 114 | HWThread 115 | HWThread 116 | HWThread 117 | HWThread 118 | HWThread 119 | HWThread 120 | HWThread 121 | HWThread 122 | HWThread 123 | HWThread 124 | HWThread 125 | HWThread 126 | HWThread 127 | HWThread 128 | HWThread 129 | HWThread 130 | HWThread 131 | HWThread 132 | HWThread 133 | HWThread 134 | HWThread 135 | HWThread 136 | HWThread 137 | HWThread 138 | HWThread 139 | HWThread 140 | HWThread 141 | HWThread 142 | HWThread 143 | HWThread 144 | HWThread 145 | HWThread 146 | HWThread 147 | HWThread 148 | HWThread 149 | HWThread 150 | HWThread 151 | HWThread 152 | HWThread 153 | HWThread 154 | HWThread 155 | HWThread 156 | HWThread 157 | HWThread 158 | HWThread 159 | HWThread 160 | HWThread 161 | HWThread 162 | HWThread 163 | HWThread 164 | HWThread 165 | HWThread 166 | HWThread 167 | HWThread 168 | HWThread 169 | HWThread 170 | HWThread 171 | HWThread 172 | HWThread 173 | HWThread 174 | HWThread 175 | HWThread 176 | HWThread 177 | HWThread 178 | HWThread 179 | HWThread 180 | HWThread 181 | HWThread 182 | HWThread 183 | HWThread 184 | HWThread 185 | HWThread 186 | HWThread 187 | HWThread 188 | HWThread 189 | HWThread 190 | HWThread 191 |
+-------------------------------+---------+------------+------------+------------+------------+------------+------------+------------+------------+------------+------------+-------------+-------------+-------------+-------------+-------------+-------------+-------------+-------------+-------------+-------------+-------------+-------------+-------------+-------------+-------------+-------------+-------------+-------------+-------------+-------------+-------------+-------------+-------------+-------------+-------------+-------------+-------------+-------------+-------------+-------------+-------------+-------------+-------------+-------------+-------------+-------------+-------------+-------------+-------------+-------------+-------------+-------------+-------------+-------------+-------------+-------------+-------------+-------------+-------------+-------------+-------------+-------------+-------------+-------------+-------------+-------------+-------------+-------------+-------------+-------------+-------------+-------------+-------------+-------------+-------------+-------------+-------------+-------------+-------------+-------------+-------------+-------------+-------------+-------------+-------------+-------------+-------------+-------------+-------------+-------------+-------------+-------------+-------------+-------------+-------------+-------------+-------------+-------------+-------------+-------------+--------------+--------------+--------------+--------------+--------------+--------------+--------------+--------------+--------------+--------------+--------------+--------------+--------------+--------------+--------------+--------------+--------------+--------------+--------------+--------------+--------------+--------------+--------------+--------------+--------------+--------------+--------------+--------------+--------------+--------------+--------------+--------------+--------------+--------------+--------------+--------------+--------------+--------------+--------------+--------------+--------------+--------------+--------------+--------------+--------------+--------------+--------------+--------------+--------------+--------------+--------------+--------------+--------------+--------------+--------------+--------------+--------------+--------------+--------------+--------------+--------------+--------------+--------------+--------------+--------------+--------------+--------------+--------------+--------------+--------------+--------------+--------------+--------------+--------------+--------------+--------------+--------------+--------------+--------------+--------------+--------------+--------------+--------------+--------------+--------------+--------------+--------------+--------------+--------------+--------------+--------------+--------------+
|        ACTUAL_CPU_CLOCK       |  FIXC1  | 2265851000 | 2265928000 | 2265092000 | 2266680000 | 2266227000 | 2266386000 | 2265603000 | 2264548000 | 2264271000 | 2265211000 |  2264376000 |  2265146000 |  2264968000 |  2265225000 |  2265549000 |  2265193000 |  2265806000 |  2265374000 |  2264574000 |  2263911000 |  2265202000 |  2264138000 |  2265816000 |  2264812000 |  2265693000 |  2265531000 |  2266480000 |  2266227000 |  2266011000 |  2264950000 |  2266011000 |  2266083000 |  2265776000 |  2266361000 |  2266565000 |  2266278000 |  2265030000 |  2266611000 |  2265768000 |  2265501000 |  2264943000 |  2265572000 |  2267089000 |  2266260000 |  2266139000 |  2265792000 |  2265433000 |  2265299000 |  2264551000 |  2265951000 |  2265880000 |  2264967000 |  2264990000 |  2265861000 |  2265326000 |  2264979000 |  2265691000 |  2265459000 |  2265429000 |  2265190000 |  2265355000 |  2266031000 |  2265081000 |  2265590000 |  2265958000 |  2265516000 |  2264254000 |  2265892000 |  2264813000 |  2265512000 |  2266173000 |  2264788000 |  2265381000 |  2266402000 |  2265309000 |  2266095000 |  2266600000 |  2266150000 |  2265811000 |  2265828000 |  2265067000 |  2265410000 |  2265272000 |  2265158000 |  2265493000 |  2265527000 |  2264969000 |  2265237000 |  2264409000 |  2264397000 |  2264433000 |  2265158000 |  2264317000 |  2265260000 |  2265162000 |  2265245000 |  2264965000 |  2265634000 |  2264726000 |  2265241000 |   2265214000 |   2264999000 |   2264873000 |   2264674000 |   2266629000 |   2266532000 |   2266871000 |   2267021000 |   2266017000 |   2266533000 |   2266854000 |   2265478000 |   2265330000 |   2266224000 |   2265213000 |   2264935000 |   2266275000 |   2266261000 |   2264937000 |   2265341000 |   2265103000 |   2264530000 |   2264595000 |   2264714000 |   2264321000 |   2264690000 |   2264393000 |   2264834000 |   2265326000 |   2265693000 |   2264139000 |   2265670000 |   2265448000 |   2264688000 |   2264686000 |   2265453000 |   2266599000 |   2266202000 |   2265705000 |   2265493000 |   2266560000 |   2265422000 |   2265760000 |   2264374000 |   2265219000 |   2264540000 |   2265983000 |   2265679000 |   2265081000 |   2264703000 |   2265801000 |   2264424000 |   2264429000 |   2265220000 |   2264876000 |   2265178000 |   2264632000 |   2264372000 |   2265576000 |   2265263000 |   2265653000 |   2265556000 |   2264627000 |   2264911000 |   2265659000 |   2264924000 |   2265446000 |   2265817000 |   2265805000 |   2264653000 |   2264478000 |   2264908000 |   2265734000 |   2264293000 |   2266020000 |   2265502000 |   2266185000 |   2266560000 |   2264663000 |   2265400000 |   2265674000 |   2265503000 |   2265569000 |   2265828000 |   2265489000 |   2265519000 |   2265467000 |   2265826000 |   2265721000 |   2265735000 |   2265996000 |   2265472000 |
|         MAX_CPU_CLOCK         |  FIXC2  | 2861600000 | 2863218000 | 2861696000 | 2863409000 | 2862907000 | 2863816000 | 2861863000 | 2860705000 | 2859691000 | 2861151000 |  2860506000 |  2861262000 |  2860463000 |  2861314000 |  2861556000 |  2860550000 |  2862584000 |  2861444000 |  2859666000 |  2858963000 |  2861409000 |  2859447000 |  2862393000 |  2861429000 |  2861738000 |  2861700000 |  2862636000 |  2862356000 |  2862698000 |  2860923000 |  2862785000 |  2862818000 |  2861527000 |  2863619000 |  2862710000 |  2863522000 |  2860680000 |  2862793000 |  2861821000 |  2861786000 |  2860508000 |  2860845000 |  2864034000 |  2862946000 |  2862776000 |  2861542000 |  2861981000 |  2861490000 |  2860665000 |  2862712000 |  2862544000 |  2860638000 |  2860682000 |  2862607000 |  2861608000 |  2860635000 |  2861742000 |  2861641000 |  2861695000 |  2861566000 |  2861626000 |  2862808000 |  2860755000 |  2861680000 |  2862707000 |  2862706000 |  2860760000 |  2862565000 |  2860491000 |  2862660000 |  2862922000 |  2860788000 |  2861618000 |  2862660000 |  2861536000 |  2862742000 |  2862742000 |  2862802000 |  2861571000 |  2861575000 |  2861768000 |  2861638000 |  2862017000 |  2861840000 |  2861756000 |  2861781000 |  2861692000 |  2861947000 |  2860500000 |  2860473000 |  2860512000 |  2861367000 |  2860469000 |  2861522000 |  2861348000 |  2861419000 |  2861673000 |  2862379000 |  2860376000 |  2861547000 |   2860513000 |   2860029000 |   2860479000 |   2860286000 |   2862785000 |   2862672000 |   2864000000 |   2864318000 |   2862613000 |   2862682000 |   2863886000 |   2861750000 |   2861230000 |   2862451000 |   2861379000 |   2860592000 |   2862553000 |   2863531000 |   2860596000 |   2861593000 |   2860710000 |   2859404000 |   2860798000 |   2860438000 |   2858942000 |   2860375000 |   2859318000 |   2860548000 |   2861528000 |   2861425000 |   2859215000 |   2861920000 |   2861634000 |   2860741000 |   2860732000 |   2861606000 |   2862761000 |   2862858000 |   2861457000 |   2861765000 |   2862706000 |   2861679000 |   2861455000 |   2859052000 |   2861402000 |   2860662000 |   2863075000 |   2861393000 |   2860732000 |   2860392000 |   2862564000 |   2859120000 |   2860588000 |   2860475000 |   2861476000 |   2861397000 |   2860258000 |   2860445000 |   2861675000 |   2861469000 |   2861338000 |   2861717000 |   2860837000 |   2860558000 |   2861368000 |   2860571000 |   2861697000 |   2861565000 |   2862557000 |   2860323000 |   2860588000 |   2860595000 |   2862840000 |   2859825000 |   2862657000 |   2861683000 |   2862405000 |   2862729000 |   2860715000 |   2861567000 |   2861402000 |   2861647000 |   2861715000 |   2862568000 |   2861652000 |   2861675000 |   2861633000 |   2861856000 |   2861826000 |   2862498000 |   2862605000 |   2861648000 |
|      RETIRED_INSTRUCTIONS     |   PMC0  | 5915872000 | 5918975000 | 5918309000 | 5914047000 | 5918515000 | 5918692000 | 5918312000 | 5913371000 | 5917896000 | 5917869000 |  5917826000 |  5913016000 |  5917837000 |  5917807000 |  5917722000 |  5912690000 |  5918726000 |  5917411000 |  5918681000 |  5913734000 |  5918495000 |  5918562000 |  5918634000 |  5913418000 |  5918523000 |  5918887000 |  5914756000 |  5913752000 |  5918813000 |  5918698000 |  5918568000 |  5914266000 |  5918817000 |  5919172000 |  5918865000 |  5915443000 |  5918798000 |  5918731000 |  5918586000 |  5914154000 |  5914575000 |  5914480000 |  5914881000 |  5911792000 |  5914692000 |  5914574000 |  5914527000 |  5908503000 |  5919041000 |  5919541000 |  5919449000 |  5916613000 |  5919254000 |  5919447000 |  5919258000 |  5915410000 |  5917886000 |  5918158000 |  5917922000 |  5915291000 |  5918015000 |  5918089000 |  5917825000 |  5913941000 |  5915493000 |  5915707000 |  5915377000 |  5912873000 |  5915402000 |  5915671000 |  5915445000 |  5909386000 |  5907871000 |  5908115000 |  5907923000 |  5907162000 |  5908042000 |  5908092000 |  5908020000 |  5906531000 |  5908240000 |  5906936000 |  5908171000 |  5906367000 |  5908218000 |  5908266000 |  5908243000 |  5906191000 |  5906668000 |  5906815000 |  5906643000 |  5906300000 |  5906693000 |  5906838000 |  5906668000 |  5905844000 |  5918092000 |  5918620000 |  5918336000 |  5915784000 |   5918382000 |   5918452000 |   5918334000 |   5915544000 |   5919510000 |   5917823000 |   5919655000 |   5917513000 |   5919491000 |   5919679000 |   5919654000 |   5916196000 |   5917735000 |   5917903000 |   5911290000 |   5914641000 |   5917640000 |   5917995000 |   5917759000 |   5912535000 |   5919990000 |   5920271000 |   5919985000 |   5917321000 |   5918547000 |   5920012000 |   5919850000 |   5917108000 |   5919107000 |   5919301000 |   5919111000 |   5916318000 |   5919210000 |   5919086000 |   5918964000 |   5916102000 |   5917397000 |   5917374000 |   5917228000 |   5914865000 |   5917370000 |   5917204000 |   5917300000 |   5912453000 |   5918390000 |   5918678000 |   5918959000 |   5915945000 |   5918774000 |   5918654000 |   5918751000 |   5915891000 |   5917800000 |   5917919000 |   5917846000 |   5915228000 |   5917728000 |   5917708000 |   5917869000 |   5914838000 |   5912511000 |   5916944000 |   5913043000 |   5915462000 |   5918140000 |   5918140000 |   5918164000 |   5913211000 |   5918945000 |   5918963000 |   5918852000 |   5916199000 |   5919306000 |   5918850000 |   5917641000 |   5916270000 |   5918291000 |   5918286000 |   5918149000 |   5915272000 |   5918099000 |   5918100000 |   5918123000 |   5915218000 |   5917792000 |   5917960000 |   5917837000 |   5915008000 |   5917837000 |   5917908000 |   5917814000 |   5912231000 |
|      CPU_CLOCKS_UNHALTED      |   PMC1  | 2229527000 | 2233358000 | 2230616000 | 2232288000 | 2231144000 | 2232171000 | 2231003000 | 2231579000 | 2226940000 | 2226754000 |  2227045000 |  2227433000 |  2227535000 |  2226845000 |  2227769000 |  2227584000 |  2231752000 |  2232526000 |  2231791000 |  2231047000 |  2231322000 |  2231205000 |  2231763000 |  2231265000 |  2232574000 |  2232838000 |  2233009000 |  2232934000 |  2232967000 |  2232393000 |  2232440000 |  2232850000 |  2231420000 |  2232792000 |  2232072000 |  2232715000 |  2231604000 |  2232009000 |  2232022000 |  2231542000 |  2217585000 |  2217116000 |  2218650000 |  2218206000 |  2217768000 |  2217531000 |  2217393000 |  2217207000 |  2235187000 |  2235657000 |  2235927000 |  2235403000 |  2235311000 |  2235804000 |  2235800000 |  2235128000 |  2227773000 |  2228188000 |  2227469000 |  2228073000 |  2227816000 |  2228392000 |  2227181000 |  2227670000 |  2222113000 |  2223541000 |  2221832000 |  2223025000 |  2221789000 |  2222861000 |  2222094000 |  2221885000 |  2224939000 |  2225496000 |  2224926000 |  2225264000 |  2225364000 |  2225394000 |  2225132000 |  2225314000 |  2225954000 |  2226149000 |  2225967000 |  2225475000 |  2225825000 |  2226297000 |  2226148000 |  2226006000 |  2226746000 |  2226949000 |  2226802000 |  2227292000 |  2227360000 |  2227734000 |  2226828000 |  2227558000 |  2231767000 |  2232678000 |  2231674000 |  2232442000 |   2231785000 |   2232264000 |   2232081000 |   2231664000 |   2236881000 |   2236422000 |   2237436000 |   2239874000 |   2236774000 |   2236814000 |   2237702000 |   2236191000 |   2234264000 |   2235071000 |   2234256000 |   2234140000 |   2234329000 |   2235302000 |   2234556000 |   2234251000 |   2239865000 |   2239643000 |   2239455000 |   2239499000 |   2239304000 |   2239445000 |   2239692000 |   2239544000 |   2234848000 |   2235169000 |   2234822000 |   2235235000 |   2235038000 |   2234723000 |   2235126000 |   2234916000 |   2232986000 |   2233189000 |   2232712000 |   2232686000 |   2232904000 |   2232646000 |   2232668000 |   2232715000 |   2232666000 |   2232723000 |   2233900000 |   2232781000 |   2232961000 |   2232756000 |   2233428000 |   2232887000 |   2229392000 |   2229544000 |   2229630000 |   2229786000 |   2229238000 |   2229120000 |   2229514000 |   2229567000 |   2234968000 |   2234767000 |   2234880000 |   2234966000 |   2235048000 |   2235034000 |   2235474000 |   2234872000 |   2233990000 |   2233049000 |   2233064000 |   2233438000 |   2234940000 |   2233010000 |   2233631000 |   2233866000 |   2230861000 |   2230805000 |   2230316000 |   2230319000 |   2230390000 |   2230720000 |   2230351000 |   2230768000 |   2235986000 |   2236085000 |   2235591000 |   2235873000 |   2235557000 |   2235923000 |   2235551000 |   2235756000 |
| REQUESTS_TO_L2_GRP1_ALL_NO_PF |   PMC2  |  537055500 |  537052800 |  537053600 |  537052700 |  537054500 |  537046100 |  537052800 |  537054000 |  537037700 |  537052400 |   537052700 |   537055300 |   537052500 |   537044000 |   537053800 |   537052600 |   537046500 |   537077200 |   537052300 |   537052200 |   537051900 |   537041400 |   537047100 |   537053600 |   537046600 |   537053400 |   537114200 |   537083800 |   537054200 |   537047800 |   537055900 |   537053800 |   537039400 |   537055200 |   537053700 |   537056500 |   537044400 |   537049800 |   537055300 |   537055800 |   537041000 |   537045500 |   537054800 |   537055400 |   537055400 |   537049900 |   537049300 |   537042600 |   537048700 |   537058200 |   537054300 |   537054400 |   537055400 |   537046900 |   537056800 |   537045100 |   537048500 |   537054100 |   537053500 |   537054100 |   537048000 |   537043700 |   537049400 |   537055000 |   537048300 |   537056200 |   537043600 |   537056600 |   537050000 |   537050000 |   537056100 |   537038100 |   537163300 |   537182200 |   537181500 |   537170300 |   537175100 |   537173100 |   537178700 |   537173100 |   537172400 |   537207400 |   537184900 |   537178100 |   537172200 |   537169800 |   537176600 |   537178300 |   537167500 |   537178700 |   537178000 |   537175300 |   537172400 |   537173300 |   537182400 |   537132600 |   537046200 |   537056000 |   537054200 |   537052000 |    537053900 |    537048700 |    537054500 |    537054100 |    537046900 |    537084400 |    537053600 |    537051500 |    537054900 |    537038100 |    537051600 |    537056800 |    537048500 |    537054300 |    537139800 |    537052800 |    537050600 |    537049800 |    537054600 |    537046400 |    537043000 |    537053500 |    537056800 |    537055400 |    537076400 |    537047900 |    537053300 |    537056700 |    537048900 |    537054900 |    537052400 |    537054700 |    537046300 |    537047600 |    537054300 |    537055000 |    537043800 |    537055400 |    537045600 |    537054600 |    537053800 |    537047000 |    537053600 |    537035400 |    537048300 |    537054000 |    537052700 |    537057000 |    537051900 |    537047300 |    537056600 |    537055000 |    537047700 |    537053700 |    537053600 |    537057500 |    537053800 |    537042800 |    537056400 |    537048900 |    537119700 |    537074600 |    537127100 |    537050300 |    537051800 |    537048400 |    537049300 |    537041900 |    537017900 |    537043700 |    537045700 |    537046600 |    537047800 |    537040300 |    537065900 |    537046100 |    537039300 |    537048600 |    537043000 |    537046800 |    537046300 |    537040100 |    537045000 |    537047300 |    537039900 |    537047000 |    537052500 |    537049300 |    537045900 |    537039500 |    537048800 |    537035400 |
|        L2_PF_HIT_IN_L2        |   PMC3  |  828112100 |  820479500 |  827349000 |  748676300 |  824982600 |  828381300 |  824740000 |  768270500 |  823723400 |  820701200 |   825953000 |   720670800 |   825359700 |   827975200 |   823459400 |   749569300 |   823438300 |   833305800 |   825996800 |   792248500 |   824466600 |   830151900 |   823991500 |   746779200 |   823010800 |   821603600 |   864516400 |   791706600 |   826295600 |   828937300 |   824435600 |   762463700 |   824841600 |   822266600 |   827749700 |   785564100 |   826066600 |   829980700 |   825163300 |   762956000 |   823048500 |   821810900 |   827413000 |   775546600 |   825054700 |   827084300 |   822742400 |   665351700 |   827223300 |   822623200 |   827706600 |   816813500 |   826529400 |   833410000 |   825979400 |   766610300 |   824683700 |   823177300 |   828374400 |   797089900 |   826908700 |   829827500 |   827637400 |   749463200 |   822790200 |   822100600 |   823168900 |   791531400 |   823994400 |   825936200 |   824144100 |   669723000 |   877122100 |   873927300 |   883017600 |   840670400 |   880615100 |   879785800 |   876461200 |   824695800 |   878808200 |   904560900 |   876119100 |   821870100 |   877514100 |   886246400 |   877829700 |   813517300 |   877155100 |   871094900 |   868518900 |   837769700 |   878657400 |   884932700 |   873876900 |   717365900 |   828087500 |   824032900 |   830171800 |   794343500 |    827743700 |    830966400 |    827430500 |    796850100 |    825963700 |    837487100 |    829890900 |    799082900 |    828632400 |    831315000 |    827859500 |    796718900 |    825896100 |    825517900 |    861493100 |    816442100 |    825777200 |    829678000 |    827254400 |    686552000 |    822351800 |    825926100 |    831460700 |    801653900 |    838367700 |    833053400 |    827789300 |    796670400 |    828080700 |    826141700 |    832388300 |    817797000 |    829401600 |    832251200 |    828790700 |    796908200 |    826902300 |    824254300 |    828338000 |    800665100 |    826185800 |    829093800 |    828224400 |    687265500 |    822145600 |    826468100 |    833252400 |    818354500 |    833121700 |    833733000 |    829269400 |    797667700 |    827903300 |    826755600 |    831644900 |    803251900 |    831326700 |    834446400 |    829024000 |    799876300 |    858987600 |    834085400 |    862419300 |    794726800 |    827577200 |    831054200 |    829348900 |    693336600 |    824317100 |    826787100 |    832071800 |    805393600 |    831684800 |    834318200 |    840241400 |    798846500 |    829336300 |    826755200 |    832321500 |    797905300 |    831093700 |    834083400 |    829141900 |    800366900 |    829071400 |    826311200 |    831194600 |    800341100 |    835202300 |    835319900 |    829074000 |    689997800 |
+-------------------------------+---------+------------+------------+------------+------------+------------+------------+------------+------------+------------+------------+-------------+-------------+-------------+-------------+-------------+-------------+-------------+-------------+-------------+-------------+-------------+-------------+-------------+-------------+-------------+-------------+-------------+-------------+-------------+-------------+-------------+-------------+-------------+-------------+-------------+-------------+-------------+-------------+-------------+-------------+-------------+-------------+-------------+-------------+-------------+-------------+-------------+-------------+-------------+-------------+-------------+-------------+-------------+-------------+-------------+-------------+-------------+-------------+-------------+-------------+-------------+-------------+-------------+-------------+-------------+-------------+-------------+-------------+-------------+-------------+-------------+-------------+-------------+-------------+-------------+-------------+-------------+-------------+-------------+-------------+-------------+-------------+-------------+-------------+-------------+-------------+-------------+-------------+-------------+-------------+-------------+-------------+-------------+-------------+-------------+-------------+-------------+-------------+-------------+-------------+--------------+--------------+--------------+--------------+--------------+--------------+--------------+--------------+--------------+--------------+--------------+--------------+--------------+--------------+--------------+--------------+--------------+--------------+--------------+--------------+--------------+--------------+--------------+--------------+--------------+--------------+--------------+--------------+--------------+--------------+--------------+--------------+--------------+--------------+--------------+--------------+--------------+--------------+--------------+--------------+--------------+--------------+--------------+--------------+--------------+--------------+--------------+--------------+--------------+--------------+--------------+--------------+--------------+--------------+--------------+--------------+--------------+--------------+--------------+--------------+--------------+--------------+--------------+--------------+--------------+--------------+--------------+--------------+--------------+--------------+--------------+--------------+--------------+--------------+--------------+--------------+--------------+--------------+--------------+--------------+--------------+--------------+--------------+--------------+--------------+--------------+--------------+--------------+--------------+--------------+--------------+--------------+
+------------------------------------+---------+---------------+------------+------------+--------------+
|                Event               | Counter |      Sum      |     Min    |     Max    |      Avg     |
+------------------------------------+---------+---------------+------------+------------+--------------+
|        ACTUAL_CPU_CLOCK STAT       |  FIXC1  |  434961361000 | 2263911000 | 2267089000 | 2.265424e+09 |
|         MAX_CPU_CLOCK STAT         |  FIXC2  |  549422737000 | 2858942000 | 2864318000 | 2.861577e+09 |
|      RETIRED_INSTRUCTIONS STAT     |   PMC0  | 1135844202000 | 5905844000 | 5920271000 | 5.915855e+09 |
|      CPU_CLOCKS_UNHALTED STAT      |   PMC1  |  428363927000 | 2217116000 | 2239874000 | 2.231062e+09 |
| REQUESTS_TO_L2_GRP1_ALL_NO_PF STAT |   PMC2  |  103117050600 |  537017900 |  537207400 | 5.370680e+08 |
|        L2_PF_HIT_IN_L2 STAT        |   PMC3  |  157580075400 |  665351700 |  904560900 | 8.207296e+08 |
+------------------------------------+---------+---------------+------------+------------+--------------+
+-------------------------------+------------+------------+------------+------------+------------+------------+------------+------------+------------+------------+-------------+-------------+-------------+-------------+-------------+-------------+-------------+-------------+-------------+-------------+-------------+-------------+-------------+-------------+-------------+-------------+-------------+-------------+-------------+-------------+-------------+-------------+-------------+-------------+-------------+-------------+-------------+-------------+-------------+-------------+-------------+-------------+-------------+-------------+-------------+-------------+-------------+-------------+-------------+-------------+-------------+-------------+-------------+-------------+-------------+-------------+-------------+-------------+-------------+-------------+-------------+-------------+-------------+-------------+-------------+-------------+-------------+-------------+-------------+-------------+-------------+-------------+-------------+-------------+-------------+-------------+-------------+-------------+-------------+-------------+-------------+-------------+-------------+-------------+-------------+-------------+-------------+-------------+-------------+-------------+-------------+-------------+-------------+-------------+-------------+-------------+-------------+-------------+-------------+-------------+--------------+--------------+--------------+--------------+--------------+--------------+--------------+--------------+--------------+--------------+--------------+--------------+--------------+--------------+--------------+--------------+--------------+--------------+--------------+--------------+--------------+--------------+--------------+--------------+--------------+--------------+--------------+--------------+--------------+--------------+--------------+--------------+--------------+--------------+--------------+--------------+--------------+--------------+--------------+--------------+--------------+--------------+--------------+--------------+--------------+--------------+--------------+--------------+--------------+--------------+--------------+--------------+--------------+--------------+--------------+--------------+--------------+--------------+--------------+--------------+--------------+--------------+--------------+--------------+--------------+--------------+--------------+--------------+--------------+--------------+--------------+--------------+--------------+--------------+--------------+--------------+--------------+--------------+--------------+--------------+--------------+--------------+--------------+--------------+--------------+--------------+--------------+--------------+--------------+--------------+--------------+--------------+
|             Metric            | HWThread 0 | HWThread 1 | HWThread 2 | HWThread 3 | HWThread 4 | HWThread 5 | HWThread 6 | HWThread 7 | HWThread 8 | HWThread 9 | HWThread 10 | HWThread 11 | HWThread 12 | HWThread 13 | HWThread 14 | HWThread 15 | HWThread 16 | HWThread 17 | HWThread 18 | HWThread 19 | HWThread 20 | HWThread 21 | HWThread 22 | HWThread 23 | HWThread 24 | HWThread 25 | HWThread 26 | HWThread 27 | HWThread 28 | HWThread 29 | HWThread 30 | HWThread 31 | HWThread 32 | HWThread 33 | HWThread 34 | HWThread 35 | HWThread 36 | HWThread 37 | HWThread 38 | HWThread 39 | HWThread 40 | HWThread 41 | HWThread 42 | HWThread 43 | HWThread 44 | HWThread 45 | HWThread 46 | HWThread 47 | HWThread 48 | HWThread 49 | HWThread 50 | HWThread 51 | HWThread 52 | HWThread 53 | HWThread 54 | HWThread 55 | HWThread 56 | HWThread 57 | HWThread 58 | HWThread 59 | HWThread 60 | HWThread 61 | HWThread 62 | HWThread 63 | HWThread 64 | HWThread 65 | HWThread 66 | HWThread 67 | HWThread 68 | HWThread 69 | HWThread 70 | HWThread 71 | HWThread 72 | HWThread 73 | HWThread 74 | HWThread 75 | HWThread 76 | HWThread 77 | HWThread 78 | HWThread 79 | HWThread 80 | HWThread 81 | HWThread 82 | HWThread 83 | HWThread 84 | HWThread 85 | HWThread 86 | HWThread 87 | HWThread 88 | HWThread 89 | HWThread 90 | HWThread 91 | HWThread 92 | HWThread 93 | HWThread 94 | HWThread 95 | HWThread 96 | HWThread 97 | HWThread 98 | HWThread 99 | HWThread 100 | HWThread 101 | HWThread 102 | HWThread 103 | HWThread 104 | HWThread 105 | HWThread 106 | HWThread 107 | HWThread 108 | HWThread 109 | HWThread 110 | HWThread 111 | HWThread 112 | HWThread 113 | HWThread 114 | HWThread 115 | HWThread 116 | HWThread 117 | HWThread 118 | HWThread 119 | HWThread 120 | HWThread 121 | HWThread 122 | HWThread 123 | HWThread 124 | HWThread 125 | HWThread 126 | HWThread 127 | HWThread 128 | HWThread 129 | HWThread 130 | HWThread 131 | HWThread 132 | HWThread 133 | HWThread 134 | HWThread 135 | HWThread 136 | HWThread 137 | HWThread 138 | HWThread 139 | HWThread 140 | HWThread 141 | HWThread 142 | HWThread 143 | HWThread 144 | HWThread 145 | HWThread 146 | HWThread 147 | HWThread 148 | HWThread 149 | HWThread 150 | HWThread 151 | HWThread 152 | HWThread 153 | HWThread 154 | HWThread 155 | HWThread 156 | HWThread 157 | HWThread 158 | HWThread 159 | HWThread 160 | HWThread 161 | HWThread 162 | HWThread 163 | HWThread 164 | HWThread 165 | HWThread 166 | HWThread 167 | HWThread 168 | HWThread 169 | HWThread 170 | HWThread 171 | HWThread 172 | HWThread 173 | HWThread 174 | HWThread 175 | HWThread 176 | HWThread 177 | HWThread 178 | HWThread 179 | HWThread 180 | HWThread 181 | HWThread 182 | HWThread 183 | HWThread 184 | HWThread 185 | HWThread 186 | HWThread 187 | HWThread 188 | HWThread 189 | HWThread 190 | HWThread 191 |
+-------------------------------+------------+------------+------------+------------+------------+------------+------------+------------+------------+------------+-------------+-------------+-------------+-------------+-------------+-------------+-------------+-------------+-------------+-------------+-------------+-------------+-------------+-------------+-------------+-------------+-------------+-------------+-------------+-------------+-------------+-------------+-------------+-------------+-------------+-------------+-------------+-------------+-------------+-------------+-------------+-------------+-------------+-------------+-------------+-------------+-------------+-------------+-------------+-------------+-------------+-------------+-------------+-------------+-------------+-------------+-------------+-------------+-------------+-------------+-------------+-------------+-------------+-------------+-------------+-------------+-------------+-------------+-------------+-------------+-------------+-------------+-------------+-------------+-------------+-------------+-------------+-------------+-------------+-------------+-------------+-------------+-------------+-------------+-------------+-------------+-------------+-------------+-------------+-------------+-------------+-------------+-------------+-------------+-------------+-------------+-------------+-------------+-------------+-------------+--------------+--------------+--------------+--------------+--------------+--------------+--------------+--------------+--------------+--------------+--------------+--------------+--------------+--------------+--------------+--------------+--------------+--------------+--------------+--------------+--------------+--------------+--------------+--------------+--------------+--------------+--------------+--------------+--------------+--------------+--------------+--------------+--------------+--------------+--------------+--------------+--------------+--------------+--------------+--------------+--------------+--------------+--------------+--------------+--------------+--------------+--------------+--------------+--------------+--------------+--------------+--------------+--------------+--------------+--------------+--------------+--------------+--------------+--------------+--------------+--------------+--------------+--------------+--------------+--------------+--------------+--------------+--------------+--------------+--------------+--------------+--------------+--------------+--------------+--------------+--------------+--------------+--------------+--------------+--------------+--------------+--------------+--------------+--------------+--------------+--------------+--------------+--------------+--------------+--------------+--------------+--------------+
|      Runtime (RDTSC) [s]      |     1.1913 |     1.1928 |     1.1912 |     1.1921 |     1.1915 |     1.1921 |     1.1913 |     1.1912 |     1.1912 |     1.1912 |      1.1912 |      1.1914 |      1.1915 |      1.1912 |      1.1916 |      1.1916 |      1.1917 |      1.1921 |      1.1915 |      1.1912 |      1.1912 |      1.1912 |      1.1915 |      1.1912 |      1.1915 |      1.1915 |      1.1915 |      1.1915 |      1.1916 |      1.1911 |      1.1915 |      1.1915 |      1.1912 |      1.1920 |      1.1915 |      1.1920 |      1.1913 |      1.1916 |      1.1916 |      1.1913 |      1.1913 |      1.1912 |      1.1921 |      1.1917 |      1.1916 |      1.1913 |      1.1912 |      1.1913 |      1.1911 |      1.1915 |      1.1915 |      1.1913 |      1.1911 |      1.1915 |      1.1915 |      1.1912 |      1.1915 |      1.1917 |      1.1913 |      1.1917 |      1.1915 |      1.1915 |      1.1911 |      1.1915 |      1.1915 |      1.1921 |      1.1912 |      1.1920 |      1.1912 |      1.1920 |      1.1915 |      1.1912 |      1.1912 |      1.1915 |      1.1912 |      1.1915 |      1.1915 |      1.1915 |      1.1912 |      1.1912 |      1.1914 |      1.1912 |      1.1912 |      1.1912 |      1.1912 |      1.1914 |      1.1914 |      1.1912 |      1.1912 |      1.1914 |      1.1912 |      1.1917 |      1.1913 |      1.1916 |      1.1913 |      1.1917 |      1.1912 |      1.1917 |      1.1912 |      1.1917 |       1.1915 |       1.1915 |       1.1913 |       1.1912 |       1.1916 |       1.1915 |       1.1919 |       1.1932 |       1.1915 |       1.1915 |       1.1921 |       1.1912 |       1.1913 |       1.1917 |       1.1912 |       1.1913 |       1.1912 |       1.1920 |       1.1913 |       1.1913 |       1.1915 |       1.1913 |       1.1912 |       1.1912 |       1.1912 |       1.1912 |       1.1913 |       1.1913 |       1.1913 |       1.1913 |       1.1912 |       1.1913 |       1.1912 |       1.1912 |       1.1912 |       1.1912 |       1.1915 |       1.1915 |       1.1912 |       1.1912 |       1.1915 |       1.1912 |       1.1913 |       1.1913 |       1.1912 |       1.1912 |       1.1919 |       1.1912 |       1.1914 |       1.1912 |       1.1917 |       1.1913 |       1.1914 |       1.1915 |       1.1913 |       1.1913 |       1.1912 |       1.1911 |       1.1915 |       1.1913 |       1.1913 |       1.1912 |       1.1913 |       1.1913 |       1.1913 |       1.1913 |       1.1913 |       1.1913 |       1.1917 |       1.1913 |       1.1913 |       1.1913 |       1.1923 |       1.1911 |       1.1916 |       1.1915 |       1.1917 |       1.1915 |       1.1912 |       1.1912 |       1.1913 |       1.1912 |       1.1912 |       1.1915 |       1.1915 |       1.1917 |       1.1915 |       1.1915 |       1.1915 |       1.1917 |       1.1915 |       1.1915 |
|      Runtime unhalted [s]     |     0.9455 |     0.9456 |     0.9452 |     0.9459 |     0.9457 |     0.9458 |     0.9454 |     0.9450 |     0.9449 |     0.9453 |      0.9449 |      0.9452 |      0.9452 |      0.9453 |      0.9454 |      0.9453 |      0.9455 |      0.9453 |      0.9450 |      0.9447 |      0.9453 |      0.9448 |      0.9455 |      0.9451 |      0.9455 |      0.9454 |      0.9458 |      0.9457 |      0.9456 |      0.9452 |      0.9456 |      0.9456 |      0.9455 |      0.9457 |      0.9458 |      0.9457 |      0.9452 |      0.9459 |      0.9455 |      0.9454 |      0.9452 |      0.9454 |      0.9460 |      0.9457 |      0.9457 |      0.9455 |      0.9454 |      0.9453 |      0.9450 |      0.9456 |      0.9455 |      0.9452 |      0.9452 |      0.9455 |      0.9453 |      0.9452 |      0.9455 |      0.9454 |      0.9454 |      0.9453 |      0.9453 |      0.9456 |      0.9452 |      0.9454 |      0.9456 |      0.9454 |      0.9449 |      0.9456 |      0.9451 |      0.9454 |      0.9457 |      0.9451 |      0.9453 |      0.9458 |      0.9453 |      0.9456 |      0.9458 |      0.9457 |      0.9455 |      0.9455 |      0.9452 |      0.9453 |      0.9453 |      0.9452 |      0.9454 |      0.9454 |      0.9452 |      0.9453 |      0.9449 |      0.9449 |      0.9449 |      0.9452 |      0.9449 |      0.9453 |      0.9452 |      0.9453 |      0.9452 |      0.9454 |      0.9451 |      0.9453 |       0.9453 |       0.9452 |       0.9451 |       0.9450 |       0.9459 |       0.9458 |       0.9460 |       0.9460 |       0.9456 |       0.9458 |       0.9460 |       0.9454 |       0.9453 |       0.9457 |       0.9453 |       0.9452 |       0.9457 |       0.9457 |       0.9452 |       0.9453 |       0.9452 |       0.9450 |       0.9450 |       0.9451 |       0.9449 |       0.9450 |       0.9449 |       0.9451 |       0.9453 |       0.9455 |       0.9448 |       0.9455 |       0.9454 |       0.9450 |       0.9450 |       0.9454 |       0.9458 |       0.9457 |       0.9455 |       0.9454 |       0.9458 |       0.9454 |       0.9455 |       0.9449 |       0.9453 |       0.9450 |       0.9456 |       0.9455 |       0.9452 |       0.9451 |       0.9455 |       0.9449 |       0.9449 |       0.9453 |       0.9451 |       0.9453 |       0.9450 |       0.9449 |       0.9454 |       0.9453 |       0.9455 |       0.9454 |       0.9450 |       0.9451 |       0.9455 |       0.9451 |       0.9454 |       0.9455 |       0.9455 |       0.9450 |       0.9450 |       0.9451 |       0.9455 |       0.9449 |       0.9456 |       0.9454 |       0.9457 |       0.9458 |       0.9450 |       0.9453 |       0.9455 |       0.9454 |       0.9454 |       0.9455 |       0.9454 |       0.9454 |       0.9454 |       0.9455 |       0.9455 |       0.9455 |       0.9456 |       0.9454 |
|          Clock [MHz]          |  1897.4792 |  1896.4714 |  1896.7799 |  1896.9742 |  1896.9276 |  1896.4586 |  1897.0971 |  1896.9813 |  1897.4218 |  1897.2409 |   1896.9692 |   1897.1129 |   1897.4937 |   1897.1446 |   1897.2554 |   1897.6244 |   1896.7893 |   1897.1831 |   1897.6923 |   1897.6032 |   1897.0623 |   1897.4723 |   1896.9242 |   1896.7224 |   1897.2554 |   1897.1449 |   1897.3190 |   1897.2928 |   1896.8853 |   1897.1735 |   1896.8277 |   1896.8661 |   1897.4648 |   1896.5681 |   1897.3411 |   1896.5629 |   1897.4017 |   1897.3246 |   1897.2631 |   1897.0628 |   1897.4429 |   1897.7462 |   1896.9024 |   1896.9294 |   1896.9408 |   1897.4682 |   1896.8766 |   1897.0898 |   1897.0103 |   1896.8258 |   1896.8777 |   1897.3767 |   1897.3668 |   1896.8201 |   1897.0342 |   1897.3888 |   1897.2510 |   1897.1237 |   1897.0628 |   1896.9482 |   1897.0466 |   1896.8292 |   1897.3946 |   1897.2076 |   1896.8350 |   1896.4657 |   1896.6986 |   1896.8738 |   1897.3452 |   1896.4928 |   1896.8725 |   1897.1273 |   1897.0736 |   1897.2378 |   1897.0677 |   1896.9265 |   1897.3492 |   1896.9328 |   1897.4649 |   1897.4765 |   1896.7113 |   1897.0847 |   1896.7179 |   1896.7398 |   1897.0760 |   1897.0879 |   1896.6796 |   1896.7350 |   1897.0008 |   1897.0087 |   1897.0130 |   1897.0533 |   1896.9443 |   1897.0360 |   1897.0692 |   1897.0917 |   1896.6888 |   1896.7811 |   1897.3486 |   1897.0035 |    1897.6666 |    1897.8076 |    1897.4035 |    1897.3648 |    1897.3450 |    1897.3387 |    1896.7426 |    1896.6575 |    1896.9467 |    1897.3329 |    1896.8038 |    1897.0674 |    1897.2882 |    1897.2273 |    1897.0914 |    1897.3804 |    1897.2024 |    1896.5427 |    1897.3795 |    1897.0567 |    1897.4429 |    1897.8293 |    1896.9590 |    1897.2974 |    1897.9608 |    1897.3191 |    1897.7716 |    1897.3250 |    1897.0873 |    1897.4629 |    1897.6271 |    1897.1155 |    1897.1191 |    1897.0747 |    1897.0790 |    1897.1419 |    1897.3358 |    1896.9392 |    1897.4517 |    1897.0700 |    1897.3396 |    1897.0675 |    1897.4991 |    1897.9322 |    1897.0812 |    1897.0031 |    1896.6121 |    1897.4724 |    1897.4099 |    1897.3187 |    1896.7983 |    1897.9290 |    1896.9592 |    1897.6968 |    1896.7449 |    1897.0502 |    1897.3481 |    1897.0063 |    1897.1992 |    1897.0736 |    1897.4871 |    1897.1546 |    1896.9600 |    1897.3829 |    1897.4722 |    1897.3852 |    1897.0757 |    1897.4739 |    1896.8063 |    1897.3226 |    1897.0003 |    1897.3558 |    1896.5594 |    1897.3514 |    1896.9200 |    1897.1319 |    1897.2252 |    1897.3243 |    1897.0710 |    1897.1234 |    1897.4622 |    1897.1566 |    1897.1668 |    1896.8183 |    1897.1415 |    1897.1514 |    1897.1357 |    1897.2885 |    1897.2205 |    1896.7868 |    1896.9344 |    1897.1300 |
|              CPI              |     0.3769 |     0.3773 |     0.3769 |     0.3775 |     0.3770 |     0.3771 |     0.3770 |     0.3774 |     0.3763 |     0.3763 |      0.3763 |      0.3767 |      0.3764 |      0.3763 |      0.3765 |      0.3767 |      0.3771 |      0.3773 |      0.3771 |      0.3773 |      0.3770 |      0.3770 |      0.3771 |      0.3773 |      0.3772 |      0.3772 |      0.3775 |      0.3776 |      0.3773 |      0.3772 |      0.3772 |      0.3775 |      0.3770 |      0.3772 |      0.3771 |      0.3774 |      0.3770 |      0.3771 |      0.3771 |      0.3773 |      0.3749 |      0.3749 |      0.3751 |      0.3752 |      0.3750 |      0.3749 |      0.3749 |      0.3753 |      0.3776 |      0.3777 |      0.3777 |      0.3778 |      0.3776 |      0.3777 |      0.3777 |      0.3778 |      0.3764 |      0.3765 |      0.3764 |      0.3767 |      0.3764 |      0.3765 |      0.3764 |      0.3767 |      0.3756 |      0.3759 |      0.3756 |      0.3760 |      0.3756 |      0.3758 |      0.3756 |      0.3760 |      0.3766 |      0.3767 |      0.3766 |      0.3767 |      0.3767 |      0.3767 |      0.3766 |      0.3768 |      0.3768 |      0.3769 |      0.3768 |      0.3768 |      0.3767 |      0.3768 |      0.3768 |      0.3769 |      0.3770 |      0.3770 |      0.3770 |      0.3771 |      0.3771 |      0.3771 |      0.3770 |      0.3772 |      0.3771 |      0.3772 |      0.3771 |      0.3774 |       0.3771 |       0.3772 |       0.3771 |       0.3773 |       0.3779 |       0.3779 |       0.3780 |       0.3785 |       0.3779 |       0.3779 |       0.3780 |       0.3780 |       0.3776 |       0.3777 |       0.3780 |       0.3777 |       0.3776 |       0.3777 |       0.3776 |       0.3779 |       0.3784 |       0.3783 |       0.3783 |       0.3785 |       0.3784 |       0.3783 |       0.3783 |       0.3785 |       0.3776 |       0.3776 |       0.3776 |       0.3778 |       0.3776 |       0.3775 |       0.3776 |       0.3778 |       0.3774 |       0.3774 |       0.3773 |       0.3775 |       0.3773 |       0.3773 |       0.3773 |       0.3776 |       0.3772 |       0.3772 |       0.3774 |       0.3774 |       0.3773 |       0.3772 |       0.3773 |       0.3774 |       0.3767 |       0.3767 |       0.3768 |       0.3770 |       0.3767 |       0.3767 |       0.3767 |       0.3769 |       0.3780 |       0.3777 |       0.3780 |       0.3778 |       0.3777 |       0.3777 |       0.3777 |       0.3779 |       0.3774 |       0.3773 |       0.3773 |       0.3775 |       0.3776 |       0.3773 |       0.3775 |       0.3776 |       0.3769 |       0.3769 |       0.3769 |       0.3770 |       0.3769 |       0.3769 |       0.3769 |       0.3771 |       0.3778 |       0.3778 |       0.3778 |       0.3780 |       0.3778 |       0.3778 |       0.3778 |       0.3782 |
|    L2 bandwidth [MBytes/s]    | 28852.4771 | 28816.5317 | 28855.4997 | 28833.3511 | 28847.4834 | 28832.5614 | 28853.0828 | 28853.5833 | 28854.6211 | 28855.4836 |  28855.4997 |  28850.0930 |  28847.8118 |  28855.0081 |  28845.8480 |  28845.7593 |  28842.5028 |  28834.8116 |  28847.7768 |  28855.0126 |  28855.2630 |  28854.8442 |  28847.1586 |  28855.5481 |  28847.1317 |  28847.9085 |  28850.7144 |  28849.1541 |  28845.7726 |  28855.6967 |  28847.6070 |  28847.4700 |  28852.7505 |  28835.6865 |  28846.8110 |  28835.7563 |  28852.3894 |  28845.5121 |  28845.8075 |  28853.3409 |  28851.6254 |  28854.9191 |  28833.1736 |  28842.2062 |  28845.2319 |  28850.7231 |  28853.4277 |  28850.8153 |  28855.4302 |  28847.9485 |  28847.6664 |  28852.8539 |  28856.0082 |  28847.4141 |  28847.8491 |  28853.5896 |  28847.1853 |  28842.3058 |  28851.0618 |  28843.1288 |  28847.4490 |  28847.1212 |  28855.4436 |  28847.5103 |  28847.0293 |  28833.6357 |  28855.1077 |  28834.5764 |  28855.2820 |  28833.9559 |  28847.5693 |  28854.5700 |  28859.5282 |  28854.3669 |  28861.9113 |  28853.1708 |  28853.4044 |  28853.3938 |  28860.3556 |  28860.1758 |  28856.1655 |  28861.7037 |  28860.5675 |  28862.3101 |  28861.8962 |  28856.0016 |  28856.4154 |  28861.8605 |  28861.6436 |  28856.7219 |  28862.2563 |  28849.3474 |  28857.3766 |  28850.4263 |  28857.8896 |  28846.9090 |  28854.6418 |  28841.3188 |  28853.3034 |  28843.0886 |   28846.0470 |   28846.2035 |   28852.5202 |   28853.5644 |   28845.1868 |   28849.2832 |   28837.6812 |   28805.3529 |   28846.9723 |   28846.0457 |   28832.6148 |   28853.8791 |   28852.1737 |   28842.1956 |   28860.0584 |   28852.4531 |   28855.2173 |   28835.3724 |   28852.4529 |   28851.9640 |   28847.2531 |   28850.8923 |   28855.0418 |   28853.5616 |   28856.7974 |   28855.2661 |   28851.2448 |   28852.8564 |   28852.2436 |   28853.0988 |   28855.4110 |   28853.1365 |   28855.2286 |   28855.2984 |   28855.6342 |   28855.6475 |   28845.7224 |   28847.5802 |   28853.0109 |   28855.3838 |   28847.4942 |   28852.9650 |   28852.3750 |   28851.6152 |   28855.3360 |   28855.0124 |   28836.5442 |   28855.2221 |   28849.7893 |   28854.6525 |   28843.2630 |   28852.6924 |   28849.9269 |   28847.0773 |   28850.8250 |   28851.1798 |   28853.6210 |   28855.5492 |   28847.0770 |   28850.5968 |   28856.0715 |   28856.4099 |   28856.5175 |   28852.4399 |   28852.4236 |   28852.5316 |   28852.4346 |   28851.9644 |   28840.7248 |   28851.7463 |   28850.7639 |   28850.5459 |   28826.8490 |   28854.9546 |   28846.2800 |   28847.2985 |   28841.8740 |   28845.9318 |   28854.4456 |   28855.2312 |   28852.4672 |   28854.2414 |   28854.5047 |   28847.4840 |   28847.0381 |   28842.4086 |   28847.7391 |   28846.8167 |   28846.7067 |   28842.0058 |   28845.7973 |   28846.7238 |
|    L2 data volume [GBytes]    |    34.3716 |    34.3714 |    34.3714 |    34.3714 |    34.3715 |    34.3710 |    34.3714 |    34.3715 |    34.3704 |    34.3714 |     34.3714 |     34.3715 |     34.3714 |     34.3708 |     34.3714 |     34.3714 |     34.3710 |     34.3729 |     34.3713 |     34.3713 |     34.3713 |     34.3706 |     34.3710 |     34.3714 |     34.3710 |     34.3714 |     34.3753 |     34.3734 |     34.3715 |     34.3711 |     34.3716 |     34.3714 |     34.3705 |     34.3715 |     34.3714 |     34.3716 |     34.3708 |     34.3712 |     34.3715 |     34.3716 |     34.3706 |     34.3709 |     34.3715 |     34.3715 |     34.3715 |     34.3712 |     34.3712 |     34.3707 |     34.3711 |     34.3717 |     34.3715 |     34.3715 |     34.3715 |     34.3710 |     34.3716 |     34.3709 |     34.3711 |     34.3715 |     34.3714 |     34.3715 |     34.3711 |     34.3708 |     34.3712 |     34.3715 |     34.3711 |     34.3716 |     34.3708 |     34.3716 |     34.3712 |     34.3712 |     34.3716 |     34.3704 |     34.3785 |     34.3797 |     34.3796 |     34.3789 |     34.3792 |     34.3791 |     34.3794 |     34.3791 |     34.3790 |     34.3813 |     34.3798 |     34.3794 |     34.3790 |     34.3789 |     34.3793 |     34.3794 |     34.3787 |     34.3794 |     34.3794 |     34.3792 |     34.3790 |     34.3791 |     34.3797 |     34.3765 |     34.3710 |     34.3716 |     34.3715 |     34.3713 |      34.3714 |      34.3711 |      34.3715 |      34.3715 |      34.3710 |      34.3734 |      34.3714 |      34.3713 |      34.3715 |      34.3704 |      34.3713 |      34.3716 |      34.3711 |      34.3715 |      34.3769 |      34.3714 |      34.3712 |      34.3712 |      34.3715 |      34.3710 |      34.3708 |      34.3714 |      34.3716 |      34.3715 |      34.3729 |      34.3711 |      34.3714 |      34.3716 |      34.3711 |      34.3715 |      34.3714 |      34.3715 |      34.3710 |      34.3710 |      34.3715 |      34.3715 |      34.3708 |      34.3715 |      34.3709 |      34.3715 |      34.3714 |      34.3710 |      34.3714 |      34.3703 |      34.3711 |      34.3715 |      34.3714 |      34.3716 |      34.3713 |      34.3710 |      34.3716 |      34.3715 |      34.3711 |      34.3714 |      34.3714 |      34.3717 |      34.3714 |      34.3707 |      34.3716 |      34.3711 |      34.3757 |      34.3728 |      34.3761 |      34.3712 |      34.3713 |      34.3711 |      34.3712 |      34.3707 |      34.3691 |      34.3708 |      34.3709 |      34.3710 |      34.3711 |      34.3706 |      34.3722 |      34.3710 |      34.3705 |      34.3711 |      34.3708 |      34.3710 |      34.3710 |      34.3706 |      34.3709 |      34.3710 |      34.3706 |      34.3710 |      34.3714 |      34.3712 |      34.3709 |      34.3705 |      34.3711 |      34.3703 |
| Prefetch bandwidth [MBytes/s] | 44489.0433 | 44024.2998 | 44452.8605 | 40195.0248 | 44313.3273 | 44473.5650 | 44309.0354 | 41275.8435 | 44258.0225 | 44095.7531 |  44377.9290 |  38713.7407 |  44334.2528 |  44486.5432 |  44229.0598 |  40260.2941 |  44223.3986 |  44738.8489 |  44368.4374 |  42566.3287 |  44297.7681 |  44603.4583 |  44260.2026 |  40123.9711 |  44207.5249 |  44132.5677 |  46436.8950 |  42526.0745 |  44381.2468 |  44538.9840 |  44284.0200 |  40955.2055 |  44315.0891 |  44149.3201 |  44460.9899 |  42178.6813 |  44379.9343 |  44579.1401 |  44320.3925 |  40989.8367 |  44216.8978 |  44155.0800 |  44421.8032 |  41650.2189 |  44313.6669 |  44431.5885 |  44202.5310 |  35743.7920 |  44446.4053 |  44187.0019 |  44459.9435 |  43882.7065 |  44409.4578 |  44766.5249 |  44367.2421 |  41187.3397 |  44297.3093 |  44208.4540 |  44501.1177 |  42808.6605 |  44417.2710 |  44573.9042 |  44468.6174 |  40256.8589 |  44195.3787 |  44137.1857 |  44228.4896 |  42497.3319 |  44272.5832 |  44344.1169 |  44268.2879 |  35983.6093 |  47124.0868 |  46942.3949 |  47443.1372 |  45155.1521 |  47300.6727 |  47256.2869 |  47088.5794 |  44307.6278 |  47208.3727 |  48597.9319 |  47070.0022 |  44158.6686 |  47148.2345 |  47607.9027 |  47155.8486 |  43709.1796 |  47128.9457 |  46794.3783 |  46665.0069 |  44992.9644 |  47202.2529 |  47527.8381 |  46945.4008 |  38526.4063 |  44491.8299 |  44252.7326 |  44601.0827 |  42661.2692 |   44459.4736 |   44633.2443 |   44452.5746 |   42811.2656 |   44363.1222 |   44985.2993 |   44561.9008 |   42859.6977 |   44508.5518 |   44652.6056 |   44445.1782 |   42804.4683 |   44370.1038 |   44333.9691 |   46287.2816 |   43862.2746 |   44368.2226 |   44547.2172 |   44443.0020 |   36883.9146 |   44172.6091 |   44369.3319 |   44672.8041 |   43069.2443 |   45045.0007 |   44759.4665 |   44469.9842 |   42800.3536 |   44487.5431 |   44384.1925 |   44723.5809 |   43935.9500 |   44563.3323 |   44716.4399 |   44530.4716 |   42817.4063 |   44414.6161 |   44274.2816 |   44502.8231 |   43018.9012 |   44378.0308 |   44543.2418 |   44495.0764 |   36922.5562 |   44173.4711 |   44404.7476 |   44740.7110 |   43968.8912 |   44754.3068 |   44795.0785 |   44536.8988 |   42853.8246 |   44474.5405 |   44408.0037 |   44676.4373 |   43151.3665 |   44663.6548 |   44835.1773 |   44529.6233 |   42969.8461 |   46148.0142 |   44814.4638 |   46332.4557 |   42695.8280 |   44460.5305 |   44647.7777 |   44555.9373 |   37248.7191 |   44270.2237 |   44417.7105 |   44699.9334 |   43266.3478 |   44641.9334 |   44827.5740 |   45130.1017 |   42909.8423 |   44539.7816 |   44406.6405 |   44719.2785 |   42871.0159 |   44649.9747 |   44813.8673 |   44548.3690 |   42991.6906 |   44533.4775 |   44377.5037 |   44647.5624 |   42989.1502 |   44861.7815 |   44861.3210 |   44530.9635 |   37063.0613 |
| Prefetch data volume [GBytes] |    52.9992 |    52.5107 |    52.9503 |    47.9153 |    52.7989 |    53.0164 |    52.7834 |    49.1693 |    52.7183 |    52.5249 |     52.8610 |     46.1229 |     52.8230 |     52.9904 |     52.7014 |     47.9724 |     52.7001 |     53.3316 |     52.8638 |     50.7039 |     52.7659 |     53.1297 |     52.7355 |     47.7939 |     52.6727 |     52.5826 |     55.3290 |     50.6692 |     52.8829 |     53.0520 |     52.7639 |     48.7977 |     52.7899 |     52.6251 |     52.9760 |     50.2761 |     52.8683 |     53.1188 |     52.8105 |     48.8292 |     52.6751 |     52.5959 |     52.9544 |     49.6350 |     52.8035 |     52.9334 |     52.6555 |     42.5825 |     52.9423 |     52.6479 |     52.9732 |     52.2761 |     52.8979 |     53.3382 |     52.8627 |     49.0631 |     52.7798 |     52.6833 |     53.0160 |     51.0138 |     52.9222 |     53.1090 |     52.9688 |     47.9656 |     52.6586 |     52.6144 |     52.6828 |     50.6580 |     52.7356 |     52.8599 |     52.7452 |     42.8623 |     56.1358 |     55.9313 |     56.5131 |     53.8029 |     56.3594 |     56.3063 |     56.0935 |     52.7805 |     56.2437 |     57.8919 |     56.0716 |     52.5997 |     56.1609 |     56.7198 |     56.1811 |     52.0651 |     56.1379 |     55.7501 |     55.5852 |     53.6173 |     56.2341 |     56.6357 |     55.9281 |     45.9114 |     52.9976 |     52.7381 |     53.1310 |     50.8380 |      52.9756 |      53.1818 |      52.9556 |      50.9984 |      52.8617 |      53.5992 |      53.1130 |      51.1413 |      53.0325 |      53.2042 |      52.9830 |      50.9900 |      52.8574 |      52.8331 |      55.1356 |      52.2523 |      52.8497 |      53.0994 |      52.9443 |      43.9393 |      52.6305 |      52.8593 |      53.2135 |      51.3058 |      53.6555 |      53.3154 |      52.9785 |      50.9869 |      52.9972 |      52.8731 |      53.2729 |      52.3390 |      53.0817 |      53.2641 |      53.0426 |      51.0021 |      52.9217 |      52.7523 |      53.0136 |      51.2426 |      52.8759 |      53.0620 |      53.0064 |      43.9850 |      52.6173 |      52.8940 |      53.3282 |      52.3747 |      53.3198 |      53.3589 |      53.0732 |      51.0507 |      52.9858 |      52.9124 |      53.2253 |      51.4081 |      53.2049 |      53.4046 |      53.0575 |      51.1921 |      54.9752 |      53.3815 |      55.1948 |      50.8625 |      52.9649 |      53.1875 |      53.0783 |      44.3735 |      52.7563 |      52.9144 |      53.2526 |      51.5452 |      53.2278 |      53.3964 |      53.7754 |      51.1262 |      53.0775 |      52.9123 |      53.2686 |      51.0659 |      53.1900 |      53.3813 |      53.0651 |      51.2235 |      53.0606 |      52.8839 |      53.1965 |      51.2218 |      53.4529 |      53.4605 |      53.0607 |      44.1599 |
+-------------------------------+------------+------------+------------+------------+------------+------------+------------+------------+------------+------------+-------------+-------------+-------------+-------------+-------------+-------------+-------------+-------------+-------------+-------------+-------------+-------------+-------------+-------------+-------------+-------------+-------------+-------------+-------------+-------------+-------------+-------------+-------------+-------------+-------------+-------------+-------------+-------------+-------------+-------------+-------------+-------------+-------------+-------------+-------------+-------------+-------------+-------------+-------------+-------------+-------------+-------------+-------------+-------------+-------------+-------------+-------------+-------------+-------------+-------------+-------------+-------------+-------------+-------------+-------------+-------------+-------------+-------------+-------------+-------------+-------------+-------------+-------------+-------------+-------------+-------------+-------------+-------------+-------------+-------------+-------------+-------------+-------------+-------------+-------------+-------------+-------------+-------------+-------------+-------------+-------------+-------------+-------------+-------------+-------------+-------------+-------------+-------------+-------------+-------------+--------------+--------------+--------------+--------------+--------------+--------------+--------------+--------------+--------------+--------------+--------------+--------------+--------------+--------------+--------------+--------------+--------------+--------------+--------------+--------------+--------------+--------------+--------------+--------------+--------------+--------------+--------------+--------------+--------------+--------------+--------------+--------------+--------------+--------------+--------------+--------------+--------------+--------------+--------------+--------------+--------------+--------------+--------------+--------------+--------------+--------------+--------------+--------------+--------------+--------------+--------------+--------------+--------------+--------------+--------------+--------------+--------------+--------------+--------------+--------------+--------------+--------------+--------------+--------------+--------------+--------------+--------------+--------------+--------------+--------------+--------------+--------------+--------------+--------------+--------------+--------------+--------------+--------------+--------------+--------------+--------------+--------------+--------------+--------------+--------------+--------------+--------------+--------------+--------------+--------------+--------------+--------------+
+------------------------------------+--------------+------------+------------+------------+
|               Metric               |      Sum     |     Min    |     Max    |     Avg    |
+------------------------------------+--------------+------------+------------+------------+
|      Runtime (RDTSC) [s] STAT      |     228.7547 |     1.1911 |     1.1932 |     1.1914 |
|      Runtime unhalted [s] STAT     |     181.5086 |     0.9447 |     0.9460 |     0.9454 |
|          Clock [MHz] STAT          |  364250.2789 |  1896.4586 |  1897.9608 |  1897.1369 |
|              CPI STAT              |      72.4097 |     0.3749 |     0.3785 |     0.3771 |
|    L2 bandwidth [MBytes/s] STAT    | 5.539171e+06 | 28805.3529 | 28862.3101 | 28849.8480 |
|    L2 data volume [GBytes] STAT    |    6599.4909 |    34.3691 |    34.3813 |    34.3723 |
| Prefetch bandwidth [MBytes/s] STAT | 8.464782e+06 | 35743.7920 | 48597.9319 | 44087.4088 |
| Prefetch data volume [GBytes] STAT |   10085.1252 |    42.5825 |    57.8919 |    52.5267 |
+------------------------------------+--------------+------------+------------+------------+
