--------------------------------------------------------------------------------
CPU name:	AMD EPYC 9654 96-Core Processor                
CPU type:	AMD K19 (Zen4) architecture
CPU clock:	2.40 GHz
--------------------------------------------------------------------------------
Region bench, Group 1: L2
+-------------------+------------+------------+------------+------------+------------+------------+------------+------------+------------+------------+-------------+-------------+-------------+-------------+-------------+-------------+-------------+-------------+-------------+-------------+-------------+-------------+-------------+-------------+
|    Region Info    | HWThread 0 | HWThread 1 | HWThread 2 | HWThread 3 | HWThread 4 | HWThread 5 | HWThread 6 | HWThread 7 | HWThread 8 | HWThread 9 | HWThread 10 | HWThread 11 | HWThread 12 | HWThread 13 | HWThread 14 | HWThread 15 | HWThread 16 | HWThread 17 | HWThread 18 | HWThread 19 | HWThread 20 | HWThread 21 | HWThread 22 | HWThread 23 |
+-------------------+------------+------------+------------+------------+------------+------------+------------+------------+------------+------------+-------------+-------------+-------------+-------------+-------------+-------------+-------------+-------------+-------------+-------------+-------------+-------------+-------------+-------------+
| RDTSC Runtime [s] |   1.171989 |   1.172033 |   1.171919 |   1.171989 |   1.171989 |   1.171919 |   1.171919 |   1.171978 |   1.172026 |   1.172005 |    1.171964 |    1.171917 |    1.171977 |    1.171993 |    1.172030 |    1.171963 |    1.171944 |    1.171977 |    1.171993 |    1.171971 |    1.171933 |    1.171943 |    1.172020 |    1.171965 |
|     call count    |          1 |          1 |          1 |          1 |          1 |          1 |          1 |          1 |          1 |          1 |           1 |           1 |           1 |           1 |           1 |           1 |           1 |           1 |           1 |           1 |           1 |           1 |           1 |           1 |
+-------------------+------------+------------+------------+------------+------------+------------+------------+------------+------------+------------+-------------+-------------+-------------+-------------+-------------+-------------+-------------+-------------+-------------+-------------+-------------+-------------+-------------+-------------+
+-------------------------------+---------+------------+------------+------------+------------+------------+------------+------------+------------+------------+------------+-------------+-------------+-------------+-------------+-------------+-------------+-------------+-------------+-------------+-------------+-------------+-------------+-------------+-------------+
|             Event             | Counter | HWThread 0 | HWThread 1 | HWThread 2 | HWThread 3 | HWThread 4 | HWThread 5 | HWThread 6 | HWThread 7 | HWThread 8 | HWThread 9 | HWThread 10 | HWThread 11 | HWThread 12 | HWThread 13 | HWThread 14 | HWThread 15 | HWThread 16 | HWThread 17 | HWThread 18 | HWThread 19 | HWThread 20 | HWThread 21 | HWThread 22 | HWThread 23 |
+-------------------------------+---------+------------+------------+------------+------------+------------+------------+------------+------------+------------+------------+-------------+-------------+-------------+-------------+-------------+-------------+-------------+-------------+-------------+-------------+-------------+-------------+-------------+-------------+
|        ACTUAL_CPU_CLOCK       |  FIXC1  | 2224079000 | 2224108000 | 2224071000 | 2224100000 | 2224084000 | 2224072000 | 2224079000 | 2224081000 | 2224131000 | 2224074000 |  2224069000 |  2224073000 |  2224090000 |  2224071000 |  2224091000 |  2224074000 |  2224071000 |  2224073000 |  2224095000 |  2224071000 |  2224071000 |  2224064000 |  2224056000 |  2224073000 |
|         MAX_CPU_CLOCK         |  FIXC2  | 2809360000 | 2809477000 | 2809333000 | 2809437000 | 2809364000 | 2809358000 | 2809338000 | 2809368000 | 2809459000 | 2809385000 |  2809337000 |  2809321000 |  2809449000 |  2809369000 |  2809440000 |  2809338000 |  2809322000 |  2809343000 |  2809388000 |  2809318000 |  2809334000 |  2809266000 |  2809311000 |  2809324000 |
|      RETIRED_INSTRUCTIONS     |   PMC0  | 5905842000 | 5911323000 | 5911252000 | 5911275000 | 5911086000 | 5911178000 | 5911157000 | 5911228000 | 5911601000 | 5912031000 |  5912051000 |  5912067000 |  5911551000 |  5911815000 |  5911846000 |  5911875000 |  5912300000 |  5912770000 |  5912658000 |  5912632000 |  5912255000 |  5912607000 |  5912495000 |  5912437000 |
|      CPU_CLOCKS_UNHALTED      |   PMC1  | 2192716000 | 2193283000 | 2193671000 | 2193604000 | 2193701000 | 2193481000 | 2193529000 | 2193666000 | 2196167000 | 2196205000 |  2196271000 |  2195925000 |  2196300000 |  2196270000 |  2195838000 |  2196109000 |  2199586000 |  2199385000 |  2199526000 |  2199433000 |  2199457000 |  2199564000 |  2199612000 |  2200018000 |
| REQUESTS_TO_L2_GRP1_ALL_NO_PF |   PMC2  |  537084800 |  537035100 |  537040400 |  537043400 |  537037200 |  537047500 |  537042300 |  537043900 |  537052600 |  537046300 |   537044900 |   537044300 |   537044600 |   537050700 |   537043700 |   537043600 |   537044500 |   537037100 |   537040500 |   537043100 |   537037100 |   537043300 |   537044100 |   537049900 |
|        L2_PF_HIT_IN_L2        |   PMC3  |  850952200 |  821225800 |  827083700 |  821430900 |  769615900 |  827917700 |  823645700 |  829623600 |  748497100 |  820815400 |   829403700 |   822604600 |   768847000 |   829456900 |   824518000 |   829481300 |   753571700 |   821041800 |   826279400 |   821246400 |   772776000 |   828512000 |   824530100 |   828827300 |
+-------------------------------+---------+------------+------------+------------+------------+------------+------------+------------+------------+------------+------------+-------------+-------------+-------------+-------------+-------------+-------------+-------------+-------------+-------------+-------------+-------------+-------------+-------------+-------------+
+------------------------------------+---------+--------------+------------+------------+--------------+
|                Event               | Counter |      Sum     |     Min    |     Max    |      Avg     |
+------------------------------------+---------+--------------+------------+------------+--------------+
|        ACTUAL_CPU_CLOCK STAT       |  FIXC1  |  53377921000 | 2224056000 | 2224131000 | 2.224080e+09 |
|         MAX_CPU_CLOCK STAT         |  FIXC2  |  67424739000 | 2809266000 | 2809477000 |   2809364125 |
|      RETIRED_INSTRUCTIONS STAT     |   PMC0  | 141879332000 | 5905842000 | 5912770000 | 5.911639e+09 |
|      CPU_CLOCKS_UNHALTED STAT      |   PMC1  |  52713317000 | 2192716000 | 2200018000 | 2.196388e+09 |
| REQUESTS_TO_L2_GRP1_ALL_NO_PF STAT |   PMC2  |  12889084900 |  537035100 |  537084800 | 5.370452e+08 |
|        L2_PF_HIT_IN_L2 STAT        |   PMC3  |  19521904200 |  748497100 |  850952200 |    813412675 |
+------------------------------------+---------+--------------+------------+------------+--------------+
+-------------------------------+------------+------------+------------+------------+------------+------------+------------+------------+------------+------------+-------------+-------------+-------------+-------------+-------------+-------------+-------------+-------------+-------------+-------------+-------------+-------------+-------------+-------------+
|             Metric            | HWThread 0 | HWThread 1 | HWThread 2 | HWThread 3 | HWThread 4 | HWThread 5 | HWThread 6 | HWThread 7 | HWThread 8 | HWThread 9 | HWThread 10 | HWThread 11 | HWThread 12 | HWThread 13 | HWThread 14 | HWThread 15 | HWThread 16 | HWThread 17 | HWThread 18 | HWThread 19 | HWThread 20 | HWThread 21 | HWThread 22 | HWThread 23 |
+-------------------------------+------------+------------+------------+------------+------------+------------+------------+------------+------------+------------+-------------+-------------+-------------+-------------+-------------+-------------+-------------+-------------+-------------+-------------+-------------+-------------+-------------+-------------+
|      Runtime (RDTSC) [s]      |     1.1720 |     1.1720 |     1.1719 |     1.1720 |     1.1720 |     1.1719 |     1.1719 |     1.1720 |     1.1720 |     1.1720 |      1.1720 |      1.1719 |      1.1720 |      1.1720 |      1.1720 |      1.1720 |      1.1719 |      1.1720 |      1.1720 |      1.1720 |      1.1719 |      1.1719 |      1.1720 |      1.1720 |
|      Runtime unhalted [s]     |     0.9281 |     0.9281 |     0.9281 |     0.9281 |     0.9281 |     0.9281 |     0.9281 |     0.9281 |     0.9281 |     0.9281 |      0.9281 |      0.9281 |      0.9281 |      0.9281 |      0.9281 |      0.9281 |      0.9281 |      0.9281 |      0.9281 |      0.9281 |      0.9281 |      0.9281 |      0.9281 |      0.9281 |
|          Clock [MHz]          |  1897.1332 |  1897.0790 |  1897.1446 |  1897.0991 |  1897.1348 |  1897.1286 |  1897.1481 |  1897.1295 |  1897.1107 |  1897.1121 |   1897.1402 |   1897.1544 |   1897.0825 |   1897.1203 |   1897.0894 |   1897.1438 |   1897.1521 |   1897.1396 |   1897.1280 |   1897.1548 |   1897.1440 |   1897.1839 |   1897.1467 |   1897.1524 |
|              CPI              |     0.3713 |     0.3710 |     0.3711 |     0.3711 |     0.3711 |     0.3711 |     0.3711 |     0.3711 |     0.3715 |     0.3715 |      0.3715 |      0.3714 |      0.3715 |      0.3715 |      0.3714 |      0.3715 |      0.3720 |      0.3720 |      0.3720 |      0.3720 |      0.3720 |      0.3720 |      0.3720 |      0.3721 |
|    L2 bandwidth [MBytes/s]    | 29329.1381 | 29325.3231 | 29328.4652 | 29326.8773 | 29326.5387 | 29328.8529 | 29328.5690 | 29327.1799 | 29326.4538 | 29326.6353 |  29327.5848 |  29328.7282 |  29327.2431 |  29327.1758 |  29325.8678 |  29327.5388 |  29328.0635 |  29326.8335 |  29326.6188 |  29327.3113 |  29327.9346 |  29328.0229 |  29326.1398 |  29327.8328 |
|    L2 data volume [GBytes]    |    34.3734 |    34.3702 |    34.3706 |    34.3708 |    34.3704 |    34.3710 |    34.3707 |    34.3708 |    34.3714 |    34.3710 |     34.3709 |     34.3708 |     34.3709 |     34.3712 |     34.3708 |     34.3708 |     34.3708 |     34.3704 |     34.3706 |     34.3708 |     34.3704 |     34.3708 |     34.3708 |     34.3712 |
| Prefetch bandwidth [MBytes/s] | 46468.8157 | 44843.8322 | 45168.1019 | 44856.7159 | 42027.2013 | 45213.6477 | 44980.3483 | 45304.5282 | 40872.6550 | 44822.4927 |  45293.0609 |  44923.5692 |  41985.6431 |  45294.8453 |  45023.7212 |  45297.3372 |  41152.6394 |  44835.9270 |  45121.3289 |  44847.3295 |  42201.7846 |  45245.1766 |  45024.7661 |  45261.5455 |
| Prefetch data volume [GBytes] |    54.4609 |    52.5585 |    52.9334 |    52.5716 |    49.2554 |    52.9867 |    52.7133 |    53.0959 |    47.9038 |    52.5322 |     53.0818 |     52.6467 |     49.2062 |     53.0852 |     52.7692 |     53.0868 |     48.2286 |     52.5467 |     52.8819 |     52.5598 |     49.4577 |     53.0248 |     52.7699 |     53.0449 |
+-------------------------------+------------+------------+------------+------------+------------+------------+------------+------------+------------+------------+-------------+-------------+-------------+-------------+-------------+-------------+-------------+-------------+-------------+-------------+-------------+-------------+-------------+-------------+
+------------------------------------+--------------+------------+------------+------------+
|               Metric               |      Sum     |     Min    |     Max    |     Avg    |
+------------------------------------+--------------+------------+------------+------------+
|      Runtime (RDTSC) [s] STAT      |      28.1273 |     1.1719 |     1.1720 |     1.1720 |
|      Runtime unhalted [s] STAT     |      22.2744 |     0.9281 |     0.9281 |     0.9281 |
|          Clock [MHz] STAT          |   45531.1518 |  1897.0790 |  1897.1839 |  1897.1313 |
|              CPI STAT              |       8.9168 |     0.3710 |     0.3721 |     0.3715 |
|    L2 bandwidth [MBytes/s] STAT    |  703856.9290 | 29325.3231 | 29329.1381 | 29327.3720 |
|    L2 data volume [GBytes] STAT    |     824.9015 |    34.3702 |    34.3734 |    34.3709 |
| Prefetch bandwidth [MBytes/s] STAT | 1.066067e+06 | 40872.6550 | 46468.8157 | 44419.4589 |
| Prefetch data volume [GBytes] STAT |    1249.4019 |    47.9038 |    54.4609 |    52.0584 |
+------------------------------------+--------------+------------+------------+------------+
