--------------------------------------------------------------------------------
CPU name:	AMD EPYC 9654 96-Core Processor                
CPU type:	AMD K19 (Zen4) architecture
CPU clock:	2.40 GHz
--------------------------------------------------------------------------------
Region bench, Group 1: L2
+-------------------+------------+------------+------------+------------+------------+------------+------------+------------+------------+------------+-------------+-------------+-------------+-------------+-------------+-------------+-------------+-------------+-------------+-------------+-------------+-------------+-------------+-------------+-------------+-------------+-------------+-------------+-------------+-------------+-------------+-------------+-------------+-------------+-------------+-------------+-------------+-------------+-------------+-------------+-------------+-------------+-------------+-------------+-------------+-------------+-------------+-------------+-------------+-------------+-------------+-------------+-------------+-------------+-------------+-------------+-------------+-------------+-------------+-------------+-------------+-------------+-------------+-------------+-------------+-------------+-------------+-------------+-------------+-------------+-------------+-------------+-------------+-------------+-------------+-------------+-------------+-------------+-------------+-------------+-------------+-------------+-------------+-------------+-------------+-------------+-------------+-------------+-------------+-------------+-------------+-------------+-------------+-------------+-------------+-------------+
|    Region Info    | HWThread 0 | HWThread 1 | HWThread 2 | HWThread 3 | HWThread 4 | HWThread 5 | HWThread 6 | HWThread 7 | HWThread 8 | HWThread 9 | HWThread 10 | HWThread 11 | HWThread 12 | HWThread 13 | HWThread 14 | HWThread 15 | HWThread 16 | HWThread 17 | HWThread 18 | HWThread 19 | HWThread 20 | HWThread 21 | HWThread 22 | HWThread 23 | HWThread 24 | HWThread 25 | HWThread 26 | HWThread 27 | HWThread 28 | HWThread 29 | HWThread 30 | HWThread 31 | HWThread 32 | HWThread 33 | HWThread 34 | HWThread 35 | HWThread 36 | HWThread 37 | HWThread 38 | HWThread 39 | HWThread 40 | HWThread 41 | HWThread 42 | HWThread 43 | HWThread 44 | HWThread 45 | HWThread 46 | HWThread 47 | HWThread 48 | HWThread 49 | HWThread 50 | HWThread 51 | HWThread 52 | HWThread 53 | HWThread 54 | HWThread 55 | HWThread 56 | HWThread 57 | HWThread 58 | HWThread 59 | HWThread 60 | HWThread 61 | HWThread 62 | HWThread 63 | HWThread 64 | HWThread 65 | HWThread 66 | HWThread 67 | HWThread 68 | HWThread 69 | HWThread 70 | HWThread 71 | HWThread 72 | HWThread 73 | HWThread 74 | HWThread 75 | HWThread 76 | HWThread 77 | HWThread 78 | HWThread 79 | HWThread 80 | HWThread 81 | HWThread 82 | HWThread 83 | HWThread 84 | HWThread 85 | HWThread 86 | HWThread 87 | HWThread 88 | HWThread 89 | HWThread 90 | HWThread 91 | HWThread 92 | HWThread 93 | HWThread 94 | HWThread 95 |
+-------------------+------------+------------+------------+------------+------------+------------+------------+------------+------------+------------+-------------+-------------+-------------+-------------+-------------+-------------+-------------+-------------+-------------+-------------+-------------+-------------+-------------+-------------+-------------+-------------+-------------+-------------+-------------+-------------+-------------+-------------+-------------+-------------+-------------+-------------+-------------+-------------+-------------+-------------+-------------+-------------+-------------+-------------+-------------+-------------+-------------+-------------+-------------+-------------+-------------+-------------+-------------+-------------+-------------+-------------+-------------+-------------+-------------+-------------+-------------+-------------+-------------+-------------+-------------+-------------+-------------+-------------+-------------+-------------+-------------+-------------+-------------+-------------+-------------+-------------+-------------+-------------+-------------+-------------+-------------+-------------+-------------+-------------+-------------+-------------+-------------+-------------+-------------+-------------+-------------+-------------+-------------+-------------+-------------+-------------+
| RDTSC Runtime [s] |   1.194572 |   1.194412 |   1.194719 |   1.194410 |   1.194631 |   1.194495 |   1.194358 |   1.194410 |   1.194361 |   1.194583 |    1.194484 |    1.194410 |    1.194415 |    1.194414 |    1.194410 |    1.194351 |    1.194343 |    1.194719 |    1.194713 |    1.194494 |    1.194717 |    1.194714 |    1.194464 |    1.194701 |    1.194355 |    1.194562 |    1.194339 |    1.194610 |    1.194494 |    1.194636 |    1.194495 |    1.194612 |    1.194693 |    1.194730 |    1.194352 |    1.194350 |    1.194344 |    1.194730 |    1.194697 |    1.194354 |    1.194344 |    1.194351 |    1.194604 |    1.194468 |    1.194354 |    1.194441 |    1.194553 |    1.194524 |    1.194354 |    1.194471 |    1.194417 |    1.194610 |    1.194417 |    1.194553 |    1.194343 |    1.194344 |    1.194344 |    1.194349 |    1.194759 |    1.194493 |    1.194631 |    1.194636 |    1.194651 |    1.194632 |    1.194351 |    1.194492 |    1.194517 |    1.194631 |    1.194644 |    1.194698 |    1.194351 |    1.194691 |    1.194405 |    1.194410 |    1.194410 |    1.194417 |    1.194476 |    1.194471 |    1.194477 |    1.194375 |    1.194612 |    1.194482 |    1.194712 |    1.194637 |    1.194483 |    1.194607 |    1.194552 |    1.194552 |    1.194631 |    1.194498 |    1.194639 |    1.194522 |    1.194625 |    1.194532 |    1.194709 |    1.194694 |
|     call count    |          1 |          1 |          1 |          1 |          1 |          1 |          1 |          1 |          1 |          1 |           1 |           1 |           1 |           1 |           1 |           1 |           1 |           1 |           1 |           1 |           1 |           1 |           1 |           1 |           1 |           1 |           1 |           1 |           1 |           1 |           1 |           1 |           1 |           1 |           1 |           1 |           1 |           1 |           1 |           1 |           1 |           1 |           1 |           1 |           1 |           1 |           1 |           1 |           1 |           1 |           1 |           1 |           1 |           1 |           1 |           1 |           1 |           1 |           1 |           1 |           1 |           1 |           1 |           1 |           1 |           1 |           1 |           1 |           1 |           1 |           1 |           1 |           1 |           1 |           1 |           1 |           1 |           1 |           1 |           1 |           1 |           1 |           1 |           1 |           1 |           1 |           1 |           1 |           1 |           1 |           1 |           1 |           1 |           1 |           1 |           1 |
+-------------------+------------+------------+------------+------------+------------+------------+------------+------------+------------+------------+-------------+-------------+-------------+-------------+-------------+-------------+-------------+-------------+-------------+-------------+-------------+-------------+-------------+-------------+-------------+-------------+-------------+-------------+-------------+-------------+-------------+-------------+-------------+-------------+-------------+-------------+-------------+-------------+-------------+-------------+-------------+-------------+-------------+-------------+-------------+-------------+-------------+-------------+-------------+-------------+-------------+-------------+-------------+-------------+-------------+-------------+-------------+-------------+-------------+-------------+-------------+-------------+-------------+-------------+-------------+-------------+-------------+-------------+-------------+-------------+-------------+-------------+-------------+-------------+-------------+-------------+-------------+-------------+-------------+-------------+-------------+-------------+-------------+-------------+-------------+-------------+-------------+-------------+-------------+-------------+-------------+-------------+-------------+-------------+-------------+-------------+
+-------------------------------+---------+------------+------------+------------+------------+------------+------------+------------+------------+------------+------------+-------------+-------------+-------------+-------------+-------------+-------------+-------------+-------------+-------------+-------------+-------------+-------------+-------------+-------------+-------------+-------------+-------------+-------------+-------------+-------------+-------------+-------------+-------------+-------------+-------------+-------------+-------------+-------------+-------------+-------------+-------------+-------------+-------------+-------------+-------------+-------------+-------------+-------------+-------------+-------------+-------------+-------------+-------------+-------------+-------------+-------------+-------------+-------------+-------------+-------------+-------------+-------------+-------------+-------------+-------------+-------------+-------------+-------------+-------------+-------------+-------------+-------------+-------------+-------------+-------------+-------------+-------------+-------------+-------------+-------------+-------------+-------------+-------------+-------------+-------------+-------------+-------------+-------------+-------------+-------------+-------------+-------------+-------------+-------------+-------------+-------------+
|             Event             | Counter | HWThread 0 | HWThread 1 | HWThread 2 | HWThread 3 | HWThread 4 | HWThread 5 | HWThread 6 | HWThread 7 | HWThread 8 | HWThread 9 | HWThread 10 | HWThread 11 | HWThread 12 | HWThread 13 | HWThread 14 | HWThread 15 | HWThread 16 | HWThread 17 | HWThread 18 | HWThread 19 | HWThread 20 | HWThread 21 | HWThread 22 | HWThread 23 | HWThread 24 | HWThread 25 | HWThread 26 | HWThread 27 | HWThread 28 | HWThread 29 | HWThread 30 | HWThread 31 | HWThread 32 | HWThread 33 | HWThread 34 | HWThread 35 | HWThread 36 | HWThread 37 | HWThread 38 | HWThread 39 | HWThread 40 | HWThread 41 | HWThread 42 | HWThread 43 | HWThread 44 | HWThread 45 | HWThread 46 | HWThread 47 | HWThread 48 | HWThread 49 | HWThread 50 | HWThread 51 | HWThread 52 | HWThread 53 | HWThread 54 | HWThread 55 | HWThread 56 | HWThread 57 | HWThread 58 | HWThread 59 | HWThread 60 | HWThread 61 | HWThread 62 | HWThread 63 | HWThread 64 | HWThread 65 | HWThread 66 | HWThread 67 | HWThread 68 | HWThread 69 | HWThread 70 | HWThread 71 | HWThread 72 | HWThread 73 | HWThread 74 | HWThread 75 | HWThread 76 | HWThread 77 | HWThread 78 | HWThread 79 | HWThread 80 | HWThread 81 | HWThread 82 | HWThread 83 | HWThread 84 | HWThread 85 | HWThread 86 | HWThread 87 | HWThread 88 | HWThread 89 | HWThread 90 | HWThread 91 | HWThread 92 | HWThread 93 | HWThread 94 | HWThread 95 |
+-------------------------------+---------+------------+------------+------------+------------+------------+------------+------------+------------+------------+------------+-------------+-------------+-------------+-------------+-------------+-------------+-------------+-------------+-------------+-------------+-------------+-------------+-------------+-------------+-------------+-------------+-------------+-------------+-------------+-------------+-------------+-------------+-------------+-------------+-------------+-------------+-------------+-------------+-------------+-------------+-------------+-------------+-------------+-------------+-------------+-------------+-------------+-------------+-------------+-------------+-------------+-------------+-------------+-------------+-------------+-------------+-------------+-------------+-------------+-------------+-------------+-------------+-------------+-------------+-------------+-------------+-------------+-------------+-------------+-------------+-------------+-------------+-------------+-------------+-------------+-------------+-------------+-------------+-------------+-------------+-------------+-------------+-------------+-------------+-------------+-------------+-------------+-------------+-------------+-------------+-------------+-------------+-------------+-------------+-------------+-------------+
|        ACTUAL_CPU_CLOCK       |  FIXC1  | 2268265000 | 2267686000 | 2268513000 | 2267665000 | 2268204000 | 2268069000 | 2267716000 | 2267944000 | 2267547000 | 2267931000 |  2268129000 |  2267885000 |  2267783000 |  2267785000 |  2267556000 |  2267481000 |  2267897000 |  2268161000 |  2268099000 |  2268117000 |  2268279000 |  2268090000 |  2268212000 |  2268238000 |  2267896000 |  2268044000 |  2267700000 |  2268097000 |  2268012000 |  2268068000 |  2268181000 |  2268133000 |  2268499000 |  2268599000 |  2268297000 |  2268200000 |  2267947000 |  2268370000 |  2268545000 |  2268126000 |  2267855000 |  2268060000 |  2268110000 |  2268110000 |  2267682000 |  2268084000 |  2268293000 |  2267940000 |  2268202000 |  2267881000 |  2268488000 |  2268194000 |  2268127000 |  2268185000 |  2267987000 |  2267967000 |  2268209000 |  2268019000 |  2268365000 |  2268205000 |  2268121000 |  2268061000 |  2268086000 |  2268350000 |  2267979000 |  2267927000 |  2268130000 |  2268008000 |  2267965000 |  2268289000 |  2267840000 |  2268307000 |  2267928000 |  2268186000 |  2268134000 |  2268094000 |  2268257000 |  2268159000 |  2268160000 |  2268158000 |  2268415000 |  2268354000 |  2268606000 |  2268454000 |  2268351000 |  2268406000 |  2268297000 |  2268302000 |  2267994000 |  2268382000 |  2268075000 |  2268268000 |  2268273000 |  2268335000 |  2268781000 |  2268573000 |
|         MAX_CPU_CLOCK         |  FIXC2  | 2865209000 | 2864750000 | 2865299000 | 2864672000 | 2865112000 | 2865134000 | 2864934000 | 2865082000 | 2864137000 | 2864258000 |  2865023000 |  2864931000 |  2864535000 |  2864436000 |  2864120000 |  2863951000 |  2864752000 |  2864701000 |  2864672000 |  2865058000 |  2865102000 |  2865000000 |  2865101000 |  2865236000 |  2864816000 |  2864919000 |  2864709000 |  2864832000 |  2864891000 |  2864982000 |  2865115000 |  2864850000 |  2865589000 |  2865536000 |  2864952000 |  2865139000 |  2864953000 |  2865543000 |  2865444000 |  2864937000 |  2864678000 |  2864985000 |  2865180000 |  2865158000 |  2864800000 |  2864917000 |  2865108000 |  2865072000 |  2865115000 |  2864713000 |  2865088000 |  2865140000 |  2865136000 |  2865174000 |  2864985000 |  2864785000 |  2865072000 |  2864953000 |  2865729000 |  2865194000 |  2865131000 |  2865108000 |  2865118000 |  2865140000 |  2864340000 |  2864553000 |  2865190000 |  2864885000 |  2864764000 |  2865344000 |  2864321000 |  2865620000 |  2864815000 |  2864957000 |  2864931000 |  2864884000 |  2865101000 |  2865049000 |  2865029000 |  2865028000 |  2865198000 |  2865151000 |  2865735000 |  2865117000 |  2865157000 |  2865196000 |  2865100000 |  2865143000 |  2864859000 |  2865062000 |  2864955000 |  2865077000 |  2865113000 |  2865148000 |  2865930000 |  2865664000 |
|      RETIRED_INSTRUCTIONS     |   PMC0  | 5918000000 | 5919531000 | 5919647000 | 5919483000 | 5918424000 | 5919479000 | 5919483000 | 5919388000 | 5916453000 | 5917518000 |  5917426000 |  5917399000 |  5916454000 |  5917352000 |  5917350000 |  5917325000 |  5916574000 |  5912410000 |  5916836000 |  5916718000 |  5916781000 |  5916856000 |  5916715000 |  5916046000 |  5917483000 |  5915773000 |  5919337000 |  5919484000 |  5917866000 |  5919551000 |  5919435000 |  5919482000 |  5918578000 |  5920581000 |  5920194000 |  5920289000 |  5918390000 |  5920362000 |  5920142000 |  5920218000 |  5916891000 |  5918006000 |  5918145000 |  5918124000 |  5916699000 |  5918050000 |  5918046000 |  5917874000 |  5916215000 |  5915103000 |  5918758000 |  5919044000 |  5916189000 |  5918953000 |  5918431000 |  5918691000 |  5915061000 |  5917705000 |  5917841000 |  5917705000 |  5915350000 |  5917770000 |  5917729000 |  5917703000 |  5914565000 |  5916136000 |  5916136000 |  5916232000 |  5914657000 |  5916185000 |  5916134000 |  5916253000 |  5906670000 |  5909189000 |  5909212000 |  5909140000 |  5906983000 |  5909209000 |  5909187000 |  5909091000 |  5907941000 |  5908498000 |  5909396000 |  5909393000 |  5907931000 |  5909417000 |  5908971000 |  5909316000 |  5906857000 |  5907950000 |  5907948000 |  5907931000 |  5905843000 |  5907853000 |  5908068000 |  5912042000 |
|      CPU_CLOCKS_UNHALTED      |   PMC1  | 2236735000 | 2237307000 | 2237727000 | 2237173000 | 2237620000 | 2237355000 | 2237186000 | 2237232000 | 2226798000 | 2227212000 |  2226955000 |  2226982000 |  2227013000 |  2226738000 |  2226976000 |  2226770000 |  2232198000 |  2232782000 |  2232981000 |  2232518000 |  2232756000 |  2232348000 |  2231984000 |  2232865000 |  2237346000 |  2237938000 |  2237646000 |  2237460000 |  2237692000 |  2237845000 |  2237647000 |  2237837000 |  2240346000 |  2240924000 |  2240337000 |  2240466000 |  2240428000 |  2240856000 |  2240789000 |  2240978000 |  2234607000 |  2234691000 |  2235157000 |  2234873000 |  2234844000 |  2235045000 |  2235065000 |  2234985000 |  2233654000 |  2234075000 |  2233705000 |  2234112000 |  2233797000 |  2234063000 |  2233462000 |  2233440000 |  2227423000 |  2227956000 |  2228166000 |  2227693000 |  2227974000 |  2228020000 |  2227958000 |  2227995000 |  2230422000 |  2230421000 |  2231011000 |  2230273000 |  2230853000 |  2230323000 |  2230434000 |  2230515000 |  2227324000 |  2227729000 |  2227620000 |  2227576000 |  2227684000 |  2227719000 |  2227547000 |  2227553000 |  2230409000 |  2230392000 |  2230618000 |  2230327000 |  2230215000 |  2230510000 |  2229538000 |  2230351000 |  2232702000 |  2232420000 |  2232585000 |  2231986000 |  2232183000 |  2232062000 |  2232722000 |  2231961000 |
| REQUESTS_TO_L2_GRP1_ALL_NO_PF |   PMC2  |  537053500 |  537046700 |  537054700 |  537053200 |  537048800 |  537054300 |  537043200 |  537054600 |  537055700 |  537049400 |   537055100 |   537055000 |   537047000 |   537055100 |   537053400 |   537054000 |   537050500 |   537111300 |   537052300 |   537051700 |   537048900 |   537045700 |   537052000 |   537042600 |   537056100 |   537114400 |   537056200 |   537057100 |   537041500 |   537053400 |   537045600 |   537055100 |   537047500 |   537049200 |   537054800 |   537055100 |   537048800 |   537053400 |   537054700 |   537054600 |   537046600 |   537048900 |   537053200 |   537052200 |   537049800 |   537052000 |   537055500 |   537040200 |   537047700 |   537112300 |   537056800 |   537053600 |   537050600 |   537053400 |   537052200 |   537055400 |   537055400 |   537048100 |   537055700 |   537055000 |   537049600 |   537050400 |   537051500 |   537055300 |   537053400 |   537050200 |   537052000 |   537055600 |   537042200 |   537049300 |   537046900 |   537034500 |   537117900 |   537170400 |   537173200 |   537166800 |   537164400 |   537169900 |   537174500 |   537167200 |   537177600 |   537180000 |   537164300 |   537169600 |   537162200 |   537166300 |   537173900 |   537174200 |   537171500 |   537162700 |   537169100 |   537168900 |   537165900 |   537169200 |   537167000 |   537081300 |
|        L2_PF_HIT_IN_L2        |   PMC3  |  759288000 |  826210000 |  826795500 |  825098000 |  749522300 |  829579800 |  824626500 |  830033000 |  759609500 |  821570300 |   826177500 |   823270500 |   759327200 |   828691900 |   824916800 |   829147300 |   762136600 |   848070700 |   825827900 |   820556400 |   820800000 |   828790300 |   823604100 |   685858000 |   763840400 |   851352000 |   828321100 |   822739400 |   743867800 |   829743200 |   824638900 |   829291200 |   767717700 |   824298000 |   828088600 |   823018600 |   821422600 |   831093200 |   826286300 |   830149300 |   765548900 |   823642900 |   826946400 |   822545300 |   742052300 |   829829400 |   825426300 |   688755100 |   764593800 |   849375100 |   829462700 |   826026600 |   819524000 |   831795700 |   826867400 |   831035600 |   768873000 |   823762600 |   828407500 |   824263000 |   765128200 |   831238600 |   829026900 |   831052300 |   769550000 |   823747600 |   826886200 |   823895500 |   752337700 |   830525300 |   827318200 |   689420400 |   869645000 |   873793800 |   876326700 |   867000800 |   829865500 |   886931600 |   880164800 |   881621400 |   797869700 |   869713500 |   873609000 |   869719100 |   820580300 |   878860400 |   878256800 |   880066600 |   794733600 |   877138100 |   879308600 |   867611100 |   824174600 |   879829500 |   869641500 |   701248900 |
+-------------------------------+---------+------------+------------+------------+------------+------------+------------+------------+------------+------------+------------+-------------+-------------+-------------+-------------+-------------+-------------+-------------+-------------+-------------+-------------+-------------+-------------+-------------+-------------+-------------+-------------+-------------+-------------+-------------+-------------+-------------+-------------+-------------+-------------+-------------+-------------+-------------+-------------+-------------+-------------+-------------+-------------+-------------+-------------+-------------+-------------+-------------+-------------+-------------+-------------+-------------+-------------+-------------+-------------+-------------+-------------+-------------+-------------+-------------+-------------+-------------+-------------+-------------+-------------+-------------+-------------+-------------+-------------+-------------+-------------+-------------+-------------+-------------+-------------+-------------+-------------+-------------+-------------+-------------+-------------+-------------+-------------+-------------+-------------+-------------+-------------+-------------+-------------+-------------+-------------+-------------+-------------+-------------+-------------+-------------+-------------+
+------------------------------------+---------+--------------+------------+------------+--------------+
|                Event               | Counter |      Sum     |     Min    |     Max    |      Avg     |
+------------------------------------+---------+--------------+------------+------------+--------------+
|        ACTUAL_CPU_CLOCK STAT       |  FIXC1  | 217739934000 | 2267481000 | 2268781000 | 2.268124e+09 |
|         MAX_CPU_CLOCK STAT         |  FIXC2  | 275040307000 | 2863951000 | 2865930000 | 2.865003e+09 |
|      RETIRED_INSTRUCTIONS STAT     |   PMC0  | 567877230000 | 5905843000 | 5920581000 | 5.915388e+09 |
|      CPU_CLOCKS_UNHALTED STAT      |   PMC1  | 214339491000 | 2226738000 | 2240978000 | 2.232703e+09 |
| REQUESTS_TO_L2_GRP1_ALL_NO_PF STAT |   PMC2  |  51559799700 |  537034500 |  537180000 | 5.370812e+08 |
|        L2_PF_HIT_IN_L2 STAT        |   PMC3  |  78681947800 |  685858000 |  886931600 | 8.196036e+08 |
+------------------------------------+---------+--------------+------------+------------+--------------+
+-------------------------------+------------+------------+------------+------------+------------+------------+------------+------------+------------+------------+-------------+-------------+-------------+-------------+-------------+-------------+-------------+-------------+-------------+-------------+-------------+-------------+-------------+-------------+-------------+-------------+-------------+-------------+-------------+-------------+-------------+-------------+-------------+-------------+-------------+-------------+-------------+-------------+-------------+-------------+-------------+-------------+-------------+-------------+-------------+-------------+-------------+-------------+-------------+-------------+-------------+-------------+-------------+-------------+-------------+-------------+-------------+-------------+-------------+-------------+-------------+-------------+-------------+-------------+-------------+-------------+-------------+-------------+-------------+-------------+-------------+-------------+-------------+-------------+-------------+-------------+-------------+-------------+-------------+-------------+-------------+-------------+-------------+-------------+-------------+-------------+-------------+-------------+-------------+-------------+-------------+-------------+-------------+-------------+-------------+-------------+
|             Metric            | HWThread 0 | HWThread 1 | HWThread 2 | HWThread 3 | HWThread 4 | HWThread 5 | HWThread 6 | HWThread 7 | HWThread 8 | HWThread 9 | HWThread 10 | HWThread 11 | HWThread 12 | HWThread 13 | HWThread 14 | HWThread 15 | HWThread 16 | HWThread 17 | HWThread 18 | HWThread 19 | HWThread 20 | HWThread 21 | HWThread 22 | HWThread 23 | HWThread 24 | HWThread 25 | HWThread 26 | HWThread 27 | HWThread 28 | HWThread 29 | HWThread 30 | HWThread 31 | HWThread 32 | HWThread 33 | HWThread 34 | HWThread 35 | HWThread 36 | HWThread 37 | HWThread 38 | HWThread 39 | HWThread 40 | HWThread 41 | HWThread 42 | HWThread 43 | HWThread 44 | HWThread 45 | HWThread 46 | HWThread 47 | HWThread 48 | HWThread 49 | HWThread 50 | HWThread 51 | HWThread 52 | HWThread 53 | HWThread 54 | HWThread 55 | HWThread 56 | HWThread 57 | HWThread 58 | HWThread 59 | HWThread 60 | HWThread 61 | HWThread 62 | HWThread 63 | HWThread 64 | HWThread 65 | HWThread 66 | HWThread 67 | HWThread 68 | HWThread 69 | HWThread 70 | HWThread 71 | HWThread 72 | HWThread 73 | HWThread 74 | HWThread 75 | HWThread 76 | HWThread 77 | HWThread 78 | HWThread 79 | HWThread 80 | HWThread 81 | HWThread 82 | HWThread 83 | HWThread 84 | HWThread 85 | HWThread 86 | HWThread 87 | HWThread 88 | HWThread 89 | HWThread 90 | HWThread 91 | HWThread 92 | HWThread 93 | HWThread 94 | HWThread 95 |
+-------------------------------+------------+------------+------------+------------+------------+------------+------------+------------+------------+------------+-------------+-------------+-------------+-------------+-------------+-------------+-------------+-------------+-------------+-------------+-------------+-------------+-------------+-------------+-------------+-------------+-------------+-------------+-------------+-------------+-------------+-------------+-------------+-------------+-------------+-------------+-------------+-------------+-------------+-------------+-------------+-------------+-------------+-------------+-------------+-------------+-------------+-------------+-------------+-------------+-------------+-------------+-------------+-------------+-------------+-------------+-------------+-------------+-------------+-------------+-------------+-------------+-------------+-------------+-------------+-------------+-------------+-------------+-------------+-------------+-------------+-------------+-------------+-------------+-------------+-------------+-------------+-------------+-------------+-------------+-------------+-------------+-------------+-------------+-------------+-------------+-------------+-------------+-------------+-------------+-------------+-------------+-------------+-------------+-------------+-------------+
|      Runtime (RDTSC) [s]      |     1.1946 |     1.1944 |     1.1947 |     1.1944 |     1.1946 |     1.1945 |     1.1944 |     1.1944 |     1.1944 |     1.1946 |      1.1945 |      1.1944 |      1.1944 |      1.1944 |      1.1944 |      1.1944 |      1.1943 |      1.1947 |      1.1947 |      1.1945 |      1.1947 |      1.1947 |      1.1945 |      1.1947 |      1.1944 |      1.1946 |      1.1943 |      1.1946 |      1.1945 |      1.1946 |      1.1945 |      1.1946 |      1.1947 |      1.1947 |      1.1944 |      1.1944 |      1.1943 |      1.1947 |      1.1947 |      1.1944 |      1.1943 |      1.1944 |      1.1946 |      1.1945 |      1.1944 |      1.1944 |      1.1946 |      1.1945 |      1.1944 |      1.1945 |      1.1944 |      1.1946 |      1.1944 |      1.1946 |      1.1943 |      1.1943 |      1.1943 |      1.1943 |      1.1948 |      1.1945 |      1.1946 |      1.1946 |      1.1947 |      1.1946 |      1.1944 |      1.1945 |      1.1945 |      1.1946 |      1.1946 |      1.1947 |      1.1944 |      1.1947 |      1.1944 |      1.1944 |      1.1944 |      1.1944 |      1.1945 |      1.1945 |      1.1945 |      1.1944 |      1.1946 |      1.1945 |      1.1947 |      1.1946 |      1.1945 |      1.1946 |      1.1946 |      1.1946 |      1.1946 |      1.1945 |      1.1946 |      1.1945 |      1.1946 |      1.1945 |      1.1947 |      1.1947 |
|      Runtime unhalted [s]     |     0.9465 |     0.9463 |     0.9466 |     0.9463 |     0.9465 |     0.9465 |     0.9463 |     0.9464 |     0.9462 |     0.9464 |      0.9465 |      0.9464 |      0.9463 |      0.9463 |      0.9462 |      0.9462 |      0.9464 |      0.9465 |      0.9465 |      0.9465 |      0.9465 |      0.9465 |      0.9465 |      0.9465 |      0.9464 |      0.9464 |      0.9463 |      0.9465 |      0.9464 |      0.9465 |      0.9465 |      0.9465 |      0.9466 |      0.9467 |      0.9466 |      0.9465 |      0.9464 |      0.9466 |      0.9467 |      0.9465 |      0.9464 |      0.9465 |      0.9465 |      0.9465 |      0.9463 |      0.9465 |      0.9466 |      0.9464 |      0.9465 |      0.9464 |      0.9466 |      0.9465 |      0.9465 |      0.9465 |      0.9464 |      0.9464 |      0.9465 |      0.9464 |      0.9466 |      0.9465 |      0.9465 |      0.9465 |      0.9465 |      0.9466 |      0.9464 |      0.9464 |      0.9465 |      0.9464 |      0.9464 |      0.9466 |      0.9464 |      0.9466 |      0.9464 |      0.9465 |      0.9465 |      0.9465 |      0.9465 |      0.9465 |      0.9465 |      0.9465 |      0.9466 |      0.9466 |      0.9467 |      0.9466 |      0.9466 |      0.9466 |      0.9466 |      0.9466 |      0.9464 |      0.9466 |      0.9465 |      0.9465 |      0.9465 |      0.9466 |      0.9468 |      0.9467 |
|          Clock [MHz]          |  1897.1064 |  1896.9260 |  1897.2542 |  1896.9601 |  1897.1196 |  1896.9921 |  1896.8293 |  1896.9220 |  1897.2157 |  1897.4568 |   1897.1158 |   1896.9726 |   1897.1495 |   1897.2168 |   1897.2345 |   1897.2837 |   1897.1012 |   1897.3558 |   1897.3231 |   1897.0826 |   1897.1889 |   1897.0984 |   1897.1336 |   1897.0659 |   1897.0580 |   1897.1136 |   1896.9649 |   1897.2155 |   1897.1053 |   1897.0919 |   1897.0984 |   1897.2337 |   1897.0505 |   1897.1692 |   1897.3033 |   1897.0984 |   1897.0099 |   1896.9731 |   1897.1850 |   1897.1702 |   1897.1151 |   1897.0832 |   1896.9959 |   1897.0105 |   1896.8896 |   1897.1483 |   1897.1967 |   1896.9253 |   1897.1159 |   1897.1136 |   1897.3730 |   1897.0927 |   1897.0393 |   1897.0627 |   1897.0222 |   1897.1379 |   1897.1503 |   1897.0701 |   1896.8458 |   1897.0661 |   1897.0376 |   1897.0026 |   1897.0169 |   1897.2232 |   1897.4427 |   1897.2581 |   1897.0061 |   1897.1060 |   1897.1501 |   1897.0371 |   1897.3390 |   1896.8694 |   1897.0854 |   1897.2072 |   1897.1809 |   1897.1786 |   1897.1712 |   1897.1237 |   1897.1378 |   1897.1367 |   1897.2391 |   1897.2192 |   1897.0433 |   1897.3254 |   1897.2127 |   1897.2329 |   1897.2053 |   1897.1810 |   1897.1115 |   1897.3016 |   1897.1157 |   1897.1963 |   1897.1766 |   1897.2053 |   1897.0606 |   1897.0627 |
|              CPI              |     0.3780 |     0.3780 |     0.3780 |     0.3779 |     0.3781 |     0.3780 |     0.3779 |     0.3779 |     0.3764 |     0.3764 |      0.3763 |      0.3763 |      0.3764 |      0.3763 |      0.3763 |      0.3763 |      0.3773 |      0.3776 |      0.3774 |      0.3773 |      0.3774 |      0.3773 |      0.3772 |      0.3774 |      0.3781 |      0.3783 |      0.3780 |      0.3780 |      0.3781 |      0.3780 |      0.3780 |      0.3780 |      0.3785 |      0.3785 |      0.3784 |      0.3784 |      0.3786 |      0.3785 |      0.3785 |      0.3785 |      0.3777 |      0.3776 |      0.3777 |      0.3776 |      0.3777 |      0.3777 |      0.3777 |      0.3777 |      0.3775 |      0.3777 |      0.3774 |      0.3774 |      0.3776 |      0.3774 |      0.3774 |      0.3774 |      0.3766 |      0.3765 |      0.3765 |      0.3764 |      0.3766 |      0.3765 |      0.3765 |      0.3765 |      0.3771 |      0.3770 |      0.3771 |      0.3770 |      0.3772 |      0.3770 |      0.3770 |      0.3770 |      0.3771 |      0.3770 |      0.3770 |      0.3770 |      0.3771 |      0.3770 |      0.3770 |      0.3770 |      0.3775 |      0.3775 |      0.3775 |      0.3774 |      0.3775 |      0.3775 |      0.3773 |      0.3774 |      0.3780 |      0.3779 |      0.3779 |      0.3778 |      0.3780 |      0.3778 |      0.3779 |      0.3775 |
|    L2 bandwidth [MBytes/s]    | 28773.0032 | 28776.4932 | 28769.5272 | 28776.8897 | 28771.3304 | 28774.9009 | 28777.6067 | 28776.9647 | 28778.2042 | 28772.5186 |  28775.2087 |  28776.9861 |  28776.4370 |  28776.8951 |  28776.9004 |  28778.3541 |  28778.3593 |  28772.5592 |  28769.5431 |  28774.7856 |  28769.2647 |  28769.1655 |  28775.5244 |  28769.3125 |  28778.3703 |  28776.5069 |  28778.7611 |  28772.2808 |  28774.2391 |  28771.4564 |  28774.4347 |  28772.1255 |  28769.7676 |  28768.9677 |  28778.3729 |  28778.4371 |  28778.2441 |  28769.1927 |  28770.0570 |  28778.3140 |  28778.1262 |  28778.0808 |  28772.2164 |  28775.4388 |  28778.0568 |  28776.0785 |  28773.5680 |  28773.4468 |  28777.9442 |  28778.5867 |  28776.9139 |  28772.0933 |  28776.5817 |  28773.4555 |  28778.4504 |  28778.5978 |  28778.5978 |  28778.0861 |  28768.6176 |  28774.9865 |  28771.3733 |  28771.2957 |  28770.9934 |  28771.6545 |  28778.3220 |  28774.7535 |  28774.2477 |  28771.6947 |  28770.6637 |  28769.7437 |  28777.9736 |  28769.1194 |  28780.4770 |  28783.1696 |  28783.3196 |  28782.8080 |  28781.2577 |  28781.6729 |  28781.7748 |  28783.8416 |  28778.6883 |  28781.9490 |  28775.5670 |  28777.6575 |  28780.9712 |  28778.2034 |  28779.9356 |  28779.9516 |  28777.9038 |  28780.6366 |  28777.5825 |  28780.3905 |  28777.7483 |  28780.1656 |  28775.7839 |  28771.5542 |
|    L2 data volume [GBytes]    |    34.3714 |    34.3710 |    34.3715 |    34.3714 |    34.3711 |    34.3715 |    34.3708 |    34.3715 |    34.3716 |    34.3712 |     34.3715 |     34.3715 |     34.3710 |     34.3715 |     34.3714 |     34.3715 |     34.3712 |     34.3751 |     34.3713 |     34.3713 |     34.3711 |     34.3709 |     34.3713 |     34.3707 |     34.3716 |     34.3753 |     34.3716 |     34.3717 |     34.3707 |     34.3714 |     34.3709 |     34.3715 |     34.3710 |     34.3711 |     34.3715 |     34.3715 |     34.3711 |     34.3714 |     34.3715 |     34.3715 |     34.3710 |     34.3711 |     34.3714 |     34.3713 |     34.3712 |     34.3713 |     34.3716 |     34.3706 |     34.3711 |     34.3752 |     34.3716 |     34.3714 |     34.3712 |     34.3714 |     34.3713 |     34.3715 |     34.3715 |     34.3711 |     34.3716 |     34.3715 |     34.3712 |     34.3712 |     34.3713 |     34.3715 |     34.3714 |     34.3712 |     34.3713 |     34.3716 |     34.3707 |     34.3712 |     34.3710 |     34.3702 |     34.3755 |     34.3789 |     34.3791 |     34.3787 |     34.3785 |     34.3789 |     34.3792 |     34.3787 |     34.3794 |     34.3795 |     34.3785 |     34.3789 |     34.3784 |     34.3786 |     34.3791 |     34.3791 |     34.3790 |     34.3784 |     34.3788 |     34.3788 |     34.3786 |     34.3788 |     34.3787 |     34.3732 |
| Prefetch bandwidth [MBytes/s] | 40679.3663 | 44270.6872 | 44290.6759 | 44211.1771 | 40154.1792 | 44448.1619 | 44187.8365 | 44475.6089 | 40703.7805 | 44015.7772 |  44266.2773 |  44113.2542 |  40686.8139 |  44403.6001 |  44201.4678 |  44430.3452 |  40839.8110 |  45430.3688 |  44239.0646 |  43964.7328 |  43969.5761 |  44397.7213 |  44129.1344 |  36741.3370 |  40930.6995 |  45612.1390 |  44386.5187 |  44077.4157 |  39855.8211 |  44451.6696 |  44183.4328 |  44428.3473 |  41126.8274 |  44156.4805 |  44373.5770 |  44101.9721 |  44016.6706 |  44520.4898 |  44264.2136 |  44483.9262 |  41022.6280 |  44135.3887 |  44303.0239 |  44072.2558 |  39763.2086 |  44463.5454 |  44223.4737 |  36902.0015 |  40971.1050 |  45509.6912 |  44444.7901 |  44253.5241 |  43912.2484 |  44564.7240 |  44308.4722 |  44531.7918 |  41200.7529 |  44141.8768 |  44375.5435 |  44163.3664 |  40990.2345 |  44531.7824 |  44412.7378 |  44521.9509 |  41236.7889 |  44135.7886 |  44303.0252 |  44138.5767 |  40304.5701 |  44491.2599 |  44332.3318 |  36932.4835 |  46598.3314 |  46820.4412 |  46956.1615 |  46456.1800 |  44464.1768 |  47521.9762 |  47159.1728 |  47241.2514 |  42744.9756 |  46598.9977 |  46798.7063 |  46593.2517 |  43966.4183 |  47084.1587 |  47053.9878 |  47150.9506 |  42576.2854 |  46996.1761 |  47106.9088 |  46484.7951 |  44153.7507 |  47139.0369 |  46586.2867 |  37566.0459 |
| Prefetch data volume [GBytes] |    48.5944 |    52.8774 |    52.9149 |    52.8063 |    47.9694 |    53.0931 |    52.7761 |    53.1221 |    48.6150 |    52.5805 |     52.8754 |     52.6893 |     48.5969 |     53.0363 |     52.7947 |     53.0654 |     48.7767 |     54.2765 |     52.8530 |     52.5156 |     52.5312 |     53.0426 |     52.7107 |     43.8949 |     48.8858 |     54.4865 |     53.0126 |     52.6553 |     47.6075 |     53.1036 |     52.7769 |     53.0746 |     49.1339 |     52.7551 |     52.9977 |     52.6732 |     52.5710 |     53.1900 |     52.8823 |     53.1296 |     48.9951 |     52.7131 |     52.9246 |     52.6429 |     47.4913 |     53.1091 |     52.8273 |     44.0803 |     48.9340 |     54.3600 |     53.0856 |     52.8657 |     52.4495 |     53.2349 |     52.9195 |     53.1863 |     49.2079 |     52.7208 |     53.0181 |     52.7528 |     48.9682 |     53.1993 |     53.0577 |     53.1873 |     49.2512 |     52.7198 |     52.9207 |     52.7293 |     48.1496 |     53.1536 |     52.9484 |     44.1229 |     55.6573 |     55.9228 |     56.0849 |     55.4881 |     53.1114 |     56.7636 |     56.3305 |     56.4238 |     51.0637 |     55.6617 |     55.9110 |     55.6620 |     52.5171 |     56.2471 |     56.2084 |     56.3243 |     50.8630 |     56.1368 |     56.2758 |     55.5271 |     52.7472 |     56.3091 |     55.6571 |     44.8799 |
+-------------------------------+------------+------------+------------+------------+------------+------------+------------+------------+------------+------------+-------------+-------------+-------------+-------------+-------------+-------------+-------------+-------------+-------------+-------------+-------------+-------------+-------------+-------------+-------------+-------------+-------------+-------------+-------------+-------------+-------------+-------------+-------------+-------------+-------------+-------------+-------------+-------------+-------------+-------------+-------------+-------------+-------------+-------------+-------------+-------------+-------------+-------------+-------------+-------------+-------------+-------------+-------------+-------------+-------------+-------------+-------------+-------------+-------------+-------------+-------------+-------------+-------------+-------------+-------------+-------------+-------------+-------------+-------------+-------------+-------------+-------------+-------------+-------------+-------------+-------------+-------------+-------------+-------------+-------------+-------------+-------------+-------------+-------------+-------------+-------------+-------------+-------------+-------------+-------------+-------------+-------------+-------------+-------------+-------------+-------------+
+------------------------------------+--------------+------------+------------+------------+
|               Metric               |      Sum     |     Min    |     Max    |     Avg    |
+------------------------------------+--------------+------------+------------+------------+
|      Runtime (RDTSC) [s] STAT      |     114.6736 |     1.1943 |     1.1948 |     1.1945 |
|      Runtime unhalted [s] STAT     |      90.8626 |     0.9462 |     0.9468 |     0.9465 |
|          Clock [MHz] STAT          |  182123.9992 |  1896.8293 |  1897.4568 |  1897.1250 |
|              CPI STAT              |      36.2341 |     0.3763 |     0.3786 |     0.3774 |
|    L2 bandwidth [MBytes/s] STAT    | 2.762479e+06 | 28768.6176 | 28783.8416 | 28775.8232 |
|    L2 data volume [GBytes] STAT    |    3299.8266 |    34.3702 |    34.3795 |    34.3732 |
| Prefetch bandwidth [MBytes/s] STAT | 4.215634e+06 | 36741.3370 | 47521.9762 | 43912.8575 |
| Prefetch data volume [GBytes] STAT |    5035.6445 |    43.8949 |    56.7636 |    52.4546 |
+------------------------------------+--------------+------------+------------+------------+
