--------------------------------------------------------------------------------
CPU name:	AMD EPYC 9654 96-Core Processor                
CPU type:	AMD K19 (Zen4) architecture
CPU clock:	2.40 GHz
--------------------------------------------------------------------------------
Region bench, Group 1: MEM
+-------------------+------------+------------+------------+------------+------------+------------+------------+------------+------------+------------+-------------+-------------+-------------+-------------+-------------+-------------+-------------+-------------+-------------+-------------+-------------+-------------+-------------+-------------+
|    Region Info    | HWThread 0 | HWThread 1 | HWThread 2 | HWThread 3 | HWThread 4 | HWThread 5 | HWThread 6 | HWThread 7 | HWThread 8 | HWThread 9 | HWThread 10 | HWThread 11 | HWThread 12 | HWThread 13 | HWThread 14 | HWThread 15 | HWThread 16 | HWThread 17 | HWThread 18 | HWThread 19 | HWThread 20 | HWThread 21 | HWThread 22 | HWThread 23 |
+-------------------+------------+------------+------------+------------+------------+------------+------------+------------+------------+------------+-------------+-------------+-------------+-------------+-------------+-------------+-------------+-------------+-------------+-------------+-------------+-------------+-------------+-------------+
| RDTSC Runtime [s] |  17.724910 |  17.725620 |  17.725740 |  17.725620 |  17.725730 |  17.725750 |  17.725640 |  17.725720 |  17.725700 |  17.725690 |   17.725660 |   17.725700 |   17.725720 |   17.725700 |   17.725620 |   17.725700 |   17.725730 |   17.725700 |   17.725700 |   17.725690 |   17.725690 |   17.725620 |   17.725750 |   17.725700 |
|     call count    |          1 |          1 |          1 |          1 |          1 |          1 |          1 |          1 |          1 |          1 |           1 |           1 |           1 |           1 |           1 |           1 |           1 |           1 |           1 |           1 |           1 |           1 |           1 |           1 |
+-------------------+------------+------------+------------+------------+------------+------------+------------+------------+------------+------------+-------------+-------------+-------------+-------------+-------------+-------------+-------------+-------------+-------------+-------------+-------------+-------------+-------------+-------------+
+----------------------+---------+-------------+-------------+-------------+-------------+-------------+-------------+-------------+-------------+-------------+-------------+-------------+-------------+-------------+-------------+-------------+-------------+-------------+-------------+-------------+-------------+-------------+-------------+-------------+-------------+
|         Event        | Counter |  HWThread 0 |  HWThread 1 |  HWThread 2 |  HWThread 3 |  HWThread 4 |  HWThread 5 |  HWThread 6 |  HWThread 7 |  HWThread 8 |  HWThread 9 | HWThread 10 | HWThread 11 | HWThread 12 | HWThread 13 | HWThread 14 | HWThread 15 | HWThread 16 | HWThread 17 | HWThread 18 | HWThread 19 | HWThread 20 | HWThread 21 | HWThread 22 | HWThread 23 |
+----------------------+---------+-------------+-------------+-------------+-------------+-------------+-------------+-------------+-------------+-------------+-------------+-------------+-------------+-------------+-------------+-------------+-------------+-------------+-------------+-------------+-------------+-------------+-------------+-------------+-------------+
|   ACTUAL_CPU_CLOCK   |  FIXC1  | 33628520000 | 33628490000 | 33628530000 | 33628480000 | 33628530000 | 33628580000 | 33628490000 | 33628530000 | 33628470000 | 33628520000 | 33628480000 | 33628520000 | 33628520000 | 33628490000 | 33628480000 | 33628480000 | 33628510000 | 33628450000 | 33628470000 | 33628470000 | 33628430000 | 33628430000 | 33628500000 | 33628430000 |
|     MAX_CPU_CLOCK    |  FIXC2  | 42478130000 | 42478100000 | 42478180000 | 42478060000 | 42478150000 | 42478230000 | 42478100000 | 42478200000 | 42478080000 | 42478170000 | 42478060000 | 42478170000 | 42478160000 | 42478170000 | 42478050000 | 42478090000 | 42478110000 | 42478050000 | 42478060000 | 42478060000 | 42477990000 | 42477970000 | 42478100000 | 42478010000 |
| RETIRED_INSTRUCTIONS |   PMC0  |  2691948000 |  2697922000 |  2689762000 |  2692242000 |  2686298000 |  2685655000 |  2685002000 |  2684384000 |  2859060000 |  2853196000 |  2849183000 |  2846739000 |  2841033000 |  2840830000 |  2837602000 |  2837308000 |  2768605000 |  2767918000 |  2763010000 |  2763593000 |  2758408000 |  2758185000 |  2756133000 |  2756111000 |
|  CPU_CLOCKS_UNHALTED |   PMC1  | 33330970000 | 33394370000 | 33393100000 | 33394220000 | 33397620000 | 33392230000 | 33393790000 | 33392420000 | 33395800000 | 33396440000 | 33397640000 | 33399620000 | 33399310000 | 33397870000 | 33399010000 | 33397230000 | 33395870000 | 33383250000 | 33393730000 | 33394120000 | 33393100000 | 33396620000 | 33394840000 | 33397840000 |
|      CAS_CMD_RD      |  UMC0C0 |  5729606000 |           0 |           0 |           0 |           0 |           0 |           0 |           0 |           0 |           0 |           0 |           0 |           0 |           0 |           0 |           0 |           0 |           0 |           0 |           0 |           0 |           0 |           0 |           0 |
|      CAS_CMD_WR      |  UMC0C1 |  2863990000 |           0 |           0 |           0 |           0 |           0 |           0 |           0 |           0 |           0 |           0 |           0 |           0 |           0 |           0 |           0 |           0 |           0 |           0 |           0 |           0 |           0 |           0 |           0 |
|      CAS_CMD_RD      |  UMC1C0 |  5729739000 |           0 |           0 |           0 |           0 |           0 |           0 |           0 |           0 |           0 |           0 |           0 |           0 |           0 |           0 |           0 |           0 |           0 |           0 |           0 |           0 |           0 |           0 |           0 |
|      CAS_CMD_WR      |  UMC1C1 |  2863900000 |           0 |           0 |           0 |           0 |           0 |           0 |           0 |           0 |           0 |           0 |           0 |           0 |           0 |           0 |           0 |           0 |           0 |           0 |           0 |           0 |           0 |           0 |           0 |
|      CAS_CMD_RD      |  UMC2C0 |  5729472000 |           0 |           0 |           0 |           0 |           0 |           0 |           0 |           0 |           0 |           0 |           0 |           0 |           0 |           0 |           0 |           0 |           0 |           0 |           0 |           0 |           0 |           0 |           0 |
|      CAS_CMD_WR      |  UMC2C1 |  2863840000 |           0 |           0 |           0 |           0 |           0 |           0 |           0 |           0 |           0 |           0 |           0 |           0 |           0 |           0 |           0 |           0 |           0 |           0 |           0 |           0 |           0 |           0 |           0 |
|      CAS_CMD_RD      |  UMC3C0 |     2380068 |           0 |           0 |           0 |           0 |           0 |           0 |           0 |           0 |           0 |           0 |           0 |           0 |           0 |           0 |           0 |           0 |           0 |           0 |           0 |           0 |           0 |           0 |           0 |
|      CAS_CMD_WR      |  UMC3C1 |      300918 |           0 |           0 |           0 |           0 |           0 |           0 |           0 |           0 |           0 |           0 |           0 |           0 |           0 |           0 |           0 |           0 |           0 |           0 |           0 |           0 |           0 |           0 |           0 |
|      CAS_CMD_RD      |  UMC4C0 |     2187506 |           0 |           0 |           0 |           0 |           0 |           0 |           0 |           0 |           0 |           0 |           0 |           0 |           0 |           0 |           0 |           0 |           0 |           0 |           0 |           0 |           0 |           0 |           0 |
|      CAS_CMD_WR      |  UMC4C1 |      310352 |           0 |           0 |           0 |           0 |           0 |           0 |           0 |           0 |           0 |           0 |           0 |           0 |           0 |           0 |           0 |           0 |           0 |           0 |           0 |           0 |           0 |           0 |           0 |
|      CAS_CMD_RD      |  UMC5C0 |     2186568 |           0 |           0 |           0 |           0 |           0 |           0 |           0 |           0 |           0 |           0 |           0 |           0 |           0 |           0 |           0 |           0 |           0 |           0 |           0 |           0 |           0 |           0 |           0 |
|      CAS_CMD_WR      |  UMC5C1 |      310856 |           0 |           0 |           0 |           0 |           0 |           0 |           0 |           0 |           0 |           0 |           0 |           0 |           0 |           0 |           0 |           0 |           0 |           0 |           0 |           0 |           0 |           0 |           0 |
|      CAS_CMD_RD      |  UMC6C0 |     1957806 |           0 |           0 |           0 |           0 |           0 |           0 |           0 |           0 |           0 |           0 |           0 |           0 |           0 |           0 |           0 |           0 |           0 |           0 |           0 |           0 |           0 |           0 |           0 |
|      CAS_CMD_WR      |  UMC6C1 |      299843 |           0 |           0 |           0 |           0 |           0 |           0 |           0 |           0 |           0 |           0 |           0 |           0 |           0 |           0 |           0 |           0 |           0 |           0 |           0 |           0 |           0 |           0 |           0 |
|      CAS_CMD_RD      |  UMC7C0 |     2006380 |           0 |           0 |           0 |           0 |           0 |           0 |           0 |           0 |           0 |           0 |           0 |           0 |           0 |           0 |           0 |           0 |           0 |           0 |           0 |           0 |           0 |           0 |           0 |
|      CAS_CMD_WR      |  UMC7C1 |      290683 |           0 |           0 |           0 |           0 |           0 |           0 |           0 |           0 |           0 |           0 |           0 |           0 |           0 |           0 |           0 |           0 |           0 |           0 |           0 |           0 |           0 |           0 |           0 |
|      CAS_CMD_RD      |  UMC8C0 |     2116225 |           0 |           0 |           0 |           0 |           0 |           0 |           0 |           0 |           0 |           0 |           0 |           0 |           0 |           0 |           0 |           0 |           0 |           0 |           0 |           0 |           0 |           0 |           0 |
|      CAS_CMD_WR      |  UMC8C1 |      295850 |           0 |           0 |           0 |           0 |           0 |           0 |           0 |           0 |           0 |           0 |           0 |           0 |           0 |           0 |           0 |           0 |           0 |           0 |           0 |           0 |           0 |           0 |           0 |
|      CAS_CMD_RD      |  UMC9C0 |     2902802 |           0 |           0 |           0 |           0 |           0 |           0 |           0 |           0 |           0 |           0 |           0 |           0 |           0 |           0 |           0 |           0 |           0 |           0 |           0 |           0 |           0 |           0 |           0 |
|      CAS_CMD_WR      |  UMC9C1 |      437256 |           0 |           0 |           0 |           0 |           0 |           0 |           0 |           0 |           0 |           0 |           0 |           0 |           0 |           0 |           0 |           0 |           0 |           0 |           0 |           0 |           0 |           0 |           0 |
|      CAS_CMD_RD      | UMC10C0 |     2773060 |           0 |           0 |           0 |           0 |           0 |           0 |           0 |           0 |           0 |           0 |           0 |           0 |           0 |           0 |           0 |           0 |           0 |           0 |           0 |           0 |           0 |           0 |           0 |
|      CAS_CMD_WR      | UMC10C1 |      426753 |           0 |           0 |           0 |           0 |           0 |           0 |           0 |           0 |           0 |           0 |           0 |           0 |           0 |           0 |           0 |           0 |           0 |           0 |           0 |           0 |           0 |           0 |           0 |
|      CAS_CMD_RD      | UMC11C0 |     2787630 |           0 |           0 |           0 |           0 |           0 |           0 |           0 |           0 |           0 |           0 |           0 |           0 |           0 |           0 |           0 |           0 |           0 |           0 |           0 |           0 |           0 |           0 |           0 |
|      CAS_CMD_WR      | UMC11C1 |      430387 |           0 |           0 |           0 |           0 |           0 |           0 |           0 |           0 |           0 |           0 |           0 |           0 |           0 |           0 |           0 |           0 |           0 |           0 |           0 |           0 |           0 |           0 |           0 |
+----------------------+---------+-------------+-------------+-------------+-------------+-------------+-------------+-------------+-------------+-------------+-------------+-------------+-------------+-------------+-------------+-------------+-------------+-------------+-------------+-------------+-------------+-------------+-------------+-------------+-------------+
+---------------------------+---------+---------------+-------------+-------------+--------------+
|           Event           | Counter |      Sum      |     Min     |     Max     |      Avg     |
+---------------------------+---------+---------------+-------------+-------------+--------------+
|   ACTUAL_CPU_CLOCK STAT   |  FIXC1  |  807083800000 | 33628430000 | 33628580000 | 3.362849e+10 |
|     MAX_CPU_CLOCK STAT    |  FIXC2  | 1019474450000 | 42477970000 | 42478230000 | 4.247810e+10 |
| RETIRED_INSTRUCTIONS STAT |   PMC0  |   66370127000 |  2684384000 |  2859060000 | 2.765422e+09 |
|  CPU_CLOCKS_UNHALTED STAT |   PMC1  |  801421010000 | 33330970000 | 33399620000 | 3.339254e+10 |
|      CAS_CMD_RD STAT      |  UMC0C0 |    5729606000 |           0 |  5729606000 | 2.387336e+08 |
|      CAS_CMD_WR STAT      |  UMC0C1 |    2863990000 |           0 |  2863990000 | 1.193329e+08 |
|      CAS_CMD_RD STAT      |  UMC1C0 |    5729739000 |           0 |  5729739000 |    238739125 |
|      CAS_CMD_WR STAT      |  UMC1C1 |    2863900000 |           0 |  2863900000 | 1.193292e+08 |
|      CAS_CMD_RD STAT      |  UMC2C0 |    5729472000 |           0 |  5729472000 |    238728000 |
|      CAS_CMD_WR STAT      |  UMC2C1 |    2863840000 |           0 |  2863840000 | 1.193267e+08 |
|      CAS_CMD_RD STAT      |  UMC3C0 |       2380068 |           0 |     2380068 |   99169.5000 |
|      CAS_CMD_WR STAT      |  UMC3C1 |        300918 |           0 |      300918 |   12538.2500 |
|      CAS_CMD_RD STAT      |  UMC4C0 |       2187506 |           0 |     2187506 |   91146.0833 |
|      CAS_CMD_WR STAT      |  UMC4C1 |        310352 |           0 |      310352 |   12931.3333 |
|      CAS_CMD_RD STAT      |  UMC5C0 |       2186568 |           0 |     2186568 |        91107 |
|      CAS_CMD_WR STAT      |  UMC5C1 |        310856 |           0 |      310856 |   12952.3333 |
|      CAS_CMD_RD STAT      |  UMC6C0 |       1957806 |           0 |     1957806 |   81575.2500 |
|      CAS_CMD_WR STAT      |  UMC6C1 |        299843 |           0 |      299843 |   12493.4583 |
|      CAS_CMD_RD STAT      |  UMC7C0 |       2006380 |           0 |     2006380 |   83599.1667 |
|      CAS_CMD_WR STAT      |  UMC7C1 |        290683 |           0 |      290683 |   12111.7917 |
|      CAS_CMD_RD STAT      |  UMC8C0 |       2116225 |           0 |     2116225 |   88176.0417 |
|      CAS_CMD_WR STAT      |  UMC8C1 |        295850 |           0 |      295850 |   12327.0833 |
|      CAS_CMD_RD STAT      |  UMC9C0 |       2902802 |           0 |     2902802 |  120950.0833 |
|      CAS_CMD_WR STAT      |  UMC9C1 |        437256 |           0 |      437256 |        18219 |
|      CAS_CMD_RD STAT      | UMC10C0 |       2773060 |           0 |     2773060 |  115544.1667 |
|      CAS_CMD_WR STAT      | UMC10C1 |        426753 |           0 |      426753 |   17781.3750 |
|      CAS_CMD_RD STAT      | UMC11C0 |       2787630 |           0 |     2787630 |  116151.2500 |
|      CAS_CMD_WR STAT      | UMC11C1 |        430387 |           0 |      430387 |   17932.7917 |
+---------------------------+---------+---------------+-------------+-------------+--------------+
+-----------------------------------+------------+------------+------------+------------+------------+------------+------------+------------+------------+------------+-------------+-------------+-------------+-------------+-------------+-------------+-------------+-------------+-------------+-------------+-------------+-------------+-------------+-------------+
|               Metric              | HWThread 0 | HWThread 1 | HWThread 2 | HWThread 3 | HWThread 4 | HWThread 5 | HWThread 6 | HWThread 7 | HWThread 8 | HWThread 9 | HWThread 10 | HWThread 11 | HWThread 12 | HWThread 13 | HWThread 14 | HWThread 15 | HWThread 16 | HWThread 17 | HWThread 18 | HWThread 19 | HWThread 20 | HWThread 21 | HWThread 22 | HWThread 23 |
+-----------------------------------+------------+------------+------------+------------+------------+------------+------------+------------+------------+------------+-------------+-------------+-------------+-------------+-------------+-------------+-------------+-------------+-------------+-------------+-------------+-------------+-------------+-------------+
|        Runtime (RDTSC) [s]        |    17.7249 |    17.7256 |    17.7257 |    17.7256 |    17.7257 |    17.7258 |    17.7256 |    17.7257 |    17.7257 |    17.7257 |     17.7257 |     17.7257 |     17.7257 |     17.7257 |     17.7256 |     17.7257 |     17.7257 |     17.7257 |     17.7257 |     17.7257 |     17.7257 |     17.7256 |     17.7258 |     17.7257 |
|        Runtime unhalted [s]       |    14.0331 |    14.0331 |    14.0331 |    14.0331 |    14.0331 |    14.0331 |    14.0331 |    14.0331 |    14.0331 |    14.0331 |     14.0331 |     14.0331 |     14.0331 |     14.0331 |     14.0331 |     14.0331 |     14.0331 |     14.0330 |     14.0331 |     14.0331 |     14.0330 |     14.0330 |     14.0331 |     14.0330 |
|            Clock [MHz]            |  1897.1312 |  1897.1309 |  1897.1295 |  1897.1321 |  1897.1309 |  1897.1301 |  1897.1309 |  1897.1286 |  1897.1306 |  1897.1294 |   1897.1321 |   1897.1294 |   1897.1299 |   1897.1277 |   1897.1325 |   1897.1307 |   1897.1315 |   1897.1308 |   1897.1315 |   1897.1315 |   1897.1324 |   1897.1333 |   1897.1314 |   1897.1315 |
|                CPI                |    12.3817 |    12.3778 |    12.4149 |    12.4039 |    12.4326 |    12.4336 |    12.4372 |    12.4395 |    11.6807 |    11.7049 |     11.7218 |     11.7326 |     11.7560 |     11.7564 |     11.7702 |     11.7707 |     12.0623 |     12.0608 |     12.0860 |     12.0836 |     12.1059 |     12.1082 |     12.1166 |     12.1177 |
|  Memory read bandwidth [MBytes/s] | 62141.2105 |          0 |          0 |          0 |          0 |          0 |          0 |          0 |          0 |          0 |           0 |           0 |           0 |           0 |           0 |           0 |           0 |           0 |           0 |           0 |           0 |           0 |           0 |           0 |
|  Memory read data volume [GBytes] |  1101.4474 |          0 |          0 |          0 |          0 |          0 |          0 |          0 |          0 |          0 |           0 |           0 |           0 |           0 |           0 |           0 |           0 |           0 |           0 |           0 |           0 |           0 |           0 |           0 |
| Memory write bandwidth [MBytes/s] | 31033.6868 |          0 |          0 |          0 |          0 |          0 |          0 |          0 |          0 |          0 |           0 |           0 |           0 |           0 |           0 |           0 |           0 |           0 |           0 |           0 |           0 |           0 |           0 |           0 |
| Memory write data volume [GBytes] |   550.0693 |          0 |          0 |          0 |          0 |          0 |          0 |          0 |          0 |          0 |           0 |           0 |           0 |           0 |           0 |           0 |           0 |           0 |           0 |           0 |           0 |           0 |           0 |           0 |
|    Memory bandwidth [MBytes/s]    | 93174.8973 |          0 |          0 |          0 |          0 |          0 |          0 |          0 |          0 |          0 |           0 |           0 |           0 |           0 |           0 |           0 |           0 |           0 |           0 |           0 |           0 |           0 |           0 |           0 |
|    Memory data volume [GBytes]    |  1651.5167 |          0 |          0 |          0 |          0 |          0 |          0 |          0 |          0 |          0 |           0 |           0 |           0 |           0 |           0 |           0 |           0 |           0 |           0 |           0 |           0 |           0 |           0 |           0 |
+-----------------------------------+------------+------------+------------+------------+------------+------------+------------+------------+------------+------------+-------------+-------------+-------------+-------------+-------------+-------------+-------------+-------------+-------------+-------------+-------------+-------------+-------------+-------------+
+----------------------------------------+------------+-----------+------------+-----------+
|                 Metric                 |     Sum    |    Min    |     Max    |    Avg    |
+----------------------------------------+------------+-----------+------------+-----------+
|        Runtime (RDTSC) [s] STAT        |   425.4157 |   17.7249 |    17.7258 |   17.7257 |
|        Runtime unhalted [s] STAT       |   336.7940 |   14.0330 |    14.0331 |   14.0331 |
|            Clock [MHz] STAT            | 45531.1404 | 1897.1277 |  1897.1333 | 1897.1309 |
|                CPI STAT                |   289.9556 |   11.6807 |    12.4395 |   12.0815 |
|  Memory read bandwidth [MBytes/s] STAT | 62141.2105 |         0 | 62141.2105 | 2589.2171 |
|  Memory read data volume [GBytes] STAT |  1101.4474 |         0 |  1101.4474 |   45.8936 |
| Memory write bandwidth [MBytes/s] STAT | 31033.6868 |         0 | 31033.6868 | 1293.0703 |
| Memory write data volume [GBytes] STAT |   550.0693 |         0 |   550.0693 |   22.9196 |
|    Memory bandwidth [MBytes/s] STAT    | 93174.8973 |         0 | 93174.8973 | 3882.2874 |
|    Memory data volume [GBytes] STAT    |  1651.5167 |         0 |  1651.5167 |   68.8132 |
+----------------------------------------+------------+-----------+------------+-----------+
