--------------------------------------------------------------------------------
CPU name:	AMD EPYC 9654 96-Core Processor                
CPU type:	AMD K19 (Zen4) architecture
CPU clock:	2.40 GHz
--------------------------------------------------------------------------------
Region bench, Group 1: MEM
+-------------------+------------+------------+------------+------------+------------+------------+------------+------------+------------+------------+-------------+-------------+-------------+-------------+-------------+-------------+-------------+-------------+-------------+-------------+-------------+-------------+-------------+-------------+
|    Region Info    | HWThread 0 | HWThread 1 | HWThread 2 | HWThread 3 | HWThread 4 | HWThread 5 | HWThread 6 | HWThread 7 | HWThread 8 | HWThread 9 | HWThread 10 | HWThread 11 | HWThread 12 | HWThread 13 | HWThread 14 | HWThread 15 | HWThread 16 | HWThread 17 | HWThread 18 | HWThread 19 | HWThread 20 | HWThread 21 | HWThread 22 | HWThread 23 |
+-------------------+------------+------------+------------+------------+------------+------------+------------+------------+------------+------------+-------------+-------------+-------------+-------------+-------------+-------------+-------------+-------------+-------------+-------------+-------------+-------------+-------------+-------------+
| RDTSC Runtime [s] |  17.760120 |  17.760980 |  17.760980 |  17.760880 |  17.760880 |  17.760880 |  17.760980 |  17.760980 |  17.760870 |  17.760870 |   17.761020 |   17.760950 |   17.760880 |   17.761010 |   17.761010 |   17.761020 |   17.760870 |   17.760980 |   17.760880 |   17.760980 |   17.760980 |   17.760880 |   17.760980 |   17.760960 |
|     call count    |          1 |          1 |          1 |          1 |          1 |          1 |          1 |          1 |          1 |          1 |           1 |           1 |           1 |           1 |           1 |           1 |           1 |           1 |           1 |           1 |           1 |           1 |           1 |           1 |
+-------------------+------------+------------+------------+------------+------------+------------+------------+------------+------------+------------+-------------+-------------+-------------+-------------+-------------+-------------+-------------+-------------+-------------+-------------+-------------+-------------+-------------+-------------+
+----------------------+---------+-------------+-------------+-------------+-------------+-------------+-------------+-------------+-------------+-------------+-------------+-------------+-------------+-------------+-------------+-------------+-------------+-------------+-------------+-------------+-------------+-------------+-------------+-------------+-------------+
|         Event        | Counter |  HWThread 0 |  HWThread 1 |  HWThread 2 |  HWThread 3 |  HWThread 4 |  HWThread 5 |  HWThread 6 |  HWThread 7 |  HWThread 8 |  HWThread 9 | HWThread 10 | HWThread 11 | HWThread 12 | HWThread 13 | HWThread 14 | HWThread 15 | HWThread 16 | HWThread 17 | HWThread 18 | HWThread 19 | HWThread 20 | HWThread 21 | HWThread 22 | HWThread 23 |
+----------------------+---------+-------------+-------------+-------------+-------------+-------------+-------------+-------------+-------------+-------------+-------------+-------------+-------------+-------------+-------------+-------------+-------------+-------------+-------------+-------------+-------------+-------------+-------------+-------------+-------------+
|   ACTUAL_CPU_CLOCK   |  FIXC1  | 33695230000 | 33695240000 | 33695240000 | 33695230000 | 33695250000 | 33695230000 | 33695240000 | 33695250000 | 33695240000 | 33695250000 | 33695320000 | 33695250000 | 33695270000 | 33695290000 | 33695320000 | 33695280000 | 33695270000 | 33695270000 | 33695250000 | 33695310000 | 33695280000 | 33695250000 | 33695290000 | 33695240000 |
|     MAX_CPU_CLOCK    |  FIXC2  | 42562340000 | 42562410000 | 42562400000 | 42562340000 | 42562380000 | 42562340000 | 42562420000 | 42562450000 | 42562360000 | 42562390000 | 42562500000 | 42562450000 | 42562410000 | 42562490000 | 42562530000 | 42562510000 | 42562410000 | 42562430000 | 42562390000 | 42562520000 | 42562480000 | 42562380000 | 42562510000 | 42562400000 |
| RETIRED_INSTRUCTIONS |   PMC0  |  2692701000 |  2700740000 |  2689702000 |  2689698000 |  2686572000 |  2685290000 |  2684495000 |  2684384000 |  2851414000 |  2851065000 |  2843598000 |  2845830000 |  2834531000 |  2835329000 |  2831499000 |  2831034000 |  2781607000 |  2780457000 |  2772857000 |  2774095000 |  2769439000 |  2769129000 |  2766166000 |  2766269000 |
|  CPU_CLOCKS_UNHALTED |   PMC1  | 33398390000 | 33463040000 | 33458970000 | 33457330000 | 33459500000 | 33457750000 | 33462890000 | 33459650000 | 33463140000 | 33460520000 | 33460590000 | 33464180000 | 33459730000 | 33461060000 | 33464560000 | 33464060000 | 33465250000 | 33465460000 | 33465530000 | 33465730000 | 33466510000 | 33470310000 | 33467420000 | 33470800000 |
|      CAS_CMD_RD      |  UMC0C0 |  5729193000 |           0 |           0 |           0 |           0 |           0 |           0 |           0 |           0 |           0 |           0 |           0 |           0 |           0 |           0 |           0 |           0 |           0 |           0 |           0 |           0 |           0 |           0 |           0 |
|      CAS_CMD_WR      |  UMC0C1 |  2863861000 |           0 |           0 |           0 |           0 |           0 |           0 |           0 |           0 |           0 |           0 |           0 |           0 |           0 |           0 |           0 |           0 |           0 |           0 |           0 |           0 |           0 |           0 |           0 |
|      CAS_CMD_RD      |  UMC1C0 |  5729227000 |           0 |           0 |           0 |           0 |           0 |           0 |           0 |           0 |           0 |           0 |           0 |           0 |           0 |           0 |           0 |           0 |           0 |           0 |           0 |           0 |           0 |           0 |           0 |
|      CAS_CMD_WR      |  UMC1C1 |  2863977000 |           0 |           0 |           0 |           0 |           0 |           0 |           0 |           0 |           0 |           0 |           0 |           0 |           0 |           0 |           0 |           0 |           0 |           0 |           0 |           0 |           0 |           0 |           0 |
|      CAS_CMD_RD      |  UMC2C0 |  5729197000 |           0 |           0 |           0 |           0 |           0 |           0 |           0 |           0 |           0 |           0 |           0 |           0 |           0 |           0 |           0 |           0 |           0 |           0 |           0 |           0 |           0 |           0 |           0 |
|      CAS_CMD_WR      |  UMC2C1 |  2863783000 |           0 |           0 |           0 |           0 |           0 |           0 |           0 |           0 |           0 |           0 |           0 |           0 |           0 |           0 |           0 |           0 |           0 |           0 |           0 |           0 |           0 |           0 |           0 |
|      CAS_CMD_RD      |  UMC3C0 |     2231947 |           0 |           0 |           0 |           0 |           0 |           0 |           0 |           0 |           0 |           0 |           0 |           0 |           0 |           0 |           0 |           0 |           0 |           0 |           0 |           0 |           0 |           0 |           0 |
|      CAS_CMD_WR      |  UMC3C1 |      276583 |           0 |           0 |           0 |           0 |           0 |           0 |           0 |           0 |           0 |           0 |           0 |           0 |           0 |           0 |           0 |           0 |           0 |           0 |           0 |           0 |           0 |           0 |           0 |
|      CAS_CMD_RD      |  UMC4C0 |     2056030 |           0 |           0 |           0 |           0 |           0 |           0 |           0 |           0 |           0 |           0 |           0 |           0 |           0 |           0 |           0 |           0 |           0 |           0 |           0 |           0 |           0 |           0 |           0 |
|      CAS_CMD_WR      |  UMC4C1 |      286504 |           0 |           0 |           0 |           0 |           0 |           0 |           0 |           0 |           0 |           0 |           0 |           0 |           0 |           0 |           0 |           0 |           0 |           0 |           0 |           0 |           0 |           0 |           0 |
|      CAS_CMD_RD      |  UMC5C0 |     2065401 |           0 |           0 |           0 |           0 |           0 |           0 |           0 |           0 |           0 |           0 |           0 |           0 |           0 |           0 |           0 |           0 |           0 |           0 |           0 |           0 |           0 |           0 |           0 |
|      CAS_CMD_WR      |  UMC5C1 |      286714 |           0 |           0 |           0 |           0 |           0 |           0 |           0 |           0 |           0 |           0 |           0 |           0 |           0 |           0 |           0 |           0 |           0 |           0 |           0 |           0 |           0 |           0 |           0 |
|      CAS_CMD_RD      |  UMC6C0 |     1832685 |           0 |           0 |           0 |           0 |           0 |           0 |           0 |           0 |           0 |           0 |           0 |           0 |           0 |           0 |           0 |           0 |           0 |           0 |           0 |           0 |           0 |           0 |           0 |
|      CAS_CMD_WR      |  UMC6C1 |      279817 |           0 |           0 |           0 |           0 |           0 |           0 |           0 |           0 |           0 |           0 |           0 |           0 |           0 |           0 |           0 |           0 |           0 |           0 |           0 |           0 |           0 |           0 |           0 |
|      CAS_CMD_RD      |  UMC7C0 |     1896690 |           0 |           0 |           0 |           0 |           0 |           0 |           0 |           0 |           0 |           0 |           0 |           0 |           0 |           0 |           0 |           0 |           0 |           0 |           0 |           0 |           0 |           0 |           0 |
|      CAS_CMD_WR      |  UMC7C1 |      271076 |           0 |           0 |           0 |           0 |           0 |           0 |           0 |           0 |           0 |           0 |           0 |           0 |           0 |           0 |           0 |           0 |           0 |           0 |           0 |           0 |           0 |           0 |           0 |
|      CAS_CMD_RD      |  UMC8C0 |     1985421 |           0 |           0 |           0 |           0 |           0 |           0 |           0 |           0 |           0 |           0 |           0 |           0 |           0 |           0 |           0 |           0 |           0 |           0 |           0 |           0 |           0 |           0 |           0 |
|      CAS_CMD_WR      |  UMC8C1 |      275241 |           0 |           0 |           0 |           0 |           0 |           0 |           0 |           0 |           0 |           0 |           0 |           0 |           0 |           0 |           0 |           0 |           0 |           0 |           0 |           0 |           0 |           0 |           0 |
|      CAS_CMD_RD      |  UMC9C0 |     2799198 |           0 |           0 |           0 |           0 |           0 |           0 |           0 |           0 |           0 |           0 |           0 |           0 |           0 |           0 |           0 |           0 |           0 |           0 |           0 |           0 |           0 |           0 |           0 |
|      CAS_CMD_WR      |  UMC9C1 |      407220 |           0 |           0 |           0 |           0 |           0 |           0 |           0 |           0 |           0 |           0 |           0 |           0 |           0 |           0 |           0 |           0 |           0 |           0 |           0 |           0 |           0 |           0 |           0 |
|      CAS_CMD_RD      | UMC10C0 |     2675061 |           0 |           0 |           0 |           0 |           0 |           0 |           0 |           0 |           0 |           0 |           0 |           0 |           0 |           0 |           0 |           0 |           0 |           0 |           0 |           0 |           0 |           0 |           0 |
|      CAS_CMD_WR      | UMC10C1 |      401188 |           0 |           0 |           0 |           0 |           0 |           0 |           0 |           0 |           0 |           0 |           0 |           0 |           0 |           0 |           0 |           0 |           0 |           0 |           0 |           0 |           0 |           0 |           0 |
|      CAS_CMD_RD      | UMC11C0 |     2704250 |           0 |           0 |           0 |           0 |           0 |           0 |           0 |           0 |           0 |           0 |           0 |           0 |           0 |           0 |           0 |           0 |           0 |           0 |           0 |           0 |           0 |           0 |           0 |
|      CAS_CMD_WR      | UMC11C1 |      408157 |           0 |           0 |           0 |           0 |           0 |           0 |           0 |           0 |           0 |           0 |           0 |           0 |           0 |           0 |           0 |           0 |           0 |           0 |           0 |           0 |           0 |           0 |           0 |
+----------------------+---------+-------------+-------------+-------------+-------------+-------------+-------------+-------------+-------------+-------------+-------------+-------------+-------------+-------------+-------------+-------------+-------------+-------------+-------------+-------------+-------------+-------------+-------------+-------------+-------------+
+---------------------------+---------+---------------+-------------+-------------+--------------+
|           Event           | Counter |      Sum      |     Min     |     Max     |      Avg     |
+---------------------------+---------+---------------+-------------+-------------+--------------+
|   ACTUAL_CPU_CLOCK STAT   |  FIXC1  |  808686290000 | 33695230000 | 33695320000 | 3.369526e+10 |
|     MAX_CPU_CLOCK STAT    |  FIXC2  | 1021498240000 | 42562340000 | 42562530000 | 4.256243e+10 |
| RETIRED_INSTRUCTIONS STAT |   PMC0  |   66417901000 |  2684384000 |  2851414000 | 2.767413e+09 |
|  CPU_CLOCKS_UNHALTED STAT |   PMC1  |  803052370000 | 33398390000 | 33470800000 | 3.346052e+10 |
|      CAS_CMD_RD STAT      |  UMC0C0 |    5729193000 |           0 |  5729193000 |    238716375 |
|      CAS_CMD_WR STAT      |  UMC0C1 |    2863861000 |           0 |  2863861000 | 1.193275e+08 |
|      CAS_CMD_RD STAT      |  UMC1C0 |    5729227000 |           0 |  5729227000 | 2.387178e+08 |
|      CAS_CMD_WR STAT      |  UMC1C1 |    2863977000 |           0 |  2863977000 |    119332375 |
|      CAS_CMD_RD STAT      |  UMC2C0 |    5729197000 |           0 |  5729197000 | 2.387165e+08 |
|      CAS_CMD_WR STAT      |  UMC2C1 |    2863783000 |           0 |  2863783000 | 1.193243e+08 |
|      CAS_CMD_RD STAT      |  UMC3C0 |       2231947 |           0 |     2231947 |   92997.7917 |
|      CAS_CMD_WR STAT      |  UMC3C1 |        276583 |           0 |      276583 |   11524.2917 |
|      CAS_CMD_RD STAT      |  UMC4C0 |       2056030 |           0 |     2056030 |   85667.9167 |
|      CAS_CMD_WR STAT      |  UMC4C1 |        286504 |           0 |      286504 |   11937.6667 |
|      CAS_CMD_RD STAT      |  UMC5C0 |       2065401 |           0 |     2065401 |   86058.3750 |
|      CAS_CMD_WR STAT      |  UMC5C1 |        286714 |           0 |      286714 |   11946.4167 |
|      CAS_CMD_RD STAT      |  UMC6C0 |       1832685 |           0 |     1832685 |   76361.8750 |
|      CAS_CMD_WR STAT      |  UMC6C1 |        279817 |           0 |      279817 |   11659.0417 |
|      CAS_CMD_RD STAT      |  UMC7C0 |       1896690 |           0 |     1896690 |   79028.7500 |
|      CAS_CMD_WR STAT      |  UMC7C1 |        271076 |           0 |      271076 |   11294.8333 |
|      CAS_CMD_RD STAT      |  UMC8C0 |       1985421 |           0 |     1985421 |   82725.8750 |
|      CAS_CMD_WR STAT      |  UMC8C1 |        275241 |           0 |      275241 |   11468.3750 |
|      CAS_CMD_RD STAT      |  UMC9C0 |       2799198 |           0 |     2799198 |  116633.2500 |
|      CAS_CMD_WR STAT      |  UMC9C1 |        407220 |           0 |      407220 |   16967.5000 |
|      CAS_CMD_RD STAT      | UMC10C0 |       2675061 |           0 |     2675061 |  111460.8750 |
|      CAS_CMD_WR STAT      | UMC10C1 |        401188 |           0 |      401188 |   16716.1667 |
|      CAS_CMD_RD STAT      | UMC11C0 |       2704250 |           0 |     2704250 |  112677.0833 |
|      CAS_CMD_WR STAT      | UMC11C1 |        408157 |           0 |      408157 |   17006.5417 |
+---------------------------+---------+---------------+-------------+-------------+--------------+
+-----------------------------------+------------+------------+------------+------------+------------+------------+------------+------------+------------+------------+-------------+-------------+-------------+-------------+-------------+-------------+-------------+-------------+-------------+-------------+-------------+-------------+-------------+-------------+
|               Metric              | HWThread 0 | HWThread 1 | HWThread 2 | HWThread 3 | HWThread 4 | HWThread 5 | HWThread 6 | HWThread 7 | HWThread 8 | HWThread 9 | HWThread 10 | HWThread 11 | HWThread 12 | HWThread 13 | HWThread 14 | HWThread 15 | HWThread 16 | HWThread 17 | HWThread 18 | HWThread 19 | HWThread 20 | HWThread 21 | HWThread 22 | HWThread 23 |
+-----------------------------------+------------+------------+------------+------------+------------+------------+------------+------------+------------+------------+-------------+-------------+-------------+-------------+-------------+-------------+-------------+-------------+-------------+-------------+-------------+-------------+-------------+-------------+
|        Runtime (RDTSC) [s]        |    17.7601 |    17.7610 |    17.7610 |    17.7609 |    17.7609 |    17.7609 |    17.7610 |    17.7610 |    17.7609 |    17.7609 |     17.7610 |     17.7610 |     17.7609 |     17.7610 |     17.7610 |     17.7610 |     17.7609 |     17.7610 |     17.7609 |     17.7610 |     17.7610 |     17.7609 |     17.7610 |     17.7610 |
|        Runtime unhalted [s]       |    14.0610 |    14.0610 |    14.0610 |    14.0610 |    14.0610 |    14.0610 |    14.0610 |    14.0610 |    14.0610 |    14.0610 |     14.0610 |     14.0610 |     14.0610 |     14.0610 |     14.0610 |     14.0610 |     14.0610 |     14.0610 |     14.0610 |     14.0610 |     14.0610 |     14.0610 |     14.0610 |     14.0610 |
|            Clock [MHz]            |  1897.1200 |  1897.1174 |  1897.1179 |  1897.1200 |  1897.1193 |  1897.1200 |  1897.1170 |  1897.1162 |  1897.1197 |  1897.1189 |   1897.1179 |   1897.1162 |   1897.1191 |   1897.1167 |   1897.1166 |   1897.1152 |   1897.1191 |   1897.1182 |   1897.1189 |   1897.1165 |   1897.1166 |   1897.1193 |   1897.1158 |   1897.1179 |
|                CPI                |    12.4033 |    12.3903 |    12.4397 |    12.4391 |    12.4543 |    12.4596 |    12.4652 |    12.4646 |    11.7356 |    11.7361 |     11.7670 |     11.7590 |     11.8043 |     11.8015 |     11.8187 |     11.8204 |     12.0309 |     12.0360 |     12.0690 |     12.0637 |     12.0842 |     12.0869 |     12.0988 |     12.0996 |
|  Memory read bandwidth [MBytes/s] | 62009.9006 |          0 |          0 |          0 |          0 |          0 |          0 |          0 |          0 |          0 |           0 |           0 |           0 |           0 |           0 |           0 |           0 |           0 |           0 |           0 |           0 |           0 |           0 |           0 |
|  Memory read data volume [GBytes] |  1101.3033 |          0 |          0 |          0 |          0 |          0 |          0 |          0 |          0 |          0 |           0 |           0 |           0 |           0 |           0 |           0 |           0 |           0 |           0 |           0 |           0 |           0 |           0 |           0 |
| Memory write bandwidth [MBytes/s] | 30971.0106 |          0 |          0 |          0 |          0 |          0 |          0 |          0 |          0 |          0 |           0 |           0 |           0 |           0 |           0 |           0 |           0 |           0 |           0 |           0 |           0 |           0 |           0 |           0 |
| Memory write data volume [GBytes] |   550.0489 |          0 |          0 |          0 |          0 |          0 |          0 |          0 |          0 |          0 |           0 |           0 |           0 |           0 |           0 |           0 |           0 |           0 |           0 |           0 |           0 |           0 |           0 |           0 |
|    Memory bandwidth [MBytes/s]    | 92980.9111 |          0 |          0 |          0 |          0 |          0 |          0 |          0 |          0 |          0 |           0 |           0 |           0 |           0 |           0 |           0 |           0 |           0 |           0 |           0 |           0 |           0 |           0 |           0 |
|    Memory data volume [GBytes]    |  1651.3521 |          0 |          0 |          0 |          0 |          0 |          0 |          0 |          0 |          0 |           0 |           0 |           0 |           0 |           0 |           0 |           0 |           0 |           0 |           0 |           0 |           0 |           0 |           0 |
+-----------------------------------+------------+------------+------------+------------+------------+------------+------------+------------+------------+------------+-------------+-------------+-------------+-------------+-------------+-------------+-------------+-------------+-------------+-------------+-------------+-------------+-------------+-------------+
+----------------------------------------+------------+-----------+------------+-----------+
|                 Metric                 |     Sum    |    Min    |     Max    |    Avg    |
+----------------------------------------+------------+-----------+------------+-----------+
|        Runtime (RDTSC) [s] STAT        |   426.2622 |   17.7601 |    17.7610 |   17.7609 |
|        Runtime unhalted [s] STAT       |   337.4640 |   14.0610 |    14.0610 |   14.0610 |
|            Clock [MHz] STAT            | 45530.8304 | 1897.1152 |  1897.1200 | 1897.1179 |
|                CPI STAT                |   290.3278 |   11.7356 |    12.4652 |   12.0970 |
|  Memory read bandwidth [MBytes/s] STAT | 62009.9006 |         0 | 62009.9006 | 2583.7459 |
|  Memory read data volume [GBytes] STAT |  1101.3033 |         0 |  1101.3033 |   45.8876 |
| Memory write bandwidth [MBytes/s] STAT | 30971.0106 |         0 | 30971.0106 | 1290.4588 |
| Memory write data volume [GBytes] STAT |   550.0489 |         0 |   550.0489 |   22.9187 |
|    Memory bandwidth [MBytes/s] STAT    | 92980.9111 |         0 | 92980.9111 | 3874.2046 |
|    Memory data volume [GBytes] STAT    |  1651.3521 |         0 |  1651.3521 |   68.8063 |
+----------------------------------------+------------+-----------+------------+-----------+
