--------------------------------------------------------------------------------
CPU name:	AMD EPYC 9654 96-Core Processor                
CPU type:	AMD K19 (Zen4) architecture
CPU clock:	2.40 GHz
--------------------------------------------------------------------------------
Region bench, Group 1: FLOPS_SP
+-------------------+------------+------------+------------+------------+------------+------------+------------+------------+------------+------------+-------------+-------------+-------------+-------------+-------------+-------------+-------------+-------------+-------------+-------------+-------------+-------------+-------------+-------------+-------------+-------------+-------------+-------------+-------------+-------------+-------------+-------------+-------------+-------------+-------------+-------------+-------------+-------------+-------------+-------------+-------------+-------------+-------------+-------------+-------------+-------------+-------------+-------------+-------------+-------------+-------------+-------------+-------------+-------------+-------------+-------------+-------------+-------------+-------------+-------------+-------------+-------------+-------------+-------------+-------------+-------------+-------------+-------------+-------------+-------------+-------------+-------------+-------------+-------------+-------------+-------------+-------------+-------------+-------------+-------------+-------------+-------------+-------------+-------------+-------------+-------------+-------------+-------------+-------------+-------------+-------------+-------------+-------------+-------------+-------------+-------------+
|    Region Info    | HWThread 0 | HWThread 1 | HWThread 2 | HWThread 3 | HWThread 4 | HWThread 5 | HWThread 6 | HWThread 7 | HWThread 8 | HWThread 9 | HWThread 10 | HWThread 11 | HWThread 12 | HWThread 13 | HWThread 14 | HWThread 15 | HWThread 16 | HWThread 17 | HWThread 18 | HWThread 19 | HWThread 20 | HWThread 21 | HWThread 22 | HWThread 23 | HWThread 24 | HWThread 25 | HWThread 26 | HWThread 27 | HWThread 28 | HWThread 29 | HWThread 30 | HWThread 31 | HWThread 32 | HWThread 33 | HWThread 34 | HWThread 35 | HWThread 36 | HWThread 37 | HWThread 38 | HWThread 39 | HWThread 40 | HWThread 41 | HWThread 42 | HWThread 43 | HWThread 44 | HWThread 45 | HWThread 46 | HWThread 47 | HWThread 48 | HWThread 49 | HWThread 50 | HWThread 51 | HWThread 52 | HWThread 53 | HWThread 54 | HWThread 55 | HWThread 56 | HWThread 57 | HWThread 58 | HWThread 59 | HWThread 60 | HWThread 61 | HWThread 62 | HWThread 63 | HWThread 64 | HWThread 65 | HWThread 66 | HWThread 67 | HWThread 68 | HWThread 69 | HWThread 70 | HWThread 71 | HWThread 72 | HWThread 73 | HWThread 74 | HWThread 75 | HWThread 76 | HWThread 77 | HWThread 78 | HWThread 79 | HWThread 80 | HWThread 81 | HWThread 82 | HWThread 83 | HWThread 84 | HWThread 85 | HWThread 86 | HWThread 87 | HWThread 88 | HWThread 89 | HWThread 90 | HWThread 91 | HWThread 92 | HWThread 93 | HWThread 94 | HWThread 95 |
+-------------------+------------+------------+------------+------------+------------+------------+------------+------------+------------+------------+-------------+-------------+-------------+-------------+-------------+-------------+-------------+-------------+-------------+-------------+-------------+-------------+-------------+-------------+-------------+-------------+-------------+-------------+-------------+-------------+-------------+-------------+-------------+-------------+-------------+-------------+-------------+-------------+-------------+-------------+-------------+-------------+-------------+-------------+-------------+-------------+-------------+-------------+-------------+-------------+-------------+-------------+-------------+-------------+-------------+-------------+-------------+-------------+-------------+-------------+-------------+-------------+-------------+-------------+-------------+-------------+-------------+-------------+-------------+-------------+-------------+-------------+-------------+-------------+-------------+-------------+-------------+-------------+-------------+-------------+-------------+-------------+-------------+-------------+-------------+-------------+-------------+-------------+-------------+-------------+-------------+-------------+-------------+-------------+-------------+-------------+
| RDTSC Runtime [s] |   1.069518 |   1.069537 |   1.069458 |   1.069542 |   1.069361 |   1.069362 |   1.069362 |   1.069444 |   1.069463 |   1.069542 |    1.069640 |    1.069519 |    1.069521 |    1.069543 |    1.069537 |    1.069541 |    1.069383 |    1.069413 |    1.069533 |    1.069361 |    1.069744 |    1.069363 |    1.069355 |    1.069457 |    1.069358 |    1.069482 |    1.069360 |    1.069429 |    1.069577 |    1.069356 |    1.069377 |    1.069365 |    1.069733 |    1.069387 |    1.069385 |    1.069415 |    1.069521 |    1.069484 |    1.069377 |    1.069395 |    1.069621 |    1.069545 |    1.069422 |    1.069614 |    1.069579 |    1.069581 |    1.069840 |    1.069553 |    1.069479 |    1.069607 |    1.069565 |    1.069463 |    1.069460 |    1.069547 |    1.069862 |    1.069428 |    1.069416 |    1.069460 |    1.069460 |    1.069811 |    1.069616 |    1.069610 |    1.069555 |    1.069619 |    1.069577 |    1.069582 |    1.069715 |    1.069447 |    1.069626 |    1.069583 |    1.069421 |    1.069417 |    1.069578 |    1.069630 |    1.069850 |    1.069577 |    1.069577 |    1.069388 |    1.069475 |    1.069580 |    1.069580 |    1.069581 |    1.069416 |    1.069396 |    1.069580 |    1.069394 |    1.069578 |    1.069579 |    1.069575 |    1.069598 |    1.069399 |    1.069640 |    1.069540 |    1.069385 |    1.069416 |    1.069803 |
|     call count    |          1 |          1 |          1 |          1 |          1 |          1 |          1 |          1 |          1 |          1 |           1 |           1 |           1 |           1 |           1 |           1 |           1 |           1 |           1 |           1 |           1 |           1 |           1 |           1 |           1 |           1 |           1 |           1 |           1 |           1 |           1 |           1 |           1 |           1 |           1 |           1 |           1 |           1 |           1 |           1 |           1 |           1 |           1 |           1 |           1 |           1 |           1 |           1 |           1 |           1 |           1 |           1 |           1 |           1 |           1 |           1 |           1 |           1 |           1 |           1 |           1 |           1 |           1 |           1 |           1 |           1 |           1 |           1 |           1 |           1 |           1 |           1 |           1 |           1 |           1 |           1 |           1 |           1 |           1 |           1 |           1 |           1 |           1 |           1 |           1 |           1 |           1 |           1 |           1 |           1 |           1 |           1 |           1 |           1 |           1 |           1 |
+-------------------+------------+------------+------------+------------+------------+------------+------------+------------+------------+------------+-------------+-------------+-------------+-------------+-------------+-------------+-------------+-------------+-------------+-------------+-------------+-------------+-------------+-------------+-------------+-------------+-------------+-------------+-------------+-------------+-------------+-------------+-------------+-------------+-------------+-------------+-------------+-------------+-------------+-------------+-------------+-------------+-------------+-------------+-------------+-------------+-------------+-------------+-------------+-------------+-------------+-------------+-------------+-------------+-------------+-------------+-------------+-------------+-------------+-------------+-------------+-------------+-------------+-------------+-------------+-------------+-------------+-------------+-------------+-------------+-------------+-------------+-------------+-------------+-------------+-------------+-------------+-------------+-------------+-------------+-------------+-------------+-------------+-------------+-------------+-------------+-------------+-------------+-------------+-------------+-------------+-------------+-------------+-------------+-------------+-------------+
+---------------------------+---------+-------------+-------------+-------------+-------------+-------------+-------------+-------------+-------------+-------------+-------------+-------------+-------------+-------------+-------------+-------------+-------------+-------------+-------------+-------------+-------------+-------------+-------------+-------------+-------------+-------------+-------------+-------------+-------------+-------------+-------------+-------------+-------------+-------------+-------------+-------------+-------------+-------------+-------------+-------------+-------------+-------------+-------------+-------------+-------------+-------------+-------------+-------------+-------------+-------------+-------------+-------------+-------------+-------------+-------------+-------------+-------------+-------------+-------------+-------------+-------------+-------------+-------------+-------------+-------------+-------------+-------------+-------------+-------------+-------------+-------------+-------------+-------------+-------------+-------------+-------------+-------------+-------------+-------------+-------------+-------------+-------------+-------------+-------------+-------------+-------------+-------------+-------------+-------------+-------------+-------------+-------------+-------------+-------------+-------------+-------------+-------------+
|           Event           | Counter |  HWThread 0 |  HWThread 1 |  HWThread 2 |  HWThread 3 |  HWThread 4 |  HWThread 5 |  HWThread 6 |  HWThread 7 |  HWThread 8 |  HWThread 9 | HWThread 10 | HWThread 11 | HWThread 12 | HWThread 13 | HWThread 14 | HWThread 15 | HWThread 16 | HWThread 17 | HWThread 18 | HWThread 19 | HWThread 20 | HWThread 21 | HWThread 22 | HWThread 23 | HWThread 24 | HWThread 25 | HWThread 26 | HWThread 27 | HWThread 28 | HWThread 29 | HWThread 30 | HWThread 31 | HWThread 32 | HWThread 33 | HWThread 34 | HWThread 35 | HWThread 36 | HWThread 37 | HWThread 38 | HWThread 39 | HWThread 40 | HWThread 41 | HWThread 42 | HWThread 43 | HWThread 44 | HWThread 45 | HWThread 46 | HWThread 47 | HWThread 48 | HWThread 49 | HWThread 50 | HWThread 51 | HWThread 52 | HWThread 53 | HWThread 54 | HWThread 55 | HWThread 56 | HWThread 57 | HWThread 58 | HWThread 59 | HWThread 60 | HWThread 61 | HWThread 62 | HWThread 63 | HWThread 64 | HWThread 65 | HWThread 66 | HWThread 67 | HWThread 68 | HWThread 69 | HWThread 70 | HWThread 71 | HWThread 72 | HWThread 73 | HWThread 74 | HWThread 75 | HWThread 76 | HWThread 77 | HWThread 78 | HWThread 79 | HWThread 80 | HWThread 81 | HWThread 82 | HWThread 83 | HWThread 84 | HWThread 85 | HWThread 86 | HWThread 87 | HWThread 88 | HWThread 89 | HWThread 90 | HWThread 91 | HWThread 92 | HWThread 93 | HWThread 94 | HWThread 95 |
+---------------------------+---------+-------------+-------------+-------------+-------------+-------------+-------------+-------------+-------------+-------------+-------------+-------------+-------------+-------------+-------------+-------------+-------------+-------------+-------------+-------------+-------------+-------------+-------------+-------------+-------------+-------------+-------------+-------------+-------------+-------------+-------------+-------------+-------------+-------------+-------------+-------------+-------------+-------------+-------------+-------------+-------------+-------------+-------------+-------------+-------------+-------------+-------------+-------------+-------------+-------------+-------------+-------------+-------------+-------------+-------------+-------------+-------------+-------------+-------------+-------------+-------------+-------------+-------------+-------------+-------------+-------------+-------------+-------------+-------------+-------------+-------------+-------------+-------------+-------------+-------------+-------------+-------------+-------------+-------------+-------------+-------------+-------------+-------------+-------------+-------------+-------------+-------------+-------------+-------------+-------------+-------------+-------------+-------------+-------------+-------------+-------------+-------------+
|      ACTUAL_CPU_CLOCK     |  FIXC1  |  2030334000 |  2030193000 |  2030397000 |  2030821000 |  2030233000 |  2030286000 |  2030348000 |  2030316000 |  2030613000 |  2031077000 |  2030587000 |  2030269000 |  2030356000 |  2030744000 |  2031160000 |  2030999000 |  2030504000 |  2030563000 |  2030407000 |  2030392000 |  2030974000 |  2030396000 |  2030388000 |  2030416000 |  2030492000 |  2030791000 |  2030541000 |  2030442000 |  2030705000 |  2030399000 |  2030419000 |  2030421000 |  2031061000 |  2030178000 |  2030387000 |  2030442000 |  2030583000 |  2030535000 |  2030353000 |  2030379000 |  2031120000 |  2031102000 |  2030841000 |  2030811000 |  2031373000 |  2031168000 |  2031218000 |  2031024000 |  2030859000 |  2030833000 |  2030776000 |  2030775000 |  2031145000 |  2030862000 |  2031167000 |  2030727000 |  2030321000 |  2031085000 |  2030427000 |  2031025000 |  2030880000 |  2030925000 |  2030910000 |  2030763000 |  2030880000 |  2030775000 |  2031079000 |  2031260000 |  2030835000 |  2031081000 |  2031251000 |  2030924000 |  2031142000 |  2031321000 |  2031530000 |  2030931000 |  2030938000 |  2030941000 |  2031145000 |  2031278000 |  2030790000 |  2030887000 |  2030573000 |  2031006000 |  2030700000 |  2030578000 |  2030745000 |  2030830000 |  2031083000 |  2031124000 |  2031046000 |  2031183000 |  2031086000 |  2031174000 |  2031332000 |  2031566000 |
|       MAX_CPU_CLOCK       |  FIXC2  |  2564879000 |  2564324000 |  2564935000 |  2564834000 |  2564040000 |  2564177000 |  2564695000 |  2564601000 |  2565196000 |  2565465000 |  2564931000 |  2564420000 |  2564988000 |  2565276000 |  2565536000 |  2565554000 |  2564716000 |  2564782000 |  2564967000 |  2564650000 |  2565639000 |  2564646000 |  2564638000 |  2564957000 |  2564677000 |  2565336000 |  2564722000 |  2564973000 |  2565254000 |  2564631000 |  2564666000 |  2564656000 |  2565701000 |  2564011000 |  2564616000 |  2564701000 |  2565126000 |  2565082000 |  2564705000 |  2564622000 |  2565578000 |  2565532000 |  2565270000 |  2565332000 |  2565787000 |  2565611000 |  2566005000 |  2565530000 |  2565385000 |  2565320000 |  2565313000 |  2565288000 |  2565575000 |  2565305000 |  2565957000 |  2565248000 |  2564749000 |  2565474000 |  2564956000 |  2565874000 |  2565385000 |  2565219000 |  2565217000 |  2565278000 |  2565419000 |  2565280000 |  2565667000 |  2565414000 |  2565340000 |  2565507000 |  2565407000 |  2565323000 |  2565566000 |  2565472000 |  2566200000 |  2565289000 |  2565516000 |  2565260000 |  2565625000 |  2566046000 |  2565360000 |  2565415000 |  2565063000 |  2565397000 |  2565256000 |  2565153000 |  2565328000 |  2565340000 |  2565525000 |  2565590000 |  2565492000 |  2565672000 |  2565521000 |  2565326000 |  2565553000 |  2566300000 |
|    RETIRED_INSTRUCTIONS   |   PMC0  |  2550964000 |  2551428000 |  2551347000 |  2551401000 |  2551361000 |  2551358000 |  2551354000 |  2551393000 |  2551262000 |  2551354000 |  2551380000 |  2551363000 |  2551340000 |  2551346000 |  2551339000 |  2551341000 |  2551279000 |  2551290000 |  2551315000 |  2551274000 |  2551362000 |  2551276000 |  2551244000 |  2551292000 |  2551255000 |  2551286000 |  2551208000 |  2551265000 |  2551308000 |  2551249000 |  2551253000 |  2551224000 |  2551324000 |  2551224000 |  2551089000 |  2551197000 |  2551232000 |  2551170000 |  2551186000 |  2551183000 |  2551218000 |  2551236000 |  2551172000 |  2551215000 |  2551157000 |  2551145000 |  2551271000 |  2550977000 |  2551305000 |  2551333000 |  2551269000 |  2551165000 |  2551304000 |  2551320000 |  2551420000 |  2551283000 |  2551216000 |  2551218000 |  2551229000 |  2551306000 |  2551232000 |  2551252000 |  2551219000 |  2551246000 |  2551298000 |  2551351000 |  2551322000 |  2551293000 |  2551221000 |  2551157000 |  2551134000 |  2551170000 |  2551118000 |  2551218000 |  2551183000 |  2551214000 |  2551206000 |  2551182000 |  2551160000 |  2551192000 |  2551320000 |  2551226000 |  2551252000 |  2551293000 |  2551284000 |  2551290000 |  2551315000 |  2551324000 |  2551315000 |  2551260000 |  2551204000 |  2551244000 |  2551222000 |  2551066000 |  2551094000 |  2550970000 |
|    CPU_CLOCKS_UNHALTED    |   PMC1  |  2013926000 |  2016505000 |  2016066000 |  2016372000 |  2016141000 |  2016127000 |  2016114000 |  2016330000 |  2015605000 |  2016116000 |  2016253000 |  2016179000 |  2016047000 |  2016074000 |  2016037000 |  2016061000 |  2015674000 |  2015738000 |  2015894000 |  2015653000 |  2016213000 |  2015673000 |  2015508000 |  2015773000 |  2015569000 |  2015740000 |  2015380000 |  2015631000 |  2015876000 |  2015530000 |  2015561000 |  2015409000 |  2015958000 |  2015386000 |  2015161000 |  2015240000 |  2015459000 |  2015106000 |  2015189000 |  2015183000 |  2015381000 |  2015462000 |  2015111000 |  2015349000 |  2015273000 |  2015180000 |  2015922000 |  2014988000 |  2015868000 |  2016011000 |  2015726000 |  2015223000 |  2015862000 |  2015959000 |  2016523000 |  2015756000 |  2015381000 |  2015372000 |  2015436000 |  2015891000 |  2015483000 |  2015584000 |  2015406000 |  2015552000 |  2015814000 |  2016106000 |  2015965000 |  2015785000 |  2015636000 |  2015471000 |  2015133000 |  2015372000 |  2014887000 |  2015414000 |  2015220000 |  2015404000 |  2015369000 |  2015183000 |  2015086000 |  2015281000 |  2015992000 |  2015715000 |  2015645000 |  2015869000 |  2015916000 |  2015860000 |  2015994000 |  2016034000 |  2015943000 |  2015635000 |  2015323000 |  2015559000 |  2015689000 |  2014783000 |  2014931000 |  2015518000 |
| RETIRED_SSE_AVX_FLOPS_ALL |   PMC2  | 64424510000 | 64424510000 | 64424510000 | 64424510000 | 64424510000 | 64424510000 | 64424510000 | 64424510000 | 64424510000 | 64424510000 | 64424510000 | 64424510000 | 64424510000 | 64424510000 | 64424510000 | 64424510000 | 64424510000 | 64424510000 | 64424510000 | 64424510000 | 64424510000 | 64424510000 | 64424510000 | 64424510000 | 64424510000 | 64424510000 | 64424510000 | 64424510000 | 64424510000 | 64424510000 | 64424510000 | 64424510000 | 64424510000 | 64424510000 | 64424510000 | 64424510000 | 64424510000 | 64424510000 | 64424510000 | 64424510000 | 64424510000 | 64424510000 | 64424510000 | 64424510000 | 64424510000 | 64424510000 | 64424510000 | 64424510000 | 64424510000 | 64424510000 | 64424510000 | 64424510000 | 64424510000 | 64424510000 | 64424510000 | 64424510000 | 64424510000 | 64424510000 | 64424510000 | 64424510000 | 64424510000 | 64424510000 | 64424510000 | 64424510000 | 64424510000 | 64424510000 | 64424510000 | 64424510000 | 64424510000 | 64424510000 | 64424510000 | 64424510000 | 64424510000 | 64424510000 | 64424510000 | 64424510000 | 64424510000 | 64424510000 | 64424510000 | 64424510000 | 64424510000 | 64424510000 | 64424510000 | 64424510000 | 64424510000 | 64424510000 | 64424510000 | 64424510000 | 64424510000 | 64424510000 | 64424510000 | 64424510000 | 64424510000 | 64424510000 | 64424510000 | 64424510000 |
|           MERGE           |   PMC3  |           0 |           0 |           0 |           0 |           0 |           0 |           0 |           0 |           0 |           0 |           0 |           0 |           0 |           0 |           0 |           0 |           0 |           0 |           0 |           0 |           0 |           0 |           0 |           0 |           0 |           0 |           0 |           0 |           0 |           0 |           0 |           0 |           0 |           0 |           0 |           0 |           0 |           0 |           0 |           0 |           0 |           0 |           0 |           0 |           0 |           0 |           0 |           0 |           0 |           0 |           0 |           0 |           0 |           0 |           0 |           0 |           0 |           0 |           0 |           0 |           0 |           0 |           0 |           0 |           0 |           0 |           0 |           0 |           0 |           0 |           0 |           0 |           0 |           0 |           0 |           0 |           0 |           0 |           0 |           0 |           0 |           0 |           0 |           0 |           0 |           0 |           0 |           0 |           0 |           0 |           0 |           0 |           0 |           0 |           0 |           0 |
+---------------------------+---------+-------------+-------------+-------------+-------------+-------------+-------------+-------------+-------------+-------------+-------------+-------------+-------------+-------------+-------------+-------------+-------------+-------------+-------------+-------------+-------------+-------------+-------------+-------------+-------------+-------------+-------------+-------------+-------------+-------------+-------------+-------------+-------------+-------------+-------------+-------------+-------------+-------------+-------------+-------------+-------------+-------------+-------------+-------------+-------------+-------------+-------------+-------------+-------------+-------------+-------------+-------------+-------------+-------------+-------------+-------------+-------------+-------------+-------------+-------------+-------------+-------------+-------------+-------------+-------------+-------------+-------------+-------------+-------------+-------------+-------------+-------------+-------------+-------------+-------------+-------------+-------------+-------------+-------------+-------------+-------------+-------------+-------------+-------------+-------------+-------------+-------------+-------------+-------------+-------------+-------------+-------------+-------------+-------------+-------------+-------------+-------------+
+--------------------------------+---------+---------------+-------------+-------------+--------------+
|              Event             | Counter |      Sum      |     Min     |     Max     |      Avg     |
+--------------------------------+---------+---------------+-------------+-------------+--------------+
|      ACTUAL_CPU_CLOCK STAT     |  FIXC1  |  194956052000 |  2030178000 |  2031566000 | 2.030792e+09 |
|       MAX_CPU_CLOCK STAT       |  FIXC2  |  246260135000 |  2564011000 |  2566300000 | 2.565210e+09 |
|    RETIRED_INSTRUCTIONS STAT   |   PMC0  |  244920122000 |  2550964000 |  2551428000 | 2.551251e+09 |
|    CPU_CLOCKS_UNHALTED STAT    |   PMC1  |  193500688000 |  2013926000 |  2016523000 | 2.015632e+09 |
| RETIRED_SSE_AVX_FLOPS_ALL STAT |   PMC2  | 6184752960000 | 64424510000 | 64424510000 |  64424510000 |
|           MERGE STAT           |   PMC3  |             0 |           0 |           0 |            0 |
+--------------------------------+---------+---------------+-------------+-------------+--------------+
+----------------------+------------+------------+------------+------------+------------+------------+------------+------------+------------+------------+-------------+-------------+-------------+-------------+-------------+-------------+-------------+-------------+-------------+-------------+-------------+-------------+-------------+-------------+-------------+-------------+-------------+-------------+-------------+-------------+-------------+-------------+-------------+-------------+-------------+-------------+-------------+-------------+-------------+-------------+-------------+-------------+-------------+-------------+-------------+-------------+-------------+-------------+-------------+-------------+-------------+-------------+-------------+-------------+-------------+-------------+-------------+-------------+-------------+-------------+-------------+-------------+-------------+-------------+-------------+-------------+-------------+-------------+-------------+-------------+-------------+-------------+-------------+-------------+-------------+-------------+-------------+-------------+-------------+-------------+-------------+-------------+-------------+-------------+-------------+-------------+-------------+-------------+-------------+-------------+-------------+-------------+-------------+-------------+-------------+-------------+
|        Metric        | HWThread 0 | HWThread 1 | HWThread 2 | HWThread 3 | HWThread 4 | HWThread 5 | HWThread 6 | HWThread 7 | HWThread 8 | HWThread 9 | HWThread 10 | HWThread 11 | HWThread 12 | HWThread 13 | HWThread 14 | HWThread 15 | HWThread 16 | HWThread 17 | HWThread 18 | HWThread 19 | HWThread 20 | HWThread 21 | HWThread 22 | HWThread 23 | HWThread 24 | HWThread 25 | HWThread 26 | HWThread 27 | HWThread 28 | HWThread 29 | HWThread 30 | HWThread 31 | HWThread 32 | HWThread 33 | HWThread 34 | HWThread 35 | HWThread 36 | HWThread 37 | HWThread 38 | HWThread 39 | HWThread 40 | HWThread 41 | HWThread 42 | HWThread 43 | HWThread 44 | HWThread 45 | HWThread 46 | HWThread 47 | HWThread 48 | HWThread 49 | HWThread 50 | HWThread 51 | HWThread 52 | HWThread 53 | HWThread 54 | HWThread 55 | HWThread 56 | HWThread 57 | HWThread 58 | HWThread 59 | HWThread 60 | HWThread 61 | HWThread 62 | HWThread 63 | HWThread 64 | HWThread 65 | HWThread 66 | HWThread 67 | HWThread 68 | HWThread 69 | HWThread 70 | HWThread 71 | HWThread 72 | HWThread 73 | HWThread 74 | HWThread 75 | HWThread 76 | HWThread 77 | HWThread 78 | HWThread 79 | HWThread 80 | HWThread 81 | HWThread 82 | HWThread 83 | HWThread 84 | HWThread 85 | HWThread 86 | HWThread 87 | HWThread 88 | HWThread 89 | HWThread 90 | HWThread 91 | HWThread 92 | HWThread 93 | HWThread 94 | HWThread 95 |
+----------------------+------------+------------+------------+------------+------------+------------+------------+------------+------------+------------+-------------+-------------+-------------+-------------+-------------+-------------+-------------+-------------+-------------+-------------+-------------+-------------+-------------+-------------+-------------+-------------+-------------+-------------+-------------+-------------+-------------+-------------+-------------+-------------+-------------+-------------+-------------+-------------+-------------+-------------+-------------+-------------+-------------+-------------+-------------+-------------+-------------+-------------+-------------+-------------+-------------+-------------+-------------+-------------+-------------+-------------+-------------+-------------+-------------+-------------+-------------+-------------+-------------+-------------+-------------+-------------+-------------+-------------+-------------+-------------+-------------+-------------+-------------+-------------+-------------+-------------+-------------+-------------+-------------+-------------+-------------+-------------+-------------+-------------+-------------+-------------+-------------+-------------+-------------+-------------+-------------+-------------+-------------+-------------+-------------+-------------+
|  Runtime (RDTSC) [s] |     1.0695 |     1.0695 |     1.0695 |     1.0695 |     1.0694 |     1.0694 |     1.0694 |     1.0694 |     1.0695 |     1.0695 |      1.0696 |      1.0695 |      1.0695 |      1.0695 |      1.0695 |      1.0695 |      1.0694 |      1.0694 |      1.0695 |      1.0694 |      1.0697 |      1.0694 |      1.0694 |      1.0695 |      1.0694 |      1.0695 |      1.0694 |      1.0694 |      1.0696 |      1.0694 |      1.0694 |      1.0694 |      1.0697 |      1.0694 |      1.0694 |      1.0694 |      1.0695 |      1.0695 |      1.0694 |      1.0694 |      1.0696 |      1.0695 |      1.0694 |      1.0696 |      1.0696 |      1.0696 |      1.0698 |      1.0696 |      1.0695 |      1.0696 |      1.0696 |      1.0695 |      1.0695 |      1.0695 |      1.0699 |      1.0694 |      1.0694 |      1.0695 |      1.0695 |      1.0698 |      1.0696 |      1.0696 |      1.0696 |      1.0696 |      1.0696 |      1.0696 |      1.0697 |      1.0694 |      1.0696 |      1.0696 |      1.0694 |      1.0694 |      1.0696 |      1.0696 |      1.0698 |      1.0696 |      1.0696 |      1.0694 |      1.0695 |      1.0696 |      1.0696 |      1.0696 |      1.0694 |      1.0694 |      1.0696 |      1.0694 |      1.0696 |      1.0696 |      1.0696 |      1.0696 |      1.0694 |      1.0696 |      1.0695 |      1.0694 |      1.0694 |      1.0698 |
| Runtime unhalted [s] |     0.8473 |     0.8472 |     0.8473 |     0.8475 |     0.8472 |     0.8472 |     0.8473 |     0.8472 |     0.8474 |     0.8476 |      0.8474 |      0.8472 |      0.8473 |      0.8474 |      0.8476 |      0.8475 |      0.8473 |      0.8473 |      0.8473 |      0.8473 |      0.8475 |      0.8473 |      0.8473 |      0.8473 |      0.8473 |      0.8474 |      0.8473 |      0.8473 |      0.8474 |      0.8473 |      0.8473 |      0.8473 |      0.8476 |      0.8472 |      0.8473 |      0.8473 |      0.8474 |      0.8473 |      0.8473 |      0.8473 |      0.8476 |      0.8476 |      0.8475 |      0.8475 |      0.8477 |      0.8476 |      0.8476 |      0.8475 |      0.8475 |      0.8475 |      0.8474 |      0.8474 |      0.8476 |      0.8475 |      0.8476 |      0.8474 |      0.8472 |      0.8476 |      0.8473 |      0.8475 |      0.8475 |      0.8475 |      0.8475 |      0.8474 |      0.8475 |      0.8474 |      0.8476 |      0.8476 |      0.8475 |      0.8476 |      0.8476 |      0.8475 |      0.8476 |      0.8477 |      0.8478 |      0.8475 |      0.8475 |      0.8475 |      0.8476 |      0.8476 |      0.8474 |      0.8475 |      0.8474 |      0.8475 |      0.8474 |      0.8474 |      0.8474 |      0.8475 |      0.8476 |      0.8476 |      0.8476 |      0.8476 |      0.8476 |      0.8476 |      0.8477 |      0.8478 |
|      Clock [MHz]     |  1896.9463 |  1897.2251 |  1896.9637 |  1897.4346 |  1897.4726 |  1897.4207 |  1897.0954 |  1897.1351 |  1896.9725 |  1897.2070 |   1897.1442 |   1897.2251 |   1896.8862 |   1897.0357 |   1897.2320 |   1897.0683 |   1897.2257 |   1897.2320 |   1896.9494 |   1897.1698 |   1896.9821 |   1897.1765 |   1897.1750 |   1896.9652 |   1897.2433 |   1897.0352 |   1897.2558 |   1896.9776 |   1897.0155 |   1897.1904 |   1897.1832 |   1897.1925 |   1897.0175 |   1897.4426 |   1897.1903 |   1897.1788 |   1896.9962 |   1896.9839 |   1897.0927 |   1897.1784 |   1897.1636 |   1897.1808 |   1897.1307 |   1897.0569 |   1897.2454 |   1897.1840 |   1896.9394 |   1897.1094 |   1897.0625 |   1897.0863 |   1897.0382 |   1897.0558 |   1897.1892 |   1897.1245 |   1896.9273 |   1897.0405 |   1897.0303 |   1897.2078 |   1896.9762 |   1896.8560 |   1897.0821 |   1897.2469 |   1897.2344 |   1897.0520 |   1897.0570 |   1897.0617 |   1897.0595 |   1897.4156 |   1897.0734 |   1897.1797 |   1897.4124 |   1897.1691 |   1897.1930 |   1897.4297 |   1897.0866 |   1897.2008 |   1897.0394 |   1897.2316 |   1897.1522 |   1896.9651 |   1897.0165 |   1897.0665 |   1897.0335 |   1897.1910 |   1897.0094 |   1896.9716 |   1896.9982 |   1897.0687 |   1897.1682 |   1897.1585 |   1897.1581 |   1897.1529 |   1897.1740 |   1897.4004 |   1897.3801 |   1897.0463 |
|          CPI         |     0.7895 |     0.7903 |     0.7902 |     0.7903 |     0.7902 |     0.7902 |     0.7902 |     0.7903 |     0.7900 |     0.7902 |      0.7903 |      0.7902 |      0.7902 |      0.7902 |      0.7902 |      0.7902 |      0.7901 |      0.7901 |      0.7901 |      0.7901 |      0.7902 |      0.7901 |      0.7900 |      0.7901 |      0.7900 |      0.7901 |      0.7900 |      0.7901 |      0.7901 |      0.7900 |      0.7900 |      0.7900 |      0.7902 |      0.7900 |      0.7899 |      0.7899 |      0.7900 |      0.7899 |      0.7899 |      0.7899 |      0.7900 |      0.7900 |      0.7899 |      0.7900 |      0.7899 |      0.7899 |      0.7902 |      0.7899 |      0.7901 |      0.7902 |      0.7901 |      0.7899 |      0.7901 |      0.7902 |      0.7904 |      0.7901 |      0.7900 |      0.7900 |      0.7900 |      0.7901 |      0.7900 |      0.7900 |      0.7900 |      0.7900 |      0.7901 |      0.7902 |      0.7902 |      0.7901 |      0.7901 |      0.7900 |      0.7899 |      0.7900 |      0.7898 |      0.7900 |      0.7899 |      0.7900 |      0.7900 |      0.7899 |      0.7899 |      0.7899 |      0.7902 |      0.7901 |      0.7901 |      0.7901 |      0.7902 |      0.7901 |      0.7902 |      0.7902 |      0.7902 |      0.7901 |      0.7899 |      0.7900 |      0.7901 |      0.7898 |      0.7898 |      0.7901 |
|     SP [MFLOP/s]     | 60236.9572 | 60235.8871 | 60240.3367 | 60235.6055 | 60245.8010 | 60245.7447 | 60245.7447 | 60241.1253 | 60240.0551 | 60235.6055 |  60230.0868 |  60236.9009 |  60236.7882 |  60235.5492 |  60235.8871 |  60235.6618 |  60244.5616 |  60242.8716 |  60236.1124 |  60245.8010 |  60224.2312 |  60245.6883 |  60246.1390 |  60240.3930 |  60245.9700 |  60238.9849 |  60245.8573 |  60241.9702 |  60233.6344 |  60246.0827 |  60244.8996 |  60245.5756 |  60224.8505 |  60244.3362 |  60244.4489 |  60242.7589 |  60236.7882 |  60238.8722 |  60244.8996 |  60243.8856 |  60231.1566 |  60235.4366 |  60242.3646 |  60231.5508 |  60233.5218 |  60233.4092 |  60218.8271 |  60234.9860 |  60239.1538 |  60231.9450 |  60234.3102 |  60240.0551 |  60240.2240 |  60235.3239 |  60217.5888 |  60242.0266 |  60242.7026 |  60240.2240 |  60240.2240 |  60220.4595 |  60231.4382 |  60231.7761 |  60234.8734 |  60231.2693 |  60233.6344 |  60233.3528 |  60225.8639 |  60240.9563 |  60230.8751 |  60233.2965 |  60242.4209 |  60242.6462 |  60233.5781 |  60230.6499 |  60218.2642 |  60233.6344 |  60233.6344 |  60244.2799 |  60239.3791 |  60233.4655 |  60233.4655 |  60233.4092 |  60242.7026 |  60243.8292 |  60233.4655 |  60243.9419 |  60233.5781 |  60233.5218 |  60233.7470 |  60232.4518 |  60243.6602 |  60230.0868 |  60235.7182 |  60244.4489 |  60242.7026 |  60220.9098 |
+----------------------+------------+------------+------------+------------+------------+------------+------------+------------+------------+------------+-------------+-------------+-------------+-------------+-------------+-------------+-------------+-------------+-------------+-------------+-------------+-------------+-------------+-------------+-------------+-------------+-------------+-------------+-------------+-------------+-------------+-------------+-------------+-------------+-------------+-------------+-------------+-------------+-------------+-------------+-------------+-------------+-------------+-------------+-------------+-------------+-------------+-------------+-------------+-------------+-------------+-------------+-------------+-------------+-------------+-------------+-------------+-------------+-------------+-------------+-------------+-------------+-------------+-------------+-------------+-------------+-------------+-------------+-------------+-------------+-------------+-------------+-------------+-------------+-------------+-------------+-------------+-------------+-------------+-------------+-------------+-------------+-------------+-------------+-------------+-------------+-------------+-------------+-------------+-------------+-------------+-------------+-------------+-------------+-------------+-------------+
+---------------------------+--------------+------------+------------+------------+
|           Metric          |      Sum     |     Min    |     Max    |     Avg    |
+---------------------------+--------------+------------+------------+------------+
|  Runtime (RDTSC) [s] STAT |     102.6739 |     1.0694 |     1.0699 |     1.0695 |
| Runtime unhalted [s] STAT |      81.3552 |     0.8472 |     0.8478 |     0.8474 |
|      Clock [MHz] STAT     |  182124.4550 |  1896.8560 |  1897.4726 |  1897.1297 |
|          CPI STAT         |      75.8457 |     0.7895 |     0.7904 |     0.7901 |
|     SP [MFLOP/s] STAT     | 5.782750e+06 | 60217.5888 | 60246.1390 | 60236.9767 |
+---------------------------+--------------+------------+------------+------------+
