--------------------------------------------------------------------------------
CPU name:	AMD EPYC 9654 96-Core Processor                
CPU type:	AMD K19 (Zen4) architecture
CPU clock:	2.40 GHz
--------------------------------------------------------------------------------
Region bench, Group 1: FLOPS_SP
+-------------------+------------+------------+------------+------------+------------+------------+------------+------------+------------+------------+-------------+-------------+-------------+-------------+-------------+-------------+-------------+-------------+-------------+-------------+-------------+-------------+-------------+-------------+-------------+-------------+-------------+-------------+-------------+-------------+-------------+-------------+-------------+-------------+-------------+-------------+-------------+-------------+-------------+-------------+-------------+-------------+-------------+-------------+-------------+-------------+-------------+-------------+-------------+-------------+-------------+-------------+-------------+-------------+-------------+-------------+-------------+-------------+-------------+-------------+-------------+-------------+-------------+-------------+-------------+-------------+-------------+-------------+-------------+-------------+-------------+-------------+-------------+-------------+-------------+-------------+-------------+-------------+-------------+-------------+-------------+-------------+-------------+-------------+-------------+-------------+-------------+-------------+-------------+-------------+-------------+-------------+-------------+-------------+-------------+-------------+
|    Region Info    | HWThread 0 | HWThread 1 | HWThread 2 | HWThread 3 | HWThread 4 | HWThread 5 | HWThread 6 | HWThread 7 | HWThread 8 | HWThread 9 | HWThread 10 | HWThread 11 | HWThread 12 | HWThread 13 | HWThread 14 | HWThread 15 | HWThread 16 | HWThread 17 | HWThread 18 | HWThread 19 | HWThread 20 | HWThread 21 | HWThread 22 | HWThread 23 | HWThread 24 | HWThread 25 | HWThread 26 | HWThread 27 | HWThread 28 | HWThread 29 | HWThread 30 | HWThread 31 | HWThread 32 | HWThread 33 | HWThread 34 | HWThread 35 | HWThread 36 | HWThread 37 | HWThread 38 | HWThread 39 | HWThread 40 | HWThread 41 | HWThread 42 | HWThread 43 | HWThread 44 | HWThread 45 | HWThread 46 | HWThread 47 | HWThread 48 | HWThread 49 | HWThread 50 | HWThread 51 | HWThread 52 | HWThread 53 | HWThread 54 | HWThread 55 | HWThread 56 | HWThread 57 | HWThread 58 | HWThread 59 | HWThread 60 | HWThread 61 | HWThread 62 | HWThread 63 | HWThread 64 | HWThread 65 | HWThread 66 | HWThread 67 | HWThread 68 | HWThread 69 | HWThread 70 | HWThread 71 | HWThread 72 | HWThread 73 | HWThread 74 | HWThread 75 | HWThread 76 | HWThread 77 | HWThread 78 | HWThread 79 | HWThread 80 | HWThread 81 | HWThread 82 | HWThread 83 | HWThread 84 | HWThread 85 | HWThread 86 | HWThread 87 | HWThread 88 | HWThread 89 | HWThread 90 | HWThread 91 | HWThread 92 | HWThread 93 | HWThread 94 | HWThread 95 |
+-------------------+------------+------------+------------+------------+------------+------------+------------+------------+------------+------------+-------------+-------------+-------------+-------------+-------------+-------------+-------------+-------------+-------------+-------------+-------------+-------------+-------------+-------------+-------------+-------------+-------------+-------------+-------------+-------------+-------------+-------------+-------------+-------------+-------------+-------------+-------------+-------------+-------------+-------------+-------------+-------------+-------------+-------------+-------------+-------------+-------------+-------------+-------------+-------------+-------------+-------------+-------------+-------------+-------------+-------------+-------------+-------------+-------------+-------------+-------------+-------------+-------------+-------------+-------------+-------------+-------------+-------------+-------------+-------------+-------------+-------------+-------------+-------------+-------------+-------------+-------------+-------------+-------------+-------------+-------------+-------------+-------------+-------------+-------------+-------------+-------------+-------------+-------------+-------------+-------------+-------------+-------------+-------------+-------------+-------------+
| RDTSC Runtime [s] |   1.216704 |   1.216690 |   1.216706 |   1.216452 |   1.216455 |   1.216634 |   1.216611 |   1.216615 |   1.216448 |   1.216461 |    1.216629 |    1.216624 |    1.216479 |    1.216573 |    1.216631 |    1.216502 |    1.216595 |    1.216650 |    1.216680 |    1.216475 |    1.216476 |    1.216475 |    1.216674 |    1.216609 |    1.216646 |    1.216808 |    1.216652 |    1.216619 |    1.216810 |    1.216623 |    1.216649 |    1.216647 |    1.216609 |    1.216648 |    1.216655 |    1.216543 |    1.216535 |    1.216797 |    1.216596 |    1.216470 |    1.216622 |    1.216542 |    1.216478 |    1.216569 |    1.216594 |    1.216761 |    1.216829 |    1.216537 |    1.216458 |    1.216532 |    1.216601 |    1.216641 |    1.216496 |    1.216618 |    1.216638 |    1.216567 |    1.216654 |    1.216472 |    1.216620 |    1.216689 |    1.216581 |    1.216482 |    1.216841 |    1.216613 |    1.216591 |    1.216480 |    1.216470 |    1.216473 |    1.216555 |    1.216478 |    1.216591 |    1.216691 |    1.216828 |    1.216538 |    1.216475 |    1.216617 |    1.216471 |    1.216512 |    1.216842 |    1.216827 |    1.216611 |    1.216473 |    1.216539 |    1.216477 |    1.216578 |    1.216527 |    1.216556 |    1.216582 |    1.216830 |    1.216476 |    1.216534 |    1.216476 |    1.216473 |    1.216557 |    1.216580 |    1.216474 |
|     call count    |          1 |          1 |          1 |          1 |          1 |          1 |          1 |          1 |          1 |          1 |           1 |           1 |           1 |           1 |           1 |           1 |           1 |           1 |           1 |           1 |           1 |           1 |           1 |           1 |           1 |           1 |           1 |           1 |           1 |           1 |           1 |           1 |           1 |           1 |           1 |           1 |           1 |           1 |           1 |           1 |           1 |           1 |           1 |           1 |           1 |           1 |           1 |           1 |           1 |           1 |           1 |           1 |           1 |           1 |           1 |           1 |           1 |           1 |           1 |           1 |           1 |           1 |           1 |           1 |           1 |           1 |           1 |           1 |           1 |           1 |           1 |           1 |           1 |           1 |           1 |           1 |           1 |           1 |           1 |           1 |           1 |           1 |           1 |           1 |           1 |           1 |           1 |           1 |           1 |           1 |           1 |           1 |           1 |           1 |           1 |           1 |
+-------------------+------------+------------+------------+------------+------------+------------+------------+------------+------------+------------+-------------+-------------+-------------+-------------+-------------+-------------+-------------+-------------+-------------+-------------+-------------+-------------+-------------+-------------+-------------+-------------+-------------+-------------+-------------+-------------+-------------+-------------+-------------+-------------+-------------+-------------+-------------+-------------+-------------+-------------+-------------+-------------+-------------+-------------+-------------+-------------+-------------+-------------+-------------+-------------+-------------+-------------+-------------+-------------+-------------+-------------+-------------+-------------+-------------+-------------+-------------+-------------+-------------+-------------+-------------+-------------+-------------+-------------+-------------+-------------+-------------+-------------+-------------+-------------+-------------+-------------+-------------+-------------+-------------+-------------+-------------+-------------+-------------+-------------+-------------+-------------+-------------+-------------+-------------+-------------+-------------+-------------+-------------+-------------+-------------+-------------+
+---------------------------+---------+-------------+-------------+-------------+-------------+-------------+-------------+-------------+-------------+-------------+-------------+-------------+-------------+-------------+-------------+-------------+-------------+-------------+-------------+-------------+-------------+-------------+-------------+-------------+-------------+-------------+-------------+-------------+-------------+-------------+-------------+-------------+-------------+-------------+-------------+-------------+-------------+-------------+-------------+-------------+-------------+-------------+-------------+-------------+-------------+-------------+-------------+-------------+-------------+-------------+-------------+-------------+-------------+-------------+-------------+-------------+-------------+-------------+-------------+-------------+-------------+-------------+-------------+-------------+-------------+-------------+-------------+-------------+-------------+-------------+-------------+-------------+-------------+-------------+-------------+-------------+-------------+-------------+-------------+-------------+-------------+-------------+-------------+-------------+-------------+-------------+-------------+-------------+-------------+-------------+-------------+-------------+-------------+-------------+-------------+-------------+-------------+
|           Event           | Counter |  HWThread 0 |  HWThread 1 |  HWThread 2 |  HWThread 3 |  HWThread 4 |  HWThread 5 |  HWThread 6 |  HWThread 7 |  HWThread 8 |  HWThread 9 | HWThread 10 | HWThread 11 | HWThread 12 | HWThread 13 | HWThread 14 | HWThread 15 | HWThread 16 | HWThread 17 | HWThread 18 | HWThread 19 | HWThread 20 | HWThread 21 | HWThread 22 | HWThread 23 | HWThread 24 | HWThread 25 | HWThread 26 | HWThread 27 | HWThread 28 | HWThread 29 | HWThread 30 | HWThread 31 | HWThread 32 | HWThread 33 | HWThread 34 | HWThread 35 | HWThread 36 | HWThread 37 | HWThread 38 | HWThread 39 | HWThread 40 | HWThread 41 | HWThread 42 | HWThread 43 | HWThread 44 | HWThread 45 | HWThread 46 | HWThread 47 | HWThread 48 | HWThread 49 | HWThread 50 | HWThread 51 | HWThread 52 | HWThread 53 | HWThread 54 | HWThread 55 | HWThread 56 | HWThread 57 | HWThread 58 | HWThread 59 | HWThread 60 | HWThread 61 | HWThread 62 | HWThread 63 | HWThread 64 | HWThread 65 | HWThread 66 | HWThread 67 | HWThread 68 | HWThread 69 | HWThread 70 | HWThread 71 | HWThread 72 | HWThread 73 | HWThread 74 | HWThread 75 | HWThread 76 | HWThread 77 | HWThread 78 | HWThread 79 | HWThread 80 | HWThread 81 | HWThread 82 | HWThread 83 | HWThread 84 | HWThread 85 | HWThread 86 | HWThread 87 | HWThread 88 | HWThread 89 | HWThread 90 | HWThread 91 | HWThread 92 | HWThread 93 | HWThread 94 | HWThread 95 |
+---------------------------+---------+-------------+-------------+-------------+-------------+-------------+-------------+-------------+-------------+-------------+-------------+-------------+-------------+-------------+-------------+-------------+-------------+-------------+-------------+-------------+-------------+-------------+-------------+-------------+-------------+-------------+-------------+-------------+-------------+-------------+-------------+-------------+-------------+-------------+-------------+-------------+-------------+-------------+-------------+-------------+-------------+-------------+-------------+-------------+-------------+-------------+-------------+-------------+-------------+-------------+-------------+-------------+-------------+-------------+-------------+-------------+-------------+-------------+-------------+-------------+-------------+-------------+-------------+-------------+-------------+-------------+-------------+-------------+-------------+-------------+-------------+-------------+-------------+-------------+-------------+-------------+-------------+-------------+-------------+-------------+-------------+-------------+-------------+-------------+-------------+-------------+-------------+-------------+-------------+-------------+-------------+-------------+-------------+-------------+-------------+-------------+-------------+
|      ACTUAL_CPU_CLOCK     |  FIXC1  |  2309646000 |  2309651000 |  2309968000 |  2309580000 |  2309667000 |  2309967000 |  2309662000 |  2310024000 |  2309537000 |  2309668000 |  2309646000 |  2309622000 |  2309670000 |  2309559000 |  2309930000 |  2309450000 |  2310179000 |  2309582000 |  2309590000 |  2309556000 |  2309556000 |  2309625000 |  2309582000 |  2310242000 |  2309945000 |  2309952000 |  2309885000 |  2310085000 |  2310022000 |  2309960000 |  2309892000 |  2309941000 |  2310285000 |  2310218000 |  2310286000 |  2309843000 |  2309951000 |  2310283000 |  2309859000 |  2309939000 |  2309752000 |  2309750000 |  2309667000 |  2310010000 |  2309741000 |  2309932000 |  2309935000 |  2309811000 |  2309535000 |  2309542000 |  2309485000 |  2309964000 |  2309369000 |  2309778000 |  2309891000 |  2309635000 |  2309894000 |  2309564000 |  2309966000 |  2309983000 |  2309581000 |  2309699000 |  2310095000 |  2310011000 |  2309828000 |  2309875000 |  2309811000 |  2309928000 |  2310054000 |  2309924000 |  2310024000 |  2309850000 |  2310072000 |  2309932000 |  2309949000 |  2310074000 |  2309867000 |  2310020000 |  2310249000 |  2310120000 |  2309800000 |  2309554000 |  2309559000 |  2309408000 |  2309912000 |  2309529000 |  2309791000 |  2309792000 |  2310246000 |  2309759000 |  2309649000 |  2309788000 |  2309788000 |  2309721000 |  2309565000 |  2309931000 |
|       MAX_CPU_CLOCK       |  FIXC2  |  2917912000 |  2917923000 |  2918395000 |  2917582000 |  2917580000 |  2918356000 |  2917926000 |  2917946000 |  2917344000 |  2917569000 |  2917874000 |  2917706000 |  2917830000 |  2917377000 |  2918312000 |  2917471000 |  2918339000 |  2917616000 |  2917661000 |  2917551000 |  2917563000 |  2917679000 |  2917646000 |  2918326000 |  2917974000 |  2918318000 |  2918246000 |  2918158000 |  2918112000 |  2918275000 |  2917858000 |  2917969000 |  2918130000 |  2918059000 |  2918143000 |  2917759000 |  2917749000 |  2918225000 |  2917781000 |  2917667000 |  2917953000 |  2917988000 |  2917861000 |  2917785000 |  2917893000 |  2918203000 |  2918204000 |  2917836000 |  2917454000 |  2917547000 |  2916996000 |  2918098000 |  2916911000 |  2917621000 |  2918022000 |  2917176000 |  2918126000 |  2917817000 |  2918099000 |  2918087000 |  2917619000 |  2917629000 |  2918215000 |  2917950000 |  2917888000 |  2917793000 |  2917716000 |  2917799000 |  2918163000 |  2917809000 |  2917747000 |  2917763000 |  2918160000 |  2917817000 |  2917615000 |  2917816000 |  2917534000 |  2917941000 |  2918167000 |  2918058000 |  2918001000 |  2917360000 |  2917561000 |  2917587000 |  2917611000 |  2917533000 |  2917507000 |  2917681000 |  2918188000 |  2917589000 |  2917649000 |  2917900000 |  2917455000 |  2917678000 |  2917573000 |  2917601000 |
|    RETIRED_INSTRUCTIONS   |   PMC0  |  5102774000 |  5105162000 |  5105308000 |  5105123000 |  5105135000 |  5105108000 |  5105121000 |  5105125000 |  5105061000 |  5104952000 |  5104995000 |  5105056000 |  5105014000 |  5104971000 |  5105004000 |  5104946000 |  5105472000 |  5105026000 |  5105046000 |  5105276000 |  5105120000 |  5104935000 |  5104992000 |  5104996000 |  5105084000 |  5105090000 |  5104915000 |  5104924000 |  5105254000 |  5105020000 |  5105027000 |  5104864000 |  5105789000 |  5104936000 |  5104927000 |  5104906000 |  5104979000 |  5104969000 |  5104887000 |  5104870000 |  5104993000 |  5104996000 |  5105018000 |  5104983000 |  5104660000 |  5104692000 |  5104742000 |  5104776000 |  5106458000 |  5105004000 |  5104892000 |  5105961000 |  5105160000 |  5105067000 |  5105049000 |  5105010000 |  5105158000 |  5104289000 |  5104982000 |  5104949000 |  5105137000 |  5104945000 |  5105029000 |  5104874000 |  5105207000 |  5105007000 |  5104998000 |  5105006000 |  5104785000 |  5104609000 |  5104666000 |  5106552000 |  5105116000 |  5104904000 |  5104895000 |  5105495000 |  5105027000 |  5104899000 |  5104936000 |  5105728000 |  5105116000 |  5105090000 |  5104991000 |  5105010000 |  5105331000 |  5105063000 |  5105024000 |  5105003000 |  5105389000 |  5105082000 |  5105116000 |  5104972000 |  5101921000 |  5106726000 |  5104729000 |  5105190000 |
|    CPU_CLOCKS_UNHALTED    |   PMC1  |  2290378000 |  2293414000 |  2293405000 |  2293043000 |  2293014000 |  2293275000 |  2293354000 |  2293283000 |  2292449000 |  2292319000 |  2292532000 |  2292836000 |  2292233000 |  2292442000 |  2292494000 |  2292214000 |  2292581000 |  2292605000 |  2292693000 |  2292330000 |  2292542000 |  2292226000 |  2292554000 |  2292591000 |  2292739000 |  2292947000 |  2292592000 |  2292435000 |  2293049000 |  2292713000 |  2292805000 |  2292303000 |  2292156000 |  2292256000 |  2292247000 |  2292087000 |  2291940000 |  2292404000 |  2291963000 |  2291786000 |  2292525000 |  2292424000 |  2292399000 |  2292589000 |  2291842000 |  2292468000 |  2292709000 |  2292072000 |  2292734000 |  2292661000 |  2292738000 |  2293006000 |  2292703000 |  2292946000 |  2292900000 |  2292622000 |  2292534000 |  2292196000 |  2292647000 |  2292682000 |  2292383000 |  2292244000 |  2292875000 |  2292086000 |  2292704000 |  2292671000 |  2292566000 |  2292546000 |  2292167000 |  2292421000 |  2292238000 |  2292148000 |  2291997000 |  2292158000 |  2291972000 |  2292217000 |  2291982000 |  2292036000 |  2292305000 |  2292293000 |  2293025000 |  2292171000 |  2292547000 |  2292626000 |  2292675000 |  2292907000 |  2292784000 |  2292720000 |  2293614000 |  2293050000 |  2293164000 |  2292530000 |  2291344000 |  2292687000 |  2292729000 |  2292469000 |
| RETIRED_SSE_AVX_FLOPS_ALL |   PMC2  | 64424510000 | 64424510000 | 64424510000 | 64424510000 | 64424510000 | 64424510000 | 64424510000 | 64424510000 | 64424510000 | 64424510000 | 64424510000 | 64424510000 | 64424510000 | 64424510000 | 64424510000 | 64424510000 | 64424510000 | 64424510000 | 64424510000 | 64424510000 | 64424510000 | 64424510000 | 64424510000 | 64424510000 | 64424510000 | 64424510000 | 64424510000 | 64424510000 | 64424510000 | 64424510000 | 64424510000 | 64424510000 | 64424510000 | 64424510000 | 64424510000 | 64424510000 | 64424510000 | 64424510000 | 64424510000 | 64424510000 | 64424510000 | 64424510000 | 64424510000 | 64424510000 | 64424510000 | 64424510000 | 64424510000 | 64424510000 | 64424510000 | 64424510000 | 64424510000 | 64424510000 | 64424510000 | 64424510000 | 64424510000 | 64424510000 | 64424510000 | 64424510000 | 64424510000 | 64424510000 | 64424510000 | 64424510000 | 64424510000 | 64424510000 | 64424510000 | 64424510000 | 64424510000 | 64424510000 | 64424510000 | 64424510000 | 64424510000 | 64424510000 | 64424510000 | 64424510000 | 64424510000 | 64424510000 | 64424510000 | 64424510000 | 64424510000 | 64424510000 | 64424510000 | 64424510000 | 64424510000 | 64424510000 | 64424510000 | 64424510000 | 64424510000 | 64424510000 | 64424510000 | 64424510000 | 64424510000 | 64424510000 | 64424510000 | 64424510000 | 64424510000 | 64424510000 |
|           MERGE           |   PMC3  |           0 |           0 |           0 |           0 |           0 |           0 |           0 |           0 |           0 |           0 |           0 |           0 |           0 |           0 |           0 |           0 |           0 |           0 |           0 |           0 |           0 |           0 |           0 |           0 |           0 |           0 |           0 |           0 |           0 |           0 |           0 |           0 |           0 |           0 |           0 |           0 |           0 |           0 |           0 |           0 |           0 |           0 |           0 |           0 |           0 |           0 |           0 |           0 |           0 |           0 |           0 |           0 |           0 |           0 |           0 |           0 |           0 |           0 |           0 |           0 |           0 |           0 |           0 |           0 |           0 |           0 |           0 |           0 |           0 |           0 |           0 |           0 |           0 |           0 |           0 |           0 |           0 |           0 |           0 |           0 |           0 |           0 |           0 |           0 |           0 |           0 |           0 |           0 |           0 |           0 |           0 |           0 |           0 |           0 |           0 |           0 |
+---------------------------+---------+-------------+-------------+-------------+-------------+-------------+-------------+-------------+-------------+-------------+-------------+-------------+-------------+-------------+-------------+-------------+-------------+-------------+-------------+-------------+-------------+-------------+-------------+-------------+-------------+-------------+-------------+-------------+-------------+-------------+-------------+-------------+-------------+-------------+-------------+-------------+-------------+-------------+-------------+-------------+-------------+-------------+-------------+-------------+-------------+-------------+-------------+-------------+-------------+-------------+-------------+-------------+-------------+-------------+-------------+-------------+-------------+-------------+-------------+-------------+-------------+-------------+-------------+-------------+-------------+-------------+-------------+-------------+-------------+-------------+-------------+-------------+-------------+-------------+-------------+-------------+-------------+-------------+-------------+-------------+-------------+-------------+-------------+-------------+-------------+-------------+-------------+-------------+-------------+-------------+-------------+-------------+-------------+-------------+-------------+-------------+-------------+
+--------------------------------+---------+---------------+-------------+-------------+--------------+
|              Event             | Counter |      Sum      |     Min     |     Max     |      Avg     |
+--------------------------------+---------+---------------+-------------+-------------+--------------+
|      ACTUAL_CPU_CLOCK STAT     |  FIXC1  |  221743464000 |  2309369000 |  2310286000 |   2309827750 |
|       MAX_CPU_CLOCK STAT       |  FIXC2  |  280111257000 |  2916911000 |  2918395000 | 2.917826e+09 |
|    RETIRED_INSTRUCTIONS STAT   |   PMC0  |  490082566000 |  5101921000 |  5106726000 | 5.105027e+09 |
|    CPU_CLOCKS_UNHALTED STAT    |   PMC1  |  220081677000 |  2290378000 |  2293614000 | 2.292517e+09 |
| RETIRED_SSE_AVX_FLOPS_ALL STAT |   PMC2  | 6184752960000 | 64424510000 | 64424510000 |  64424510000 |
|           MERGE STAT           |   PMC3  |             0 |           0 |           0 |            0 |
+--------------------------------+---------+---------------+-------------+-------------+--------------+
+----------------------+------------+------------+------------+------------+------------+------------+------------+------------+------------+------------+-------------+-------------+-------------+-------------+-------------+-------------+-------------+-------------+-------------+-------------+-------------+-------------+-------------+-------------+-------------+-------------+-------------+-------------+-------------+-------------+-------------+-------------+-------------+-------------+-------------+-------------+-------------+-------------+-------------+-------------+-------------+-------------+-------------+-------------+-------------+-------------+-------------+-------------+-------------+-------------+-------------+-------------+-------------+-------------+-------------+-------------+-------------+-------------+-------------+-------------+-------------+-------------+-------------+-------------+-------------+-------------+-------------+-------------+-------------+-------------+-------------+-------------+-------------+-------------+-------------+-------------+-------------+-------------+-------------+-------------+-------------+-------------+-------------+-------------+-------------+-------------+-------------+-------------+-------------+-------------+-------------+-------------+-------------+-------------+-------------+-------------+
|        Metric        | HWThread 0 | HWThread 1 | HWThread 2 | HWThread 3 | HWThread 4 | HWThread 5 | HWThread 6 | HWThread 7 | HWThread 8 | HWThread 9 | HWThread 10 | HWThread 11 | HWThread 12 | HWThread 13 | HWThread 14 | HWThread 15 | HWThread 16 | HWThread 17 | HWThread 18 | HWThread 19 | HWThread 20 | HWThread 21 | HWThread 22 | HWThread 23 | HWThread 24 | HWThread 25 | HWThread 26 | HWThread 27 | HWThread 28 | HWThread 29 | HWThread 30 | HWThread 31 | HWThread 32 | HWThread 33 | HWThread 34 | HWThread 35 | HWThread 36 | HWThread 37 | HWThread 38 | HWThread 39 | HWThread 40 | HWThread 41 | HWThread 42 | HWThread 43 | HWThread 44 | HWThread 45 | HWThread 46 | HWThread 47 | HWThread 48 | HWThread 49 | HWThread 50 | HWThread 51 | HWThread 52 | HWThread 53 | HWThread 54 | HWThread 55 | HWThread 56 | HWThread 57 | HWThread 58 | HWThread 59 | HWThread 60 | HWThread 61 | HWThread 62 | HWThread 63 | HWThread 64 | HWThread 65 | HWThread 66 | HWThread 67 | HWThread 68 | HWThread 69 | HWThread 70 | HWThread 71 | HWThread 72 | HWThread 73 | HWThread 74 | HWThread 75 | HWThread 76 | HWThread 77 | HWThread 78 | HWThread 79 | HWThread 80 | HWThread 81 | HWThread 82 | HWThread 83 | HWThread 84 | HWThread 85 | HWThread 86 | HWThread 87 | HWThread 88 | HWThread 89 | HWThread 90 | HWThread 91 | HWThread 92 | HWThread 93 | HWThread 94 | HWThread 95 |
+----------------------+------------+------------+------------+------------+------------+------------+------------+------------+------------+------------+-------------+-------------+-------------+-------------+-------------+-------------+-------------+-------------+-------------+-------------+-------------+-------------+-------------+-------------+-------------+-------------+-------------+-------------+-------------+-------------+-------------+-------------+-------------+-------------+-------------+-------------+-------------+-------------+-------------+-------------+-------------+-------------+-------------+-------------+-------------+-------------+-------------+-------------+-------------+-------------+-------------+-------------+-------------+-------------+-------------+-------------+-------------+-------------+-------------+-------------+-------------+-------------+-------------+-------------+-------------+-------------+-------------+-------------+-------------+-------------+-------------+-------------+-------------+-------------+-------------+-------------+-------------+-------------+-------------+-------------+-------------+-------------+-------------+-------------+-------------+-------------+-------------+-------------+-------------+-------------+-------------+-------------+-------------+-------------+-------------+-------------+
|  Runtime (RDTSC) [s] |     1.2167 |     1.2167 |     1.2167 |     1.2165 |     1.2165 |     1.2166 |     1.2166 |     1.2166 |     1.2164 |     1.2165 |      1.2166 |      1.2166 |      1.2165 |      1.2166 |      1.2166 |      1.2165 |      1.2166 |      1.2167 |      1.2167 |      1.2165 |      1.2165 |      1.2165 |      1.2167 |      1.2166 |      1.2166 |      1.2168 |      1.2167 |      1.2166 |      1.2168 |      1.2166 |      1.2166 |      1.2166 |      1.2166 |      1.2166 |      1.2167 |      1.2165 |      1.2165 |      1.2168 |      1.2166 |      1.2165 |      1.2166 |      1.2165 |      1.2165 |      1.2166 |      1.2166 |      1.2168 |      1.2168 |      1.2165 |      1.2165 |      1.2165 |      1.2166 |      1.2166 |      1.2165 |      1.2166 |      1.2166 |      1.2166 |      1.2167 |      1.2165 |      1.2166 |      1.2167 |      1.2166 |      1.2165 |      1.2168 |      1.2166 |      1.2166 |      1.2165 |      1.2165 |      1.2165 |      1.2166 |      1.2165 |      1.2166 |      1.2167 |      1.2168 |      1.2165 |      1.2165 |      1.2166 |      1.2165 |      1.2165 |      1.2168 |      1.2168 |      1.2166 |      1.2165 |      1.2165 |      1.2165 |      1.2166 |      1.2165 |      1.2166 |      1.2166 |      1.2168 |      1.2165 |      1.2165 |      1.2165 |      1.2165 |      1.2166 |      1.2166 |      1.2165 |
| Runtime unhalted [s] |     0.9638 |     0.9638 |     0.9639 |     0.9638 |     0.9638 |     0.9639 |     0.9638 |     0.9640 |     0.9638 |     0.9638 |      0.9638 |      0.9638 |      0.9638 |      0.9638 |      0.9639 |      0.9637 |      0.9640 |      0.9638 |      0.9638 |      0.9638 |      0.9638 |      0.9638 |      0.9638 |      0.9641 |      0.9639 |      0.9639 |      0.9639 |      0.9640 |      0.9640 |      0.9639 |      0.9639 |      0.9639 |      0.9641 |      0.9640 |      0.9641 |      0.9639 |      0.9639 |      0.9641 |      0.9639 |      0.9639 |      0.9639 |      0.9639 |      0.9638 |      0.9640 |      0.9638 |      0.9639 |      0.9639 |      0.9639 |      0.9638 |      0.9638 |      0.9637 |      0.9639 |      0.9637 |      0.9639 |      0.9639 |      0.9638 |      0.9639 |      0.9638 |      0.9639 |      0.9639 |      0.9638 |      0.9638 |      0.9640 |      0.9640 |      0.9639 |      0.9639 |      0.9639 |      0.9639 |      0.9640 |      0.9639 |      0.9640 |      0.9639 |      0.9640 |      0.9639 |      0.9639 |      0.9640 |      0.9639 |      0.9640 |      0.9641 |      0.9640 |      0.9639 |      0.9638 |      0.9638 |      0.9637 |      0.9639 |      0.9638 |      0.9639 |      0.9639 |      0.9641 |      0.9639 |      0.9638 |      0.9639 |      0.9639 |      0.9638 |      0.9638 |      0.9639 |
|      Clock [MHz]     |  1896.8261 |  1896.8230 |  1896.7766 |  1896.9864 |  1897.0592 |  1896.8011 |  1896.8301 |  1897.1144 |  1897.1059 |  1897.0672 |   1896.8508 |   1896.9403 |   1896.8991 |   1897.1025 |   1896.7993 |   1896.9518 |   1896.9862 |   1896.9660 |   1896.9433 |   1896.9869 |   1896.9791 |   1896.9603 |   1896.9465 |   1897.0464 |   1897.0313 |   1896.8135 |   1896.8053 |   1897.0267 |   1897.0049 |   1896.8480 |   1897.0632 |   1897.0313 |   1897.2091 |   1897.2003 |   1897.2015 |   1897.0874 |   1897.1826 |   1897.1457 |   1897.0862 |   1897.2260 |   1896.8865 |   1896.8621 |   1896.8765 |   1897.2076 |   1896.9165 |   1896.8718 |   1896.8736 |   1897.0110 |   1897.0327 |   1896.9780 |   1897.2895 |   1896.9663 |   1897.2495 |   1897.1237 |   1896.9558 |   1897.2956 |   1896.8906 |   1896.8205 |   1896.9673 |   1896.9891 |   1896.9632 |   1897.0536 |   1896.9978 |   1897.1011 |   1896.9912 |   1897.0915 |   1897.0890 |   1897.1312 |   1896.9980 |   1897.1214 |   1897.2438 |   1897.0905 |   1897.0147 |   1897.1227 |   1897.2680 |   1897.2400 |   1897.2534 |   1897.1144 |   1897.1555 |   1897.1204 |   1896.8947 |   1897.1094 |   1896.9828 |   1896.8419 |   1897.2403 |   1896.9764 |   1897.2085 |   1897.0962 |   1897.1394 |   1897.1289 |   1896.9995 |   1896.9505 |   1897.2399 |   1897.0398 |   1896.9800 |   1897.2624 |
|          CPI         |     0.4488 |     0.4492 |     0.4492 |     0.4492 |     0.4492 |     0.4492 |     0.4492 |     0.4492 |     0.4491 |     0.4490 |      0.4491 |      0.4491 |      0.4490 |      0.4491 |      0.4491 |      0.4490 |      0.4490 |      0.4491 |      0.4491 |      0.4490 |      0.4491 |      0.4490 |      0.4491 |      0.4491 |      0.4491 |      0.4491 |      0.4491 |      0.4491 |      0.4492 |      0.4491 |      0.4491 |      0.4490 |      0.4489 |      0.4490 |      0.4490 |      0.4490 |      0.4490 |      0.4491 |      0.4490 |      0.4489 |      0.4491 |      0.4491 |      0.4490 |      0.4491 |      0.4490 |      0.4491 |      0.4491 |      0.4490 |      0.4490 |      0.4491 |      0.4491 |      0.4491 |      0.4491 |      0.4492 |      0.4491 |      0.4491 |      0.4491 |      0.4491 |      0.4491 |      0.4491 |      0.4490 |      0.4490 |      0.4491 |      0.4490 |      0.4491 |      0.4491 |      0.4491 |      0.4491 |      0.4490 |      0.4491 |      0.4490 |      0.4489 |      0.4490 |      0.4490 |      0.4490 |      0.4490 |      0.4490 |      0.4490 |      0.4490 |      0.4490 |      0.4492 |      0.4490 |      0.4491 |      0.4491 |      0.4491 |      0.4491 |      0.4491 |      0.4491 |      0.4493 |      0.4492 |      0.4492 |      0.4491 |      0.4491 |      0.4490 |      0.4491 |      0.4490 |
|     SP [MFLOP/s]     | 52950.0273 | 52950.6366 | 52949.9402 | 52960.9964 | 52960.8658 | 52953.0738 | 52954.0749 | 52953.9008 | 52961.1706 | 52960.6046 |  52953.2914 |  52953.5091 |  52959.8209 |  52955.7289 |  52953.2044 |  52958.8196 |  52954.7713 |  52952.3774 |  52951.0718 |  52959.9951 |  52959.9515 |  52959.9951 |  52951.3329 |  52954.1619 |  52952.5515 |  52945.5017 |  52952.2904 |  52953.7267 |  52945.4146 |  52953.5526 |  52952.4210 |  52952.5080 |  52954.1619 |  52952.4645 |  52952.1598 |  52957.0348 |  52957.3831 |  52945.9803 |  52954.7278 |  52960.2127 |  52953.5961 |  52957.0783 |  52959.8645 |  52955.9030 |  52954.8148 |  52947.5468 |  52944.5879 |  52957.2960 |  52960.7352 |  52957.5137 |  52954.5101 |  52952.7691 |  52959.0808 |  52953.7702 |  52952.8997 |  52955.9901 |  52952.2033 |  52960.1257 |  52953.6832 |  52950.6801 |  52955.3807 |  52959.6903 |  52944.0658 |  52953.9878 |  52954.9454 |  52959.7774 |  52960.2127 |  52960.0821 |  52956.5124 |  52959.8645 |  52954.9454 |  52950.5930 |  52944.6315 |  52957.2525 |  52959.9951 |  52953.8137 |  52960.1692 |  52958.3843 |  52944.0223 |  52944.6750 |  52954.0749 |  52960.0821 |  52957.2089 |  52959.9080 |  52955.5113 |  52957.7313 |  52956.4689 |  52955.3372 |  52944.5444 |  52959.9515 |  52957.4266 |  52959.9515 |  52960.0821 |  52956.4254 |  52955.4242 |  52960.0386 |
+----------------------+------------+------------+------------+------------+------------+------------+------------+------------+------------+------------+-------------+-------------+-------------+-------------+-------------+-------------+-------------+-------------+-------------+-------------+-------------+-------------+-------------+-------------+-------------+-------------+-------------+-------------+-------------+-------------+-------------+-------------+-------------+-------------+-------------+-------------+-------------+-------------+-------------+-------------+-------------+-------------+-------------+-------------+-------------+-------------+-------------+-------------+-------------+-------------+-------------+-------------+-------------+-------------+-------------+-------------+-------------+-------------+-------------+-------------+-------------+-------------+-------------+-------------+-------------+-------------+-------------+-------------+-------------+-------------+-------------+-------------+-------------+-------------+-------------+-------------+-------------+-------------+-------------+-------------+-------------+-------------+-------------+-------------+-------------+-------------+-------------+-------------+-------------+-------------+-------------+-------------+-------------+-------------+-------------+-------------+
+---------------------------+--------------+------------+------------+------------+
|           Metric          |      Sum     |     Min    |     Max    |     Avg    |
+---------------------------+--------------+------------+------------+------------+
|  Runtime (RDTSC) [s] STAT |     116.7929 |     1.2164 |     1.2168 |     1.2166 |
| Runtime unhalted [s] STAT |      92.5331 |     0.9637 |     0.9641 |     0.9639 |
|      Clock [MHz] STAT     |  182115.0277 |  1896.7766 |  1897.2956 |  1897.0315 |
|          CPI STAT         |      43.1109 |     0.4488 |     0.4493 |     0.4491 |
|     SP [MFLOP/s] STAT     | 5.083673e+06 | 52944.0223 | 52961.1706 | 52954.9295 |
+---------------------------+--------------+------------+------------+------------+
