--------------------------------------------------------------------------------
CPU name:	AMD EPYC 9654 96-Core Processor                
CPU type:	AMD K19 (Zen4) architecture
CPU clock:	2.40 GHz
--------------------------------------------------------------------------------
Region bench, Group 1: FLOPS_SP
+-------------------+------------+------------+------------+------------+------------+------------+------------+------------+------------+------------+-------------+-------------+-------------+-------------+-------------+-------------+-------------+-------------+-------------+-------------+-------------+-------------+-------------+-------------+-------------+-------------+-------------+-------------+-------------+-------------+-------------+-------------+-------------+-------------+-------------+-------------+-------------+-------------+-------------+-------------+-------------+-------------+-------------+-------------+-------------+-------------+-------------+-------------+-------------+-------------+-------------+-------------+-------------+-------------+-------------+-------------+-------------+-------------+-------------+-------------+-------------+-------------+-------------+-------------+-------------+-------------+-------------+-------------+-------------+-------------+-------------+-------------+-------------+-------------+-------------+-------------+-------------+-------------+-------------+-------------+-------------+-------------+-------------+-------------+-------------+-------------+-------------+-------------+-------------+-------------+-------------+-------------+-------------+-------------+-------------+-------------+-------------+-------------+-------------+-------------+--------------+--------------+--------------+--------------+--------------+--------------+--------------+--------------+--------------+--------------+--------------+--------------+--------------+--------------+--------------+--------------+--------------+--------------+--------------+--------------+--------------+--------------+--------------+--------------+--------------+--------------+--------------+--------------+--------------+--------------+--------------+--------------+--------------+--------------+--------------+--------------+--------------+--------------+--------------+--------------+--------------+--------------+--------------+--------------+--------------+--------------+--------------+--------------+--------------+--------------+--------------+--------------+--------------+--------------+--------------+--------------+--------------+--------------+--------------+--------------+--------------+--------------+--------------+--------------+--------------+--------------+--------------+--------------+--------------+--------------+--------------+--------------+--------------+--------------+--------------+--------------+--------------+--------------+--------------+--------------+--------------+--------------+--------------+--------------+--------------+--------------+--------------+--------------+--------------+--------------+--------------+--------------+
|    Region Info    | HWThread 0 | HWThread 1 | HWThread 2 | HWThread 3 | HWThread 4 | HWThread 5 | HWThread 6 | HWThread 7 | HWThread 8 | HWThread 9 | HWThread 10 | HWThread 11 | HWThread 12 | HWThread 13 | HWThread 14 | HWThread 15 | HWThread 16 | HWThread 17 | HWThread 18 | HWThread 19 | HWThread 20 | HWThread 21 | HWThread 22 | HWThread 23 | HWThread 24 | HWThread 25 | HWThread 26 | HWThread 27 | HWThread 28 | HWThread 29 | HWThread 30 | HWThread 31 | HWThread 32 | HWThread 33 | HWThread 34 | HWThread 35 | HWThread 36 | HWThread 37 | HWThread 38 | HWThread 39 | HWThread 40 | HWThread 41 | HWThread 42 | HWThread 43 | HWThread 44 | HWThread 45 | HWThread 46 | HWThread 47 | HWThread 48 | HWThread 49 | HWThread 50 | HWThread 51 | HWThread 52 | HWThread 53 | HWThread 54 | HWThread 55 | HWThread 56 | HWThread 57 | HWThread 58 | HWThread 59 | HWThread 60 | HWThread 61 | HWThread 62 | HWThread 63 | HWThread 64 | HWThread 65 | HWThread 66 | HWThread 67 | HWThread 68 | HWThread 69 | HWThread 70 | HWThread 71 | HWThread 72 | HWThread 73 | HWThread 74 | HWThread 75 | HWThread 76 | HWThread 77 | HWThread 78 | HWThread 79 | HWThread 80 | HWThread 81 | HWThread 82 | HWThread 83 | HWThread 84 | HWThread 85 | HWThread 86 | HWThread 87 | HWThread 88 | HWThread 89 | HWThread 90 | HWThread 91 | HWThread 92 | HWThread 93 | HWThread 94 | HWThread 95 | HWThread 96 | HWThread 97 | HWThread 98 | HWThread 99 | HWThread 100 | HWThread 101 | HWThread 102 | HWThread 103 | HWThread 104 | HWThread 105 | HWThread 106 | HWThread 107 | HWThread 108 | HWThread 109 | HWThread 110 | HWThread 111 | HWThread 112 | HWThread 113 | HWThread 114 | HWThread 115 | HWThread 116 | HWThread 117 | HWThread 118 | HWThread 119 | HWThread 120 | HWThread 121 | HWThread 122 | HWThread 123 | HWThread 124 | HWThread 125 | HWThread 126 | HWThread 127 | HWThread 128 | HWThread 129 | HWThread 130 | HWThread 131 | HWThread 132 | HWThread 133 | HWThread 134 | HWThread 135 | HWThread 136 | HWThread 137 | HWThread 138 | HWThread 139 | HWThread 140 | HWThread 141 | HWThread 142 | HWThread 143 | HWThread 144 | HWThread 145 | HWThread 146 | HWThread 147 | HWThread 148 | HWThread 149 | HWThread 150 | HWThread 151 | HWThread 152 | HWThread 153 | HWThread 154 | HWThread 155 | HWThread 156 | HWThread 157 | HWThread 158 | HWThread 159 | HWThread 160 | HWThread 161 | HWThread 162 | HWThread 163 | HWThread 164 | HWThread 165 | HWThread 166 | HWThread 167 | HWThread 168 | HWThread 169 | HWThread 170 | HWThread 171 | HWThread 172 | HWThread 173 | HWThread 174 | HWThread 175 | HWThread 176 | HWThread 177 | HWThread 178 | HWThread 179 | HWThread 180 | HWThread 181 | HWThread 182 | HWThread 183 | HWThread 184 | HWThread 185 | HWThread 186 | HWThread 187 | HWThread 188 | HWThread 189 | HWThread 190 | HWThread 191 |
+-------------------+------------+------------+------------+------------+------------+------------+------------+------------+------------+------------+-------------+-------------+-------------+-------------+-------------+-------------+-------------+-------------+-------------+-------------+-------------+-------------+-------------+-------------+-------------+-------------+-------------+-------------+-------------+-------------+-------------+-------------+-------------+-------------+-------------+-------------+-------------+-------------+-------------+-------------+-------------+-------------+-------------+-------------+-------------+-------------+-------------+-------------+-------------+-------------+-------------+-------------+-------------+-------------+-------------+-------------+-------------+-------------+-------------+-------------+-------------+-------------+-------------+-------------+-------------+-------------+-------------+-------------+-------------+-------------+-------------+-------------+-------------+-------------+-------------+-------------+-------------+-------------+-------------+-------------+-------------+-------------+-------------+-------------+-------------+-------------+-------------+-------------+-------------+-------------+-------------+-------------+-------------+-------------+-------------+-------------+-------------+-------------+-------------+-------------+--------------+--------------+--------------+--------------+--------------+--------------+--------------+--------------+--------------+--------------+--------------+--------------+--------------+--------------+--------------+--------------+--------------+--------------+--------------+--------------+--------------+--------------+--------------+--------------+--------------+--------------+--------------+--------------+--------------+--------------+--------------+--------------+--------------+--------------+--------------+--------------+--------------+--------------+--------------+--------------+--------------+--------------+--------------+--------------+--------------+--------------+--------------+--------------+--------------+--------------+--------------+--------------+--------------+--------------+--------------+--------------+--------------+--------------+--------------+--------------+--------------+--------------+--------------+--------------+--------------+--------------+--------------+--------------+--------------+--------------+--------------+--------------+--------------+--------------+--------------+--------------+--------------+--------------+--------------+--------------+--------------+--------------+--------------+--------------+--------------+--------------+--------------+--------------+--------------+--------------+--------------+--------------+
| RDTSC Runtime [s] |   1.213556 |   1.213269 |   1.213566 |   1.213584 |   1.213402 |   1.213565 |   1.213542 |   1.213265 |   1.213379 |   1.213957 |    1.213713 |    1.214110 |    1.213701 |    1.214076 |    1.213918 |    1.213387 |    1.213934 |    1.213641 |    1.213244 |    1.213620 |    1.213555 |    1.213643 |    1.213246 |    1.213245 |    1.213642 |    1.213641 |    1.214429 |    1.213576 |    1.214072 |    1.213578 |    1.213247 |    1.215789 |    1.213373 |    1.213713 |    1.213571 |    1.213475 |    1.213246 |    1.213377 |    1.213591 |    1.213572 |    1.213246 |    1.213637 |    1.213329 |    1.214070 |    1.213391 |    1.213414 |    1.213634 |    1.213711 |    1.213300 |    1.213641 |    1.213568 |    1.213338 |    1.213570 |    1.213659 |    1.213542 |    1.213547 |    1.213683 |    1.213659 |    1.213583 |    1.213275 |    1.213607 |    1.213559 |    1.213669 |    1.213276 |    1.213660 |    1.213694 |    1.213267 |    1.213672 |    1.213315 |    1.213568 |    1.213658 |    1.213583 |    1.213235 |    1.213270 |    1.213235 |    1.213269 |    1.213234 |    1.213267 |    1.213269 |    1.213235 |    1.214055 |    1.215993 |    1.213714 |    1.213543 |    1.213632 |    1.214417 |    1.213563 |    1.213387 |    1.213474 |    1.213250 |    1.213566 |    1.213350 |    1.213612 |    1.213579 |    1.214344 |    1.213681 |    1.213415 |    1.213587 |    1.213582 |    1.213611 |     1.213344 |     1.213277 |     1.213363 |     1.213607 |     1.213242 |     1.213553 |     1.213383 |     1.213242 |     1.213627 |     1.213629 |     1.213243 |     1.213688 |     1.213320 |     1.213319 |     1.213415 |     1.213415 |     1.213236 |     1.213367 |     1.213300 |     1.213559 |     1.213238 |     1.213661 |     1.213572 |     1.213713 |     1.213686 |     1.213572 |     1.213659 |     1.213699 |     1.213321 |     1.213407 |     1.213273 |     1.213405 |     1.213265 |     1.213272 |     1.213242 |     1.213406 |     1.213285 |     1.213937 |     1.213345 |     1.213375 |     1.213242 |     1.213615 |     1.213242 |     1.213391 |     1.213304 |     1.213276 |     1.213275 |     1.213275 |     1.213242 |     1.213240 |     1.213240 |     1.213240 |     1.213609 |     1.213899 |     1.213635 |     1.213947 |     1.213714 |     1.213713 |     1.213637 |     1.213270 |     1.214065 |     1.213630 |     1.213241 |     1.214056 |     1.213278 |     1.213545 |     1.213963 |     1.213240 |     1.213273 |     1.213660 |     1.213566 |     1.213612 |     1.213578 |     1.213543 |     1.213612 |     1.213238 |     1.213710 |     1.213264 |     1.213545 |     1.213273 |     1.213542 |     1.213543 |     1.213388 |     1.214056 |     1.213629 |     1.213277 |     1.214942 |     1.213280 |     1.213612 |     1.213553 |     1.213270 |     1.213551 |
|     call count    |          1 |          1 |          1 |          1 |          1 |          1 |          1 |          1 |          1 |          1 |           1 |           1 |           1 |           1 |           1 |           1 |           1 |           1 |           1 |           1 |           1 |           1 |           1 |           1 |           1 |           1 |           1 |           1 |           1 |           1 |           1 |           1 |           1 |           1 |           1 |           1 |           1 |           1 |           1 |           1 |           1 |           1 |           1 |           1 |           1 |           1 |           1 |           1 |           1 |           1 |           1 |           1 |           1 |           1 |           1 |           1 |           1 |           1 |           1 |           1 |           1 |           1 |           1 |           1 |           1 |           1 |           1 |           1 |           1 |           1 |           1 |           1 |           1 |           1 |           1 |           1 |           1 |           1 |           1 |           1 |           1 |           1 |           1 |           1 |           1 |           1 |           1 |           1 |           1 |           1 |           1 |           1 |           1 |           1 |           1 |           1 |           1 |           1 |           1 |           1 |            1 |            1 |            1 |            1 |            1 |            1 |            1 |            1 |            1 |            1 |            1 |            1 |            1 |            1 |            1 |            1 |            1 |            1 |            1 |            1 |            1 |            1 |            1 |            1 |            1 |            1 |            1 |            1 |            1 |            1 |            1 |            1 |            1 |            1 |            1 |            1 |            1 |            1 |            1 |            1 |            1 |            1 |            1 |            1 |            1 |            1 |            1 |            1 |            1 |            1 |            1 |            1 |            1 |            1 |            1 |            1 |            1 |            1 |            1 |            1 |            1 |            1 |            1 |            1 |            1 |            1 |            1 |            1 |            1 |            1 |            1 |            1 |            1 |            1 |            1 |            1 |            1 |            1 |            1 |            1 |            1 |            1 |            1 |            1 |            1 |            1 |            1 |            1 |            1 |            1 |            1 |            1 |
+-------------------+------------+------------+------------+------------+------------+------------+------------+------------+------------+------------+-------------+-------------+-------------+-------------+-------------+-------------+-------------+-------------+-------------+-------------+-------------+-------------+-------------+-------------+-------------+-------------+-------------+-------------+-------------+-------------+-------------+-------------+-------------+-------------+-------------+-------------+-------------+-------------+-------------+-------------+-------------+-------------+-------------+-------------+-------------+-------------+-------------+-------------+-------------+-------------+-------------+-------------+-------------+-------------+-------------+-------------+-------------+-------------+-------------+-------------+-------------+-------------+-------------+-------------+-------------+-------------+-------------+-------------+-------------+-------------+-------------+-------------+-------------+-------------+-------------+-------------+-------------+-------------+-------------+-------------+-------------+-------------+-------------+-------------+-------------+-------------+-------------+-------------+-------------+-------------+-------------+-------------+-------------+-------------+-------------+-------------+-------------+-------------+-------------+-------------+--------------+--------------+--------------+--------------+--------------+--------------+--------------+--------------+--------------+--------------+--------------+--------------+--------------+--------------+--------------+--------------+--------------+--------------+--------------+--------------+--------------+--------------+--------------+--------------+--------------+--------------+--------------+--------------+--------------+--------------+--------------+--------------+--------------+--------------+--------------+--------------+--------------+--------------+--------------+--------------+--------------+--------------+--------------+--------------+--------------+--------------+--------------+--------------+--------------+--------------+--------------+--------------+--------------+--------------+--------------+--------------+--------------+--------------+--------------+--------------+--------------+--------------+--------------+--------------+--------------+--------------+--------------+--------------+--------------+--------------+--------------+--------------+--------------+--------------+--------------+--------------+--------------+--------------+--------------+--------------+--------------+--------------+--------------+--------------+--------------+--------------+--------------+--------------+--------------+--------------+--------------+--------------+
+---------------------------+---------+-------------+-------------+-------------+-------------+-------------+-------------+-------------+-------------+-------------+-------------+-------------+-------------+-------------+-------------+-------------+-------------+-------------+-------------+-------------+-------------+-------------+-------------+-------------+-------------+-------------+-------------+-------------+-------------+-------------+-------------+-------------+-------------+-------------+-------------+-------------+-------------+-------------+-------------+-------------+-------------+-------------+-------------+-------------+-------------+-------------+-------------+-------------+-------------+-------------+-------------+-------------+-------------+-------------+-------------+-------------+-------------+-------------+-------------+-------------+-------------+-------------+-------------+-------------+-------------+-------------+-------------+-------------+-------------+-------------+-------------+-------------+-------------+-------------+-------------+-------------+-------------+-------------+-------------+-------------+-------------+-------------+-------------+-------------+-------------+-------------+-------------+-------------+-------------+-------------+-------------+-------------+-------------+-------------+-------------+-------------+-------------+-------------+-------------+-------------+-------------+--------------+--------------+--------------+--------------+--------------+--------------+--------------+--------------+--------------+--------------+--------------+--------------+--------------+--------------+--------------+--------------+--------------+--------------+--------------+--------------+--------------+--------------+--------------+--------------+--------------+--------------+--------------+--------------+--------------+--------------+--------------+--------------+--------------+--------------+--------------+--------------+--------------+--------------+--------------+--------------+--------------+--------------+--------------+--------------+--------------+--------------+--------------+--------------+--------------+--------------+--------------+--------------+--------------+--------------+--------------+--------------+--------------+--------------+--------------+--------------+--------------+--------------+--------------+--------------+--------------+--------------+--------------+--------------+--------------+--------------+--------------+--------------+--------------+--------------+--------------+--------------+--------------+--------------+--------------+--------------+--------------+--------------+--------------+--------------+--------------+--------------+--------------+--------------+--------------+--------------+--------------+--------------+
|           Event           | Counter |  HWThread 0 |  HWThread 1 |  HWThread 2 |  HWThread 3 |  HWThread 4 |  HWThread 5 |  HWThread 6 |  HWThread 7 |  HWThread 8 |  HWThread 9 | HWThread 10 | HWThread 11 | HWThread 12 | HWThread 13 | HWThread 14 | HWThread 15 | HWThread 16 | HWThread 17 | HWThread 18 | HWThread 19 | HWThread 20 | HWThread 21 | HWThread 22 | HWThread 23 | HWThread 24 | HWThread 25 | HWThread 26 | HWThread 27 | HWThread 28 | HWThread 29 | HWThread 30 | HWThread 31 | HWThread 32 | HWThread 33 | HWThread 34 | HWThread 35 | HWThread 36 | HWThread 37 | HWThread 38 | HWThread 39 | HWThread 40 | HWThread 41 | HWThread 42 | HWThread 43 | HWThread 44 | HWThread 45 | HWThread 46 | HWThread 47 | HWThread 48 | HWThread 49 | HWThread 50 | HWThread 51 | HWThread 52 | HWThread 53 | HWThread 54 | HWThread 55 | HWThread 56 | HWThread 57 | HWThread 58 | HWThread 59 | HWThread 60 | HWThread 61 | HWThread 62 | HWThread 63 | HWThread 64 | HWThread 65 | HWThread 66 | HWThread 67 | HWThread 68 | HWThread 69 | HWThread 70 | HWThread 71 | HWThread 72 | HWThread 73 | HWThread 74 | HWThread 75 | HWThread 76 | HWThread 77 | HWThread 78 | HWThread 79 | HWThread 80 | HWThread 81 | HWThread 82 | HWThread 83 | HWThread 84 | HWThread 85 | HWThread 86 | HWThread 87 | HWThread 88 | HWThread 89 | HWThread 90 | HWThread 91 | HWThread 92 | HWThread 93 | HWThread 94 | HWThread 95 | HWThread 96 | HWThread 97 | HWThread 98 | HWThread 99 | HWThread 100 | HWThread 101 | HWThread 102 | HWThread 103 | HWThread 104 | HWThread 105 | HWThread 106 | HWThread 107 | HWThread 108 | HWThread 109 | HWThread 110 | HWThread 111 | HWThread 112 | HWThread 113 | HWThread 114 | HWThread 115 | HWThread 116 | HWThread 117 | HWThread 118 | HWThread 119 | HWThread 120 | HWThread 121 | HWThread 122 | HWThread 123 | HWThread 124 | HWThread 125 | HWThread 126 | HWThread 127 | HWThread 128 | HWThread 129 | HWThread 130 | HWThread 131 | HWThread 132 | HWThread 133 | HWThread 134 | HWThread 135 | HWThread 136 | HWThread 137 | HWThread 138 | HWThread 139 | HWThread 140 | HWThread 141 | HWThread 142 | HWThread 143 | HWThread 144 | HWThread 145 | HWThread 146 | HWThread 147 | HWThread 148 | HWThread 149 | HWThread 150 | HWThread 151 | HWThread 152 | HWThread 153 | HWThread 154 | HWThread 155 | HWThread 156 | HWThread 157 | HWThread 158 | HWThread 159 | HWThread 160 | HWThread 161 | HWThread 162 | HWThread 163 | HWThread 164 | HWThread 165 | HWThread 166 | HWThread 167 | HWThread 168 | HWThread 169 | HWThread 170 | HWThread 171 | HWThread 172 | HWThread 173 | HWThread 174 | HWThread 175 | HWThread 176 | HWThread 177 | HWThread 178 | HWThread 179 | HWThread 180 | HWThread 181 | HWThread 182 | HWThread 183 | HWThread 184 | HWThread 185 | HWThread 186 | HWThread 187 | HWThread 188 | HWThread 189 | HWThread 190 | HWThread 191 |
+---------------------------+---------+-------------+-------------+-------------+-------------+-------------+-------------+-------------+-------------+-------------+-------------+-------------+-------------+-------------+-------------+-------------+-------------+-------------+-------------+-------------+-------------+-------------+-------------+-------------+-------------+-------------+-------------+-------------+-------------+-------------+-------------+-------------+-------------+-------------+-------------+-------------+-------------+-------------+-------------+-------------+-------------+-------------+-------------+-------------+-------------+-------------+-------------+-------------+-------------+-------------+-------------+-------------+-------------+-------------+-------------+-------------+-------------+-------------+-------------+-------------+-------------+-------------+-------------+-------------+-------------+-------------+-------------+-------------+-------------+-------------+-------------+-------------+-------------+-------------+-------------+-------------+-------------+-------------+-------------+-------------+-------------+-------------+-------------+-------------+-------------+-------------+-------------+-------------+-------------+-------------+-------------+-------------+-------------+-------------+-------------+-------------+-------------+-------------+-------------+-------------+-------------+--------------+--------------+--------------+--------------+--------------+--------------+--------------+--------------+--------------+--------------+--------------+--------------+--------------+--------------+--------------+--------------+--------------+--------------+--------------+--------------+--------------+--------------+--------------+--------------+--------------+--------------+--------------+--------------+--------------+--------------+--------------+--------------+--------------+--------------+--------------+--------------+--------------+--------------+--------------+--------------+--------------+--------------+--------------+--------------+--------------+--------------+--------------+--------------+--------------+--------------+--------------+--------------+--------------+--------------+--------------+--------------+--------------+--------------+--------------+--------------+--------------+--------------+--------------+--------------+--------------+--------------+--------------+--------------+--------------+--------------+--------------+--------------+--------------+--------------+--------------+--------------+--------------+--------------+--------------+--------------+--------------+--------------+--------------+--------------+--------------+--------------+--------------+--------------+--------------+--------------+--------------+--------------+
|      ACTUAL_CPU_CLOCK     |  FIXC1  |  2307321000 |  2305964000 |  2306912000 |  2306948000 |  2306516000 |  2307340000 |  2306934000 |  2305955000 |  2307594000 |  2308717000 |  2308715000 |  2308985000 |  2308752000 |  2309071000 |  2308989000 |  2307576000 |  2307370000 |  2307300000 |  2306244000 |  2308613000 |  2307637000 |  2307344000 |  2306546000 |  2306291000 |  2308692000 |  2308554000 |  2309124000 |  2308573000 |  2308991000 |  2308493000 |  2307544000 |  2309397000 |  2307977000 |  2308586000 |  2307711000 |  2306694000 |  2307566000 |  2306734000 |  2307762000 |  2308441000 |  2306629000 |  2307580000 |  2306633000 |  2308905000 |  2307631000 |  2306725000 |  2307021000 |  2306409000 |  2306774000 |  2308507000 |  2307630000 |  2307117000 |  2308554000 |  2307652000 |  2307309000 |  2308027000 |  2308686000 |  2308249000 |  2307210000 |  2306174000 |  2306870000 |  2308113000 |  2307341000 |  2306164000 |  2308492000 |  2306716000 |  2306022000 |  2307408000 |  2306245000 |  2306723000 |  2307299000 |  2307593000 |  2306615000 |  2306705000 |  2306671000 |  2307451000 |  2306608000 |  2306002000 |  2306645000 |  2307485000 |  2308862000 |  2309545000 |  2308757000 |  2307439000 |  2308541000 |  2308941000 |  2308378000 |  2307664000 |  2308579000 |  2307558000 |  2308530000 |  2307616000 |  2308638000 |  2308634000 |  2309074000 |  2308736000 |  2306464000 |  2307038000 |  2307765000 |  2307557000 |   2306018000 |   2306456000 |   2306107000 |   2308546000 |   2306534000 |   2307619000 |   2306586000 |   2306005000 |   2308699000 |   2307601000 |   2306484000 |   2308749000 |   2306328000 |   2306377000 |   2305987000 |   2306110000 |   2305910000 |   2306042000 |   2305852000 |   2307428000 |   2306173000 |   2308630000 |   2307221000 |   2306736000 |   2307445000 |   2306982000 |   2307794000 |   2307669000 |   2306474000 |   2307171000 |   2306528000 |   2306866000 |   2307389000 |   2306718000 |   2307205000 |   2306598000 |   2306660000 |   2308545000 |   2306174000 |   2306339000 |   2306175000 |   2307706000 |   2306159000 |   2306832000 |   2307533000 |   2306749000 |   2307440000 |   2306701000 |   2306468000 |   2306723000 |   2307270000 |   2306437000 |   2308701000 |   2307680000 |   2307837000 |   2307818000 |   2308095000 |   2307617000 |   2307867000 |   2306225000 |   2309020000 |   2308577000 |   2307289000 |   2309123000 |   2307593000 |   2308360000 |   2309020000 |   2307429000 |   2306279000 |   2308697000 |   2307207000 |   2308382000 |   2307295000 |   2308178000 |   2307380000 |   2306460000 |   2307552000 |   2305998000 |   2308723000 |   2306211000 |   2307692000 |   2307602000 |   2307397000 |   2307593000 |   2308441000 |   2306602000 |   2308212000 |   2306364000 |   2308407000 |   2307525000 |   2307622000 |   2308443000 |
|       MAX_CPU_CLOCK       |  FIXC2  |  2914499000 |  2912510000 |  2913350000 |  2913204000 |  2913670000 |  2914533000 |  2913234000 |  2912247000 |  2914941000 |  2916169000 |  2916101000 |  2916937000 |  2916213000 |  2916885000 |  2916938000 |  2914913000 |  2915468000 |  2915409000 |  2914259000 |  2916003000 |  2914368000 |  2915444000 |  2913994000 |  2914640000 |  2916173000 |  2915942000 |  2917438000 |  2915884000 |  2916772000 |  2915816000 |  2914850000 |  2917903000 |  2914224000 |  2915913000 |  2914852000 |  2913916000 |  2914956000 |  2913989000 |  2914997000 |  2915638000 |  2913819000 |  2914785000 |  2913834000 |  2916738000 |  2915058000 |  2913934000 |  2913668000 |  2913273000 |  2914059000 |  2915837000 |  2914713000 |  2914883000 |  2915819000 |  2914915000 |  2914438000 |  2914606000 |  2916077000 |  2916206000 |  2915208000 |  2914158000 |  2913061000 |  2915857000 |  2915446000 |  2914150000 |  2915937000 |  2912801000 |  2912613000 |  2915510000 |  2914291000 |  2912791000 |  2915426000 |  2914784000 |  2913807000 |  2913937000 |  2913896000 |  2914734000 |  2913809000 |  2912775000 |  2913842000 |  2914846000 |  2917074000 |  2918028000 |  2916273000 |  2914539000 |  2915928000 |  2917846000 |  2916148000 |  2915085000 |  2915922000 |  2914933000 |  2915823000 |  2915021000 |  2916057000 |  2916018000 |  2917365000 |  2916237000 |  2913052000 |  2913504000 |  2915002000 |  2914748000 |   2912880000 |   2912934000 |   2914076000 |   2915831000 |   2913694000 |   2915044000 |   2913781000 |   2913037000 |   2916162000 |   2914785000 |   2913605000 |   2916252000 |   2913429000 |   2913497000 |   2912217000 |   2913903000 |   2912213000 |   2913989000 |   2912040000 |   2914515000 |   2913455000 |   2916018000 |   2915165000 |   2914913000 |   2915536000 |   2913848000 |   2915103000 |   2914898000 |   2913649000 |   2914298000 |   2913712000 |   2914152000 |   2914720000 |   2913957000 |   2915019000 |   2913794000 |   2913870000 |   2915841000 |   2914169000 |   2914375000 |   2914160000 |   2914894000 |   2914110000 |   2914130000 |   2914943000 |   2913991000 |   2914743000 |   2913919000 |   2913611000 |   2913960000 |   2914489000 |   2913569000 |   2915572000 |   2916282000 |   2915178000 |   2915055000 |   2914695000 |   2914236000 |   2915220000 |   2914278000 |   2916688000 |   2915992000 |   2914588000 |   2916873000 |   2914977000 |   2915586000 |   2917025000 |   2914741000 |   2914308000 |   2916190000 |   2915112000 |   2915617000 |   2915273000 |   2915893000 |   2914673000 |   2913682000 |   2914878000 |   2912930000 |   2915358000 |   2914199000 |   2915042000 |   2915007000 |   2914665000 |   2916054000 |   2915722000 |   2913791000 |   2916449000 |   2914358000 |   2915649000 |   2914670000 |   2915047000 |   2915790000 |
|    RETIRED_INSTRUCTIONS   |   PMC0  |  5101922000 |  5103745000 |  5103742000 |  5103786000 |  5103750000 |  5103782000 |  5103743000 |  5103706000 |  5104309000 |  5104375000 |  5103834000 |  5104417000 |  5103909000 |  5103994000 |  5103870000 |  5103721000 |  5104028000 |  5103763000 |  5103616000 |  5103737000 |  5103690000 |  5103704000 |  5103507000 |  5103637000 |  5104714000 |  5104258000 |  5103118000 |  5103777000 |  5104042000 |  5103843000 |  5103657000 |  5104471000 |  5103717000 |  5103686000 |  5103554000 |  5103656000 |  5103702000 |  5103582000 |  5103721000 |  5103638000 |  5103721000 |  5103740000 |  5103624000 |  5103831000 |  5103327000 |  5103160000 |  5103309000 |  5103393000 |  5103910000 |  5103815000 |  5103802000 |  5103770000 |  5103917000 |  5103782000 |  5103782000 |  5103725000 |  5103924000 |  5103753000 |  5103685000 |  5103598000 |  5103871000 |  5103688000 |  5103695000 |  5103618000 |  5104042000 |  5103791000 |  5103676000 |  5103770000 |  5103252000 |  5103294000 |  5103169000 |  5103254000 |  5103761000 |  5103487000 |  5103563000 |  5103525000 |  5103656000 |  5103518000 |  5103548000 |  5102896000 |  5104077000 |  5104474000 |  5103732000 |  5103757000 |  5103748000 |  5104474000 |  5103645000 |  5103644000 |  5105536000 |  5104053000 |  5103782000 |  5103684000 |  5103360000 |  5103387000 |  5103631000 |  5103482000 |  5104266000 |  5104182000 |  5104198000 |  5104120000 |   5104339000 |   5104149000 |   5103772000 |   5104131000 |   5105264000 |   5104070000 |   5104032000 |   5103961000 |   5104246000 |   5104063000 |   5103925000 |   5104066000 |   5104092000 |   5103960000 |   5104124000 |   5104042000 |   5103771000 |   5103654000 |   5104143000 |   5103569000 |   5105514000 |   5104008000 |   5103963000 |   5104050000 |   5104130000 |   5104037000 |   5103894000 |   5103991000 |   5104128000 |   5103971000 |   5103867000 |   5103875000 |   5104123000 |   5103840000 |   5103864000 |   5103930000 |   5104217000 |   5104185000 |   5104002000 |   5103989000 |   5103783000 |   5103655000 |   5103587000 |   5103640000 |   5103994000 |   5103871000 |   5103845000 |   5103862000 |   5103863000 |   5103825000 |   5103821000 |   5103817000 |   5104304000 |   5104109000 |   5103981000 |   5104138000 |   5104173000 |   5103990000 |   5103916000 |   5103803000 |   5104243000 |   5104057000 |   5103862000 |   5104163000 |   5103674000 |   5103406000 |   5103797000 |   5103574000 |   5104076000 |   5104009000 |   5103961000 |   5103913000 |   5104150000 |   5103956000 |   5103706000 |   5103860000 |   5104214000 |   5103886000 |   5103993000 |   5103793000 |   5104125000 |   5103989000 |   5104035000 |   5104121000 |   5105647000 |   5103947000 |   5104424000 |   5103803000 |   5103956000 |   5103656000 |   5103108000 |   5103688000 |
|    CPU_CLOCKS_UNHALTED    |   PMC1  |  2282861000 |  2285530000 |  2285782000 |  2285879000 |  2285554000 |  2285673000 |  2285705000 |  2285283000 |  2285886000 |  2286787000 |  2286143000 |  2287017000 |  2286115000 |  2287040000 |  2286562000 |  2285523000 |  2286039000 |  2285671000 |  2284914000 |  2285564000 |  2284959000 |  2285427000 |  2284846000 |  2284998000 |  2286000000 |  2285980000 |  2287290000 |  2285813000 |  2286769000 |  2285790000 |  2285192000 |  2289720000 |  2284715000 |  2285476000 |  2285186000 |  2285064000 |  2284640000 |  2284805000 |  2285242000 |  2285050000 |  2284810000 |  2285399000 |  2284909000 |  2286120000 |  2284735000 |  2284686000 |  2284875000 |  2285216000 |  2285658000 |  2286059000 |  2285955000 |  2285648000 |  2285952000 |  2285875000 |  2285775000 |  2285706000 |  2285427000 |  2285618000 |  2285438000 |  2284745000 |  2285264000 |  2285234000 |  2285441000 |  2284999000 |  2285702000 |  2285760000 |  2285237000 |  2285651000 |  2284791000 |  2285048000 |  2285369000 |  2284994000 |  2284580000 |  2284314000 |  2284631000 |  2284397000 |  2284498000 |  2284401000 |  2284463000 |  2284638000 |  2286793000 |  2289782000 |  2285739000 |  2285630000 |  2285368000 |  2287299000 |  2285645000 |  2285243000 |  2285611000 |  2285140000 |  2285737000 |  2285268000 |  2285115000 |  2285080000 |  2286558000 |  2285382000 |  2287650000 |  2287982000 |  2287955000 |  2288076000 |   2287534000 |   2287634000 |   2284568000 |   2287890000 |   2286925000 |   2287431000 |   2287157000 |   2286856000 |   2287336000 |   2287372000 |   2286762000 |   2287476000 |   2287258000 |   2287469000 |   2287576000 |   2287290000 |   2286950000 |   2287042000 |   2286511000 |   2286640000 |   2286387000 |   2287261000 |   2286768000 |   2287333000 |   2286847000 |   2287163000 |   2287018000 |   2287088000 |   2286632000 |   2286805000 |   2286480000 |   2286762000 |   2286530000 |   2286246000 |   2286418000 |   2286603000 |   2286817000 |   2287996000 |   2287077000 |   2287003000 |   2286196000 |   2286495000 |   2286149000 |   2286446000 |   2286592000 |   2286279000 |   2286186000 |   2286273000 |   2286074000 |   2286239000 |   2286153000 |   2286125000 |   2286820000 |   2287562000 |   2287040000 |   2287683000 |   2286909000 |   2287029000 |   2286917000 |   2286175000 |   2288014000 |   2287305000 |   2286586000 |   2287954000 |   2285904000 |   2286781000 |   2287325000 |   2286331000 |   2286502000 |   2287076000 |   2286888000 |   2286983000 |   2286922000 |   2286883000 |   2286798000 |   2286307000 |   2287103000 |   2286469000 |   2286987000 |   2286322000 |   2286747000 |   2286813000 |   2286515000 |   2287646000 |   2287132000 |   2286699000 |   2289453000 |   2286557000 |   2286457000 |   2286661000 |   2285815000 |   2286858000 |
| RETIRED_SSE_AVX_FLOPS_ALL |   PMC2  | 64424510000 | 64424510000 | 64424510000 | 64424510000 | 64424510000 | 64424510000 | 64424510000 | 64424510000 | 64424510000 | 64424510000 | 64424510000 | 64424510000 | 64424510000 | 64424510000 | 64424510000 | 64424510000 | 64424510000 | 64424510000 | 64424510000 | 64424510000 | 64424510000 | 64424510000 | 64424510000 | 64424510000 | 64424510000 | 64424510000 | 64424510000 | 64424510000 | 64424510000 | 64424510000 | 64424510000 | 64424510000 | 64424510000 | 64424510000 | 64424510000 | 64424510000 | 64424510000 | 64424510000 | 64424510000 | 64424510000 | 64424510000 | 64424510000 | 64424510000 | 64424510000 | 64424510000 | 64424510000 | 64424510000 | 64424510000 | 64424510000 | 64424510000 | 64424510000 | 64424510000 | 64424510000 | 64424510000 | 64424510000 | 64424510000 | 64424510000 | 64424510000 | 64424510000 | 64424510000 | 64424510000 | 64424510000 | 64424510000 | 64424510000 | 64424510000 | 64424510000 | 64424510000 | 64424510000 | 64424510000 | 64424510000 | 64424510000 | 64424510000 | 64424510000 | 64424510000 | 64424510000 | 64424510000 | 64424510000 | 64424510000 | 64424510000 | 64424510000 | 64424510000 | 64424510000 | 64424510000 | 64424510000 | 64424510000 | 64424510000 | 64424510000 | 64424510000 | 64424510000 | 64424510000 | 64424510000 | 64424510000 | 64424510000 | 64424510000 | 64424510000 | 64424510000 | 64424510000 | 64424510000 | 64424510000 | 64424510000 |  64424510000 |  64424510000 |  64424510000 |  64424510000 |  64424510000 |  64424510000 |  64424510000 |  64424510000 |  64424510000 |  64424510000 |  64424510000 |  64424510000 |  64424510000 |  64424510000 |  64424510000 |  64424510000 |  64424510000 |  64424510000 |  64424510000 |  64424510000 |  64424510000 |  64424510000 |  64424510000 |  64424510000 |  64424510000 |  64424510000 |  64424510000 |  64424510000 |  64424510000 |  64424510000 |  64424510000 |  64424510000 |  64424510000 |  64424510000 |  64424510000 |  64424510000 |  64424510000 |  64424510000 |  64424510000 |  64424510000 |  64424510000 |  64424510000 |  64424510000 |  64424510000 |  64424510000 |  64424510000 |  64424510000 |  64424510000 |  64424510000 |  64424510000 |  64424510000 |  64424510000 |  64424510000 |  64424510000 |  64424510000 |  64424510000 |  64424510000 |  64424510000 |  64424510000 |  64424510000 |  64424510000 |  64424510000 |  64424510000 |  64424510000 |  64424510000 |  64424510000 |  64424510000 |  64424510000 |  64424510000 |  64424510000 |  64424510000 |  64424510000 |  64424510000 |  64424510000 |  64424510000 |  64424510000 |  64424510000 |  64424510000 |  64424510000 |  64424510000 |  64424510000 |  64424510000 |  64424510000 |  64424510000 |  64424510000 |  64424510000 |  64424510000 |  64424510000 |  64424510000 |  64424510000 |  64424510000 |  64424510000 |
|           MERGE           |   PMC3  |           0 |           0 |           0 |           0 |           0 |           0 |           0 |           0 |           0 |           0 |           0 |           0 |           0 |           0 |           0 |           0 |           0 |           0 |           0 |           0 |           0 |           0 |           0 |           0 |           0 |           0 |           0 |           0 |           0 |           0 |           0 |           0 |           0 |           0 |           0 |           0 |           0 |           0 |           0 |           0 |           0 |           0 |           0 |           0 |           0 |           0 |           0 |           0 |           0 |           0 |           0 |           0 |           0 |           0 |           0 |           0 |           0 |           0 |           0 |           0 |           0 |           0 |           0 |           0 |           0 |           0 |           0 |           0 |           0 |           0 |           0 |           0 |           0 |           0 |           0 |           0 |           0 |           0 |           0 |           0 |           0 |           0 |           0 |           0 |           0 |           0 |           0 |           0 |           0 |           0 |           0 |           0 |           0 |           0 |           0 |           0 |           0 |           0 |           0 |           0 |            0 |            0 |            0 |            0 |            0 |            0 |            0 |            0 |            0 |            0 |            0 |            0 |            0 |            0 |            0 |            0 |            0 |            0 |            0 |            0 |            0 |            0 |            0 |            0 |            0 |            0 |            0 |            0 |            0 |            0 |            0 |            0 |            0 |            0 |            0 |            0 |            0 |            0 |            0 |            0 |            0 |            0 |            0 |            0 |            0 |            0 |            0 |            0 |            0 |            0 |            0 |            0 |            0 |            0 |            0 |            0 |            0 |            0 |            0 |            0 |            0 |            0 |            0 |            0 |            0 |            0 |            0 |            0 |            0 |            0 |            0 |            0 |            0 |            0 |            0 |            0 |            0 |            0 |            0 |            0 |            0 |            0 |            0 |            0 |            0 |            0 |            0 |            0 |            0 |            0 |            0 |            0 |
+---------------------------+---------+-------------+-------------+-------------+-------------+-------------+-------------+-------------+-------------+-------------+-------------+-------------+-------------+-------------+-------------+-------------+-------------+-------------+-------------+-------------+-------------+-------------+-------------+-------------+-------------+-------------+-------------+-------------+-------------+-------------+-------------+-------------+-------------+-------------+-------------+-------------+-------------+-------------+-------------+-------------+-------------+-------------+-------------+-------------+-------------+-------------+-------------+-------------+-------------+-------------+-------------+-------------+-------------+-------------+-------------+-------------+-------------+-------------+-------------+-------------+-------------+-------------+-------------+-------------+-------------+-------------+-------------+-------------+-------------+-------------+-------------+-------------+-------------+-------------+-------------+-------------+-------------+-------------+-------------+-------------+-------------+-------------+-------------+-------------+-------------+-------------+-------------+-------------+-------------+-------------+-------------+-------------+-------------+-------------+-------------+-------------+-------------+-------------+-------------+-------------+-------------+--------------+--------------+--------------+--------------+--------------+--------------+--------------+--------------+--------------+--------------+--------------+--------------+--------------+--------------+--------------+--------------+--------------+--------------+--------------+--------------+--------------+--------------+--------------+--------------+--------------+--------------+--------------+--------------+--------------+--------------+--------------+--------------+--------------+--------------+--------------+--------------+--------------+--------------+--------------+--------------+--------------+--------------+--------------+--------------+--------------+--------------+--------------+--------------+--------------+--------------+--------------+--------------+--------------+--------------+--------------+--------------+--------------+--------------+--------------+--------------+--------------+--------------+--------------+--------------+--------------+--------------+--------------+--------------+--------------+--------------+--------------+--------------+--------------+--------------+--------------+--------------+--------------+--------------+--------------+--------------+--------------+--------------+--------------+--------------+--------------+--------------+--------------+--------------+--------------+--------------+--------------+--------------+
+--------------------------------+---------+----------------+-------------+-------------+--------------+
|              Event             | Counter |       Sum      |     Min     |     Max     |      Avg     |
+--------------------------------+---------+----------------+-------------+-------------+--------------+
|      ACTUAL_CPU_CLOCK STAT     |  FIXC1  |   443030840000 |  2305852000 |  2309545000 | 2.307452e+09 |
|       MAX_CPU_CLOCK STAT       |  FIXC2  |   559646374000 |  2912040000 |  2918028000 | 2.914825e+09 |
|    RETIRED_INSTRUCTIONS STAT   |   PMC0  |   979943017000 |  5101922000 |  5105647000 | 5.103870e+09 |
|    CPU_CLOCKS_UNHALTED STAT    |   PMC1  |   438954607000 |  2282861000 |  2289782000 | 2.286222e+09 |
| RETIRED_SSE_AVX_FLOPS_ALL STAT |   PMC2  | 12369505920000 | 64424510000 | 64424510000 |  64424510000 |
|           MERGE STAT           |   PMC3  |              0 |           0 |           0 |            0 |
+--------------------------------+---------+----------------+-------------+-------------+--------------+
+----------------------+------------+------------+------------+------------+------------+------------+------------+------------+------------+------------+-------------+-------------+-------------+-------------+-------------+-------------+-------------+-------------+-------------+-------------+-------------+-------------+-------------+-------------+-------------+-------------+-------------+-------------+-------------+-------------+-------------+-------------+-------------+-------------+-------------+-------------+-------------+-------------+-------------+-------------+-------------+-------------+-------------+-------------+-------------+-------------+-------------+-------------+-------------+-------------+-------------+-------------+-------------+-------------+-------------+-------------+-------------+-------------+-------------+-------------+-------------+-------------+-------------+-------------+-------------+-------------+-------------+-------------+-------------+-------------+-------------+-------------+-------------+-------------+-------------+-------------+-------------+-------------+-------------+-------------+-------------+-------------+-------------+-------------+-------------+-------------+-------------+-------------+-------------+-------------+-------------+-------------+-------------+-------------+-------------+-------------+-------------+-------------+-------------+-------------+--------------+--------------+--------------+--------------+--------------+--------------+--------------+--------------+--------------+--------------+--------------+--------------+--------------+--------------+--------------+--------------+--------------+--------------+--------------+--------------+--------------+--------------+--------------+--------------+--------------+--------------+--------------+--------------+--------------+--------------+--------------+--------------+--------------+--------------+--------------+--------------+--------------+--------------+--------------+--------------+--------------+--------------+--------------+--------------+--------------+--------------+--------------+--------------+--------------+--------------+--------------+--------------+--------------+--------------+--------------+--------------+--------------+--------------+--------------+--------------+--------------+--------------+--------------+--------------+--------------+--------------+--------------+--------------+--------------+--------------+--------------+--------------+--------------+--------------+--------------+--------------+--------------+--------------+--------------+--------------+--------------+--------------+--------------+--------------+--------------+--------------+--------------+--------------+--------------+--------------+--------------+--------------+
|        Metric        | HWThread 0 | HWThread 1 | HWThread 2 | HWThread 3 | HWThread 4 | HWThread 5 | HWThread 6 | HWThread 7 | HWThread 8 | HWThread 9 | HWThread 10 | HWThread 11 | HWThread 12 | HWThread 13 | HWThread 14 | HWThread 15 | HWThread 16 | HWThread 17 | HWThread 18 | HWThread 19 | HWThread 20 | HWThread 21 | HWThread 22 | HWThread 23 | HWThread 24 | HWThread 25 | HWThread 26 | HWThread 27 | HWThread 28 | HWThread 29 | HWThread 30 | HWThread 31 | HWThread 32 | HWThread 33 | HWThread 34 | HWThread 35 | HWThread 36 | HWThread 37 | HWThread 38 | HWThread 39 | HWThread 40 | HWThread 41 | HWThread 42 | HWThread 43 | HWThread 44 | HWThread 45 | HWThread 46 | HWThread 47 | HWThread 48 | HWThread 49 | HWThread 50 | HWThread 51 | HWThread 52 | HWThread 53 | HWThread 54 | HWThread 55 | HWThread 56 | HWThread 57 | HWThread 58 | HWThread 59 | HWThread 60 | HWThread 61 | HWThread 62 | HWThread 63 | HWThread 64 | HWThread 65 | HWThread 66 | HWThread 67 | HWThread 68 | HWThread 69 | HWThread 70 | HWThread 71 | HWThread 72 | HWThread 73 | HWThread 74 | HWThread 75 | HWThread 76 | HWThread 77 | HWThread 78 | HWThread 79 | HWThread 80 | HWThread 81 | HWThread 82 | HWThread 83 | HWThread 84 | HWThread 85 | HWThread 86 | HWThread 87 | HWThread 88 | HWThread 89 | HWThread 90 | HWThread 91 | HWThread 92 | HWThread 93 | HWThread 94 | HWThread 95 | HWThread 96 | HWThread 97 | HWThread 98 | HWThread 99 | HWThread 100 | HWThread 101 | HWThread 102 | HWThread 103 | HWThread 104 | HWThread 105 | HWThread 106 | HWThread 107 | HWThread 108 | HWThread 109 | HWThread 110 | HWThread 111 | HWThread 112 | HWThread 113 | HWThread 114 | HWThread 115 | HWThread 116 | HWThread 117 | HWThread 118 | HWThread 119 | HWThread 120 | HWThread 121 | HWThread 122 | HWThread 123 | HWThread 124 | HWThread 125 | HWThread 126 | HWThread 127 | HWThread 128 | HWThread 129 | HWThread 130 | HWThread 131 | HWThread 132 | HWThread 133 | HWThread 134 | HWThread 135 | HWThread 136 | HWThread 137 | HWThread 138 | HWThread 139 | HWThread 140 | HWThread 141 | HWThread 142 | HWThread 143 | HWThread 144 | HWThread 145 | HWThread 146 | HWThread 147 | HWThread 148 | HWThread 149 | HWThread 150 | HWThread 151 | HWThread 152 | HWThread 153 | HWThread 154 | HWThread 155 | HWThread 156 | HWThread 157 | HWThread 158 | HWThread 159 | HWThread 160 | HWThread 161 | HWThread 162 | HWThread 163 | HWThread 164 | HWThread 165 | HWThread 166 | HWThread 167 | HWThread 168 | HWThread 169 | HWThread 170 | HWThread 171 | HWThread 172 | HWThread 173 | HWThread 174 | HWThread 175 | HWThread 176 | HWThread 177 | HWThread 178 | HWThread 179 | HWThread 180 | HWThread 181 | HWThread 182 | HWThread 183 | HWThread 184 | HWThread 185 | HWThread 186 | HWThread 187 | HWThread 188 | HWThread 189 | HWThread 190 | HWThread 191 |
+----------------------+------------+------------+------------+------------+------------+------------+------------+------------+------------+------------+-------------+-------------+-------------+-------------+-------------+-------------+-------------+-------------+-------------+-------------+-------------+-------------+-------------+-------------+-------------+-------------+-------------+-------------+-------------+-------------+-------------+-------------+-------------+-------------+-------------+-------------+-------------+-------------+-------------+-------------+-------------+-------------+-------------+-------------+-------------+-------------+-------------+-------------+-------------+-------------+-------------+-------------+-------------+-------------+-------------+-------------+-------------+-------------+-------------+-------------+-------------+-------------+-------------+-------------+-------------+-------------+-------------+-------------+-------------+-------------+-------------+-------------+-------------+-------------+-------------+-------------+-------------+-------------+-------------+-------------+-------------+-------------+-------------+-------------+-------------+-------------+-------------+-------------+-------------+-------------+-------------+-------------+-------------+-------------+-------------+-------------+-------------+-------------+-------------+-------------+--------------+--------------+--------------+--------------+--------------+--------------+--------------+--------------+--------------+--------------+--------------+--------------+--------------+--------------+--------------+--------------+--------------+--------------+--------------+--------------+--------------+--------------+--------------+--------------+--------------+--------------+--------------+--------------+--------------+--------------+--------------+--------------+--------------+--------------+--------------+--------------+--------------+--------------+--------------+--------------+--------------+--------------+--------------+--------------+--------------+--------------+--------------+--------------+--------------+--------------+--------------+--------------+--------------+--------------+--------------+--------------+--------------+--------------+--------------+--------------+--------------+--------------+--------------+--------------+--------------+--------------+--------------+--------------+--------------+--------------+--------------+--------------+--------------+--------------+--------------+--------------+--------------+--------------+--------------+--------------+--------------+--------------+--------------+--------------+--------------+--------------+--------------+--------------+--------------+--------------+--------------+--------------+
|  Runtime (RDTSC) [s] |     1.2136 |     1.2133 |     1.2136 |     1.2136 |     1.2134 |     1.2136 |     1.2135 |     1.2133 |     1.2134 |     1.2140 |      1.2137 |      1.2141 |      1.2137 |      1.2141 |      1.2139 |      1.2134 |      1.2139 |      1.2136 |      1.2132 |      1.2136 |      1.2136 |      1.2136 |      1.2132 |      1.2132 |      1.2136 |      1.2136 |      1.2144 |      1.2136 |      1.2141 |      1.2136 |      1.2132 |      1.2158 |      1.2134 |      1.2137 |      1.2136 |      1.2135 |      1.2132 |      1.2134 |      1.2136 |      1.2136 |      1.2132 |      1.2136 |      1.2133 |      1.2141 |      1.2134 |      1.2134 |      1.2136 |      1.2137 |      1.2133 |      1.2136 |      1.2136 |      1.2133 |      1.2136 |      1.2137 |      1.2135 |      1.2135 |      1.2137 |      1.2137 |      1.2136 |      1.2133 |      1.2136 |      1.2136 |      1.2137 |      1.2133 |      1.2137 |      1.2137 |      1.2133 |      1.2137 |      1.2133 |      1.2136 |      1.2137 |      1.2136 |      1.2132 |      1.2133 |      1.2132 |      1.2133 |      1.2132 |      1.2133 |      1.2133 |      1.2132 |      1.2141 |      1.2160 |      1.2137 |      1.2135 |      1.2136 |      1.2144 |      1.2136 |      1.2134 |      1.2135 |      1.2132 |      1.2136 |      1.2133 |      1.2136 |      1.2136 |      1.2143 |      1.2137 |      1.2134 |      1.2136 |      1.2136 |      1.2136 |       1.2133 |       1.2133 |       1.2134 |       1.2136 |       1.2132 |       1.2136 |       1.2134 |       1.2132 |       1.2136 |       1.2136 |       1.2132 |       1.2137 |       1.2133 |       1.2133 |       1.2134 |       1.2134 |       1.2132 |       1.2134 |       1.2133 |       1.2136 |       1.2132 |       1.2137 |       1.2136 |       1.2137 |       1.2137 |       1.2136 |       1.2137 |       1.2137 |       1.2133 |       1.2134 |       1.2133 |       1.2134 |       1.2133 |       1.2133 |       1.2132 |       1.2134 |       1.2133 |       1.2139 |       1.2133 |       1.2134 |       1.2132 |       1.2136 |       1.2132 |       1.2134 |       1.2133 |       1.2133 |       1.2133 |       1.2133 |       1.2132 |       1.2132 |       1.2132 |       1.2132 |       1.2136 |       1.2139 |       1.2136 |       1.2139 |       1.2137 |       1.2137 |       1.2136 |       1.2133 |       1.2141 |       1.2136 |       1.2132 |       1.2141 |       1.2133 |       1.2135 |       1.2140 |       1.2132 |       1.2133 |       1.2137 |       1.2136 |       1.2136 |       1.2136 |       1.2135 |       1.2136 |       1.2132 |       1.2137 |       1.2133 |       1.2135 |       1.2133 |       1.2135 |       1.2135 |       1.2134 |       1.2141 |       1.2136 |       1.2133 |       1.2149 |       1.2133 |       1.2136 |       1.2136 |       1.2133 |       1.2136 |
| Runtime unhalted [s] |     0.9632 |     0.9626 |     0.9630 |     0.9630 |     0.9629 |     0.9632 |     0.9630 |     0.9626 |     0.9633 |     0.9638 |      0.9638 |      0.9639 |      0.9638 |      0.9639 |      0.9639 |      0.9633 |      0.9632 |      0.9632 |      0.9627 |      0.9637 |      0.9633 |      0.9632 |      0.9629 |      0.9628 |      0.9638 |      0.9637 |      0.9639 |      0.9637 |      0.9639 |      0.9637 |      0.9633 |      0.9641 |      0.9635 |      0.9637 |      0.9634 |      0.9629 |      0.9633 |      0.9630 |      0.9634 |      0.9637 |      0.9629 |      0.9633 |      0.9629 |      0.9639 |      0.9633 |      0.9629 |      0.9631 |      0.9628 |      0.9630 |      0.9637 |      0.9633 |      0.9631 |      0.9637 |      0.9633 |      0.9632 |      0.9635 |      0.9638 |      0.9636 |      0.9632 |      0.9627 |      0.9630 |      0.9635 |      0.9632 |      0.9627 |      0.9637 |      0.9629 |      0.9627 |      0.9632 |      0.9627 |      0.9629 |      0.9632 |      0.9633 |      0.9629 |      0.9629 |      0.9629 |      0.9633 |      0.9629 |      0.9626 |      0.9629 |      0.9633 |      0.9638 |      0.9641 |      0.9638 |      0.9632 |      0.9637 |      0.9639 |      0.9636 |      0.9633 |      0.9637 |      0.9633 |      0.9637 |      0.9633 |      0.9637 |      0.9637 |      0.9639 |      0.9638 |      0.9628 |      0.9631 |      0.9634 |      0.9633 |       0.9627 |       0.9628 |       0.9627 |       0.9637 |       0.9629 |       0.9633 |       0.9629 |       0.9626 |       0.9638 |       0.9633 |       0.9628 |       0.9638 |       0.9628 |       0.9628 |       0.9626 |       0.9627 |       0.9626 |       0.9627 |       0.9626 |       0.9632 |       0.9627 |       0.9637 |       0.9632 |       0.9630 |       0.9632 |       0.9631 |       0.9634 |       0.9633 |       0.9628 |       0.9631 |       0.9629 |       0.9630 |       0.9632 |       0.9629 |       0.9631 |       0.9629 |       0.9629 |       0.9637 |       0.9627 |       0.9628 |       0.9627 |       0.9634 |       0.9627 |       0.9630 |       0.9633 |       0.9630 |       0.9632 |       0.9629 |       0.9628 |       0.9629 |       0.9632 |       0.9628 |       0.9638 |       0.9633 |       0.9634 |       0.9634 |       0.9635 |       0.9633 |       0.9634 |       0.9627 |       0.9639 |       0.9637 |       0.9632 |       0.9639 |       0.9633 |       0.9636 |       0.9639 |       0.9632 |       0.9628 |       0.9638 |       0.9631 |       0.9636 |       0.9632 |       0.9636 |       0.9632 |       0.9628 |       0.9633 |       0.9626 |       0.9638 |       0.9627 |       0.9634 |       0.9633 |       0.9632 |       0.9633 |       0.9637 |       0.9629 |       0.9636 |       0.9628 |       0.9637 |       0.9633 |       0.9633 |       0.9637 |
|      Clock [MHz]     |  1896.4308 |  1896.6098 |  1896.8424 |  1896.9671 |  1896.3085 |  1896.4243 |  1896.9361 |  1896.7737 |  1896.3676 |  1896.4915 |   1896.5341 |   1896.2123 |   1896.4917 |   1896.3167 |   1896.2149 |   1896.3710 |   1895.8408 |   1895.8216 |   1895.7017 |   1896.5140 |   1896.7758 |   1895.8350 |   1896.1224 |   1895.4925 |   1896.4684 |   1896.5052 |   1896.0008 |   1896.5586 |   1896.3245 |   1896.5371 |   1896.3857 |   1895.9228 |   1897.1490 |   1896.5504 |   1896.5216 |   1896.2948 |   1896.3348 |   1896.2802 |   1896.4692 |   1896.6101 |   1896.3045 |   1896.4576 |   1896.2980 |   1896.2760 |   1896.3219 |   1896.3086 |   1896.7250 |   1896.4790 |   1896.2675 |   1896.5349 |   1896.5455 |   1896.0133 |   1896.5853 |   1896.4322 |   1896.4606 |   1896.9414 |   1896.5259 |   1896.0830 |   1895.8784 |   1895.7099 |   1896.9961 |   1896.1982 |   1895.8312 |   1895.7068 |   1896.4576 |   1897.0388 |   1896.5904 |   1895.8447 |   1895.6817 |   1897.0510 |   1895.8097 |   1896.4689 |   1896.3008 |   1896.2902 |   1896.2889 |   1896.3847 |   1896.2937 |   1896.4685 |   1896.3027 |   1896.3398 |   1896.0222 |   1895.9630 |   1896.4567 |   1896.5018 |   1896.5037 |   1895.5854 |   1896.2267 |   1896.3314 |   1896.5388 |   1896.3432 |   1896.5629 |   1896.3336 |   1896.4995 |   1896.5215 |   1896.0072 |   1896.4629 |   1896.6681 |   1896.8458 |   1896.4684 |   1896.4628 |    1896.4133 |    1896.7383 |    1895.7081 |    1896.5709 |    1896.3077 |    1896.3211 |    1896.2939 |    1896.3004 |    1896.4813 |    1896.4748 |    1896.3245 |    1896.4638 |    1896.3108 |    1896.3069 |    1896.8195 |    1895.8231 |    1896.7588 |    1895.7113 |    1896.8238 |    1896.5083 |    1896.1665 |    1896.5183 |    1895.9154 |    1895.6807 |    1895.8582 |    1896.5758 |    1896.4266 |    1896.4572 |    1896.2877 |    1896.4383 |    1896.2911 |    1896.2826 |    1896.3429 |    1896.2878 |    1895.9972 |    1896.2953 |    1896.2968 |    1896.5635 |    1895.7027 |    1895.7043 |    1895.7094 |    1896.4902 |    1895.7288 |    1896.2690 |    1896.3162 |    1896.2912 |    1896.3698 |    1896.2986 |    1896.3075 |    1896.2900 |    1896.3954 |    1896.3093 |    1896.8667 |    1895.5662 |    1896.4131 |    1896.4775 |    1896.9394 |    1896.8453 |    1896.4104 |    1895.6737 |    1896.4029 |    1896.4916 |    1896.3466 |    1896.3672 |    1896.3434 |    1896.5774 |    1896.1838 |    1896.3621 |    1895.6986 |    1896.4614 |    1895.9383 |    1896.5753 |    1895.9059 |    1896.2282 |    1896.3661 |    1896.2547 |    1896.3741 |    1896.3643 |    1897.0240 |    1895.7136 |    1896.3824 |    1896.3312 |    1896.3853 |    1895.6430 |    1896.5555 |    1896.3005 |    1895.8946 |    1895.7359 |    1896.5751 |    1896.4872 |    1896.3216 |    1896.5129 |
|          CPI         |     0.4475 |     0.4478 |     0.4479 |     0.4479 |     0.4478 |     0.4478 |     0.4478 |     0.4478 |     0.4478 |     0.4480 |      0.4479 |      0.4480 |      0.4479 |      0.4481 |      0.4480 |      0.4478 |      0.4479 |      0.4478 |      0.4477 |      0.4478 |      0.4477 |      0.4478 |      0.4477 |      0.4477 |      0.4478 |      0.4479 |      0.4482 |      0.4479 |      0.4480 |      0.4479 |      0.4478 |      0.4486 |      0.4477 |      0.4478 |      0.4478 |      0.4477 |      0.4476 |      0.4477 |      0.4478 |      0.4477 |      0.4477 |      0.4478 |      0.4477 |      0.4479 |      0.4477 |      0.4477 |      0.4477 |      0.4478 |      0.4478 |      0.4479 |      0.4479 |      0.4478 |      0.4479 |      0.4479 |      0.4479 |      0.4479 |      0.4478 |      0.4478 |      0.4478 |      0.4477 |      0.4478 |      0.4478 |      0.4478 |      0.4477 |      0.4478 |      0.4479 |      0.4478 |      0.4478 |      0.4477 |      0.4478 |      0.4478 |      0.4478 |      0.4476 |      0.4476 |      0.4477 |      0.4476 |      0.4476 |      0.4476 |      0.4476 |      0.4477 |      0.4480 |      0.4486 |      0.4479 |      0.4478 |      0.4478 |      0.4481 |      0.4478 |      0.4478 |      0.4477 |      0.4477 |      0.4479 |      0.4478 |      0.4478 |      0.4478 |      0.4480 |      0.4478 |      0.4482 |      0.4483 |      0.4482 |      0.4483 |       0.4482 |       0.4482 |       0.4476 |       0.4482 |       0.4480 |       0.4482 |       0.4481 |       0.4481 |       0.4481 |       0.4481 |       0.4480 |       0.4482 |       0.4481 |       0.4482 |       0.4482 |       0.4481 |       0.4481 |       0.4481 |       0.4480 |       0.4480 |       0.4478 |       0.4481 |       0.4480 |       0.4481 |       0.4480 |       0.4481 |       0.4481 |       0.4481 |       0.4480 |       0.4480 |       0.4480 |       0.4480 |       0.4480 |       0.4479 |       0.4480 |       0.4480 |       0.4480 |       0.4483 |       0.4481 |       0.4481 |       0.4479 |       0.4480 |       0.4479 |       0.4480 |       0.4480 |       0.4479 |       0.4479 |       0.4479 |       0.4479 |       0.4479 |       0.4479 |       0.4479 |       0.4480 |       0.4482 |       0.4481 |       0.4482 |       0.4480 |       0.4481 |       0.4481 |       0.4479 |       0.4483 |       0.4481 |       0.4480 |       0.4483 |       0.4479 |       0.4481 |       0.4482 |       0.4480 |       0.4480 |       0.4481 |       0.4481 |       0.4481 |       0.4481 |       0.4481 |       0.4481 |       0.4480 |       0.4481 |       0.4480 |       0.4481 |       0.4480 |       0.4480 |       0.4480 |       0.4480 |       0.4482 |       0.4480 |       0.4480 |       0.4485 |       0.4480 |       0.4480 |       0.4480 |       0.4479 |       0.4481 |
|     SP [MFLOP/s]     | 53087.3812 | 53099.9391 | 53086.9438 | 53086.1564 | 53094.1188 | 53086.9875 | 53087.9937 | 53100.1142 | 53095.1253 | 53069.8451 |  53080.5141 |  53063.1574 |  53081.0389 |  53064.6434 |  53071.5501 |  53094.7752 |  53070.8506 |  53083.6631 |  53101.0333 |  53084.5817 |  53087.4250 |  53083.5756 |  53100.9457 |  53100.9895 |  53083.6194 |  53083.6631 |  53049.2190 |  53086.5063 |  53064.8182 |  53086.4188 |  53100.9020 |  52989.8774 |  53095.3878 |  53080.5141 |  53086.7250 |  53090.9248 |  53100.9457 |  53095.2128 |  53085.8502 |  53086.6813 |  53100.9457 |  53083.8381 |  53097.3133 |  53064.9056 |  53094.6002 |  53093.5938 |  53083.9693 |  53080.6016 |  53098.5824 |  53083.6631 |  53086.8563 |  53096.9194 |  53086.7688 |  53082.8758 |  53087.9937 |  53087.7749 |  53081.8261 |  53082.8758 |  53086.2001 |  53099.6765 |  53085.1503 |  53087.2500 |  53082.4385 |  53099.6327 |  53082.8321 |  53081.3451 |  53100.0266 |  53082.3072 |  53097.9259 |  53086.8563 |  53082.9196 |  53086.2001 |  53101.4272 |  53099.8953 |  53101.4272 |  53099.9391 |  53101.4709 |  53100.0266 |  53099.9391 |  53101.4272 |  53065.5613 |  52980.9876 |  53080.4704 |  53087.9499 |  53084.0568 |  53049.7432 |  53087.0750 |  53094.7752 |  53090.9686 |  53100.7707 |  53086.9438 |  53096.3943 |  53084.9316 |  53086.3751 |  53052.9323 |  53081.9136 |  53093.5500 |  53086.0251 |  53086.2439 |  53084.9753 |   53096.6568 |   53099.5890 |   53095.8254 |   53085.1503 |   53101.1208 |   53087.5125 |   53094.9502 |   53101.1208 |   53084.2755 |   53084.1880 |   53101.0770 |   53081.6075 |   53097.7071 |   53097.7509 |   53093.5500 |   53093.5500 |   53101.3834 |   53095.6504 |   53098.5824 |   53087.2500 |   53101.2959 |   53082.7884 |   53086.6813 |   53080.5141 |   53081.6949 |   53086.6813 |   53082.8758 |   53081.1264 |   53097.6634 |   53093.9001 |   53099.7640 |   53093.9876 |   53100.1142 |   53099.8078 |   53101.1208 |   53093.9438 |   53099.2388 |   53070.7195 |   53096.6131 |   53095.3003 |   53101.1208 |   53084.8004 |   53101.1208 |   53094.6002 |   53098.4073 |   53099.6327 |   53099.6765 |   53099.6765 |   53101.1208 |   53101.2083 |   53101.2083 |   53101.2083 |   53085.0628 |   53072.3808 |   53083.9256 |   53070.2823 |   53080.4704 |   53080.5141 |   53083.8381 |   53099.8953 |   53065.1242 |   53084.1443 |   53101.1646 |   53065.5176 |   53099.5452 |   53087.8624 |   53069.5828 |   53101.2083 |   53099.7640 |   53082.8321 |   53086.9438 |   53084.9316 |   53086.4188 |   53087.9499 |   53084.9316 |   53101.2959 |   53080.6453 |   53100.1579 |   53087.8624 |   53099.7640 |   53087.9937 |   53087.9499 |   53094.7314 |   53065.5176 |   53084.1880 |   53099.5890 |   53026.8194 |   53099.4577 |   53084.9316 |   53087.5125 |   53099.8953 |   53087.5999 |
+----------------------+------------+------------+------------+------------+------------+------------+------------+------------+------------+------------+-------------+-------------+-------------+-------------+-------------+-------------+-------------+-------------+-------------+-------------+-------------+-------------+-------------+-------------+-------------+-------------+-------------+-------------+-------------+-------------+-------------+-------------+-------------+-------------+-------------+-------------+-------------+-------------+-------------+-------------+-------------+-------------+-------------+-------------+-------------+-------------+-------------+-------------+-------------+-------------+-------------+-------------+-------------+-------------+-------------+-------------+-------------+-------------+-------------+-------------+-------------+-------------+-------------+-------------+-------------+-------------+-------------+-------------+-------------+-------------+-------------+-------------+-------------+-------------+-------------+-------------+-------------+-------------+-------------+-------------+-------------+-------------+-------------+-------------+-------------+-------------+-------------+-------------+-------------+-------------+-------------+-------------+-------------+-------------+-------------+-------------+-------------+-------------+-------------+-------------+--------------+--------------+--------------+--------------+--------------+--------------+--------------+--------------+--------------+--------------+--------------+--------------+--------------+--------------+--------------+--------------+--------------+--------------+--------------+--------------+--------------+--------------+--------------+--------------+--------------+--------------+--------------+--------------+--------------+--------------+--------------+--------------+--------------+--------------+--------------+--------------+--------------+--------------+--------------+--------------+--------------+--------------+--------------+--------------+--------------+--------------+--------------+--------------+--------------+--------------+--------------+--------------+--------------+--------------+--------------+--------------+--------------+--------------+--------------+--------------+--------------+--------------+--------------+--------------+--------------+--------------+--------------+--------------+--------------+--------------+--------------+--------------+--------------+--------------+--------------+--------------+--------------+--------------+--------------+--------------+--------------+--------------+--------------+--------------+--------------+--------------+--------------+--------------+--------------+--------------+--------------+--------------+
+---------------------------+--------------+------------+------------+------------+
|           Metric          |      Sum     |     Min    |     Max    |     Avg    |
+---------------------------+--------------+------------+------------+------------+
|  Runtime (RDTSC) [s] STAT |     233.0015 |     1.2132 |     1.2160 |     1.2135 |
| Runtime unhalted [s] STAT |     184.9432 |     0.9626 |     0.9641 |     0.9632 |
|      Clock [MHz] STAT     |  364094.7299 |  1895.4925 |  1897.1490 |  1896.3267 |
|          CPI STAT         |      86.0043 |     0.4475 |     0.4486 |     0.4479 |
|     SP [MFLOP/s] STAT     | 1.019282e+07 | 52980.9876 | 53101.4709 | 53087.6239 |
+---------------------------+--------------+------------+------------+------------+
