--------------------------------------------------------------------------------
CPU name:	AMD EPYC 9654 96-Core Processor                
CPU type:	AMD K19 (Zen4) architecture
CPU clock:	2.40 GHz
--------------------------------------------------------------------------------
Region bench, Group 1: FLOPS_SP
+-------------------+------------+------------+------------+------------+------------+------------+------------+------------+------------+------------+-------------+-------------+-------------+-------------+-------------+-------------+-------------+-------------+-------------+-------------+-------------+-------------+-------------+-------------+-------------+-------------+-------------+-------------+-------------+-------------+-------------+-------------+-------------+-------------+-------------+-------------+-------------+-------------+-------------+-------------+-------------+-------------+-------------+-------------+-------------+-------------+-------------+-------------+-------------+-------------+-------------+-------------+-------------+-------------+-------------+-------------+-------------+-------------+-------------+-------------+-------------+-------------+-------------+-------------+-------------+-------------+-------------+-------------+-------------+-------------+-------------+-------------+-------------+-------------+-------------+-------------+-------------+-------------+-------------+-------------+-------------+-------------+-------------+-------------+-------------+-------------+-------------+-------------+-------------+-------------+-------------+-------------+-------------+-------------+-------------+-------------+
|    Region Info    | HWThread 0 | HWThread 1 | HWThread 2 | HWThread 3 | HWThread 4 | HWThread 5 | HWThread 6 | HWThread 7 | HWThread 8 | HWThread 9 | HWThread 10 | HWThread 11 | HWThread 12 | HWThread 13 | HWThread 14 | HWThread 15 | HWThread 16 | HWThread 17 | HWThread 18 | HWThread 19 | HWThread 20 | HWThread 21 | HWThread 22 | HWThread 23 | HWThread 24 | HWThread 25 | HWThread 26 | HWThread 27 | HWThread 28 | HWThread 29 | HWThread 30 | HWThread 31 | HWThread 32 | HWThread 33 | HWThread 34 | HWThread 35 | HWThread 36 | HWThread 37 | HWThread 38 | HWThread 39 | HWThread 40 | HWThread 41 | HWThread 42 | HWThread 43 | HWThread 44 | HWThread 45 | HWThread 46 | HWThread 47 | HWThread 48 | HWThread 49 | HWThread 50 | HWThread 51 | HWThread 52 | HWThread 53 | HWThread 54 | HWThread 55 | HWThread 56 | HWThread 57 | HWThread 58 | HWThread 59 | HWThread 60 | HWThread 61 | HWThread 62 | HWThread 63 | HWThread 64 | HWThread 65 | HWThread 66 | HWThread 67 | HWThread 68 | HWThread 69 | HWThread 70 | HWThread 71 | HWThread 72 | HWThread 73 | HWThread 74 | HWThread 75 | HWThread 76 | HWThread 77 | HWThread 78 | HWThread 79 | HWThread 80 | HWThread 81 | HWThread 82 | HWThread 83 | HWThread 84 | HWThread 85 | HWThread 86 | HWThread 87 | HWThread 88 | HWThread 89 | HWThread 90 | HWThread 91 | HWThread 92 | HWThread 93 | HWThread 94 | HWThread 95 |
+-------------------+------------+------------+------------+------------+------------+------------+------------+------------+------------+------------+-------------+-------------+-------------+-------------+-------------+-------------+-------------+-------------+-------------+-------------+-------------+-------------+-------------+-------------+-------------+-------------+-------------+-------------+-------------+-------------+-------------+-------------+-------------+-------------+-------------+-------------+-------------+-------------+-------------+-------------+-------------+-------------+-------------+-------------+-------------+-------------+-------------+-------------+-------------+-------------+-------------+-------------+-------------+-------------+-------------+-------------+-------------+-------------+-------------+-------------+-------------+-------------+-------------+-------------+-------------+-------------+-------------+-------------+-------------+-------------+-------------+-------------+-------------+-------------+-------------+-------------+-------------+-------------+-------------+-------------+-------------+-------------+-------------+-------------+-------------+-------------+-------------+-------------+-------------+-------------+-------------+-------------+-------------+-------------+-------------+-------------+
| RDTSC Runtime [s] |   1.213902 |   1.213900 |   1.213943 |   1.214110 |   1.214099 |   1.213953 |   1.214020 |   1.214175 |   1.213951 |   1.213905 |    1.213977 |    1.213977 |    1.213978 |    1.214124 |    1.213943 |    1.213977 |    1.214021 |    1.214037 |    1.213876 |    1.214110 |    1.213904 |    1.213898 |    1.213975 |    1.213902 |    1.213948 |    1.213950 |    1.214003 |    1.214093 |    1.214130 |    1.213883 |    1.213943 |    1.213954 |    1.213981 |    1.214094 |    1.214208 |    1.214001 |    1.214007 |    1.213982 |    1.214009 |    1.213980 |    1.213901 |    1.213904 |    1.214076 |    1.213975 |    1.213841 |    1.213897 |    1.213866 |    1.214002 |    1.214094 |    1.213905 |    1.214080 |    1.213900 |    1.213882 |    1.213979 |    1.213977 |    1.213884 |    1.214179 |    1.213882 |    1.214178 |    1.214110 |    1.214028 |    1.213953 |    1.214000 |    1.213955 |    1.213907 |    1.214001 |    1.214080 |    1.213900 |    1.213905 |    1.214004 |    1.214096 |    1.213881 |    1.213905 |    1.213952 |    1.213904 |    1.213905 |    1.214176 |    1.213954 |    1.214139 |    1.213902 |    1.214097 |    1.213949 |    1.214180 |    1.213903 |    1.213902 |    1.214094 |    1.213901 |    1.213943 |    1.213881 |    1.214232 |    1.213881 |    1.213965 |    1.213947 |    1.214178 |    1.213955 |    1.214091 |
|     call count    |          1 |          1 |          1 |          1 |          1 |          1 |          1 |          1 |          1 |          1 |           1 |           1 |           1 |           1 |           1 |           1 |           1 |           1 |           1 |           1 |           1 |           1 |           1 |           1 |           1 |           1 |           1 |           1 |           1 |           1 |           1 |           1 |           1 |           1 |           1 |           1 |           1 |           1 |           1 |           1 |           1 |           1 |           1 |           1 |           1 |           1 |           1 |           1 |           1 |           1 |           1 |           1 |           1 |           1 |           1 |           1 |           1 |           1 |           1 |           1 |           1 |           1 |           1 |           1 |           1 |           1 |           1 |           1 |           1 |           1 |           1 |           1 |           1 |           1 |           1 |           1 |           1 |           1 |           1 |           1 |           1 |           1 |           1 |           1 |           1 |           1 |           1 |           1 |           1 |           1 |           1 |           1 |           1 |           1 |           1 |           1 |
+-------------------+------------+------------+------------+------------+------------+------------+------------+------------+------------+------------+-------------+-------------+-------------+-------------+-------------+-------------+-------------+-------------+-------------+-------------+-------------+-------------+-------------+-------------+-------------+-------------+-------------+-------------+-------------+-------------+-------------+-------------+-------------+-------------+-------------+-------------+-------------+-------------+-------------+-------------+-------------+-------------+-------------+-------------+-------------+-------------+-------------+-------------+-------------+-------------+-------------+-------------+-------------+-------------+-------------+-------------+-------------+-------------+-------------+-------------+-------------+-------------+-------------+-------------+-------------+-------------+-------------+-------------+-------------+-------------+-------------+-------------+-------------+-------------+-------------+-------------+-------------+-------------+-------------+-------------+-------------+-------------+-------------+-------------+-------------+-------------+-------------+-------------+-------------+-------------+-------------+-------------+-------------+-------------+-------------+-------------+
+---------------------------+---------+-------------+-------------+-------------+-------------+-------------+-------------+-------------+-------------+-------------+-------------+-------------+-------------+-------------+-------------+-------------+-------------+-------------+-------------+-------------+-------------+-------------+-------------+-------------+-------------+-------------+-------------+-------------+-------------+-------------+-------------+-------------+-------------+-------------+-------------+-------------+-------------+-------------+-------------+-------------+-------------+-------------+-------------+-------------+-------------+-------------+-------------+-------------+-------------+-------------+-------------+-------------+-------------+-------------+-------------+-------------+-------------+-------------+-------------+-------------+-------------+-------------+-------------+-------------+-------------+-------------+-------------+-------------+-------------+-------------+-------------+-------------+-------------+-------------+-------------+-------------+-------------+-------------+-------------+-------------+-------------+-------------+-------------+-------------+-------------+-------------+-------------+-------------+-------------+-------------+-------------+-------------+-------------+-------------+-------------+-------------+-------------+
|           Event           | Counter |  HWThread 0 |  HWThread 1 |  HWThread 2 |  HWThread 3 |  HWThread 4 |  HWThread 5 |  HWThread 6 |  HWThread 7 |  HWThread 8 |  HWThread 9 | HWThread 10 | HWThread 11 | HWThread 12 | HWThread 13 | HWThread 14 | HWThread 15 | HWThread 16 | HWThread 17 | HWThread 18 | HWThread 19 | HWThread 20 | HWThread 21 | HWThread 22 | HWThread 23 | HWThread 24 | HWThread 25 | HWThread 26 | HWThread 27 | HWThread 28 | HWThread 29 | HWThread 30 | HWThread 31 | HWThread 32 | HWThread 33 | HWThread 34 | HWThread 35 | HWThread 36 | HWThread 37 | HWThread 38 | HWThread 39 | HWThread 40 | HWThread 41 | HWThread 42 | HWThread 43 | HWThread 44 | HWThread 45 | HWThread 46 | HWThread 47 | HWThread 48 | HWThread 49 | HWThread 50 | HWThread 51 | HWThread 52 | HWThread 53 | HWThread 54 | HWThread 55 | HWThread 56 | HWThread 57 | HWThread 58 | HWThread 59 | HWThread 60 | HWThread 61 | HWThread 62 | HWThread 63 | HWThread 64 | HWThread 65 | HWThread 66 | HWThread 67 | HWThread 68 | HWThread 69 | HWThread 70 | HWThread 71 | HWThread 72 | HWThread 73 | HWThread 74 | HWThread 75 | HWThread 76 | HWThread 77 | HWThread 78 | HWThread 79 | HWThread 80 | HWThread 81 | HWThread 82 | HWThread 83 | HWThread 84 | HWThread 85 | HWThread 86 | HWThread 87 | HWThread 88 | HWThread 89 | HWThread 90 | HWThread 91 | HWThread 92 | HWThread 93 | HWThread 94 | HWThread 95 |
+---------------------------+---------+-------------+-------------+-------------+-------------+-------------+-------------+-------------+-------------+-------------+-------------+-------------+-------------+-------------+-------------+-------------+-------------+-------------+-------------+-------------+-------------+-------------+-------------+-------------+-------------+-------------+-------------+-------------+-------------+-------------+-------------+-------------+-------------+-------------+-------------+-------------+-------------+-------------+-------------+-------------+-------------+-------------+-------------+-------------+-------------+-------------+-------------+-------------+-------------+-------------+-------------+-------------+-------------+-------------+-------------+-------------+-------------+-------------+-------------+-------------+-------------+-------------+-------------+-------------+-------------+-------------+-------------+-------------+-------------+-------------+-------------+-------------+-------------+-------------+-------------+-------------+-------------+-------------+-------------+-------------+-------------+-------------+-------------+-------------+-------------+-------------+-------------+-------------+-------------+-------------+-------------+-------------+-------------+-------------+-------------+-------------+-------------+
|      ACTUAL_CPU_CLOCK     |  FIXC1  |  2304611000 |  2304798000 |  2305011000 |  2304902000 |  2304940000 |  2304804000 |  2304875000 |  2304913000 |  2304712000 |  2304705000 |  2305004000 |  2305033000 |  2304758000 |  2305003000 |  2305025000 |  2304693000 |  2305025000 |  2304894000 |  2304747000 |  2304807000 |  2304826000 |  2304799000 |  2305018000 |  2304954000 |  2304835000 |  2304804000 |  2304902000 |  2305039000 |  2305143000 |  2304963000 |  2304797000 |  2304818000 |  2305040000 |  2304830000 |  2305601000 |  2305071000 |  2305007000 |  2305264000 |  2304908000 |  2304932000 |  2304918000 |  2304974000 |  2304866000 |  2304812000 |  2304203000 |  2304850000 |  2304178000 |  2304957000 |  2305563000 |  2304967000 |  2305057000 |  2304675000 |  2304791000 |  2304737000 |  2304947000 |  2305187000 |  2305229000 |  2304836000 |  2305256000 |  2305013000 |  2304992000 |  2304881000 |  2305249000 |  2304978000 |  2305209000 |  2304987000 |  2305229000 |  2304982000 |  2305009000 |  2305242000 |  2305035000 |  2305020000 |  2305230000 |  2305328000 |  2305228000 |  2305220000 |  2305620000 |  2305321000 |  2305270000 |  2305320000 |  2305059000 |  2305279000 |  2305671000 |  2305181000 |  2305204000 |  2305260000 |  2305161000 |  2305209000 |  2305215000 |  2305410000 |  2305180000 |  2304908000 |  2304852000 |  2305584000 |  2305127000 |  2305612000 |
|       MAX_CPU_CLOCK       |  FIXC2  |  2910654000 |  2911211000 |  2911683000 |  2911263000 |  2911135000 |  2911518000 |  2911302000 |  2911153000 |  2911231000 |  2910970000 |  2911852000 |  2911888000 |  2911685000 |  2911710000 |  2911929000 |  2911183000 |  2911872000 |  2911594000 |  2911307000 |  2911751000 |  2911373000 |  2911344000 |  2911856000 |  2911602000 |  2911534000 |  2911582000 |  2911649000 |  2911709000 |  2911758000 |  2911626000 |  2911257000 |  2911527000 |  2911719000 |  2911597000 |  2912349000 |  2911760000 |  2911696000 |  2911858000 |  2911614000 |  2911614000 |  2911455000 |  2911333000 |  2911640000 |  2911291000 |  2910648000 |  2911570000 |  2910684000 |  2911413000 |  2912169000 |  2911313000 |  2911754000 |  2911044000 |  2911345000 |  2911407000 |  2911556000 |  2911446000 |  2911856000 |  2911236000 |  2912102000 |  2911695000 |  2911412000 |  2911653000 |  2912148000 |  2911624000 |  2911786000 |  2911641000 |  2911731000 |  2911460000 |  2911332000 |  2911831000 |  2911724000 |  2911456000 |  2911746000 |  2912064000 |  2911702000 |  2911750000 |  2912513000 |  2912055000 |  2912120000 |  2912053000 |  2911749000 |  2911988000 |  2912127000 |  2911669000 |  2911632000 |  2912052000 |  2911754000 |  2911633000 |  2911796000 |  2912113000 |  2911584000 |  2911615000 |  2911543000 |  2912229000 |  2911713000 |  2912059000 |
|    RETIRED_INSTRUCTIONS   |   PMC0  |  5101921000 |  5104215000 |  5104081000 |  5104323000 |  5104359000 |  5104244000 |  5104252000 |  5104271000 |  5104211000 |  5104121000 |  5104182000 |  5104119000 |  5104246000 |  5104158000 |  5104262000 |  5104080000 |  5104236000 |  5104170000 |  5104139000 |  5104159000 |  5104314000 |  5104147000 |  5104093000 |  5104111000 |  5104199000 |  5104641000 |  5104016000 |  5104100000 |  5104169000 |  5104085000 |  5104097000 |  5104087000 |  5104387000 |  5104107000 |  5103950000 |  5104115000 |  5104247000 |  5104052000 |  5104069000 |  5104055000 |  5104182000 |  5104115000 |  5104174000 |  5104154000 |  5103755000 |  5103858000 |  5103943000 |  5103674000 |  5104268000 |  5104180000 |  5103978000 |  5104049000 |  5104294000 |  5104178000 |  5104085000 |  5104131000 |  5104350000 |  5104095000 |  5104172000 |  5104090000 |  5104261000 |  5104106000 |  5104085000 |  5104265000 |  5105457000 |  5104643000 |  5104054000 |  5104332000 |  5104715000 |  5104176000 |  5103783000 |  5103706000 |  5103934000 |  5104135000 |  5104018000 |  5104104000 |  5104282000 |  5104040000 |  5104994000 |  5103568000 |  5105728000 |  5104254000 |  5104065000 |  5104136000 |  5104452000 |  5104202000 |  5104145000 |  5104123000 |  5104277000 |  5104155000 |  5104098000 |  5104045000 |  5103889000 |  5103481000 |  5103786000 |  5104045000 |
|    CPU_CLOCKS_UNHALTED    |   PMC1  |  2285857000 |  2288231000 |  2287939000 |  2288578000 |  2288240000 |  2288401000 |  2288347000 |  2288556000 |  2287624000 |  2287675000 |  2287876000 |  2287839000 |  2287672000 |  2287968000 |  2287638000 |  2287620000 |  2288122000 |  2287947000 |  2287822000 |  2288178000 |  2287836000 |  2287755000 |  2287819000 |  2287745000 |  2287625000 |  2287687000 |  2287599000 |  2287856000 |  2287873000 |  2287510000 |  2287499000 |  2287542000 |  2287530000 |  2287542000 |  2287392000 |  2287634000 |  2287566000 |  2287442000 |  2287432000 |  2287429000 |  2287596000 |  2287635000 |  2287840000 |  2287893000 |  2287266000 |  2287282000 |  2287017000 |  2287218000 |  2288357000 |  2287912000 |  2287650000 |  2287801000 |  2287743000 |  2287948000 |  2287933000 |  2287810000 |  2288066000 |  2287480000 |  2287852000 |  2287732000 |  2287588000 |  2287540000 |  2287354000 |  2287278000 |  2288002000 |  2288019000 |  2288101000 |  2287617000 |  2287602000 |  2287494000 |  2287341000 |  2286844000 |  2286478000 |  2287549000 |  2287176000 |  2287326000 |  2287836000 |  2287308000 |  2287705000 |  2286675000 |  2288434000 |  2287670000 |  2288305000 |  2288098000 |  2287721000 |  2288045000 |  2287821000 |  2287821000 |  2287734000 |  2287716000 |  2287613000 |  2287301000 |  2287270000 |  2287469000 |  2287445000 |  2287778000 |
| RETIRED_SSE_AVX_FLOPS_ALL |   PMC2  | 64424510000 | 64424510000 | 64424510000 | 64424510000 | 64424510000 | 64424510000 | 64424510000 | 64424510000 | 64424510000 | 64424510000 | 64424510000 | 64424510000 | 64424510000 | 64424510000 | 64424510000 | 64424510000 | 64424510000 | 64424510000 | 64424510000 | 64424510000 | 64424510000 | 64424510000 | 64424510000 | 64424510000 | 64424510000 | 64424510000 | 64424510000 | 64424510000 | 64424510000 | 64424510000 | 64424510000 | 64424510000 | 64424510000 | 64424510000 | 64424510000 | 64424510000 | 64424510000 | 64424510000 | 64424510000 | 64424510000 | 64424510000 | 64424510000 | 64424510000 | 64424510000 | 64424510000 | 64424510000 | 64424510000 | 64424510000 | 64424510000 | 64424510000 | 64424510000 | 64424510000 | 64424510000 | 64424510000 | 64424510000 | 64424510000 | 64424510000 | 64424510000 | 64424510000 | 64424510000 | 64424510000 | 64424510000 | 64424510000 | 64424510000 | 64424510000 | 64424510000 | 64424510000 | 64424510000 | 64424510000 | 64424510000 | 64424510000 | 64424510000 | 64424510000 | 64424510000 | 64424510000 | 64424510000 | 64424510000 | 64424510000 | 64424510000 | 64424510000 | 64424510000 | 64424510000 | 64424510000 | 64424510000 | 64424510000 | 64424510000 | 64424510000 | 64424510000 | 64424510000 | 64424510000 | 64424510000 | 64424510000 | 64424510000 | 64424510000 | 64424510000 | 64424510000 |
|           MERGE           |   PMC3  |           0 |           0 |           0 |           0 |           0 |           0 |           0 |           0 |           0 |           0 |           0 |           0 |           0 |           0 |           0 |           0 |           0 |           0 |           0 |           0 |           0 |           0 |           0 |           0 |           0 |           0 |           0 |           0 |           0 |           0 |           0 |           0 |           0 |           0 |           0 |           0 |           0 |           0 |           0 |           0 |           0 |           0 |           0 |           0 |           0 |           0 |           0 |           0 |           0 |           0 |           0 |           0 |           0 |           0 |           0 |           0 |           0 |           0 |           0 |           0 |           0 |           0 |           0 |           0 |           0 |           0 |           0 |           0 |           0 |           0 |           0 |           0 |           0 |           0 |           0 |           0 |           0 |           0 |           0 |           0 |           0 |           0 |           0 |           0 |           0 |           0 |           0 |           0 |           0 |           0 |           0 |           0 |           0 |           0 |           0 |           0 |
+---------------------------+---------+-------------+-------------+-------------+-------------+-------------+-------------+-------------+-------------+-------------+-------------+-------------+-------------+-------------+-------------+-------------+-------------+-------------+-------------+-------------+-------------+-------------+-------------+-------------+-------------+-------------+-------------+-------------+-------------+-------------+-------------+-------------+-------------+-------------+-------------+-------------+-------------+-------------+-------------+-------------+-------------+-------------+-------------+-------------+-------------+-------------+-------------+-------------+-------------+-------------+-------------+-------------+-------------+-------------+-------------+-------------+-------------+-------------+-------------+-------------+-------------+-------------+-------------+-------------+-------------+-------------+-------------+-------------+-------------+-------------+-------------+-------------+-------------+-------------+-------------+-------------+-------------+-------------+-------------+-------------+-------------+-------------+-------------+-------------+-------------+-------------+-------------+-------------+-------------+-------------+-------------+-------------+-------------+-------------+-------------+-------------+-------------+
+--------------------------------+---------+---------------+-------------+-------------+--------------+
|              Event             | Counter |      Sum      |     Min     |     Max     |      Avg     |
+--------------------------------+---------+---------------+-------------+-------------+--------------+
|      ACTUAL_CPU_CLOCK STAT     |  FIXC1  |  221282089000 |  2304178000 |  2305671000 | 2.305022e+09 |
|       MAX_CPU_CLOCK STAT       |  FIXC2  |  279515929000 |  2910648000 |  2912513000 | 2.911624e+09 |
|    RETIRED_INSTRUCTIONS STAT   |   PMC0  |  489998054000 |  5101921000 |  5105728000 | 5.104146e+09 |
|    CPU_CLOCKS_UNHALTED STAT    |   PMC1  |  219617548000 |  2285857000 |  2288578000 | 2.287683e+09 |
| RETIRED_SSE_AVX_FLOPS_ALL STAT |   PMC2  | 6184752960000 | 64424510000 | 64424510000 |  64424510000 |
|           MERGE STAT           |   PMC3  |             0 |           0 |           0 |            0 |
+--------------------------------+---------+---------------+-------------+-------------+--------------+
+----------------------+------------+------------+------------+------------+------------+------------+------------+------------+------------+------------+-------------+-------------+-------------+-------------+-------------+-------------+-------------+-------------+-------------+-------------+-------------+-------------+-------------+-------------+-------------+-------------+-------------+-------------+-------------+-------------+-------------+-------------+-------------+-------------+-------------+-------------+-------------+-------------+-------------+-------------+-------------+-------------+-------------+-------------+-------------+-------------+-------------+-------------+-------------+-------------+-------------+-------------+-------------+-------------+-------------+-------------+-------------+-------------+-------------+-------------+-------------+-------------+-------------+-------------+-------------+-------------+-------------+-------------+-------------+-------------+-------------+-------------+-------------+-------------+-------------+-------------+-------------+-------------+-------------+-------------+-------------+-------------+-------------+-------------+-------------+-------------+-------------+-------------+-------------+-------------+-------------+-------------+-------------+-------------+-------------+-------------+
|        Metric        | HWThread 0 | HWThread 1 | HWThread 2 | HWThread 3 | HWThread 4 | HWThread 5 | HWThread 6 | HWThread 7 | HWThread 8 | HWThread 9 | HWThread 10 | HWThread 11 | HWThread 12 | HWThread 13 | HWThread 14 | HWThread 15 | HWThread 16 | HWThread 17 | HWThread 18 | HWThread 19 | HWThread 20 | HWThread 21 | HWThread 22 | HWThread 23 | HWThread 24 | HWThread 25 | HWThread 26 | HWThread 27 | HWThread 28 | HWThread 29 | HWThread 30 | HWThread 31 | HWThread 32 | HWThread 33 | HWThread 34 | HWThread 35 | HWThread 36 | HWThread 37 | HWThread 38 | HWThread 39 | HWThread 40 | HWThread 41 | HWThread 42 | HWThread 43 | HWThread 44 | HWThread 45 | HWThread 46 | HWThread 47 | HWThread 48 | HWThread 49 | HWThread 50 | HWThread 51 | HWThread 52 | HWThread 53 | HWThread 54 | HWThread 55 | HWThread 56 | HWThread 57 | HWThread 58 | HWThread 59 | HWThread 60 | HWThread 61 | HWThread 62 | HWThread 63 | HWThread 64 | HWThread 65 | HWThread 66 | HWThread 67 | HWThread 68 | HWThread 69 | HWThread 70 | HWThread 71 | HWThread 72 | HWThread 73 | HWThread 74 | HWThread 75 | HWThread 76 | HWThread 77 | HWThread 78 | HWThread 79 | HWThread 80 | HWThread 81 | HWThread 82 | HWThread 83 | HWThread 84 | HWThread 85 | HWThread 86 | HWThread 87 | HWThread 88 | HWThread 89 | HWThread 90 | HWThread 91 | HWThread 92 | HWThread 93 | HWThread 94 | HWThread 95 |
+----------------------+------------+------------+------------+------------+------------+------------+------------+------------+------------+------------+-------------+-------------+-------------+-------------+-------------+-------------+-------------+-------------+-------------+-------------+-------------+-------------+-------------+-------------+-------------+-------------+-------------+-------------+-------------+-------------+-------------+-------------+-------------+-------------+-------------+-------------+-------------+-------------+-------------+-------------+-------------+-------------+-------------+-------------+-------------+-------------+-------------+-------------+-------------+-------------+-------------+-------------+-------------+-------------+-------------+-------------+-------------+-------------+-------------+-------------+-------------+-------------+-------------+-------------+-------------+-------------+-------------+-------------+-------------+-------------+-------------+-------------+-------------+-------------+-------------+-------------+-------------+-------------+-------------+-------------+-------------+-------------+-------------+-------------+-------------+-------------+-------------+-------------+-------------+-------------+-------------+-------------+-------------+-------------+-------------+-------------+
|  Runtime (RDTSC) [s] |     1.2139 |     1.2139 |     1.2139 |     1.2141 |     1.2141 |     1.2140 |     1.2140 |     1.2142 |     1.2140 |     1.2139 |      1.2140 |      1.2140 |      1.2140 |      1.2141 |      1.2139 |      1.2140 |      1.2140 |      1.2140 |      1.2139 |      1.2141 |      1.2139 |      1.2139 |      1.2140 |      1.2139 |      1.2139 |      1.2140 |      1.2140 |      1.2141 |      1.2141 |      1.2139 |      1.2139 |      1.2140 |      1.2140 |      1.2141 |      1.2142 |      1.2140 |      1.2140 |      1.2140 |      1.2140 |      1.2140 |      1.2139 |      1.2139 |      1.2141 |      1.2140 |      1.2138 |      1.2139 |      1.2139 |      1.2140 |      1.2141 |      1.2139 |      1.2141 |      1.2139 |      1.2139 |      1.2140 |      1.2140 |      1.2139 |      1.2142 |      1.2139 |      1.2142 |      1.2141 |      1.2140 |      1.2140 |      1.2140 |      1.2140 |      1.2139 |      1.2140 |      1.2141 |      1.2139 |      1.2139 |      1.2140 |      1.2141 |      1.2139 |      1.2139 |      1.2140 |      1.2139 |      1.2139 |      1.2142 |      1.2140 |      1.2141 |      1.2139 |      1.2141 |      1.2139 |      1.2142 |      1.2139 |      1.2139 |      1.2141 |      1.2139 |      1.2139 |      1.2139 |      1.2142 |      1.2139 |      1.2140 |      1.2139 |      1.2142 |      1.2140 |      1.2141 |
| Runtime unhalted [s] |     0.9617 |     0.9618 |     0.9619 |     0.9618 |     0.9618 |     0.9618 |     0.9618 |     0.9618 |     0.9617 |     0.9617 |      0.9619 |      0.9619 |      0.9618 |      0.9619 |      0.9619 |      0.9617 |      0.9619 |      0.9618 |      0.9618 |      0.9618 |      0.9618 |      0.9618 |      0.9619 |      0.9618 |      0.9618 |      0.9618 |      0.9618 |      0.9619 |      0.9619 |      0.9619 |      0.9618 |      0.9618 |      0.9619 |      0.9618 |      0.9621 |      0.9619 |      0.9619 |      0.9620 |      0.9618 |      0.9618 |      0.9618 |      0.9619 |      0.9618 |      0.9618 |      0.9615 |      0.9618 |      0.9615 |      0.9619 |      0.9621 |      0.9619 |      0.9619 |      0.9617 |      0.9618 |      0.9618 |      0.9618 |      0.9619 |      0.9620 |      0.9618 |      0.9620 |      0.9619 |      0.9619 |      0.9618 |      0.9620 |      0.9619 |      0.9620 |      0.9619 |      0.9620 |      0.9619 |      0.9619 |      0.9620 |      0.9619 |      0.9619 |      0.9620 |      0.9620 |      0.9620 |      0.9620 |      0.9621 |      0.9620 |      0.9620 |      0.9620 |      0.9619 |      0.9620 |      0.9621 |      0.9619 |      0.9620 |      0.9620 |      0.9619 |      0.9620 |      0.9620 |      0.9620 |      0.9619 |      0.9618 |      0.9618 |      0.9621 |      0.9619 |      0.9621 |
|      Clock [MHz]     |  1897.4138 |  1897.2047 |  1897.0725 |  1897.2564 |  1897.3711 |  1897.0096 |  1897.2088 |  1897.3372 |  1897.1209 |  1897.2852 |   1896.9566 |   1896.9570 |   1896.8629 |   1897.0483 |   1896.9237 |   1897.1365 |   1896.9609 |   1897.0342 |   1897.1002 |   1896.8603 |   1897.1222 |   1897.1189 |   1896.9655 |   1897.0783 |   1897.0247 |   1896.9679 |   1897.0049 |   1897.0786 |   1897.1322 |   1897.0701 |   1897.1739 |   1897.0153 |   1897.0729 |   1896.9795 |   1897.1241 |   1897.0717 |   1897.0607 |   1897.1667 |   1897.0327 |   1897.0524 |   1897.1445 |   1897.2701 |   1896.9811 |   1897.1641 |   1897.0818 |   1897.0136 |   1897.0378 |   1897.2040 |   1897.2101 |   1897.2774 |   1897.0641 |   1897.2123 |   1897.1116 |   1897.0268 |   1897.1025 |   1897.3718 |   1897.1392 |   1897.2197 |   1897.0011 |   1897.0663 |   1897.2334 |   1896.9850 |   1896.9654 |   1897.0837 |   1897.1683 |   1897.0801 |   1897.2206 |   1897.1939 |   1897.2995 |   1897.1662 |   1897.0655 |   1897.2278 |   1897.2117 |   1897.0851 |   1897.2387 |   1897.2008 |   1897.0329 |   1897.0852 |   1897.0009 |   1897.0857 |   1897.0690 |   1897.0943 |   1897.3263 |   1897.2215 |   1897.2645 |   1897.0370 |   1897.1497 |   1897.2680 |   1897.1667 |   1897.1207 |   1897.2761 |   1897.0320 |   1897.0328 |   1897.1883 |   1897.1484 |   1897.3221 |
|          CPI         |     0.4480 |     0.4483 |     0.4483 |     0.4484 |     0.4483 |     0.4483 |     0.4483 |     0.4484 |     0.4482 |     0.4482 |      0.4482 |      0.4482 |      0.4482 |      0.4483 |      0.4482 |      0.4482 |      0.4483 |      0.4483 |      0.4482 |      0.4483 |      0.4482 |      0.4482 |      0.4482 |      0.4482 |      0.4482 |      0.4482 |      0.4482 |      0.4482 |      0.4482 |      0.4482 |      0.4482 |      0.4482 |      0.4481 |      0.4482 |      0.4482 |      0.4482 |      0.4482 |      0.4482 |      0.4482 |      0.4482 |      0.4482 |      0.4482 |      0.4482 |      0.4482 |      0.4482 |      0.4481 |      0.4481 |      0.4482 |      0.4483 |      0.4482 |      0.4482 |      0.4482 |      0.4482 |      0.4483 |      0.4483 |      0.4482 |      0.4483 |      0.4482 |      0.4482 |      0.4482 |      0.4482 |      0.4482 |      0.4481 |      0.4481 |      0.4481 |      0.4482 |      0.4483 |      0.4482 |      0.4481 |      0.4482 |      0.4482 |      0.4481 |      0.4480 |      0.4482 |      0.4481 |      0.4481 |      0.4482 |      0.4481 |      0.4481 |      0.4481 |      0.4482 |      0.4482 |      0.4483 |      0.4483 |      0.4482 |      0.4483 |      0.4482 |      0.4482 |      0.4482 |      0.4482 |      0.4482 |      0.4481 |      0.4481 |      0.4482 |      0.4482 |      0.4482 |
|     SP [MFLOP/s]     | 53072.2497 | 53072.3371 | 53070.4572 | 53063.1574 | 53063.6381 | 53070.0200 | 53067.0912 | 53060.3167 | 53070.1074 | 53072.1185 |  53068.9708 |  53068.9708 |  53068.9271 |  53062.5455 |  53070.4572 |  53068.9708 |  53067.0474 |  53066.3481 |  53073.3864 |  53063.1574 |  53072.1622 |  53072.4245 |  53069.0583 |  53072.2497 |  53070.2386 |  53070.1512 |  53067.8343 |  53063.9004 |  53062.2833 |  53073.0804 |  53070.4572 |  53069.9763 |  53068.7960 |  53063.8567 |  53058.8746 |  53067.9217 |  53067.6594 |  53068.7523 |  53067.5720 |  53068.8397 |  53072.2934 |  53072.1622 |  53064.6434 |  53069.0583 |  53074.9167 |  53072.4683 |  53073.8236 |  53067.8780 |  53063.8567 |  53072.1185 |  53064.4686 |  53072.3371 |  53073.1241 |  53068.8834 |  53068.9708 |  53073.0366 |  53060.1419 |  53073.1241 |  53060.1856 |  53063.1574 |  53066.7415 |  53070.0200 |  53067.9654 |  53069.9326 |  53072.0311 |  53067.9217 |  53064.4686 |  53072.3371 |  53072.1185 |  53067.7906 |  53063.7693 |  53073.1678 |  53072.1185 |  53070.0637 |  53072.1622 |  53072.1185 |  53060.2730 |  53069.9763 |  53061.8899 |  53072.2497 |  53063.7256 |  53070.1949 |  53060.0982 |  53072.2059 |  53072.2497 |  53063.8567 |  53072.2934 |  53070.4572 |  53073.1678 |  53057.8259 |  53073.1678 |  53069.4954 |  53070.2823 |  53060.1856 |  53069.9326 |  53063.9878 |
+----------------------+------------+------------+------------+------------+------------+------------+------------+------------+------------+------------+-------------+-------------+-------------+-------------+-------------+-------------+-------------+-------------+-------------+-------------+-------------+-------------+-------------+-------------+-------------+-------------+-------------+-------------+-------------+-------------+-------------+-------------+-------------+-------------+-------------+-------------+-------------+-------------+-------------+-------------+-------------+-------------+-------------+-------------+-------------+-------------+-------------+-------------+-------------+-------------+-------------+-------------+-------------+-------------+-------------+-------------+-------------+-------------+-------------+-------------+-------------+-------------+-------------+-------------+-------------+-------------+-------------+-------------+-------------+-------------+-------------+-------------+-------------+-------------+-------------+-------------+-------------+-------------+-------------+-------------+-------------+-------------+-------------+-------------+-------------+-------------+-------------+-------------+-------------+-------------+-------------+-------------+-------------+-------------+-------------+-------------+
+---------------------------+--------------+------------+------------+------------+
|           Metric          |      Sum     |     Min    |     Max    |     Avg    |
+---------------------------+--------------+------------+------------+------------+
|  Runtime (RDTSC) [s] STAT |     116.5434 |     1.2138 |     1.2142 |     1.2140 |
| Runtime unhalted [s] STAT |      92.3406 |     0.9615 |     0.9621 |     0.9619 |
|      Clock [MHz] STAT     |  182123.4817 |  1896.8603 |  1897.4138 |  1897.1196 |
|          CPI STAT         |      43.0274 |     0.4480 |     0.4484 |     0.4482 |
|     SP [MFLOP/s] STAT     | 5.094569e+06 | 53057.8259 | 53074.9167 | 53068.4297 |
+---------------------------+--------------+------------+------------+------------+
