--------------------------------------------------------------------------------
CPU name:	AMD EPYC 9654 96-Core Processor                
CPU type:	AMD K19 (Zen4) architecture
CPU clock:	2.40 GHz
--------------------------------------------------------------------------------
Region bench, Group 1: FLOPS_SP
+-------------------+------------+------------+------------+------------+------------+------------+------------+------------+------------+------------+-------------+-------------+-------------+-------------+-------------+-------------+-------------+-------------+-------------+-------------+-------------+-------------+-------------+-------------+-------------+-------------+-------------+-------------+-------------+-------------+-------------+-------------+-------------+-------------+-------------+-------------+-------------+-------------+-------------+-------------+-------------+-------------+-------------+-------------+-------------+-------------+-------------+-------------+-------------+-------------+-------------+-------------+-------------+-------------+-------------+-------------+-------------+-------------+-------------+-------------+-------------+-------------+-------------+-------------+-------------+-------------+-------------+-------------+-------------+-------------+-------------+-------------+-------------+-------------+-------------+-------------+-------------+-------------+-------------+-------------+-------------+-------------+-------------+-------------+-------------+-------------+-------------+-------------+-------------+-------------+-------------+-------------+-------------+-------------+-------------+-------------+-------------+-------------+-------------+-------------+--------------+--------------+--------------+--------------+--------------+--------------+--------------+--------------+--------------+--------------+--------------+--------------+--------------+--------------+--------------+--------------+--------------+--------------+--------------+--------------+--------------+--------------+--------------+--------------+--------------+--------------+--------------+--------------+--------------+--------------+--------------+--------------+--------------+--------------+--------------+--------------+--------------+--------------+--------------+--------------+--------------+--------------+--------------+--------------+--------------+--------------+--------------+--------------+--------------+--------------+--------------+--------------+--------------+--------------+--------------+--------------+--------------+--------------+--------------+--------------+--------------+--------------+--------------+--------------+--------------+--------------+--------------+--------------+--------------+--------------+--------------+--------------+--------------+--------------+--------------+--------------+--------------+--------------+--------------+--------------+--------------+--------------+--------------+--------------+--------------+--------------+--------------+--------------+--------------+--------------+--------------+--------------+
|    Region Info    | HWThread 0 | HWThread 1 | HWThread 2 | HWThread 3 | HWThread 4 | HWThread 5 | HWThread 6 | HWThread 7 | HWThread 8 | HWThread 9 | HWThread 10 | HWThread 11 | HWThread 12 | HWThread 13 | HWThread 14 | HWThread 15 | HWThread 16 | HWThread 17 | HWThread 18 | HWThread 19 | HWThread 20 | HWThread 21 | HWThread 22 | HWThread 23 | HWThread 24 | HWThread 25 | HWThread 26 | HWThread 27 | HWThread 28 | HWThread 29 | HWThread 30 | HWThread 31 | HWThread 32 | HWThread 33 | HWThread 34 | HWThread 35 | HWThread 36 | HWThread 37 | HWThread 38 | HWThread 39 | HWThread 40 | HWThread 41 | HWThread 42 | HWThread 43 | HWThread 44 | HWThread 45 | HWThread 46 | HWThread 47 | HWThread 48 | HWThread 49 | HWThread 50 | HWThread 51 | HWThread 52 | HWThread 53 | HWThread 54 | HWThread 55 | HWThread 56 | HWThread 57 | HWThread 58 | HWThread 59 | HWThread 60 | HWThread 61 | HWThread 62 | HWThread 63 | HWThread 64 | HWThread 65 | HWThread 66 | HWThread 67 | HWThread 68 | HWThread 69 | HWThread 70 | HWThread 71 | HWThread 72 | HWThread 73 | HWThread 74 | HWThread 75 | HWThread 76 | HWThread 77 | HWThread 78 | HWThread 79 | HWThread 80 | HWThread 81 | HWThread 82 | HWThread 83 | HWThread 84 | HWThread 85 | HWThread 86 | HWThread 87 | HWThread 88 | HWThread 89 | HWThread 90 | HWThread 91 | HWThread 92 | HWThread 93 | HWThread 94 | HWThread 95 | HWThread 96 | HWThread 97 | HWThread 98 | HWThread 99 | HWThread 100 | HWThread 101 | HWThread 102 | HWThread 103 | HWThread 104 | HWThread 105 | HWThread 106 | HWThread 107 | HWThread 108 | HWThread 109 | HWThread 110 | HWThread 111 | HWThread 112 | HWThread 113 | HWThread 114 | HWThread 115 | HWThread 116 | HWThread 117 | HWThread 118 | HWThread 119 | HWThread 120 | HWThread 121 | HWThread 122 | HWThread 123 | HWThread 124 | HWThread 125 | HWThread 126 | HWThread 127 | HWThread 128 | HWThread 129 | HWThread 130 | HWThread 131 | HWThread 132 | HWThread 133 | HWThread 134 | HWThread 135 | HWThread 136 | HWThread 137 | HWThread 138 | HWThread 139 | HWThread 140 | HWThread 141 | HWThread 142 | HWThread 143 | HWThread 144 | HWThread 145 | HWThread 146 | HWThread 147 | HWThread 148 | HWThread 149 | HWThread 150 | HWThread 151 | HWThread 152 | HWThread 153 | HWThread 154 | HWThread 155 | HWThread 156 | HWThread 157 | HWThread 158 | HWThread 159 | HWThread 160 | HWThread 161 | HWThread 162 | HWThread 163 | HWThread 164 | HWThread 165 | HWThread 166 | HWThread 167 | HWThread 168 | HWThread 169 | HWThread 170 | HWThread 171 | HWThread 172 | HWThread 173 | HWThread 174 | HWThread 175 | HWThread 176 | HWThread 177 | HWThread 178 | HWThread 179 | HWThread 180 | HWThread 181 | HWThread 182 | HWThread 183 | HWThread 184 | HWThread 185 | HWThread 186 | HWThread 187 | HWThread 188 | HWThread 189 | HWThread 190 | HWThread 191 |
+-------------------+------------+------------+------------+------------+------------+------------+------------+------------+------------+------------+-------------+-------------+-------------+-------------+-------------+-------------+-------------+-------------+-------------+-------------+-------------+-------------+-------------+-------------+-------------+-------------+-------------+-------------+-------------+-------------+-------------+-------------+-------------+-------------+-------------+-------------+-------------+-------------+-------------+-------------+-------------+-------------+-------------+-------------+-------------+-------------+-------------+-------------+-------------+-------------+-------------+-------------+-------------+-------------+-------------+-------------+-------------+-------------+-------------+-------------+-------------+-------------+-------------+-------------+-------------+-------------+-------------+-------------+-------------+-------------+-------------+-------------+-------------+-------------+-------------+-------------+-------------+-------------+-------------+-------------+-------------+-------------+-------------+-------------+-------------+-------------+-------------+-------------+-------------+-------------+-------------+-------------+-------------+-------------+-------------+-------------+-------------+-------------+-------------+-------------+--------------+--------------+--------------+--------------+--------------+--------------+--------------+--------------+--------------+--------------+--------------+--------------+--------------+--------------+--------------+--------------+--------------+--------------+--------------+--------------+--------------+--------------+--------------+--------------+--------------+--------------+--------------+--------------+--------------+--------------+--------------+--------------+--------------+--------------+--------------+--------------+--------------+--------------+--------------+--------------+--------------+--------------+--------------+--------------+--------------+--------------+--------------+--------------+--------------+--------------+--------------+--------------+--------------+--------------+--------------+--------------+--------------+--------------+--------------+--------------+--------------+--------------+--------------+--------------+--------------+--------------+--------------+--------------+--------------+--------------+--------------+--------------+--------------+--------------+--------------+--------------+--------------+--------------+--------------+--------------+--------------+--------------+--------------+--------------+--------------+--------------+--------------+--------------+--------------+--------------+--------------+--------------+
| RDTSC Runtime [s] |   1.073326 |   1.073200 |   1.073600 |   1.073253 |   1.073576 |   1.073570 |   1.073544 |   1.073548 |   1.074020 |   1.073992 |    1.073770 |    1.073437 |    1.073584 |    1.073491 |    1.073310 |    1.073635 |    1.073253 |    1.073237 |    1.073240 |    1.073244 |    1.073439 |    1.073209 |    1.073256 |    1.073201 |    1.073204 |    1.073516 |    1.073575 |    1.073280 |    1.073247 |    1.073533 |    1.073508 |    1.073199 |    1.073915 |    1.074292 |    1.074292 |    1.073579 |    1.075737 |    1.073249 |    1.074316 |    1.073191 |    1.073475 |    1.073490 |    1.073641 |    1.073437 |    1.073641 |    1.073326 |    1.073599 |    1.073619 |    1.073302 |    1.073443 |    1.073442 |    1.073493 |    1.073400 |    1.073465 |    1.073443 |    1.073635 |    1.073430 |    1.073866 |    1.073963 |    1.073308 |    1.073434 |    1.073404 |    1.073404 |    1.073851 |    1.073766 |    1.073441 |    1.073797 |    1.073428 |    1.073517 |    1.073603 |    1.074455 |    1.073942 |    1.073207 |    1.073281 |    1.073204 |    1.073280 |    1.073195 |    1.073280 |    1.073306 |    1.073205 |    1.073201 |    1.073475 |    1.073503 |    1.073470 |    1.073287 |    1.073287 |    1.074005 |    1.074005 |    1.073488 |    1.073584 |    1.074315 |    1.073493 |    1.074348 |    1.073491 |    1.073452 |    1.073479 |    1.073581 |    1.073621 |    1.073580 |    1.073320 |     1.073269 |     1.073199 |     1.073345 |     1.073192 |     1.073360 |     1.073427 |     1.073443 |     1.073608 |     1.073363 |     1.073279 |     1.073463 |     1.073574 |     1.073465 |     1.073249 |     1.073491 |     1.073601 |     1.073247 |     1.073464 |     1.073564 |     1.073278 |     1.073208 |     1.073638 |     1.073231 |     1.073194 |     1.073438 |     1.073316 |     1.073640 |     1.073321 |     1.073252 |     1.073410 |     1.073623 |     1.073573 |     1.073586 |     1.073245 |     1.073560 |     1.073480 |     1.073403 |     1.073950 |     1.073197 |     1.073316 |     1.073545 |     1.073361 |     1.073199 |     1.073516 |     1.073651 |     1.073408 |     1.073645 |     1.073196 |     1.073287 |     1.073472 |     1.073356 |     1.073484 |     1.073250 |     1.073361 |     1.073499 |     1.073206 |     1.073206 |     1.073468 |     1.073305 |     1.073524 |     1.073412 |     1.073641 |     1.073441 |     1.073469 |     1.073643 |     1.073457 |     1.073535 |     1.073312 |     1.073213 |     1.073199 |     1.073203 |     1.073542 |     1.073246 |     1.073360 |     1.073448 |     1.073501 |     1.073623 |     1.073468 |     1.073194 |     1.073200 |     1.073456 |     1.073196 |     1.073481 |     1.073211 |     1.073382 |     1.073628 |     1.073254 |     1.073628 |     1.073912 |     1.073256 |     1.073382 |     1.073194 |
|     call count    |          1 |          1 |          1 |          1 |          1 |          1 |          1 |          1 |          1 |          1 |           1 |           1 |           1 |           1 |           1 |           1 |           1 |           1 |           1 |           1 |           1 |           1 |           1 |           1 |           1 |           1 |           1 |           1 |           1 |           1 |           1 |           1 |           1 |           1 |           1 |           1 |           1 |           1 |           1 |           1 |           1 |           1 |           1 |           1 |           1 |           1 |           1 |           1 |           1 |           1 |           1 |           1 |           1 |           1 |           1 |           1 |           1 |           1 |           1 |           1 |           1 |           1 |           1 |           1 |           1 |           1 |           1 |           1 |           1 |           1 |           1 |           1 |           1 |           1 |           1 |           1 |           1 |           1 |           1 |           1 |           1 |           1 |           1 |           1 |           1 |           1 |           1 |           1 |           1 |           1 |           1 |           1 |           1 |           1 |           1 |           1 |           1 |           1 |           1 |           1 |            1 |            1 |            1 |            1 |            1 |            1 |            1 |            1 |            1 |            1 |            1 |            1 |            1 |            1 |            1 |            1 |            1 |            1 |            1 |            1 |            1 |            1 |            1 |            1 |            1 |            1 |            1 |            1 |            1 |            1 |            1 |            1 |            1 |            1 |            1 |            1 |            1 |            1 |            1 |            1 |            1 |            1 |            1 |            1 |            1 |            1 |            1 |            1 |            1 |            1 |            1 |            1 |            1 |            1 |            1 |            1 |            1 |            1 |            1 |            1 |            1 |            1 |            1 |            1 |            1 |            1 |            1 |            1 |            1 |            1 |            1 |            1 |            1 |            1 |            1 |            1 |            1 |            1 |            1 |            1 |            1 |            1 |            1 |            1 |            1 |            1 |            1 |            1 |            1 |            1 |            1 |            1 |
+-------------------+------------+------------+------------+------------+------------+------------+------------+------------+------------+------------+-------------+-------------+-------------+-------------+-------------+-------------+-------------+-------------+-------------+-------------+-------------+-------------+-------------+-------------+-------------+-------------+-------------+-------------+-------------+-------------+-------------+-------------+-------------+-------------+-------------+-------------+-------------+-------------+-------------+-------------+-------------+-------------+-------------+-------------+-------------+-------------+-------------+-------------+-------------+-------------+-------------+-------------+-------------+-------------+-------------+-------------+-------------+-------------+-------------+-------------+-------------+-------------+-------------+-------------+-------------+-------------+-------------+-------------+-------------+-------------+-------------+-------------+-------------+-------------+-------------+-------------+-------------+-------------+-------------+-------------+-------------+-------------+-------------+-------------+-------------+-------------+-------------+-------------+-------------+-------------+-------------+-------------+-------------+-------------+-------------+-------------+-------------+-------------+-------------+-------------+--------------+--------------+--------------+--------------+--------------+--------------+--------------+--------------+--------------+--------------+--------------+--------------+--------------+--------------+--------------+--------------+--------------+--------------+--------------+--------------+--------------+--------------+--------------+--------------+--------------+--------------+--------------+--------------+--------------+--------------+--------------+--------------+--------------+--------------+--------------+--------------+--------------+--------------+--------------+--------------+--------------+--------------+--------------+--------------+--------------+--------------+--------------+--------------+--------------+--------------+--------------+--------------+--------------+--------------+--------------+--------------+--------------+--------------+--------------+--------------+--------------+--------------+--------------+--------------+--------------+--------------+--------------+--------------+--------------+--------------+--------------+--------------+--------------+--------------+--------------+--------------+--------------+--------------+--------------+--------------+--------------+--------------+--------------+--------------+--------------+--------------+--------------+--------------+--------------+--------------+--------------+--------------+
+---------------------------+---------+-------------+-------------+-------------+-------------+-------------+-------------+-------------+-------------+-------------+-------------+-------------+-------------+-------------+-------------+-------------+-------------+-------------+-------------+-------------+-------------+-------------+-------------+-------------+-------------+-------------+-------------+-------------+-------------+-------------+-------------+-------------+-------------+-------------+-------------+-------------+-------------+-------------+-------------+-------------+-------------+-------------+-------------+-------------+-------------+-------------+-------------+-------------+-------------+-------------+-------------+-------------+-------------+-------------+-------------+-------------+-------------+-------------+-------------+-------------+-------------+-------------+-------------+-------------+-------------+-------------+-------------+-------------+-------------+-------------+-------------+-------------+-------------+-------------+-------------+-------------+-------------+-------------+-------------+-------------+-------------+-------------+-------------+-------------+-------------+-------------+-------------+-------------+-------------+-------------+-------------+-------------+-------------+-------------+-------------+-------------+-------------+-------------+-------------+-------------+-------------+--------------+--------------+--------------+--------------+--------------+--------------+--------------+--------------+--------------+--------------+--------------+--------------+--------------+--------------+--------------+--------------+--------------+--------------+--------------+--------------+--------------+--------------+--------------+--------------+--------------+--------------+--------------+--------------+--------------+--------------+--------------+--------------+--------------+--------------+--------------+--------------+--------------+--------------+--------------+--------------+--------------+--------------+--------------+--------------+--------------+--------------+--------------+--------------+--------------+--------------+--------------+--------------+--------------+--------------+--------------+--------------+--------------+--------------+--------------+--------------+--------------+--------------+--------------+--------------+--------------+--------------+--------------+--------------+--------------+--------------+--------------+--------------+--------------+--------------+--------------+--------------+--------------+--------------+--------------+--------------+--------------+--------------+--------------+--------------+--------------+--------------+--------------+--------------+--------------+--------------+--------------+--------------+
|           Event           | Counter |  HWThread 0 |  HWThread 1 |  HWThread 2 |  HWThread 3 |  HWThread 4 |  HWThread 5 |  HWThread 6 |  HWThread 7 |  HWThread 8 |  HWThread 9 | HWThread 10 | HWThread 11 | HWThread 12 | HWThread 13 | HWThread 14 | HWThread 15 | HWThread 16 | HWThread 17 | HWThread 18 | HWThread 19 | HWThread 20 | HWThread 21 | HWThread 22 | HWThread 23 | HWThread 24 | HWThread 25 | HWThread 26 | HWThread 27 | HWThread 28 | HWThread 29 | HWThread 30 | HWThread 31 | HWThread 32 | HWThread 33 | HWThread 34 | HWThread 35 | HWThread 36 | HWThread 37 | HWThread 38 | HWThread 39 | HWThread 40 | HWThread 41 | HWThread 42 | HWThread 43 | HWThread 44 | HWThread 45 | HWThread 46 | HWThread 47 | HWThread 48 | HWThread 49 | HWThread 50 | HWThread 51 | HWThread 52 | HWThread 53 | HWThread 54 | HWThread 55 | HWThread 56 | HWThread 57 | HWThread 58 | HWThread 59 | HWThread 60 | HWThread 61 | HWThread 62 | HWThread 63 | HWThread 64 | HWThread 65 | HWThread 66 | HWThread 67 | HWThread 68 | HWThread 69 | HWThread 70 | HWThread 71 | HWThread 72 | HWThread 73 | HWThread 74 | HWThread 75 | HWThread 76 | HWThread 77 | HWThread 78 | HWThread 79 | HWThread 80 | HWThread 81 | HWThread 82 | HWThread 83 | HWThread 84 | HWThread 85 | HWThread 86 | HWThread 87 | HWThread 88 | HWThread 89 | HWThread 90 | HWThread 91 | HWThread 92 | HWThread 93 | HWThread 94 | HWThread 95 | HWThread 96 | HWThread 97 | HWThread 98 | HWThread 99 | HWThread 100 | HWThread 101 | HWThread 102 | HWThread 103 | HWThread 104 | HWThread 105 | HWThread 106 | HWThread 107 | HWThread 108 | HWThread 109 | HWThread 110 | HWThread 111 | HWThread 112 | HWThread 113 | HWThread 114 | HWThread 115 | HWThread 116 | HWThread 117 | HWThread 118 | HWThread 119 | HWThread 120 | HWThread 121 | HWThread 122 | HWThread 123 | HWThread 124 | HWThread 125 | HWThread 126 | HWThread 127 | HWThread 128 | HWThread 129 | HWThread 130 | HWThread 131 | HWThread 132 | HWThread 133 | HWThread 134 | HWThread 135 | HWThread 136 | HWThread 137 | HWThread 138 | HWThread 139 | HWThread 140 | HWThread 141 | HWThread 142 | HWThread 143 | HWThread 144 | HWThread 145 | HWThread 146 | HWThread 147 | HWThread 148 | HWThread 149 | HWThread 150 | HWThread 151 | HWThread 152 | HWThread 153 | HWThread 154 | HWThread 155 | HWThread 156 | HWThread 157 | HWThread 158 | HWThread 159 | HWThread 160 | HWThread 161 | HWThread 162 | HWThread 163 | HWThread 164 | HWThread 165 | HWThread 166 | HWThread 167 | HWThread 168 | HWThread 169 | HWThread 170 | HWThread 171 | HWThread 172 | HWThread 173 | HWThread 174 | HWThread 175 | HWThread 176 | HWThread 177 | HWThread 178 | HWThread 179 | HWThread 180 | HWThread 181 | HWThread 182 | HWThread 183 | HWThread 184 | HWThread 185 | HWThread 186 | HWThread 187 | HWThread 188 | HWThread 189 | HWThread 190 | HWThread 191 |
+---------------------------+---------+-------------+-------------+-------------+-------------+-------------+-------------+-------------+-------------+-------------+-------------+-------------+-------------+-------------+-------------+-------------+-------------+-------------+-------------+-------------+-------------+-------------+-------------+-------------+-------------+-------------+-------------+-------------+-------------+-------------+-------------+-------------+-------------+-------------+-------------+-------------+-------------+-------------+-------------+-------------+-------------+-------------+-------------+-------------+-------------+-------------+-------------+-------------+-------------+-------------+-------------+-------------+-------------+-------------+-------------+-------------+-------------+-------------+-------------+-------------+-------------+-------------+-------------+-------------+-------------+-------------+-------------+-------------+-------------+-------------+-------------+-------------+-------------+-------------+-------------+-------------+-------------+-------------+-------------+-------------+-------------+-------------+-------------+-------------+-------------+-------------+-------------+-------------+-------------+-------------+-------------+-------------+-------------+-------------+-------------+-------------+-------------+-------------+-------------+-------------+-------------+--------------+--------------+--------------+--------------+--------------+--------------+--------------+--------------+--------------+--------------+--------------+--------------+--------------+--------------+--------------+--------------+--------------+--------------+--------------+--------------+--------------+--------------+--------------+--------------+--------------+--------------+--------------+--------------+--------------+--------------+--------------+--------------+--------------+--------------+--------------+--------------+--------------+--------------+--------------+--------------+--------------+--------------+--------------+--------------+--------------+--------------+--------------+--------------+--------------+--------------+--------------+--------------+--------------+--------------+--------------+--------------+--------------+--------------+--------------+--------------+--------------+--------------+--------------+--------------+--------------+--------------+--------------+--------------+--------------+--------------+--------------+--------------+--------------+--------------+--------------+--------------+--------------+--------------+--------------+--------------+--------------+--------------+--------------+--------------+--------------+--------------+--------------+--------------+--------------+--------------+--------------+--------------+
|      ACTUAL_CPU_CLOCK     |  FIXC1  |  2041213000 |  2041768000 |  2041931000 |  2041754000 |  2041660000 |  2042000000 |  2041657000 |  2042108000 |  2042700000 |  2042136000 |  2041910000 |  2042131000 |  2042073000 |  2041813000 |  2041082000 |  2042092000 |  2040828000 |  2041642000 |  2040600000 |  2041352000 |  2041433000 |  2040778000 |  2041300000 |  2040788000 |  2040552000 |  2041251000 |  2041448000 |  2040619000 |  2040947000 |  2041988000 |  2041376000 |  2040660000 |  2041603000 |  2042699000 |  2041809000 |  2041553000 |  2042162000 |  2040512000 |  2041754000 |  2040318000 |  2042209000 |  2041785000 |  2042411000 |  2042368000 |  2042287000 |  2041339000 |  2041965000 |  2042175000 |  2040495000 |  2041551000 |  2041642000 |  2042331000 |  2041368000 |  2041542000 |  2042428000 |  2042130000 |  2042141000 |  2042560000 |  2042297000 |  2040911000 |  2042248000 |  2042535000 |  2042206000 |  2042367000 |  2041683000 |  2041545000 |  2042300000 |  2041538000 |  2040991000 |  2041318000 |  2041990000 |  2041401000 |  2041325000 |  2041215000 |  2041741000 |  2041582000 |  2041682000 |  2041553000 |  2041336000 |  2041645000 |  2041496000 |  2041738000 |  2041369000 |  2041398000 |  2040636000 |  2041453000 |  2041455000 |  2042430000 |  2042337000 |  2041843000 |  2042665000 |  2042194000 |  2043362000 |  2042051000 |  2042251000 |  2042265000 |  2040939000 |  2040606000 |  2040326000 |  2040029000 |   2040743000 |   2041146000 |   2040097000 |   2040496000 |   2039892000 |   2041118000 |   2041042000 |   2040676000 |   2041299000 |   2040243000 |   2041627000 |   2040956000 |   2040313000 |   2040593000 |   2042012000 |   2040921000 |   2039774000 |   2042192000 |   2041218000 |   2040008000 |   2041386000 |   2041022000 |   2040715000 |   2040929000 |   2042059000 |   2040328000 |   2041515000 |   2041382000 |   2041414000 |   2041939000 |   2042029000 |   2042040000 |   2041803000 |   2041362000 |   2042089000 |   2042416000 |   2042066000 |   2042313000 |   2042460000 |   2040319000 |   2042253000 |   2041292000 |   2041465000 |   2040775000 |   2041626000 |   2042098000 |   2041327000 |   2040534000 |   2041212000 |   2042390000 |   2041384000 |   2042733000 |   2041217000 |   2041570000 |   2041091000 |   2040288000 |   2040693000 |   2041502000 |   2040164000 |   2042514000 |   2042200000 |   2041878000 |   2041524000 |   2041863000 |   2041049000 |   2041331000 |   2042476000 |   2041286000 |   2041342000 |   2041017000 |   2041316000 |   2042041000 |   2042203000 |   2042247000 |   2042408000 |   2041757000 |   2041197000 |   2041247000 |   2040430000 |   2040426000 |   2041248000 |   2040377000 |   2042127000 |   2041474000 |   2040023000 |   2042314000 |   2041729000 |   2042181000 |   2042173000 |   2041418000 |   2041130000 |   2040547000 |
|       MAX_CPU_CLOCK       |  FIXC2  |  2578223000 |  2578574000 |  2579484000 |  2578526000 |  2579397000 |  2579275000 |  2579396000 |  2579366000 |  2580866000 |  2579590000 |  2579578000 |  2579596000 |  2579640000 |  2579449000 |  2578488000 |  2579629000 |  2577402000 |  2578271000 |  2577342000 |  2578454000 |  2578882000 |  2577365000 |  2578393000 |  2577356000 |  2577273000 |  2578466000 |  2578497000 |  2577359000 |  2577410000 |  2579502000 |  2578510000 |  2577389000 |  2579901000 |  2580890000 |  2580104000 |  2578774000 |  2580409000 |  2577278000 |  2580068000 |  2577601000 |  2579387000 |  2579442000 |  2579480000 |  2579383000 |  2579383000 |  2578353000 |  2579496000 |  2579239000 |  2577797000 |  2578660000 |  2578681000 |  2579308000 |  2578547000 |  2578689000 |  2579430000 |  2579743000 |  2579348000 |  2580511000 |  2580706000 |  2578354000 |  2579586000 |  2579795000 |  2579902000 |  2580261000 |  2579735000 |  2578640000 |  2580789000 |  2578632000 |  2578330000 |  2578476000 |  2580136000 |  2578499000 |  2578436000 |  2578335000 |  2578375000 |  2578202000 |  2578333000 |  2578211000 |  2578425000 |  2578269000 |  2578108000 |  2578765000 |  2578484000 |  2578622000 |  2577661000 |  2578658000 |  2578543000 |  2579418000 |  2579919000 |  2579647000 |  2581134000 |  2579741000 |  2581419000 |  2579543000 |  2579688000 |  2579715000 |  2577196000 |  2576572000 |  2576476000 |  2576095000 |   2577570000 |   2578199000 |   2577142000 |   2577383000 |   2575797000 |   2577375000 |   2576994000 |   2576865000 |   2578242000 |   2575930000 |   2578677000 |   2578589000 |   2577577000 |   2577474000 |   2579453000 |   2578309000 |   2576178000 |   2579164000 |   2578385000 |   2576252000 |   2578425000 |   2578604000 |   2577463000 |   2578318000 |   2579591000 |   2577368000 |   2578539000 |   2578318000 |   2578571000 |   2579517000 |   2579583000 |   2579674000 |   2579506000 |   2578573000 |   2579342000 |   2579445000 |   2579607000 |   2579245000 |   2579469000 |   2577374000 |   2579358000 |   2578254000 |   2578618000 |   2576997000 |   2578597000 |   2579636000 |   2578509000 |   2577250000 |   2578269000 |   2579704000 |   2578523000 |   2579670000 |   2578276000 |   2578206000 |   2578409000 |   2577965000 |   2577215000 |   2578581000 |   2577270000 |   2580018000 |   2579190000 |   2578932000 |   2578803000 |   2578743000 |   2577673000 |   2577159000 |   2579491000 |   2578434000 |   2578425000 |   2577736000 |   2578381000 |   2579577000 |   2579059000 |   2579109000 |   2579321000 |   2578960000 |   2578407000 |   2577762000 |   2576607000 |   2577182000 |   2578648000 |   2577057000 |   2579606000 |   2578065000 |   2576099000 |   2579404000 |   2578472000 |   2579391000 |   2579595000 |   2578598000 |   2578734000 |   2577441000 |
|    RETIRED_INSTRUCTIONS   |   PMC0  |  2551837000 |  2552351000 |  2552469000 |  2552365000 |  2552449000 |  2552439000 |  2552412000 |  2552445000 |  2552583000 |  2552581000 |  2552505000 |  2552427000 |  2552436000 |  2552417000 |  2552362000 |  2552462000 |  2552279000 |  2552294000 |  2552247000 |  2552280000 |  2552292000 |  2552240000 |  2552236000 |  2552272000 |  2552329000 |  2552429000 |  2552399000 |  2552321000 |  2552313000 |  2552410000 |  2552376000 |  2552291000 |  2552454000 |  2552599000 |  2552576000 |  2552372000 |  2553068000 |  2552223000 |  2552568000 |  2552225000 |  2552415000 |  2552425000 |  2552446000 |  2552384000 |  2552184000 |  2552327000 |  2552189000 |  2552362000 |  2552395000 |  2552419000 |  2552416000 |  2552418000 |  2552334000 |  2552389000 |  2552398000 |  2552426000 |  2552282000 |  2552440000 |  2552502000 |  2552250000 |  2552278000 |  2552308000 |  2552260000 |  2552438000 |  2552400000 |  2552361000 |  2552431000 |  2552329000 |  2552264000 |  2552275000 |  2552510000 |  2552415000 |  2552124000 |  2552248000 |  2552225000 |  2552233000 |  2552209000 |  2552227000 |  2552200000 |  2552193000 |  2552298000 |  2552352000 |  2552424000 |  2552311000 |  2552353000 |  2552385000 |  2552506000 |  2552564000 |  2552390000 |  2552389000 |  2552614000 |  2552300000 |  2552172000 |  2552111000 |  2552165000 |  2552172000 |  2552684000 |  2552700000 |  2552720000 |  2552606000 |   2552569000 |   2552565000 |   2552600000 |   2552563000 |   2552640000 |   2552657000 |   2552633000 |   2552673000 |   2552589000 |   2552577000 |   2552607000 |   2552620000 |   2552668000 |   2552664000 |   2552725000 |   2552711000 |   2552479000 |   2552614000 |   2550966000 |   2552471000 |   2552663000 |   2552752000 |   2552648000 |   2552639000 |   2552688000 |   2552661000 |   2552756000 |   2552257000 |   2552565000 |   2552606000 |   2552656000 |   2552644000 |   2552604000 |   2552553000 |   2552592000 |   2552612000 |   2552618000 |   2552781000 |   2552569000 |   2552579000 |   2552431000 |   2552489000 |   2552294000 |   2552567000 |   2552607000 |   2552543000 |   2552615000 |   2552507000 |   2552481000 |   2552566000 |   2552515000 |   2552544000 |   2552542000 |   2552558000 |   2552568000 |   2552519000 |   2552510000 |   2552575000 |   2552511000 |   2552561000 |   2552627000 |   2552709000 |   2552631000 |   2552649000 |   2552531000 |   2552482000 |   2552546000 |   2552427000 |   2552516000 |   2552513000 |   2552484000 |   2552568000 |   2552518000 |   2552559000 |   2552552000 |   2552542000 |   2552638000 |   2552591000 |   2552526000 |   2552531000 |   2552569000 |   2552503000 |   2552591000 |   2552491000 |   2552558000 |   2552646000 |   2552532000 |   2552637000 |   2552613000 |   2552339000 |   2552430000 |   2552407000 |
|    CPU_CLOCKS_UNHALTED    |   PMC1  |  2019620000 |  2021722000 |  2022387000 |  2021795000 |  2022346000 |  2022227000 |  2022096000 |  2022274000 |  2023066000 |  2023022000 |  2022595000 |  2022152000 |  2022248000 |  2022126000 |  2021807000 |  2022387000 |  2021299000 |  2021412000 |  2021147000 |  2021330000 |  2021449000 |  2021081000 |  2021110000 |  2021305000 |  2021573000 |  2022137000 |  2022050000 |  2021550000 |  2021505000 |  2022039000 |  2021864000 |  2021386000 |  2022282000 |  2023110000 |  2022980000 |  2021843000 |  2025758000 |  2021005000 |  2022940000 |  2021031000 |  2022065000 |  2022145000 |  2022282000 |  2021933000 |  2021509000 |  2021825000 |  2021705000 |  2022054000 |  2021974000 |  2022152000 |  2022127000 |  2022112000 |  2021783000 |  2021954000 |  2022005000 |  2022177000 |  2021371000 |  2022253000 |  2022605000 |  2021178000 |  2021352000 |  2021521000 |  2021256000 |  2022258000 |  2022015000 |  2021773000 |  2022197000 |  2021594000 |  2021542000 |  2021543000 |  2022882000 |  2022370000 |  2020513000 |  2021179000 |  2021058000 |  2021086000 |  2020992000 |  2021068000 |  2020944000 |  2020903000 |  2021481000 |  2021955000 |  2022170000 |  2021682000 |  2021841000 |  2021952000 |  2022688000 |  2022995000 |  2021997000 |  2021981000 |  2023256000 |  2021512000 |  2022830000 |  2021252000 |  2021004000 |  2021438000 |  2023590000 |  2023655000 |  2023768000 |  2023133000 |   2022959000 |   2022906000 |   2023117000 |   2022905000 |   2023370000 |   2023428000 |   2023337000 |   2023585000 |   2023094000 |   2023001000 |   2023197000 |   2023252000 |   2023507000 |   2023458000 |   2023847000 |   2023754000 |   2022921000 |   2023428000 |   2022915000 |   2022662000 |   2023532000 |   2023979000 |   2023429000 |   2023336000 |   2023690000 |   2023523000 |   2024071000 |   2021268000 |   2022962000 |   2023204000 |   2023476000 |   2023423000 |   2023205000 |   2022918000 |   2023145000 |   2023259000 |   2023263000 |   2024202000 |   2022978000 |   2023031000 |   2022529000 |   2022772000 |   2022235000 |   2023254000 |   2023243000 |   2022847000 |   2023253000 |   2022612000 |   2022507000 |   2022996000 |   2022720000 |   2022883000 |   2022822000 |   2022930000 |   2022989000 |   2022665000 |   2022682000 |   2023025000 |   2022643000 |   2022982000 |   2023334000 |   2023783000 |   2023340000 |   2023427000 |   2023137000 |   2022785000 |   2023150000 |   2022403000 |   2022702000 |   2022651000 |   2022505000 |   2023019000 |   2022714000 |   2022949000 |   2022949000 |   2022876000 |   2023367000 |   2023077000 |   2022701000 |   2022763000 |   2022997000 |   2022612000 |   2023149000 |   2022561000 |   2022960000 |   2023449000 |   2022794000 |   2023411000 |   2023469000 |   2022388000 |   2022498000 |   2022338000 |
| RETIRED_SSE_AVX_FLOPS_ALL |   PMC2  | 64424510000 | 64424510000 | 64424510000 | 64424510000 | 64424510000 | 64424510000 | 64424510000 | 64424510000 | 64424510000 | 64424510000 | 64424510000 | 64424510000 | 64424510000 | 64424510000 | 64424510000 | 64424510000 | 64424510000 | 64424510000 | 64424510000 | 64424510000 | 64424510000 | 64424510000 | 64424510000 | 64424510000 | 64424510000 | 64424510000 | 64424510000 | 64424510000 | 64424510000 | 64424510000 | 64424510000 | 64424510000 | 64424510000 | 64424510000 | 64424510000 | 64424510000 | 64424510000 | 64424510000 | 64424510000 | 64424510000 | 64424510000 | 64424510000 | 64424510000 | 64424510000 | 64424510000 | 64424510000 | 64424510000 | 64424510000 | 64424510000 | 64424510000 | 64424510000 | 64424510000 | 64424510000 | 64424510000 | 64424510000 | 64424510000 | 64424510000 | 64424510000 | 64424510000 | 64424510000 | 64424510000 | 64424510000 | 64424510000 | 64424510000 | 64424510000 | 64424510000 | 64424510000 | 64424510000 | 64424510000 | 64424510000 | 64424510000 | 64424510000 | 64424510000 | 64424510000 | 64424510000 | 64424510000 | 64424510000 | 64424510000 | 64424510000 | 64424510000 | 64424510000 | 64424510000 | 64424510000 | 64424510000 | 64424510000 | 64424510000 | 64424510000 | 64424510000 | 64424510000 | 64424510000 | 64424510000 | 64424510000 | 64424510000 | 64424510000 | 64424510000 | 64424510000 | 64424510000 | 64424510000 | 64424510000 | 64424510000 |  64424510000 |  64424510000 |  64424510000 |  64424510000 |  64424510000 |  64424510000 |  64424510000 |  64424510000 |  64424510000 |  64424510000 |  64424510000 |  64424510000 |  64424510000 |  64424510000 |  64424510000 |  64424510000 |  64424510000 |  64424510000 |  64424510000 |  64424510000 |  64424510000 |  64424510000 |  64424510000 |  64424510000 |  64424510000 |  64424510000 |  64424510000 |  64424510000 |  64424510000 |  64424510000 |  64424510000 |  64424510000 |  64424510000 |  64424510000 |  64424510000 |  64424510000 |  64424510000 |  64424510000 |  64424510000 |  64424510000 |  64424510000 |  64424510000 |  64424510000 |  64424510000 |  64424510000 |  64424510000 |  64424510000 |  64424510000 |  64424510000 |  64424510000 |  64424510000 |  64424510000 |  64424510000 |  64424510000 |  64424510000 |  64424510000 |  64424510000 |  64424510000 |  64424510000 |  64424510000 |  64424510000 |  64424510000 |  64424510000 |  64424510000 |  64424510000 |  64424510000 |  64424510000 |  64424510000 |  64424510000 |  64424510000 |  64424510000 |  64424510000 |  64424510000 |  64424510000 |  64424510000 |  64424510000 |  64424510000 |  64424510000 |  64424510000 |  64424510000 |  64424510000 |  64424510000 |  64424510000 |  64424510000 |  64424510000 |  64424510000 |  64424510000 |  64424510000 |  64424510000 |  64424510000 |  64424510000 |  64424510000 |
|           MERGE           |   PMC3  |           0 |           0 |           0 |           0 |           0 |           0 |           0 |           0 |           0 |           0 |           0 |           0 |           0 |           0 |           0 |           0 |           0 |           0 |           0 |           0 |           0 |           0 |           0 |           0 |           0 |           0 |           0 |           0 |           0 |           0 |           0 |           0 |           0 |           0 |           0 |           0 |           0 |           0 |           0 |           0 |           0 |           0 |           0 |           0 |           0 |           0 |           0 |           0 |           0 |           0 |           0 |           0 |           0 |           0 |           0 |           0 |           0 |           0 |           0 |           0 |           0 |           0 |           0 |           0 |           0 |           0 |           0 |           0 |           0 |           0 |           0 |           0 |           0 |           0 |           0 |           0 |           0 |           0 |           0 |           0 |           0 |           0 |           0 |           0 |           0 |           0 |           0 |           0 |           0 |           0 |           0 |           0 |           0 |           0 |           0 |           0 |           0 |           0 |           0 |           0 |            0 |            0 |            0 |            0 |            0 |            0 |            0 |            0 |            0 |            0 |            0 |            0 |            0 |            0 |            0 |            0 |            0 |            0 |            0 |            0 |            0 |            0 |            0 |            0 |            0 |            0 |            0 |            0 |            0 |            0 |            0 |            0 |            0 |            0 |            0 |            0 |            0 |            0 |            0 |            0 |            0 |            0 |            0 |            0 |            0 |            0 |            0 |            0 |            0 |            0 |            0 |            0 |            0 |            0 |            0 |            0 |            0 |            0 |            0 |            0 |            0 |            0 |            0 |            0 |            0 |            0 |            0 |            0 |            0 |            0 |            0 |            0 |            0 |            0 |            0 |            0 |            0 |            0 |            0 |            0 |            0 |            0 |            0 |            0 |            0 |            0 |            0 |            0 |            0 |            0 |            0 |            0 |
+---------------------------+---------+-------------+-------------+-------------+-------------+-------------+-------------+-------------+-------------+-------------+-------------+-------------+-------------+-------------+-------------+-------------+-------------+-------------+-------------+-------------+-------------+-------------+-------------+-------------+-------------+-------------+-------------+-------------+-------------+-------------+-------------+-------------+-------------+-------------+-------------+-------------+-------------+-------------+-------------+-------------+-------------+-------------+-------------+-------------+-------------+-------------+-------------+-------------+-------------+-------------+-------------+-------------+-------------+-------------+-------------+-------------+-------------+-------------+-------------+-------------+-------------+-------------+-------------+-------------+-------------+-------------+-------------+-------------+-------------+-------------+-------------+-------------+-------------+-------------+-------------+-------------+-------------+-------------+-------------+-------------+-------------+-------------+-------------+-------------+-------------+-------------+-------------+-------------+-------------+-------------+-------------+-------------+-------------+-------------+-------------+-------------+-------------+-------------+-------------+-------------+-------------+--------------+--------------+--------------+--------------+--------------+--------------+--------------+--------------+--------------+--------------+--------------+--------------+--------------+--------------+--------------+--------------+--------------+--------------+--------------+--------------+--------------+--------------+--------------+--------------+--------------+--------------+--------------+--------------+--------------+--------------+--------------+--------------+--------------+--------------+--------------+--------------+--------------+--------------+--------------+--------------+--------------+--------------+--------------+--------------+--------------+--------------+--------------+--------------+--------------+--------------+--------------+--------------+--------------+--------------+--------------+--------------+--------------+--------------+--------------+--------------+--------------+--------------+--------------+--------------+--------------+--------------+--------------+--------------+--------------+--------------+--------------+--------------+--------------+--------------+--------------+--------------+--------------+--------------+--------------+--------------+--------------+--------------+--------------+--------------+--------------+--------------+--------------+--------------+--------------+--------------+--------------+--------------+
+--------------------------------+---------+----------------+-------------+-------------+--------------+
|              Event             | Counter |       Sum      |     Min     |     Max     |      Avg     |
+--------------------------------+---------+----------------+-------------+-------------+--------------+
|      ACTUAL_CPU_CLOCK STAT     |  FIXC1  |   391969038000 |  2039774000 |  2043362000 | 2.041505e+09 |
|       MAX_CPU_CLOCK STAT       |  FIXC2  |   495098154000 |  2575797000 |  2581419000 | 2.578636e+09 |
|    RETIRED_INSTRUCTIONS STAT   |   PMC0  |   490072171000 |  2550966000 |  2553068000 | 2.552459e+09 |
|    CPU_CLOCKS_UNHALTED STAT    |   PMC1  |   388315875000 |  2019620000 |  2025758000 | 2.022479e+09 |
| RETIRED_SSE_AVX_FLOPS_ALL STAT |   PMC2  | 12369505920000 | 64424510000 | 64424510000 |  64424510000 |
|           MERGE STAT           |   PMC3  |              0 |           0 |           0 |            0 |
+--------------------------------+---------+----------------+-------------+-------------+--------------+
+----------------------+------------+------------+------------+------------+------------+------------+------------+------------+------------+------------+-------------+-------------+-------------+-------------+-------------+-------------+-------------+-------------+-------------+-------------+-------------+-------------+-------------+-------------+-------------+-------------+-------------+-------------+-------------+-------------+-------------+-------------+-------------+-------------+-------------+-------------+-------------+-------------+-------------+-------------+-------------+-------------+-------------+-------------+-------------+-------------+-------------+-------------+-------------+-------------+-------------+-------------+-------------+-------------+-------------+-------------+-------------+-------------+-------------+-------------+-------------+-------------+-------------+-------------+-------------+-------------+-------------+-------------+-------------+-------------+-------------+-------------+-------------+-------------+-------------+-------------+-------------+-------------+-------------+-------------+-------------+-------------+-------------+-------------+-------------+-------------+-------------+-------------+-------------+-------------+-------------+-------------+-------------+-------------+-------------+-------------+-------------+-------------+-------------+-------------+--------------+--------------+--------------+--------------+--------------+--------------+--------------+--------------+--------------+--------------+--------------+--------------+--------------+--------------+--------------+--------------+--------------+--------------+--------------+--------------+--------------+--------------+--------------+--------------+--------------+--------------+--------------+--------------+--------------+--------------+--------------+--------------+--------------+--------------+--------------+--------------+--------------+--------------+--------------+--------------+--------------+--------------+--------------+--------------+--------------+--------------+--------------+--------------+--------------+--------------+--------------+--------------+--------------+--------------+--------------+--------------+--------------+--------------+--------------+--------------+--------------+--------------+--------------+--------------+--------------+--------------+--------------+--------------+--------------+--------------+--------------+--------------+--------------+--------------+--------------+--------------+--------------+--------------+--------------+--------------+--------------+--------------+--------------+--------------+--------------+--------------+--------------+--------------+--------------+--------------+--------------+--------------+
|        Metric        | HWThread 0 | HWThread 1 | HWThread 2 | HWThread 3 | HWThread 4 | HWThread 5 | HWThread 6 | HWThread 7 | HWThread 8 | HWThread 9 | HWThread 10 | HWThread 11 | HWThread 12 | HWThread 13 | HWThread 14 | HWThread 15 | HWThread 16 | HWThread 17 | HWThread 18 | HWThread 19 | HWThread 20 | HWThread 21 | HWThread 22 | HWThread 23 | HWThread 24 | HWThread 25 | HWThread 26 | HWThread 27 | HWThread 28 | HWThread 29 | HWThread 30 | HWThread 31 | HWThread 32 | HWThread 33 | HWThread 34 | HWThread 35 | HWThread 36 | HWThread 37 | HWThread 38 | HWThread 39 | HWThread 40 | HWThread 41 | HWThread 42 | HWThread 43 | HWThread 44 | HWThread 45 | HWThread 46 | HWThread 47 | HWThread 48 | HWThread 49 | HWThread 50 | HWThread 51 | HWThread 52 | HWThread 53 | HWThread 54 | HWThread 55 | HWThread 56 | HWThread 57 | HWThread 58 | HWThread 59 | HWThread 60 | HWThread 61 | HWThread 62 | HWThread 63 | HWThread 64 | HWThread 65 | HWThread 66 | HWThread 67 | HWThread 68 | HWThread 69 | HWThread 70 | HWThread 71 | HWThread 72 | HWThread 73 | HWThread 74 | HWThread 75 | HWThread 76 | HWThread 77 | HWThread 78 | HWThread 79 | HWThread 80 | HWThread 81 | HWThread 82 | HWThread 83 | HWThread 84 | HWThread 85 | HWThread 86 | HWThread 87 | HWThread 88 | HWThread 89 | HWThread 90 | HWThread 91 | HWThread 92 | HWThread 93 | HWThread 94 | HWThread 95 | HWThread 96 | HWThread 97 | HWThread 98 | HWThread 99 | HWThread 100 | HWThread 101 | HWThread 102 | HWThread 103 | HWThread 104 | HWThread 105 | HWThread 106 | HWThread 107 | HWThread 108 | HWThread 109 | HWThread 110 | HWThread 111 | HWThread 112 | HWThread 113 | HWThread 114 | HWThread 115 | HWThread 116 | HWThread 117 | HWThread 118 | HWThread 119 | HWThread 120 | HWThread 121 | HWThread 122 | HWThread 123 | HWThread 124 | HWThread 125 | HWThread 126 | HWThread 127 | HWThread 128 | HWThread 129 | HWThread 130 | HWThread 131 | HWThread 132 | HWThread 133 | HWThread 134 | HWThread 135 | HWThread 136 | HWThread 137 | HWThread 138 | HWThread 139 | HWThread 140 | HWThread 141 | HWThread 142 | HWThread 143 | HWThread 144 | HWThread 145 | HWThread 146 | HWThread 147 | HWThread 148 | HWThread 149 | HWThread 150 | HWThread 151 | HWThread 152 | HWThread 153 | HWThread 154 | HWThread 155 | HWThread 156 | HWThread 157 | HWThread 158 | HWThread 159 | HWThread 160 | HWThread 161 | HWThread 162 | HWThread 163 | HWThread 164 | HWThread 165 | HWThread 166 | HWThread 167 | HWThread 168 | HWThread 169 | HWThread 170 | HWThread 171 | HWThread 172 | HWThread 173 | HWThread 174 | HWThread 175 | HWThread 176 | HWThread 177 | HWThread 178 | HWThread 179 | HWThread 180 | HWThread 181 | HWThread 182 | HWThread 183 | HWThread 184 | HWThread 185 | HWThread 186 | HWThread 187 | HWThread 188 | HWThread 189 | HWThread 190 | HWThread 191 |
+----------------------+------------+------------+------------+------------+------------+------------+------------+------------+------------+------------+-------------+-------------+-------------+-------------+-------------+-------------+-------------+-------------+-------------+-------------+-------------+-------------+-------------+-------------+-------------+-------------+-------------+-------------+-------------+-------------+-------------+-------------+-------------+-------------+-------------+-------------+-------------+-------------+-------------+-------------+-------------+-------------+-------------+-------------+-------------+-------------+-------------+-------------+-------------+-------------+-------------+-------------+-------------+-------------+-------------+-------------+-------------+-------------+-------------+-------------+-------------+-------------+-------------+-------------+-------------+-------------+-------------+-------------+-------------+-------------+-------------+-------------+-------------+-------------+-------------+-------------+-------------+-------------+-------------+-------------+-------------+-------------+-------------+-------------+-------------+-------------+-------------+-------------+-------------+-------------+-------------+-------------+-------------+-------------+-------------+-------------+-------------+-------------+-------------+-------------+--------------+--------------+--------------+--------------+--------------+--------------+--------------+--------------+--------------+--------------+--------------+--------------+--------------+--------------+--------------+--------------+--------------+--------------+--------------+--------------+--------------+--------------+--------------+--------------+--------------+--------------+--------------+--------------+--------------+--------------+--------------+--------------+--------------+--------------+--------------+--------------+--------------+--------------+--------------+--------------+--------------+--------------+--------------+--------------+--------------+--------------+--------------+--------------+--------------+--------------+--------------+--------------+--------------+--------------+--------------+--------------+--------------+--------------+--------------+--------------+--------------+--------------+--------------+--------------+--------------+--------------+--------------+--------------+--------------+--------------+--------------+--------------+--------------+--------------+--------------+--------------+--------------+--------------+--------------+--------------+--------------+--------------+--------------+--------------+--------------+--------------+--------------+--------------+--------------+--------------+--------------+--------------+
|  Runtime (RDTSC) [s] |     1.0733 |     1.0732 |     1.0736 |     1.0733 |     1.0736 |     1.0736 |     1.0735 |     1.0735 |     1.0740 |     1.0740 |      1.0738 |      1.0734 |      1.0736 |      1.0735 |      1.0733 |      1.0736 |      1.0733 |      1.0732 |      1.0732 |      1.0732 |      1.0734 |      1.0732 |      1.0733 |      1.0732 |      1.0732 |      1.0735 |      1.0736 |      1.0733 |      1.0732 |      1.0735 |      1.0735 |      1.0732 |      1.0739 |      1.0743 |      1.0743 |      1.0736 |      1.0757 |      1.0732 |      1.0743 |      1.0732 |      1.0735 |      1.0735 |      1.0736 |      1.0734 |      1.0736 |      1.0733 |      1.0736 |      1.0736 |      1.0733 |      1.0734 |      1.0734 |      1.0735 |      1.0734 |      1.0735 |      1.0734 |      1.0736 |      1.0734 |      1.0739 |      1.0740 |      1.0733 |      1.0734 |      1.0734 |      1.0734 |      1.0739 |      1.0738 |      1.0734 |      1.0738 |      1.0734 |      1.0735 |      1.0736 |      1.0745 |      1.0739 |      1.0732 |      1.0733 |      1.0732 |      1.0733 |      1.0732 |      1.0733 |      1.0733 |      1.0732 |      1.0732 |      1.0735 |      1.0735 |      1.0735 |      1.0733 |      1.0733 |      1.0740 |      1.0740 |      1.0735 |      1.0736 |      1.0743 |      1.0735 |      1.0743 |      1.0735 |      1.0735 |      1.0735 |      1.0736 |      1.0736 |      1.0736 |      1.0733 |       1.0733 |       1.0732 |       1.0733 |       1.0732 |       1.0734 |       1.0734 |       1.0734 |       1.0736 |       1.0734 |       1.0733 |       1.0735 |       1.0736 |       1.0735 |       1.0732 |       1.0735 |       1.0736 |       1.0732 |       1.0735 |       1.0736 |       1.0733 |       1.0732 |       1.0736 |       1.0732 |       1.0732 |       1.0734 |       1.0733 |       1.0736 |       1.0733 |       1.0733 |       1.0734 |       1.0736 |       1.0736 |       1.0736 |       1.0732 |       1.0736 |       1.0735 |       1.0734 |       1.0739 |       1.0732 |       1.0733 |       1.0735 |       1.0734 |       1.0732 |       1.0735 |       1.0737 |       1.0734 |       1.0736 |       1.0732 |       1.0733 |       1.0735 |       1.0734 |       1.0735 |       1.0733 |       1.0734 |       1.0735 |       1.0732 |       1.0732 |       1.0735 |       1.0733 |       1.0735 |       1.0734 |       1.0736 |       1.0734 |       1.0735 |       1.0736 |       1.0735 |       1.0735 |       1.0733 |       1.0732 |       1.0732 |       1.0732 |       1.0735 |       1.0732 |       1.0734 |       1.0734 |       1.0735 |       1.0736 |       1.0735 |       1.0732 |       1.0732 |       1.0735 |       1.0732 |       1.0735 |       1.0732 |       1.0734 |       1.0736 |       1.0733 |       1.0736 |       1.0739 |       1.0733 |       1.0734 |       1.0732 |
| Runtime unhalted [s] |     0.8518 |     0.8520 |     0.8521 |     0.8520 |     0.8520 |     0.8521 |     0.8520 |     0.8522 |     0.8524 |     0.8522 |      0.8521 |      0.8522 |      0.8522 |      0.8521 |      0.8517 |      0.8522 |      0.8516 |      0.8520 |      0.8515 |      0.8519 |      0.8519 |      0.8516 |      0.8518 |      0.8516 |      0.8515 |      0.8518 |      0.8519 |      0.8516 |      0.8517 |      0.8521 |      0.8519 |      0.8516 |      0.8520 |      0.8524 |      0.8521 |      0.8519 |      0.8522 |      0.8515 |      0.8520 |      0.8514 |      0.8522 |      0.8520 |      0.8523 |      0.8523 |      0.8523 |      0.8519 |      0.8521 |      0.8522 |      0.8515 |      0.8519 |      0.8520 |      0.8523 |      0.8519 |      0.8519 |      0.8523 |      0.8522 |      0.8522 |      0.8524 |      0.8523 |      0.8517 |      0.8522 |      0.8524 |      0.8522 |      0.8523 |      0.8520 |      0.8519 |      0.8523 |      0.8519 |      0.8517 |      0.8518 |      0.8521 |      0.8519 |      0.8519 |      0.8518 |      0.8520 |      0.8520 |      0.8520 |      0.8519 |      0.8519 |      0.8520 |      0.8519 |      0.8520 |      0.8519 |      0.8519 |      0.8516 |      0.8519 |      0.8519 |      0.8523 |      0.8523 |      0.8521 |      0.8524 |      0.8522 |      0.8527 |      0.8522 |      0.8522 |      0.8522 |      0.8517 |      0.8516 |      0.8514 |      0.8513 |       0.8516 |       0.8518 |       0.8513 |       0.8515 |       0.8513 |       0.8518 |       0.8517 |       0.8516 |       0.8518 |       0.8514 |       0.8520 |       0.8517 |       0.8514 |       0.8515 |       0.8521 |       0.8517 |       0.8512 |       0.8522 |       0.8518 |       0.8513 |       0.8519 |       0.8517 |       0.8516 |       0.8517 |       0.8522 |       0.8514 |       0.8519 |       0.8519 |       0.8519 |       0.8521 |       0.8521 |       0.8521 |       0.8521 |       0.8519 |       0.8522 |       0.8523 |       0.8522 |       0.8523 |       0.8523 |       0.8514 |       0.8522 |       0.8518 |       0.8519 |       0.8516 |       0.8520 |       0.8522 |       0.8519 |       0.8515 |       0.8518 |       0.8523 |       0.8519 |       0.8524 |       0.8518 |       0.8520 |       0.8518 |       0.8514 |       0.8516 |       0.8519 |       0.8514 |       0.8523 |       0.8522 |       0.8521 |       0.8519 |       0.8521 |       0.8517 |       0.8519 |       0.8523 |       0.8518 |       0.8519 |       0.8517 |       0.8518 |       0.8522 |       0.8522 |       0.8522 |       0.8523 |       0.8520 |       0.8518 |       0.8518 |       0.8515 |       0.8515 |       0.8518 |       0.8515 |       0.8522 |       0.8519 |       0.8513 |       0.8523 |       0.8520 |       0.8522 |       0.8522 |       0.8519 |       0.8518 |       0.8515 |
|      Clock [MHz]     |  1897.2135 |  1897.4710 |  1896.9530 |  1897.4933 |  1896.7652 |  1897.1708 |  1896.7632 |  1897.2043 |  1896.6513 |  1897.0655 |   1896.8644 |   1897.0565 |   1896.9702 |   1896.8691 |   1896.8967 |   1896.9960 |   1897.4599 |   1897.5769 |   1897.2920 |   1897.1727 |   1896.9331 |   1897.4406 |   1897.1692 |   1897.4565 |   1897.2982 |   1897.0700 |   1897.2303 |   1897.2972 |   1897.5646 |   1896.9927 |   1897.1538 |   1897.3132 |   1896.3418 |   1896.6327 |   1896.3839 |   1897.1240 |   1896.4876 |   1897.2573 |   1896.3593 |   1896.8392 |   1897.2826 |   1896.8483 |   1897.4019 |   1897.4333 |   1897.3580 |   1897.2349 |   1896.9758 |   1897.3599 |   1896.8595 |   1897.2061 |   1897.2752 |   1897.4541 |   1897.1191 |   1897.1764 |   1897.4545 |   1896.9474 |   1897.2481 |   1896.7822 |   1896.3946 |   1896.8364 |   1897.1725 |   1897.2854 |   1896.9011 |   1896.7867 |   1896.5381 |   1897.2152 |   1896.3364 |   1897.2146 |   1896.9284 |   1897.1249 |   1896.5285 |   1897.1851 |   1897.1608 |   1897.1329 |   1897.5924 |   1897.5719 |   1897.5684 |   1897.5383 |   1897.1792 |   1897.5811 |   1897.5612 |   1897.3026 |   1897.1664 |   1897.0918 |   1897.0907 |   1897.1165 |   1897.2029 |   1897.4652 |   1897.0103 |   1896.7514 |   1896.4218 |   1897.0084 |   1896.8595 |   1897.0211 |   1897.1003 |   1897.0934 |   1897.7147 |   1897.8646 |   1897.6749 |   1897.6793 |    1897.2572 |    1897.1689 |    1896.9716 |    1897.1652 |    1897.7714 |    1897.7494 |    1897.9593 |    1897.7139 |    1897.2794 |    1897.9999 |    1897.2642 |    1896.7054 |    1896.8522 |    1897.1884 |    1897.0511 |    1896.8788 |    1897.3810 |    1897.4309 |    1897.0989 |    1897.5441 |    1897.2256 |    1896.7557 |    1897.3099 |    1896.8796 |    1896.9933 |    1897.0200 |    1897.2616 |    1897.3006 |    1897.1442 |    1896.9362 |    1896.9713 |    1896.9146 |    1896.8179 |    1897.0944 |    1897.2043 |    1897.4323 |    1896.9880 |    1897.4837 |    1897.4555 |    1897.0072 |    1897.3448 |    1897.2641 |    1897.1570 |    1897.7088 |    1897.3221 |    1896.9964 |    1897.1090 |    1897.2984 |    1897.1787 |    1897.2176 |    1897.1517 |    1897.5613 |    1897.1782 |    1897.5578 |    1896.9632 |    1896.5435 |    1897.4720 |    1897.2186 |    1896.9397 |    1897.1019 |    1897.4192 |    1897.3098 |    1897.0758 |    1897.4349 |    1897.4658 |    1898.1065 |    1897.4542 |    1897.1261 |    1897.1847 |    1897.3897 |    1897.1929 |    1896.9868 |    1897.5184 |    1897.5225 |    1897.5161 |    1897.1768 |    1897.0632 |    1897.5844 |    1897.6752 |    1897.2480 |    1896.9333 |    1897.2945 |    1897.0454 |    1897.5724 |    1897.6708 |    1897.3677 |    1897.5098 |    1897.2537 |    1897.0962 |    1897.1281 |    1896.7604 |    1897.1699 |
|          CPI         |     0.7914 |     0.7921 |     0.7923 |     0.7921 |     0.7923 |     0.7923 |     0.7922 |     0.7923 |     0.7926 |     0.7925 |      0.7924 |      0.7922 |      0.7923 |      0.7922 |      0.7921 |      0.7923 |      0.7920 |      0.7920 |      0.7919 |      0.7920 |      0.7920 |      0.7919 |      0.7919 |      0.7920 |      0.7921 |      0.7922 |      0.7922 |      0.7920 |      0.7920 |      0.7922 |      0.7921 |      0.7920 |      0.7923 |      0.7926 |      0.7925 |      0.7921 |      0.7935 |      0.7919 |      0.7925 |      0.7919 |      0.7922 |      0.7922 |      0.7923 |      0.7922 |      0.7921 |      0.7921 |      0.7921 |      0.7922 |      0.7922 |      0.7922 |      0.7922 |      0.7922 |      0.7921 |      0.7922 |      0.7922 |      0.7923 |      0.7920 |      0.7923 |      0.7924 |      0.7919 |      0.7920 |      0.7920 |      0.7919 |      0.7923 |      0.7922 |      0.7921 |      0.7923 |      0.7921 |      0.7921 |      0.7921 |      0.7925 |      0.7923 |      0.7917 |      0.7919 |      0.7919 |      0.7919 |      0.7919 |      0.7919 |      0.7918 |      0.7918 |      0.7920 |      0.7922 |      0.7923 |      0.7921 |      0.7921 |      0.7922 |      0.7924 |      0.7925 |      0.7922 |      0.7922 |      0.7926 |      0.7920 |      0.7926 |      0.7920 |      0.7919 |      0.7920 |      0.7927 |      0.7928 |      0.7928 |      0.7926 |       0.7925 |       0.7925 |       0.7926 |       0.7925 |       0.7927 |       0.7927 |       0.7926 |       0.7927 |       0.7926 |       0.7925 |       0.7926 |       0.7926 |       0.7927 |       0.7927 |       0.7928 |       0.7928 |       0.7925 |       0.7927 |       0.7930 |       0.7924 |       0.7927 |       0.7929 |       0.7927 |       0.7926 |       0.7928 |       0.7927 |       0.7929 |       0.7920 |       0.7925 |       0.7926 |       0.7927 |       0.7927 |       0.7926 |       0.7925 |       0.7926 |       0.7926 |       0.7926 |       0.7929 |       0.7925 |       0.7925 |       0.7924 |       0.7925 |       0.7923 |       0.7926 |       0.7926 |       0.7925 |       0.7926 |       0.7924 |       0.7924 |       0.7925 |       0.7924 |       0.7925 |       0.7925 |       0.7925 |       0.7925 |       0.7924 |       0.7924 |       0.7925 |       0.7924 |       0.7925 |       0.7926 |       0.7928 |       0.7926 |       0.7927 |       0.7926 |       0.7925 |       0.7926 |       0.7923 |       0.7924 |       0.7924 |       0.7924 |       0.7925 |       0.7924 |       0.7925 |       0.7925 |       0.7925 |       0.7927 |       0.7926 |       0.7924 |       0.7925 |       0.7925 |       0.7924 |       0.7926 |       0.7924 |       0.7925 |       0.7927 |       0.7925 |       0.7927 |       0.7927 |       0.7924 |       0.7924 |       0.7923 |
|     SP [MFLOP/s]     | 60023.2455 | 60030.2926 | 60007.9266 | 60027.3281 | 60009.2681 | 60009.6035 | 60011.0568 | 60010.8332 | 59984.4603 | 59986.0241 |  59998.4261 |  60017.0387 |  60008.8209 |  60014.0197 |  60024.1403 |  60005.9704 |  60027.3281 |  60028.2230 |  60028.0552 |  60027.8315 |  60016.9269 |  60029.7892 |  60027.1603 |  60030.2366 |  60030.0688 |  60012.6221 |  60009.3240 |  60025.8181 |  60027.6637 |  60011.6717 |  60013.0693 |  60030.3485 |  59990.3251 |  59969.2728 |  59969.2728 |  60009.1004 |  59888.7182 |  60027.5519 |  59967.9331 |  60030.7960 |  60014.9142 |  60014.0756 |  60005.6350 |  60017.0387 |  60005.6350 |  60023.2455 |  60007.9825 |  60006.8646 |  60024.5877 |  60016.7033 |  60016.7592 |  60013.9079 |  60019.1075 |  60015.4733 |  60016.7033 |  60005.9704 |  60017.4301 |  59993.0624 |  59987.6439 |  60024.2521 |  60017.2065 |  60018.8838 |  60018.8838 |  59993.9005 |  59998.6496 |  60016.8151 |  59996.9175 |  60017.5419 |  60012.5662 |  60007.7589 |  59960.1752 |  59988.8169 |  60029.9010 |  60025.7621 |  60030.0688 |  60025.8181 |  60030.5723 |  60025.8181 |  60024.3640 |  60030.0129 |  60030.2366 |  60014.9142 |  60013.3488 |  60015.1937 |  60025.4266 |  60025.4266 |  59985.2980 |  59985.2980 |  60014.1874 |  60008.8209 |  59967.9889 |  60013.9079 |  59966.1469 |  60014.0197 |  60016.2001 |  60014.6906 |  60008.9886 |  60006.7528 |  60009.0445 |  60023.5810 |   60026.4333 |   60030.3485 |   60022.1830 |   60030.7401 |   60021.3442 |   60017.5978 |   60016.7033 |   60007.4795 |   60021.1764 |   60025.8740 |   60015.5851 |   60009.3799 |   60015.4733 |   60027.5519 |   60014.0197 |   60007.8707 |   60027.6637 |   60015.5292 |   60009.9389 |   60025.9299 |   60029.8451 |   60005.8027 |   60028.5586 |   60030.6282 |   60016.9828 |   60023.8047 |   60005.6909 |   60023.5251 |   60027.3841 |   60018.5484 |   60006.6411 |   60009.4358 |   60008.7091 |   60027.7756 |   60010.1625 |   60014.6346 |   60018.9398 |   59988.3700 |   60030.4604 |   60023.8047 |   60011.0009 |   60021.2883 |   60030.3485 |   60012.6221 |   60005.0761 |   60018.6602 |   60005.4115 |   60030.5163 |   60025.4266 |   60015.0819 |   60021.5679 |   60014.4110 |   60027.4959 |   60021.2883 |   60013.5724 |   60029.9570 |   60029.9570 |   60015.3055 |   60024.4199 |   60012.1749 |   60018.4365 |   60005.6350 |   60016.8151 |   60015.2496 |   60005.5233 |   60015.9205 |   60011.5599 |   60024.0284 |   60029.5654 |   60030.3485 |   60030.1248 |   60011.1686 |   60027.7196 |   60021.3442 |   60016.4237 |   60013.4606 |   60006.6411 |   60015.3055 |   60030.6282 |   60030.2926 |   60015.9764 |   60030.5163 |   60014.5787 |   60029.6773 |   60020.1140 |   60006.3616 |   60027.2722 |   60006.3616 |   59990.4927 |   60027.1603 |   60020.1140 |   60030.6282 |
+----------------------+------------+------------+------------+------------+------------+------------+------------+------------+------------+------------+-------------+-------------+-------------+-------------+-------------+-------------+-------------+-------------+-------------+-------------+-------------+-------------+-------------+-------------+-------------+-------------+-------------+-------------+-------------+-------------+-------------+-------------+-------------+-------------+-------------+-------------+-------------+-------------+-------------+-------------+-------------+-------------+-------------+-------------+-------------+-------------+-------------+-------------+-------------+-------------+-------------+-------------+-------------+-------------+-------------+-------------+-------------+-------------+-------------+-------------+-------------+-------------+-------------+-------------+-------------+-------------+-------------+-------------+-------------+-------------+-------------+-------------+-------------+-------------+-------------+-------------+-------------+-------------+-------------+-------------+-------------+-------------+-------------+-------------+-------------+-------------+-------------+-------------+-------------+-------------+-------------+-------------+-------------+-------------+-------------+-------------+-------------+-------------+-------------+-------------+--------------+--------------+--------------+--------------+--------------+--------------+--------------+--------------+--------------+--------------+--------------+--------------+--------------+--------------+--------------+--------------+--------------+--------------+--------------+--------------+--------------+--------------+--------------+--------------+--------------+--------------+--------------+--------------+--------------+--------------+--------------+--------------+--------------+--------------+--------------+--------------+--------------+--------------+--------------+--------------+--------------+--------------+--------------+--------------+--------------+--------------+--------------+--------------+--------------+--------------+--------------+--------------+--------------+--------------+--------------+--------------+--------------+--------------+--------------+--------------+--------------+--------------+--------------+--------------+--------------+--------------+--------------+--------------+--------------+--------------+--------------+--------------+--------------+--------------+--------------+--------------+--------------+--------------+--------------+--------------+--------------+--------------+--------------+--------------+--------------+--------------+--------------+--------------+--------------+--------------+--------------+--------------+
+---------------------------+--------------+------------+------------+------------+
|           Metric          |      Sum     |     Min    |     Max    |     Avg    |
+---------------------------+--------------+------------+------------+------------+
|  Runtime (RDTSC) [s] STAT |     206.1081 |     1.0732 |     1.0757 |     1.0735 |
| Runtime unhalted [s] STAT |     163.5697 |     0.8512 |     0.8527 |     0.8519 |
|      Clock [MHz] STAT     |  364258.8030 |  1896.3364 |  1898.1065 |  1897.1813 |
|          CPI STAT         |     152.1332 |     0.7914 |     0.7935 |     0.7924 |
|     SP [MFLOP/s] STAT     | 1.152279e+07 | 59888.7182 | 60030.7960 | 60014.5521 |
+---------------------------+--------------+------------+------------+------------+
