--------------------------------------------------------------------------------
CPU name:	AMD EPYC 9654 96-Core Processor                
CPU type:	AMD K19 (Zen4) architecture
CPU clock:	2.40 GHz
--------------------------------------------------------------------------------
Region bench, Group 1: FLOPS_SP
+-------------------+------------+------------+------------+------------+------------+------------+------------+------------+------------+------------+-------------+-------------+-------------+-------------+-------------+-------------+-------------+-------------+-------------+-------------+-------------+-------------+-------------+-------------+-------------+-------------+-------------+-------------+-------------+-------------+-------------+-------------+-------------+-------------+-------------+-------------+-------------+-------------+-------------+-------------+-------------+-------------+-------------+-------------+-------------+-------------+-------------+-------------+-------------+-------------+-------------+-------------+-------------+-------------+-------------+-------------+-------------+-------------+-------------+-------------+-------------+-------------+-------------+-------------+-------------+-------------+-------------+-------------+-------------+-------------+-------------+-------------+-------------+-------------+-------------+-------------+-------------+-------------+-------------+-------------+-------------+-------------+-------------+-------------+-------------+-------------+-------------+-------------+-------------+-------------+-------------+-------------+-------------+-------------+-------------+-------------+
|    Region Info    | HWThread 0 | HWThread 1 | HWThread 2 | HWThread 3 | HWThread 4 | HWThread 5 | HWThread 6 | HWThread 7 | HWThread 8 | HWThread 9 | HWThread 10 | HWThread 11 | HWThread 12 | HWThread 13 | HWThread 14 | HWThread 15 | HWThread 16 | HWThread 17 | HWThread 18 | HWThread 19 | HWThread 20 | HWThread 21 | HWThread 22 | HWThread 23 | HWThread 24 | HWThread 25 | HWThread 26 | HWThread 27 | HWThread 28 | HWThread 29 | HWThread 30 | HWThread 31 | HWThread 32 | HWThread 33 | HWThread 34 | HWThread 35 | HWThread 36 | HWThread 37 | HWThread 38 | HWThread 39 | HWThread 40 | HWThread 41 | HWThread 42 | HWThread 43 | HWThread 44 | HWThread 45 | HWThread 46 | HWThread 47 | HWThread 48 | HWThread 49 | HWThread 50 | HWThread 51 | HWThread 52 | HWThread 53 | HWThread 54 | HWThread 55 | HWThread 56 | HWThread 57 | HWThread 58 | HWThread 59 | HWThread 60 | HWThread 61 | HWThread 62 | HWThread 63 | HWThread 64 | HWThread 65 | HWThread 66 | HWThread 67 | HWThread 68 | HWThread 69 | HWThread 70 | HWThread 71 | HWThread 72 | HWThread 73 | HWThread 74 | HWThread 75 | HWThread 76 | HWThread 77 | HWThread 78 | HWThread 79 | HWThread 80 | HWThread 81 | HWThread 82 | HWThread 83 | HWThread 84 | HWThread 85 | HWThread 86 | HWThread 87 | HWThread 88 | HWThread 89 | HWThread 90 | HWThread 91 | HWThread 92 | HWThread 93 | HWThread 94 | HWThread 95 |
+-------------------+------------+------------+------------+------------+------------+------------+------------+------------+------------+------------+-------------+-------------+-------------+-------------+-------------+-------------+-------------+-------------+-------------+-------------+-------------+-------------+-------------+-------------+-------------+-------------+-------------+-------------+-------------+-------------+-------------+-------------+-------------+-------------+-------------+-------------+-------------+-------------+-------------+-------------+-------------+-------------+-------------+-------------+-------------+-------------+-------------+-------------+-------------+-------------+-------------+-------------+-------------+-------------+-------------+-------------+-------------+-------------+-------------+-------------+-------------+-------------+-------------+-------------+-------------+-------------+-------------+-------------+-------------+-------------+-------------+-------------+-------------+-------------+-------------+-------------+-------------+-------------+-------------+-------------+-------------+-------------+-------------+-------------+-------------+-------------+-------------+-------------+-------------+-------------+-------------+-------------+-------------+-------------+-------------+-------------+
| RDTSC Runtime [s] |   1.718513 |   1.718510 |   1.718477 |   1.718654 |   1.718479 |   1.718650 |   1.718563 |   1.718504 |   1.718530 |   1.718504 |    1.718872 |    1.718678 |    1.718660 |    1.718513 |    1.718509 |    1.718506 |    1.718503 |    1.718440 |    1.718515 |    1.718556 |    1.718640 |    1.718610 |    1.718421 |    1.718639 |    1.718604 |    1.718615 |    1.718521 |    1.718502 |    1.718651 |    1.718439 |    1.718605 |    1.718512 |    1.718564 |    1.718488 |    1.718661 |    1.718781 |    1.718514 |    1.718654 |    1.718502 |    1.718651 |    1.718686 |    1.718503 |    1.718520 |    1.718453 |    1.718859 |    1.718657 |    1.718683 |    1.718611 |    1.718488 |    1.718724 |    1.718764 |    1.718724 |    1.718755 |    1.718764 |    1.718444 |    1.718724 |    1.718706 |    1.718482 |    1.718713 |    1.718658 |    1.718712 |    1.718546 |    1.718526 |    1.718677 |    1.718604 |    1.718511 |    1.718607 |    1.718504 |    1.718512 |    1.718510 |    1.718460 |    1.718515 |    1.718458 |    1.718667 |    1.718712 |    1.718434 |    1.718647 |    1.718504 |    1.719013 |    1.718717 |    1.718656 |    1.718460 |    1.718983 |    1.718601 |    1.718447 |    1.718619 |    1.718659 |    1.718441 |    1.718437 |    1.718760 |    1.718484 |    1.718707 |    1.718506 |    1.718421 |    1.718523 |    1.718762 |
|     call count    |          1 |          1 |          1 |          1 |          1 |          1 |          1 |          1 |          1 |          1 |           1 |           1 |           1 |           1 |           1 |           1 |           1 |           1 |           1 |           1 |           1 |           1 |           1 |           1 |           1 |           1 |           1 |           1 |           1 |           1 |           1 |           1 |           1 |           1 |           1 |           1 |           1 |           1 |           1 |           1 |           1 |           1 |           1 |           1 |           1 |           1 |           1 |           1 |           1 |           1 |           1 |           1 |           1 |           1 |           1 |           1 |           1 |           1 |           1 |           1 |           1 |           1 |           1 |           1 |           1 |           1 |           1 |           1 |           1 |           1 |           1 |           1 |           1 |           1 |           1 |           1 |           1 |           1 |           1 |           1 |           1 |           1 |           1 |           1 |           1 |           1 |           1 |           1 |           1 |           1 |           1 |           1 |           1 |           1 |           1 |           1 |
+-------------------+------------+------------+------------+------------+------------+------------+------------+------------+------------+------------+-------------+-------------+-------------+-------------+-------------+-------------+-------------+-------------+-------------+-------------+-------------+-------------+-------------+-------------+-------------+-------------+-------------+-------------+-------------+-------------+-------------+-------------+-------------+-------------+-------------+-------------+-------------+-------------+-------------+-------------+-------------+-------------+-------------+-------------+-------------+-------------+-------------+-------------+-------------+-------------+-------------+-------------+-------------+-------------+-------------+-------------+-------------+-------------+-------------+-------------+-------------+-------------+-------------+-------------+-------------+-------------+-------------+-------------+-------------+-------------+-------------+-------------+-------------+-------------+-------------+-------------+-------------+-------------+-------------+-------------+-------------+-------------+-------------+-------------+-------------+-------------+-------------+-------------+-------------+-------------+-------------+-------------+-------------+-------------+-------------+-------------+
+---------------------------+---------+-------------+-------------+-------------+-------------+-------------+-------------+-------------+-------------+-------------+-------------+-------------+-------------+-------------+-------------+-------------+-------------+-------------+-------------+-------------+-------------+-------------+-------------+-------------+-------------+-------------+-------------+-------------+-------------+-------------+-------------+-------------+-------------+-------------+-------------+-------------+-------------+-------------+-------------+-------------+-------------+-------------+-------------+-------------+-------------+-------------+-------------+-------------+-------------+-------------+-------------+-------------+-------------+-------------+-------------+-------------+-------------+-------------+-------------+-------------+-------------+-------------+-------------+-------------+-------------+-------------+-------------+-------------+-------------+-------------+-------------+-------------+-------------+-------------+-------------+-------------+-------------+-------------+-------------+-------------+-------------+-------------+-------------+-------------+-------------+-------------+-------------+-------------+-------------+-------------+-------------+-------------+-------------+-------------+-------------+-------------+-------------+
|           Event           | Counter |  HWThread 0 |  HWThread 1 |  HWThread 2 |  HWThread 3 |  HWThread 4 |  HWThread 5 |  HWThread 6 |  HWThread 7 |  HWThread 8 |  HWThread 9 | HWThread 10 | HWThread 11 | HWThread 12 | HWThread 13 | HWThread 14 | HWThread 15 | HWThread 16 | HWThread 17 | HWThread 18 | HWThread 19 | HWThread 20 | HWThread 21 | HWThread 22 | HWThread 23 | HWThread 24 | HWThread 25 | HWThread 26 | HWThread 27 | HWThread 28 | HWThread 29 | HWThread 30 | HWThread 31 | HWThread 32 | HWThread 33 | HWThread 34 | HWThread 35 | HWThread 36 | HWThread 37 | HWThread 38 | HWThread 39 | HWThread 40 | HWThread 41 | HWThread 42 | HWThread 43 | HWThread 44 | HWThread 45 | HWThread 46 | HWThread 47 | HWThread 48 | HWThread 49 | HWThread 50 | HWThread 51 | HWThread 52 | HWThread 53 | HWThread 54 | HWThread 55 | HWThread 56 | HWThread 57 | HWThread 58 | HWThread 59 | HWThread 60 | HWThread 61 | HWThread 62 | HWThread 63 | HWThread 64 | HWThread 65 | HWThread 66 | HWThread 67 | HWThread 68 | HWThread 69 | HWThread 70 | HWThread 71 | HWThread 72 | HWThread 73 | HWThread 74 | HWThread 75 | HWThread 76 | HWThread 77 | HWThread 78 | HWThread 79 | HWThread 80 | HWThread 81 | HWThread 82 | HWThread 83 | HWThread 84 | HWThread 85 | HWThread 86 | HWThread 87 | HWThread 88 | HWThread 89 | HWThread 90 | HWThread 91 | HWThread 92 | HWThread 93 | HWThread 94 | HWThread 95 |
+---------------------------+---------+-------------+-------------+-------------+-------------+-------------+-------------+-------------+-------------+-------------+-------------+-------------+-------------+-------------+-------------+-------------+-------------+-------------+-------------+-------------+-------------+-------------+-------------+-------------+-------------+-------------+-------------+-------------+-------------+-------------+-------------+-------------+-------------+-------------+-------------+-------------+-------------+-------------+-------------+-------------+-------------+-------------+-------------+-------------+-------------+-------------+-------------+-------------+-------------+-------------+-------------+-------------+-------------+-------------+-------------+-------------+-------------+-------------+-------------+-------------+-------------+-------------+-------------+-------------+-------------+-------------+-------------+-------------+-------------+-------------+-------------+-------------+-------------+-------------+-------------+-------------+-------------+-------------+-------------+-------------+-------------+-------------+-------------+-------------+-------------+-------------+-------------+-------------+-------------+-------------+-------------+-------------+-------------+-------------+-------------+-------------+-------------+
|      ACTUAL_CPU_CLOCK     |  FIXC1  |  3262137000 |  3262229000 |  3262353000 |  3262021000 |  3262466000 |  3262257000 |  3261886000 |  3262339000 |  3262544000 |  3261964000 |  3262811000 |  3262355000 |  3262397000 |  3262313000 |  3262431000 |  3262227000 |  3262473000 |  3261948000 |  3262267000 |  3262047000 |  3262690000 |  3262113000 |  3261774000 |  3262107000 |  3262560000 |  3262553000 |  3262289000 |  3262181000 |  3262202000 |  3261942000 |  3262513000 |  3262246000 |  3262022000 |  3262007000 |  3262463000 |  3262571000 |  3262113000 |  3262556000 |  3262343000 |  3262276000 |  3262551000 |  3262357000 |  3262114000 |  3261875000 |  3262365000 |  3262450000 |  3262473000 |  3262327000 |  3262537000 |  3262617000 |  3262628000 |  3262618000 |  3262623000 |  3262656000 |  3262538000 |  3262626000 |  3262209000 |  3262471000 |  3262203000 |  3262532000 |  3262640000 |  3262353000 |  3262454000 |  3262266000 |  3261978000 |  3261953000 |  3262120000 |  3262114000 |  3262321000 |  3262136000 |  3262354000 |  3262252000 |  3262437000 |  3262449000 |  3262620000 |  3262221000 |  3262427000 |  3262689000 |  3262814000 |  3262465000 |  3262485000 |  3262507000 |  3262900000 |  3262051000 |  3262714000 |  3262004000 |  3262664000 |  3262294000 |  3262502000 |  3262579000 |  3262524000 |  3262646000 |  3262240000 |  3262694000 |  3262354000 |  3263099000 |
|       MAX_CPU_CLOCK       |  FIXC2  |  4120613000 |  4120734000 |  4121030000 |  4120803000 |  4120894000 |  4120793000 |  4120592000 |  4120725000 |  4121027000 |  4120550000 |  4121509000 |  4121043000 |  4121070000 |  4121028000 |  4120674000 |  4120756000 |  4120911000 |  4120223000 |  4120235000 |  4120407000 |  4120993000 |  4120445000 |  4119657000 |  4120236000 |  4121143000 |  4121032000 |  4120790000 |  4120682000 |  4120566000 |  4120220000 |  4120824000 |  4120954000 |  4120788000 |  4120485000 |  4120704000 |  4120972000 |  4120752000 |  4121047000 |  4120759000 |  4120804000 |  4121054000 |  4120804000 |  4120748000 |  4120223000 |  4120719000 |  4121116000 |  4120748000 |  4121064000 |  4121015000 |  4121018000 |  4121072000 |  4121028000 |  4121052000 |  4121098000 |  4121003000 |  4121052000 |  4120342000 |  4120998000 |  4120337000 |  4121190000 |  4121042000 |  4121052000 |  4120981000 |  4120987000 |  4120545000 |  4120647000 |  4120896000 |  4120658000 |  4120864000 |  4120901000 |  4120950000 |  4120745000 |  4120967000 |  4121078000 |  4121053000 |  4120435000 |  4120908000 |  4120960000 |  4121747000 |  4121150000 |  4121367000 |  4120968000 |  4121825000 |  4120669000 |  4120960000 |  4120606000 |  4121281000 |  4120741000 |  4120935000 |  4120963000 |  4120968000 |  4121070000 |  4120486000 |  4121080000 |  4120741000 |  4121680000 |
|    RETIRED_INSTRUCTIONS   |   PMC0  | 10739560000 | 10739520000 | 10739590000 | 10739680000 | 10739460000 | 10739610000 | 10739690000 | 10739630000 | 10738630000 | 10739560000 | 10739620000 | 10739590000 | 10739440000 | 10739620000 | 10739600000 | 10739500000 | 10739580000 | 10739370000 | 10739440000 | 10739690000 | 10739530000 | 10739450000 | 10739650000 | 10739530000 | 10739650000 | 10739470000 | 10739550000 | 10739400000 | 10739390000 | 10739490000 | 10739500000 | 10739500000 | 10739500000 | 10739370000 | 10739470000 | 10739440000 | 10739410000 | 10739500000 | 10739410000 | 10739440000 | 10739640000 | 10739530000 | 10739560000 | 10739690000 | 10739860000 | 10739840000 | 10739860000 | 10739950000 | 10739620000 | 10739620000 | 10739570000 | 10739650000 | 10739350000 | 10739630000 | 10739550000 | 10739580000 | 10739570000 | 10739480000 | 10739690000 | 10739630000 | 10739580000 | 10739520000 | 10739490000 | 10739540000 | 10739760000 | 10739000000 | 10739720000 | 10739630000 | 10739890000 | 10739890000 | 10739890000 | 10739850000 | 10739610000 | 10739460000 | 10739510000 | 10739330000 | 10739300000 | 10739520000 | 10739570000 | 10739580000 | 10739660000 | 10739050000 | 10739800000 | 10739650000 | 10739200000 | 10739650000 | 10739580000 | 10739560000 | 10739550000 | 10739390000 | 10738720000 | 10739290000 | 10739840000 | 10739840000 | 10739420000 | 10737620000 |
|    CPU_CLOCKS_UNHALTED    |   PMC1  |  3235875000 |  3239285000 |  3238741000 |  3239399000 |  3239087000 |  3239365000 |  3239178000 |  3239036000 |  3238734000 |  3238775000 |  3239306000 |  3238917000 |  3238567000 |  3238773000 |  3238643000 |  3238706000 |  3238580000 |  3237888000 |  3238042000 |  3238471000 |  3238788000 |  3238427000 |  3238280000 |  3238674000 |  3238804000 |  3238832000 |  3238505000 |  3238420000 |  3238853000 |  3238433000 |  3238531000 |  3238359000 |  3238209000 |  3238158000 |  3238321000 |  3238371000 |  3238117000 |  3238415000 |  3237936000 |  3238027000 |  3238950000 |  3238733000 |  3238647000 |  3238618000 |  3237969000 |  3237980000 |  3238144000 |  3238425000 |  3239040000 |  3239395000 |  3239066000 |  3239262000 |  3238993000 |  3239352000 |  3238835000 |  3239018000 |  3238868000 |  3238535000 |  3238870000 |  3238757000 |  3238866000 |  3238531000 |  3238349000 |  3238650000 |  3239319000 |  3239336000 |  3239439000 |  3239240000 |  3237992000 |  3238575000 |  3238073000 |  3237932000 |  3238087000 |  3238382000 |  3238410000 |  3237954000 |  3237817000 |  3238090000 |  3238941000 |  3238112000 |  3239223000 |  3238216000 |  3239968000 |  3239052000 |  3238324000 |  3238985000 |  3239210000 |  3238811000 |  3238370000 |  3238426000 |  3238285000 |  3238467000 |  3238371000 |  3237518000 |  3237758000 |  3238197000 |
| RETIRED_SSE_AVX_FLOPS_ALL |   PMC2  |  8589935000 |  8589935000 |  8589935000 |  8589935000 |  8589935000 |  8589935000 |  8589935000 |  8589935000 |  8589935000 |  8589935000 |  8589935000 |  8589935000 |  8589935000 |  8589935000 |  8589935000 |  8589935000 |  8589935000 |  8589935000 |  8589935000 |  8589935000 |  8589935000 |  8589935000 |  8589935000 |  8589935000 |  8589935000 |  8589935000 |  8589935000 |  8589935000 |  8589935000 |  8589935000 |  8589935000 |  8589935000 |  8589935000 |  8589935000 |  8589935000 |  8589935000 |  8589935000 |  8589935000 |  8589935000 |  8589935000 |  8589935000 |  8589935000 |  8589935000 |  8589935000 |  8589935000 |  8589935000 |  8589935000 |  8589935000 |  8589935000 |  8589935000 |  8589935000 |  8589935000 |  8589935000 |  8589935000 |  8589935000 |  8589935000 |  8589935000 |  8589935000 |  8589935000 |  8589935000 |  8589935000 |  8589935000 |  8589935000 |  8589935000 |  8589935000 |  8589935000 |  8589935000 |  8589935000 |  8589935000 |  8589935000 |  8589935000 |  8589935000 |  8589935000 |  8589935000 |  8589935000 |  8589935000 |  8589935000 |  8589935000 |  8589935000 |  8589935000 |  8589935000 |  8589935000 |  8589935000 |  8589935000 |  8589935000 |  8589935000 |  8589935000 |  8589935000 |  8589935000 |  8589935000 |  8589935000 |  8589935000 |  8589935000 |  8589935000 |  8589935000 |  8589935000 |
|           MERGE           |   PMC3  |           0 |           0 |           0 |           0 |           0 |           0 |           0 |           0 |           0 |           0 |           0 |           0 |           0 |           0 |           0 |           0 |           0 |           0 |           0 |           0 |           0 |           0 |           0 |           0 |           0 |           0 |           0 |           0 |           0 |           0 |           0 |           0 |           0 |           0 |           0 |           0 |           0 |           0 |           0 |           0 |           0 |           0 |           0 |           0 |           0 |           0 |           0 |           0 |           0 |           0 |           0 |           0 |           0 |           0 |           0 |           0 |           0 |           0 |           0 |           0 |           0 |           0 |           0 |           0 |           0 |           0 |           0 |           0 |           0 |           0 |           0 |           0 |           0 |           0 |           0 |           0 |           0 |           0 |           0 |           0 |           0 |           0 |           0 |           0 |           0 |           0 |           0 |           0 |           0 |           0 |           0 |           0 |           0 |           0 |           0 |           0 |
+---------------------------+---------+-------------+-------------+-------------+-------------+-------------+-------------+-------------+-------------+-------------+-------------+-------------+-------------+-------------+-------------+-------------+-------------+-------------+-------------+-------------+-------------+-------------+-------------+-------------+-------------+-------------+-------------+-------------+-------------+-------------+-------------+-------------+-------------+-------------+-------------+-------------+-------------+-------------+-------------+-------------+-------------+-------------+-------------+-------------+-------------+-------------+-------------+-------------+-------------+-------------+-------------+-------------+-------------+-------------+-------------+-------------+-------------+-------------+-------------+-------------+-------------+-------------+-------------+-------------+-------------+-------------+-------------+-------------+-------------+-------------+-------------+-------------+-------------+-------------+-------------+-------------+-------------+-------------+-------------+-------------+-------------+-------------+-------------+-------------+-------------+-------------+-------------+-------------+-------------+-------------+-------------+-------------+-------------+-------------+-------------+-------------+-------------+
+--------------------------------+---------+---------------+-------------+-------------+--------------+
|              Event             | Counter |      Sum      |     Min     |     Max     |      Avg     |
+--------------------------------+---------+---------------+-------------+-------------+--------------+
|      ACTUAL_CPU_CLOCK STAT     |  FIXC1  |  313187076000 |  3261774000 |  3263099000 |   3262365375 |
|       MAX_CPU_CLOCK STAT       |  FIXC2  |  395602057000 |  4119657000 |  4121825000 | 4.120855e+09 |
|    RETIRED_INSTRUCTIONS STAT   |   PMC0  | 1030994360000 | 10737620000 | 10739950000 | 1.073952e+10 |
|    CPU_CLOCKS_UNHALTED STAT    |   PMC1  |  310904561000 |  3235875000 |  3239968000 | 3.238589e+09 |
| RETIRED_SSE_AVX_FLOPS_ALL STAT |   PMC2  |  824633760000 |  8589935000 |  8589935000 |   8589935000 |
|           MERGE STAT           |   PMC3  |             0 |           0 |           0 |            0 |
+--------------------------------+---------+---------------+-------------+-------------+--------------+
+----------------------+------------+------------+------------+------------+------------+------------+------------+------------+------------+------------+-------------+-------------+-------------+-------------+-------------+-------------+-------------+-------------+-------------+-------------+-------------+-------------+-------------+-------------+-------------+-------------+-------------+-------------+-------------+-------------+-------------+-------------+-------------+-------------+-------------+-------------+-------------+-------------+-------------+-------------+-------------+-------------+-------------+-------------+-------------+-------------+-------------+-------------+-------------+-------------+-------------+-------------+-------------+-------------+-------------+-------------+-------------+-------------+-------------+-------------+-------------+-------------+-------------+-------------+-------------+-------------+-------------+-------------+-------------+-------------+-------------+-------------+-------------+-------------+-------------+-------------+-------------+-------------+-------------+-------------+-------------+-------------+-------------+-------------+-------------+-------------+-------------+-------------+-------------+-------------+-------------+-------------+-------------+-------------+-------------+-------------+
|        Metric        | HWThread 0 | HWThread 1 | HWThread 2 | HWThread 3 | HWThread 4 | HWThread 5 | HWThread 6 | HWThread 7 | HWThread 8 | HWThread 9 | HWThread 10 | HWThread 11 | HWThread 12 | HWThread 13 | HWThread 14 | HWThread 15 | HWThread 16 | HWThread 17 | HWThread 18 | HWThread 19 | HWThread 20 | HWThread 21 | HWThread 22 | HWThread 23 | HWThread 24 | HWThread 25 | HWThread 26 | HWThread 27 | HWThread 28 | HWThread 29 | HWThread 30 | HWThread 31 | HWThread 32 | HWThread 33 | HWThread 34 | HWThread 35 | HWThread 36 | HWThread 37 | HWThread 38 | HWThread 39 | HWThread 40 | HWThread 41 | HWThread 42 | HWThread 43 | HWThread 44 | HWThread 45 | HWThread 46 | HWThread 47 | HWThread 48 | HWThread 49 | HWThread 50 | HWThread 51 | HWThread 52 | HWThread 53 | HWThread 54 | HWThread 55 | HWThread 56 | HWThread 57 | HWThread 58 | HWThread 59 | HWThread 60 | HWThread 61 | HWThread 62 | HWThread 63 | HWThread 64 | HWThread 65 | HWThread 66 | HWThread 67 | HWThread 68 | HWThread 69 | HWThread 70 | HWThread 71 | HWThread 72 | HWThread 73 | HWThread 74 | HWThread 75 | HWThread 76 | HWThread 77 | HWThread 78 | HWThread 79 | HWThread 80 | HWThread 81 | HWThread 82 | HWThread 83 | HWThread 84 | HWThread 85 | HWThread 86 | HWThread 87 | HWThread 88 | HWThread 89 | HWThread 90 | HWThread 91 | HWThread 92 | HWThread 93 | HWThread 94 | HWThread 95 |
+----------------------+------------+------------+------------+------------+------------+------------+------------+------------+------------+------------+-------------+-------------+-------------+-------------+-------------+-------------+-------------+-------------+-------------+-------------+-------------+-------------+-------------+-------------+-------------+-------------+-------------+-------------+-------------+-------------+-------------+-------------+-------------+-------------+-------------+-------------+-------------+-------------+-------------+-------------+-------------+-------------+-------------+-------------+-------------+-------------+-------------+-------------+-------------+-------------+-------------+-------------+-------------+-------------+-------------+-------------+-------------+-------------+-------------+-------------+-------------+-------------+-------------+-------------+-------------+-------------+-------------+-------------+-------------+-------------+-------------+-------------+-------------+-------------+-------------+-------------+-------------+-------------+-------------+-------------+-------------+-------------+-------------+-------------+-------------+-------------+-------------+-------------+-------------+-------------+-------------+-------------+-------------+-------------+-------------+-------------+
|  Runtime (RDTSC) [s] |     1.7185 |     1.7185 |     1.7185 |     1.7187 |     1.7185 |     1.7187 |     1.7186 |     1.7185 |     1.7185 |     1.7185 |      1.7189 |      1.7187 |      1.7187 |      1.7185 |      1.7185 |      1.7185 |      1.7185 |      1.7184 |      1.7185 |      1.7186 |      1.7186 |      1.7186 |      1.7184 |      1.7186 |      1.7186 |      1.7186 |      1.7185 |      1.7185 |      1.7187 |      1.7184 |      1.7186 |      1.7185 |      1.7186 |      1.7185 |      1.7187 |      1.7188 |      1.7185 |      1.7187 |      1.7185 |      1.7187 |      1.7187 |      1.7185 |      1.7185 |      1.7185 |      1.7189 |      1.7187 |      1.7187 |      1.7186 |      1.7185 |      1.7187 |      1.7188 |      1.7187 |      1.7188 |      1.7188 |      1.7184 |      1.7187 |      1.7187 |      1.7185 |      1.7187 |      1.7187 |      1.7187 |      1.7185 |      1.7185 |      1.7187 |      1.7186 |      1.7185 |      1.7186 |      1.7185 |      1.7185 |      1.7185 |      1.7185 |      1.7185 |      1.7185 |      1.7187 |      1.7187 |      1.7184 |      1.7186 |      1.7185 |      1.7190 |      1.7187 |      1.7187 |      1.7185 |      1.7190 |      1.7186 |      1.7184 |      1.7186 |      1.7187 |      1.7184 |      1.7184 |      1.7188 |      1.7185 |      1.7187 |      1.7185 |      1.7184 |      1.7185 |      1.7188 |
| Runtime unhalted [s] |     1.3613 |     1.3613 |     1.3614 |     1.3612 |     1.3614 |     1.3613 |     1.3612 |     1.3614 |     1.3615 |     1.3612 |      1.3616 |      1.3614 |      1.3614 |      1.3614 |      1.3614 |      1.3613 |      1.3614 |      1.3612 |      1.3613 |      1.3612 |      1.3615 |      1.3613 |      1.3611 |      1.3613 |      1.3615 |      1.3615 |      1.3613 |      1.3613 |      1.3613 |      1.3612 |      1.3614 |      1.3613 |      1.3612 |      1.3612 |      1.3614 |      1.3615 |      1.3613 |      1.3615 |      1.3614 |      1.3613 |      1.3615 |      1.3614 |      1.3613 |      1.3612 |      1.3614 |      1.3614 |      1.3614 |      1.3614 |      1.3614 |      1.3615 |      1.3615 |      1.3615 |      1.3615 |      1.3615 |      1.3614 |      1.3615 |      1.3613 |      1.3614 |      1.3613 |      1.3614 |      1.3615 |      1.3614 |      1.3614 |      1.3613 |      1.3612 |      1.3612 |      1.3613 |      1.3613 |      1.3614 |      1.3613 |      1.3614 |      1.3613 |      1.3614 |      1.3614 |      1.3615 |      1.3613 |      1.3614 |      1.3615 |      1.3616 |      1.3614 |      1.3614 |      1.3614 |      1.3616 |      1.3612 |      1.3615 |      1.3612 |      1.3615 |      1.3613 |      1.3614 |      1.3615 |      1.3614 |      1.3615 |      1.3613 |      1.3615 |      1.3614 |      1.3617 |
|      Clock [MHz]     |  1897.1210 |  1897.1188 |  1897.0547 |  1896.9661 |  1897.1830 |  1897.1080 |  1896.9847 |  1897.1870 |  1897.1671 |  1897.0494 |   1897.1005 |   1897.0499 |   1897.0619 |   1897.0323 |   1897.2639 |   1897.1075 |   1897.1792 |   1897.1907 |   1897.3707 |   1897.1635 |   1897.2677 |   1897.1844 |   1897.3501 |   1897.2772 |   1897.1230 |   1897.1701 |   1897.1279 |   1897.1149 |   1897.1805 |   1897.1886 |   1897.2426 |   1897.0274 |   1896.9736 |   1897.1044 |   1897.2687 |   1897.2081 |   1897.0431 |   1897.1649 |   1897.1736 |   1897.1139 |   1897.1588 |   1897.1610 |   1897.0455 |   1897.1482 |   1897.2048 |   1897.0715 |   1897.2543 |   1897.0239 |   1897.1686 |   1897.2137 |   1897.1953 |   1897.2097 |   1897.2016 |   1897.1996 |   1897.1747 |   1897.2033 |   1897.2877 |   1897.1380 |   1897.2865 |   1897.0851 |   1897.2160 |   1897.0446 |   1897.1360 |   1897.0239 |   1897.0599 |   1896.9984 |   1896.9809 |   1897.0869 |   1897.1125 |   1896.9879 |   1897.0921 |   1897.1271 |   1897.1325 |   1897.0884 |   1897.1994 |   1897.2519 |   1897.1539 |   1897.2823 |   1896.9927 |   1897.0646 |   1896.9763 |   1897.1728 |   1897.0068 |   1897.0452 |   1897.2968 |   1897.0469 |   1897.1200 |   1897.1534 |   1897.1851 |   1897.2169 |   1897.1827 |   1897.2066 |   1897.2394 |   1897.2300 |   1897.1883 |   1897.1892 |
|          CPI         |     0.3013 |     0.3016 |     0.3016 |     0.3016 |     0.3016 |     0.3016 |     0.3016 |     0.3016 |     0.3016 |     0.3016 |      0.3016 |      0.3016 |      0.3016 |      0.3016 |      0.3016 |      0.3016 |      0.3016 |      0.3015 |      0.3015 |      0.3015 |      0.3016 |      0.3015 |      0.3015 |      0.3016 |      0.3016 |      0.3016 |      0.3015 |      0.3015 |      0.3016 |      0.3015 |      0.3016 |      0.3015 |      0.3015 |      0.3015 |      0.3015 |      0.3015 |      0.3015 |      0.3015 |      0.3015 |      0.3015 |      0.3016 |      0.3016 |      0.3016 |      0.3016 |      0.3015 |      0.3015 |      0.3015 |      0.3015 |      0.3016 |      0.3016 |      0.3016 |      0.3016 |      0.3016 |      0.3016 |      0.3016 |      0.3016 |      0.3016 |      0.3016 |      0.3016 |      0.3016 |      0.3016 |      0.3016 |      0.3015 |      0.3016 |      0.3016 |      0.3016 |      0.3016 |      0.3016 |      0.3015 |      0.3015 |      0.3015 |      0.3015 |      0.3015 |      0.3015 |      0.3015 |      0.3015 |      0.3015 |      0.3015 |      0.3016 |      0.3015 |      0.3016 |      0.3015 |      0.3017 |      0.3016 |      0.3015 |      0.3016 |      0.3016 |      0.3016 |      0.3015 |      0.3015 |      0.3016 |      0.3016 |      0.3015 |      0.3014 |      0.3015 |      0.3016 |
|     SP [MFLOP/s]     |  4998.4696 |  4998.4783 |  4998.5743 |  4998.0595 |  4998.5685 |  4998.0712 |  4998.3242 |  4998.4958 |  4998.4202 |  4998.4958 |   4997.4256 |   4997.9897 |   4998.0421 |   4998.4696 |   4998.4812 |   4998.4900 |   4998.4987 |   4998.6819 |   4998.4638 |   4998.3445 |   4998.1002 |   4998.1875 |   4998.7372 |   4998.1032 |   4998.2049 |   4998.1729 |   4998.4463 |   4998.5016 |   4998.0683 |   4998.6849 |   4998.2020 |   4998.4725 |   4998.3213 |   4998.5423 |   4998.0392 |   4997.6902 |   4998.4667 |   4998.0595 |   4998.5016 |   4998.0683 |   4997.9665 |   4998.4987 |   4998.4492 |   4998.6441 |   4997.4634 |   4998.0508 |   4997.9752 |   4998.1846 |   4998.5423 |   4997.8560 |   4997.7397 |   4997.8560 |   4997.7658 |   4997.7397 |   4998.6703 |   4997.8560 |   4997.9083 |   4998.5598 |   4997.8880 |   4998.0479 |   4997.8909 |   4998.3736 |   4998.4318 |   4997.9926 |   4998.2049 |   4998.4754 |   4998.1962 |   4998.4958 |   4998.4725 |   4998.4783 |   4998.6238 |   4998.4638 |   4998.6296 |   4998.0217 |   4997.8909 |   4998.6994 |   4998.0799 |   4998.4958 |   4997.0157 |   4997.8763 |   4998.0537 |   4998.6238 |   4997.1029 |   4998.2137 |   4998.6616 |   4998.1613 |   4998.0450 |   4998.6790 |   4998.6907 |   4997.7513 |   4998.5540 |   4997.9054 |   4998.4900 |   4998.7372 |   4998.4405 |   4997.7455 |
+----------------------+------------+------------+------------+------------+------------+------------+------------+------------+------------+------------+-------------+-------------+-------------+-------------+-------------+-------------+-------------+-------------+-------------+-------------+-------------+-------------+-------------+-------------+-------------+-------------+-------------+-------------+-------------+-------------+-------------+-------------+-------------+-------------+-------------+-------------+-------------+-------------+-------------+-------------+-------------+-------------+-------------+-------------+-------------+-------------+-------------+-------------+-------------+-------------+-------------+-------------+-------------+-------------+-------------+-------------+-------------+-------------+-------------+-------------+-------------+-------------+-------------+-------------+-------------+-------------+-------------+-------------+-------------+-------------+-------------+-------------+-------------+-------------+-------------+-------------+-------------+-------------+-------------+-------------+-------------+-------------+-------------+-------------+-------------+-------------+-------------+-------------+-------------+-------------+-------------+-------------+-------------+-------------+-------------+-------------+
+---------------------------+-------------+-----------+-----------+-----------+
|           Metric          |     Sum     |    Min    |    Max    |    Avg    |
+---------------------------+-------------+-----------+-----------+-----------+
|  Runtime (RDTSC) [s] STAT |    164.9852 |    1.7184 |    1.7190 |    1.7186 |
| Runtime unhalted [s] STAT |    130.6921 |    1.3611 |    1.3617 |    1.3614 |
|      Clock [MHz] STAT     | 182125.6847 | 1896.9661 | 1897.3707 | 1897.1425 |
|          CPI STAT         |     28.9493 |    0.3013 |    0.3017 |    0.3016 |
|     SP [MFLOP/s] STAT     | 479830.7419 | 4997.0157 | 4998.7372 | 4998.2369 |
+---------------------------+-------------+-----------+-----------+-----------+
