--------------------------------------------------------------------------------
CPU name:	AMD EPYC 9654 96-Core Processor                
CPU type:	AMD K19 (Zen4) architecture
CPU clock:	2.40 GHz
--------------------------------------------------------------------------------
Region bench, Group 1: FLOPS_SP
+-------------------+------------+------------+------------+------------+------------+------------+------------+------------+------------+------------+-------------+-------------+-------------+-------------+-------------+-------------+-------------+-------------+-------------+-------------+-------------+-------------+-------------+-------------+-------------+-------------+-------------+-------------+-------------+-------------+-------------+-------------+-------------+-------------+-------------+-------------+-------------+-------------+-------------+-------------+-------------+-------------+-------------+-------------+-------------+-------------+-------------+-------------+-------------+-------------+-------------+-------------+-------------+-------------+-------------+-------------+-------------+-------------+-------------+-------------+-------------+-------------+-------------+-------------+-------------+-------------+-------------+-------------+-------------+-------------+-------------+-------------+-------------+-------------+-------------+-------------+-------------+-------------+-------------+-------------+-------------+-------------+-------------+-------------+-------------+-------------+-------------+-------------+-------------+-------------+-------------+-------------+-------------+-------------+-------------+-------------+-------------+-------------+-------------+-------------+--------------+--------------+--------------+--------------+--------------+--------------+--------------+--------------+--------------+--------------+--------------+--------------+--------------+--------------+--------------+--------------+--------------+--------------+--------------+--------------+--------------+--------------+--------------+--------------+--------------+--------------+--------------+--------------+--------------+--------------+--------------+--------------+--------------+--------------+--------------+--------------+--------------+--------------+--------------+--------------+--------------+--------------+--------------+--------------+--------------+--------------+--------------+--------------+--------------+--------------+--------------+--------------+--------------+--------------+--------------+--------------+--------------+--------------+--------------+--------------+--------------+--------------+--------------+--------------+--------------+--------------+--------------+--------------+--------------+--------------+--------------+--------------+--------------+--------------+--------------+--------------+--------------+--------------+--------------+--------------+--------------+--------------+--------------+--------------+--------------+--------------+--------------+--------------+--------------+--------------+--------------+--------------+
|    Region Info    | HWThread 0 | HWThread 1 | HWThread 2 | HWThread 3 | HWThread 4 | HWThread 5 | HWThread 6 | HWThread 7 | HWThread 8 | HWThread 9 | HWThread 10 | HWThread 11 | HWThread 12 | HWThread 13 | HWThread 14 | HWThread 15 | HWThread 16 | HWThread 17 | HWThread 18 | HWThread 19 | HWThread 20 | HWThread 21 | HWThread 22 | HWThread 23 | HWThread 24 | HWThread 25 | HWThread 26 | HWThread 27 | HWThread 28 | HWThread 29 | HWThread 30 | HWThread 31 | HWThread 32 | HWThread 33 | HWThread 34 | HWThread 35 | HWThread 36 | HWThread 37 | HWThread 38 | HWThread 39 | HWThread 40 | HWThread 41 | HWThread 42 | HWThread 43 | HWThread 44 | HWThread 45 | HWThread 46 | HWThread 47 | HWThread 48 | HWThread 49 | HWThread 50 | HWThread 51 | HWThread 52 | HWThread 53 | HWThread 54 | HWThread 55 | HWThread 56 | HWThread 57 | HWThread 58 | HWThread 59 | HWThread 60 | HWThread 61 | HWThread 62 | HWThread 63 | HWThread 64 | HWThread 65 | HWThread 66 | HWThread 67 | HWThread 68 | HWThread 69 | HWThread 70 | HWThread 71 | HWThread 72 | HWThread 73 | HWThread 74 | HWThread 75 | HWThread 76 | HWThread 77 | HWThread 78 | HWThread 79 | HWThread 80 | HWThread 81 | HWThread 82 | HWThread 83 | HWThread 84 | HWThread 85 | HWThread 86 | HWThread 87 | HWThread 88 | HWThread 89 | HWThread 90 | HWThread 91 | HWThread 92 | HWThread 93 | HWThread 94 | HWThread 95 | HWThread 96 | HWThread 97 | HWThread 98 | HWThread 99 | HWThread 100 | HWThread 101 | HWThread 102 | HWThread 103 | HWThread 104 | HWThread 105 | HWThread 106 | HWThread 107 | HWThread 108 | HWThread 109 | HWThread 110 | HWThread 111 | HWThread 112 | HWThread 113 | HWThread 114 | HWThread 115 | HWThread 116 | HWThread 117 | HWThread 118 | HWThread 119 | HWThread 120 | HWThread 121 | HWThread 122 | HWThread 123 | HWThread 124 | HWThread 125 | HWThread 126 | HWThread 127 | HWThread 128 | HWThread 129 | HWThread 130 | HWThread 131 | HWThread 132 | HWThread 133 | HWThread 134 | HWThread 135 | HWThread 136 | HWThread 137 | HWThread 138 | HWThread 139 | HWThread 140 | HWThread 141 | HWThread 142 | HWThread 143 | HWThread 144 | HWThread 145 | HWThread 146 | HWThread 147 | HWThread 148 | HWThread 149 | HWThread 150 | HWThread 151 | HWThread 152 | HWThread 153 | HWThread 154 | HWThread 155 | HWThread 156 | HWThread 157 | HWThread 158 | HWThread 159 | HWThread 160 | HWThread 161 | HWThread 162 | HWThread 163 | HWThread 164 | HWThread 165 | HWThread 166 | HWThread 167 | HWThread 168 | HWThread 169 | HWThread 170 | HWThread 171 | HWThread 172 | HWThread 173 | HWThread 174 | HWThread 175 | HWThread 176 | HWThread 177 | HWThread 178 | HWThread 179 | HWThread 180 | HWThread 181 | HWThread 182 | HWThread 183 | HWThread 184 | HWThread 185 | HWThread 186 | HWThread 187 | HWThread 188 | HWThread 189 | HWThread 190 | HWThread 191 |
+-------------------+------------+------------+------------+------------+------------+------------+------------+------------+------------+------------+-------------+-------------+-------------+-------------+-------------+-------------+-------------+-------------+-------------+-------------+-------------+-------------+-------------+-------------+-------------+-------------+-------------+-------------+-------------+-------------+-------------+-------------+-------------+-------------+-------------+-------------+-------------+-------------+-------------+-------------+-------------+-------------+-------------+-------------+-------------+-------------+-------------+-------------+-------------+-------------+-------------+-------------+-------------+-------------+-------------+-------------+-------------+-------------+-------------+-------------+-------------+-------------+-------------+-------------+-------------+-------------+-------------+-------------+-------------+-------------+-------------+-------------+-------------+-------------+-------------+-------------+-------------+-------------+-------------+-------------+-------------+-------------+-------------+-------------+-------------+-------------+-------------+-------------+-------------+-------------+-------------+-------------+-------------+-------------+-------------+-------------+-------------+-------------+-------------+-------------+--------------+--------------+--------------+--------------+--------------+--------------+--------------+--------------+--------------+--------------+--------------+--------------+--------------+--------------+--------------+--------------+--------------+--------------+--------------+--------------+--------------+--------------+--------------+--------------+--------------+--------------+--------------+--------------+--------------+--------------+--------------+--------------+--------------+--------------+--------------+--------------+--------------+--------------+--------------+--------------+--------------+--------------+--------------+--------------+--------------+--------------+--------------+--------------+--------------+--------------+--------------+--------------+--------------+--------------+--------------+--------------+--------------+--------------+--------------+--------------+--------------+--------------+--------------+--------------+--------------+--------------+--------------+--------------+--------------+--------------+--------------+--------------+--------------+--------------+--------------+--------------+--------------+--------------+--------------+--------------+--------------+--------------+--------------+--------------+--------------+--------------+--------------+--------------+--------------+--------------+--------------+--------------+
| RDTSC Runtime [s] |   1.716779 |   1.717093 |   1.717143 |   1.717306 |   1.717312 |   1.717270 |   1.717178 |   1.716772 |   1.716839 |   1.717166 |    1.717112 |    1.719348 |    1.717143 |    1.716773 |    1.717142 |    1.719349 |    1.716762 |    1.716932 |    1.716961 |    1.716938 |    1.716765 |    1.716765 |    1.716938 |    1.716767 |    1.716864 |    1.716877 |    1.717312 |    1.716877 |    1.716827 |    1.717316 |    1.717550 |    1.717548 |    1.717601 |    1.717123 |    1.717607 |    1.717180 |    1.717257 |    1.716896 |    1.717258 |    1.717610 |    1.717100 |    1.717095 |    1.716767 |    1.716859 |    1.716762 |    1.716868 |    1.716775 |    1.716767 |    1.717127 |    1.716880 |    1.717087 |    1.717132 |    1.717109 |    1.717111 |    1.716925 |    1.716885 |    1.717582 |    1.717124 |    1.717106 |    1.717279 |    1.717632 |    1.716854 |    1.716892 |    1.717611 |    1.717143 |    1.716778 |    1.717134 |    1.716900 |    1.716772 |    1.717548 |    1.717592 |    1.716774 |    1.717089 |    1.717262 |    1.717610 |    1.716757 |    1.717166 |    1.717300 |    1.716941 |    1.717563 |    1.716770 |    1.717528 |    1.717032 |    1.717279 |    1.717134 |    1.716947 |    1.717137 |    1.717156 |    1.717123 |    1.716862 |    1.717193 |    1.717100 |    1.717279 |    1.717166 |    1.717279 |    1.716776 |    1.716955 |    1.717269 |    1.717270 |    1.716923 |     1.716760 |     1.716757 |     1.716863 |     1.716775 |     1.719452 |     1.717542 |     1.717639 |     1.717858 |     1.717643 |     1.717627 |     1.716893 |     1.716929 |     1.716926 |     1.716755 |     1.716758 |     1.716754 |     1.716752 |     1.716756 |     1.716755 |     1.716952 |     1.717167 |     1.716827 |     1.716768 |     1.716772 |     1.717090 |     1.717089 |     1.717138 |     1.717089 |     1.717094 |     1.717106 |     1.717839 |     1.717282 |     1.717593 |     1.716826 |     1.716887 |     1.716757 |     1.717637 |     1.716858 |     1.717668 |     1.717533 |     1.716928 |     1.716771 |     1.716761 |     1.717104 |     1.717268 |     1.716924 |     1.716760 |     1.716946 |     1.716947 |     1.717535 |     1.716926 |     1.716835 |     1.716775 |     1.716871 |     1.716767 |     1.717125 |     1.717112 |     1.716866 |     1.716936 |     1.716952 |     1.717279 |     1.717902 |     1.716766 |     1.717104 |     1.717167 |     1.716942 |     1.716756 |     1.716759 |     1.716763 |     1.716948 |     1.716935 |     1.716951 |     1.716773 |     1.716935 |     1.716937 |     1.716955 |     1.716932 |     1.716760 |     1.717609 |     1.717105 |     1.716759 |     1.716954 |     1.716760 |     1.717137 |     1.717137 |     1.717094 |     1.716764 |     1.717099 |     1.717138 |     1.717111 |     1.716958 |     1.717117 |
|     call count    |          1 |          1 |          1 |          1 |          1 |          1 |          1 |          1 |          1 |          1 |           1 |           1 |           1 |           1 |           1 |           1 |           1 |           1 |           1 |           1 |           1 |           1 |           1 |           1 |           1 |           1 |           1 |           1 |           1 |           1 |           1 |           1 |           1 |           1 |           1 |           1 |           1 |           1 |           1 |           1 |           1 |           1 |           1 |           1 |           1 |           1 |           1 |           1 |           1 |           1 |           1 |           1 |           1 |           1 |           1 |           1 |           1 |           1 |           1 |           1 |           1 |           1 |           1 |           1 |           1 |           1 |           1 |           1 |           1 |           1 |           1 |           1 |           1 |           1 |           1 |           1 |           1 |           1 |           1 |           1 |           1 |           1 |           1 |           1 |           1 |           1 |           1 |           1 |           1 |           1 |           1 |           1 |           1 |           1 |           1 |           1 |           1 |           1 |           1 |           1 |            1 |            1 |            1 |            1 |            1 |            1 |            1 |            1 |            1 |            1 |            1 |            1 |            1 |            1 |            1 |            1 |            1 |            1 |            1 |            1 |            1 |            1 |            1 |            1 |            1 |            1 |            1 |            1 |            1 |            1 |            1 |            1 |            1 |            1 |            1 |            1 |            1 |            1 |            1 |            1 |            1 |            1 |            1 |            1 |            1 |            1 |            1 |            1 |            1 |            1 |            1 |            1 |            1 |            1 |            1 |            1 |            1 |            1 |            1 |            1 |            1 |            1 |            1 |            1 |            1 |            1 |            1 |            1 |            1 |            1 |            1 |            1 |            1 |            1 |            1 |            1 |            1 |            1 |            1 |            1 |            1 |            1 |            1 |            1 |            1 |            1 |            1 |            1 |            1 |            1 |            1 |            1 |
+-------------------+------------+------------+------------+------------+------------+------------+------------+------------+------------+------------+-------------+-------------+-------------+-------------+-------------+-------------+-------------+-------------+-------------+-------------+-------------+-------------+-------------+-------------+-------------+-------------+-------------+-------------+-------------+-------------+-------------+-------------+-------------+-------------+-------------+-------------+-------------+-------------+-------------+-------------+-------------+-------------+-------------+-------------+-------------+-------------+-------------+-------------+-------------+-------------+-------------+-------------+-------------+-------------+-------------+-------------+-------------+-------------+-------------+-------------+-------------+-------------+-------------+-------------+-------------+-------------+-------------+-------------+-------------+-------------+-------------+-------------+-------------+-------------+-------------+-------------+-------------+-------------+-------------+-------------+-------------+-------------+-------------+-------------+-------------+-------------+-------------+-------------+-------------+-------------+-------------+-------------+-------------+-------------+-------------+-------------+-------------+-------------+-------------+-------------+--------------+--------------+--------------+--------------+--------------+--------------+--------------+--------------+--------------+--------------+--------------+--------------+--------------+--------------+--------------+--------------+--------------+--------------+--------------+--------------+--------------+--------------+--------------+--------------+--------------+--------------+--------------+--------------+--------------+--------------+--------------+--------------+--------------+--------------+--------------+--------------+--------------+--------------+--------------+--------------+--------------+--------------+--------------+--------------+--------------+--------------+--------------+--------------+--------------+--------------+--------------+--------------+--------------+--------------+--------------+--------------+--------------+--------------+--------------+--------------+--------------+--------------+--------------+--------------+--------------+--------------+--------------+--------------+--------------+--------------+--------------+--------------+--------------+--------------+--------------+--------------+--------------+--------------+--------------+--------------+--------------+--------------+--------------+--------------+--------------+--------------+--------------+--------------+--------------+--------------+--------------+--------------+
+---------------------------+---------+-------------+-------------+-------------+-------------+-------------+-------------+-------------+-------------+-------------+-------------+-------------+-------------+-------------+-------------+-------------+-------------+-------------+-------------+-------------+-------------+-------------+-------------+-------------+-------------+-------------+-------------+-------------+-------------+-------------+-------------+-------------+-------------+-------------+-------------+-------------+-------------+-------------+-------------+-------------+-------------+-------------+-------------+-------------+-------------+-------------+-------------+-------------+-------------+-------------+-------------+-------------+-------------+-------------+-------------+-------------+-------------+-------------+-------------+-------------+-------------+-------------+-------------+-------------+-------------+-------------+-------------+-------------+-------------+-------------+-------------+-------------+-------------+-------------+-------------+-------------+-------------+-------------+-------------+-------------+-------------+-------------+-------------+-------------+-------------+-------------+-------------+-------------+-------------+-------------+-------------+-------------+-------------+-------------+-------------+-------------+-------------+-------------+-------------+-------------+-------------+--------------+--------------+--------------+--------------+--------------+--------------+--------------+--------------+--------------+--------------+--------------+--------------+--------------+--------------+--------------+--------------+--------------+--------------+--------------+--------------+--------------+--------------+--------------+--------------+--------------+--------------+--------------+--------------+--------------+--------------+--------------+--------------+--------------+--------------+--------------+--------------+--------------+--------------+--------------+--------------+--------------+--------------+--------------+--------------+--------------+--------------+--------------+--------------+--------------+--------------+--------------+--------------+--------------+--------------+--------------+--------------+--------------+--------------+--------------+--------------+--------------+--------------+--------------+--------------+--------------+--------------+--------------+--------------+--------------+--------------+--------------+--------------+--------------+--------------+--------------+--------------+--------------+--------------+--------------+--------------+--------------+--------------+--------------+--------------+--------------+--------------+--------------+--------------+--------------+--------------+--------------+--------------+
|           Event           | Counter |  HWThread 0 |  HWThread 1 |  HWThread 2 |  HWThread 3 |  HWThread 4 |  HWThread 5 |  HWThread 6 |  HWThread 7 |  HWThread 8 |  HWThread 9 | HWThread 10 | HWThread 11 | HWThread 12 | HWThread 13 | HWThread 14 | HWThread 15 | HWThread 16 | HWThread 17 | HWThread 18 | HWThread 19 | HWThread 20 | HWThread 21 | HWThread 22 | HWThread 23 | HWThread 24 | HWThread 25 | HWThread 26 | HWThread 27 | HWThread 28 | HWThread 29 | HWThread 30 | HWThread 31 | HWThread 32 | HWThread 33 | HWThread 34 | HWThread 35 | HWThread 36 | HWThread 37 | HWThread 38 | HWThread 39 | HWThread 40 | HWThread 41 | HWThread 42 | HWThread 43 | HWThread 44 | HWThread 45 | HWThread 46 | HWThread 47 | HWThread 48 | HWThread 49 | HWThread 50 | HWThread 51 | HWThread 52 | HWThread 53 | HWThread 54 | HWThread 55 | HWThread 56 | HWThread 57 | HWThread 58 | HWThread 59 | HWThread 60 | HWThread 61 | HWThread 62 | HWThread 63 | HWThread 64 | HWThread 65 | HWThread 66 | HWThread 67 | HWThread 68 | HWThread 69 | HWThread 70 | HWThread 71 | HWThread 72 | HWThread 73 | HWThread 74 | HWThread 75 | HWThread 76 | HWThread 77 | HWThread 78 | HWThread 79 | HWThread 80 | HWThread 81 | HWThread 82 | HWThread 83 | HWThread 84 | HWThread 85 | HWThread 86 | HWThread 87 | HWThread 88 | HWThread 89 | HWThread 90 | HWThread 91 | HWThread 92 | HWThread 93 | HWThread 94 | HWThread 95 | HWThread 96 | HWThread 97 | HWThread 98 | HWThread 99 | HWThread 100 | HWThread 101 | HWThread 102 | HWThread 103 | HWThread 104 | HWThread 105 | HWThread 106 | HWThread 107 | HWThread 108 | HWThread 109 | HWThread 110 | HWThread 111 | HWThread 112 | HWThread 113 | HWThread 114 | HWThread 115 | HWThread 116 | HWThread 117 | HWThread 118 | HWThread 119 | HWThread 120 | HWThread 121 | HWThread 122 | HWThread 123 | HWThread 124 | HWThread 125 | HWThread 126 | HWThread 127 | HWThread 128 | HWThread 129 | HWThread 130 | HWThread 131 | HWThread 132 | HWThread 133 | HWThread 134 | HWThread 135 | HWThread 136 | HWThread 137 | HWThread 138 | HWThread 139 | HWThread 140 | HWThread 141 | HWThread 142 | HWThread 143 | HWThread 144 | HWThread 145 | HWThread 146 | HWThread 147 | HWThread 148 | HWThread 149 | HWThread 150 | HWThread 151 | HWThread 152 | HWThread 153 | HWThread 154 | HWThread 155 | HWThread 156 | HWThread 157 | HWThread 158 | HWThread 159 | HWThread 160 | HWThread 161 | HWThread 162 | HWThread 163 | HWThread 164 | HWThread 165 | HWThread 166 | HWThread 167 | HWThread 168 | HWThread 169 | HWThread 170 | HWThread 171 | HWThread 172 | HWThread 173 | HWThread 174 | HWThread 175 | HWThread 176 | HWThread 177 | HWThread 178 | HWThread 179 | HWThread 180 | HWThread 181 | HWThread 182 | HWThread 183 | HWThread 184 | HWThread 185 | HWThread 186 | HWThread 187 | HWThread 188 | HWThread 189 | HWThread 190 | HWThread 191 |
+---------------------------+---------+-------------+-------------+-------------+-------------+-------------+-------------+-------------+-------------+-------------+-------------+-------------+-------------+-------------+-------------+-------------+-------------+-------------+-------------+-------------+-------------+-------------+-------------+-------------+-------------+-------------+-------------+-------------+-------------+-------------+-------------+-------------+-------------+-------------+-------------+-------------+-------------+-------------+-------------+-------------+-------------+-------------+-------------+-------------+-------------+-------------+-------------+-------------+-------------+-------------+-------------+-------------+-------------+-------------+-------------+-------------+-------------+-------------+-------------+-------------+-------------+-------------+-------------+-------------+-------------+-------------+-------------+-------------+-------------+-------------+-------------+-------------+-------------+-------------+-------------+-------------+-------------+-------------+-------------+-------------+-------------+-------------+-------------+-------------+-------------+-------------+-------------+-------------+-------------+-------------+-------------+-------------+-------------+-------------+-------------+-------------+-------------+-------------+-------------+-------------+-------------+--------------+--------------+--------------+--------------+--------------+--------------+--------------+--------------+--------------+--------------+--------------+--------------+--------------+--------------+--------------+--------------+--------------+--------------+--------------+--------------+--------------+--------------+--------------+--------------+--------------+--------------+--------------+--------------+--------------+--------------+--------------+--------------+--------------+--------------+--------------+--------------+--------------+--------------+--------------+--------------+--------------+--------------+--------------+--------------+--------------+--------------+--------------+--------------+--------------+--------------+--------------+--------------+--------------+--------------+--------------+--------------+--------------+--------------+--------------+--------------+--------------+--------------+--------------+--------------+--------------+--------------+--------------+--------------+--------------+--------------+--------------+--------------+--------------+--------------+--------------+--------------+--------------+--------------+--------------+--------------+--------------+--------------+--------------+--------------+--------------+--------------+--------------+--------------+--------------+--------------+--------------+--------------+
|      ACTUAL_CPU_CLOCK     |  FIXC1  |  3262588000 |  3262232000 |  3261758000 |  3261742000 |  3262785000 |  3261783000 |  3263588000 |  3261902000 |  3262851000 |  3263857000 |  3263596000 |  3264460000 |  3263699000 |  3263216000 |  3263509000 |  3264526000 |  3261675000 |  3261656000 |  3261851000 |  3261785000 |  3261451000 |  3261283000 |  3261840000 |  3262973000 |  3262522000 |  3261558000 |  3262387000 |  3262752000 |  3262001000 |  3262399000 |  3262842000 |  3262845000 |  3262668000 |  3262659000 |  3262216000 |  3263016000 |  3262686000 |  3262330000 |  3262755000 |  3262726000 |  3261827000 |  3262300000 |  3263058000 |  3262314000 |  3261736000 |  3261525000 |  3261971000 |  3261970000 |  3262635000 |  3262300000 |  3262294000 |  3262345000 |  3262322000 |  3262475000 |  3261728000 |  3262807000 |  3262680000 |  3262256000 |  3262126000 |  3262086000 |  3262160000 |  3262366000 |  3261842000 |  3263535000 |  3263568000 |  3261742000 |  3263645000 |  3262948000 |  3261669000 |  3264040000 |  3262851000 |  3261909000 |  3262303000 |  3262926000 |  3262834000 |  3261716000 |  3262602000 |  3262301000 |  3261896000 |  3262798000 |  3262211000 |  3263046000 |  3263476000 |  3262444000 |  3263646000 |  3262034000 |  3262813000 |  3262851000 |  3262118000 |  3262172000 |  3262400000 |  3262555000 |  3262680000 |  3262454000 |  3262481000 |  3263004000 |  3261909000 |  3263578000 |  3263699000 |  3263147000 |   3262523000 |   3263145000 |   3261704000 |   3263041000 |   3264384000 |   3264109000 |   3263328000 |   3264119000 |   3264242000 |   3263894000 |   3263297000 |   3262149000 |   3261710000 |   3261664000 |   3261715000 |   3261639000 |   3261635000 |   3261636000 |   3261670000 |   3261308000 |   3262778000 |   3262052000 |   3262244000 |   3262106000 |   3262667000 |   3262836000 |   3263532000 |   3262469000 |   3263643000 |   3262880000 |   3264150000 |   3262853000 |   3262915000 |   3262013000 |   3262297000 |   3260975000 |   3263897000 |   3262866000 |   3263092000 |   3262703000 |   3262745000 |   3263250000 |   3262144000 |   3262784000 |   3262691000 |   3261757000 |   3262264000 |   3262815000 |   3261915000 |   3262354000 |   3262644000 |   3263096000 |   3263334000 |   3263329000 |   3263315000 |   3263879000 |   3263853000 |   3262640000 |   3263161000 |   3263155000 |   3262501000 |   3262796000 |   3261599000 |   3262204000 |   3263769000 |   3263018000 |   3261984000 |   3263231000 |   3263176000 |   3261501000 |   3262945000 |   3261504000 |   3262206000 |   3263108000 |   3263037000 |   3262073000 |   3262546000 |   3262893000 |   3263944000 |   3263025000 |   3262894000 |   3262267000 |   3262286000 |   3262923000 |   3263633000 |   3263471000 |   3261593000 |   3262811000 |   3262830000 |   3262834000 |   3261562000 |   3262565000 |
|       MAX_CPU_CLOCK       |  FIXC2  |  4121101000 |  4121360000 |  4120387000 |  4119245000 |  4121219000 |  4120380000 |  4122288000 |  4120608000 |  4121358000 |  4122575000 |  4122371000 |  4124239000 |  4122471000 |  4121203000 |  4122317000 |  4124312000 |  4120230000 |  4120226000 |  4119859000 |  4119730000 |  4118442000 |  4119365000 |  4119763000 |  4121019000 |  4121077000 |  4119961000 |  4120993000 |  4121272000 |  4119932000 |  4121011000 |  4121977000 |  4121968000 |  4121041000 |  4121854000 |  4120335000 |  4121207000 |  4120807000 |  4120103000 |  4121530000 |  4121926000 |  4119352000 |  4121703000 |  4121198000 |  4121343000 |  4120525000 |  4119939000 |  4119884000 |  4119932000 |  4121095000 |  4119970000 |  4121693000 |  4121770000 |  4121747000 |  4121109000 |  4120247000 |  4121365000 |  4122463000 |  4120008000 |  4119865000 |  4119861000 |  4119829000 |  4120077000 |  4119002000 |  4122242000 |  4122347000 |  4120020000 |  4122388000 |  4121573000 |  4120017000 |  4123305000 |  4121276000 |  4120119000 |  4121728000 |  4120974000 |  4121930000 |  4118731000 |  4121203000 |  4120937000 |  4119781000 |  4121884000 |  4120020000 |  4122009000 |  4122151000 |  4120981000 |  4122397000 |  4120443000 |  4121290000 |  4121282000 |  4120394000 |  4120029000 |  4120955000 |  4121172000 |  4121074000 |  4121086000 |  4121010000 |  4121041000 |  4120132000 |  4122289000 |  4122409000 |  4121259000 |   4121257000 |   4121143000 |   4120059000 |   4121125000 |   4124240000 |   4123382000 |   4122660000 |   4123704000 |   4123656000 |   4123257000 |   4121342000 |   4120523000 |   4120447000 |   4120431000 |   4118839000 |   4119399000 |   4119406000 |   4120178000 |   4120365000 |   4118236000 |   4121219000 |   4119974000 |   4120041000 |   4119991000 |   4121137000 |   4121299000 |   4122284000 |   4121043000 |   4122358000 |   4121360000 |   4123767000 |   4121274000 |   4121402000 |   4119930000 |   4120086000 |   4118336000 |   4123157000 |   4121369000 |   4122137000 |   4121089000 |   4121401000 |   4121283000 |   4120002000 |   4121213000 |   4121084000 |   4120204000 |   4120113000 |   4120934000 |   4119856000 |   4120946000 |   4121334000 |   4121090000 |   4121385000 |   4121360000 |   4121365000 |   4122599000 |   4122573000 |   4121215000 |   4121221000 |   4121262000 |   4121036000 |   4122054000 |   4118539000 |   4120692000 |   4122499000 |   4121741000 |   4119944000 |   4121238000 |   4121265000 |   4118505000 |   4121577000 |   4118510000 |   4120012000 |   4121157000 |   4121741000 |   4119897000 |   4120788000 |   4121077000 |   4123203000 |   4121757000 |   4120953000 |   4120082000 |   4120135000 |   4121407000 |   4122366000 |   4122226000 |   4118830000 |   4121255000 |   4121261000 |   4121270000 |   4118749000 |   4121172000 |
|    RETIRED_INSTRUCTIONS   |   PMC0  | 10738090000 | 10738880000 | 10739030000 | 10739010000 | 10739040000 | 10739000000 | 10739030000 | 10738900000 | 10738690000 | 10739170000 | 10738980000 | 10739740000 | 10739130000 | 10738950000 | 10739170000 | 10739730000 | 10738860000 | 10738950000 | 10739140000 | 10738950000 | 10738810000 | 10738790000 | 10739050000 | 10739010000 | 10738870000 | 10738940000 | 10738940000 | 10739060000 | 10738920000 | 10738990000 | 10738470000 | 10739130000 | 10737760000 | 10738940000 | 10738030000 | 10738960000 | 10738810000 | 10738800000 | 10738990000 | 10739090000 | 10738900000 | 10739000000 | 10738990000 | 10738890000 | 10739170000 | 10739190000 | 10739210000 | 10739170000 | 10738860000 | 10738960000 | 10739070000 | 10739020000 | 10738990000 | 10738940000 | 10738710000 | 10739030000 | 10739130000 | 10738910000 | 10738980000 | 10739070000 | 10738950000 | 10738770000 | 10738920000 | 10738690000 | 10737970000 | 10738880000 | 10738960000 | 10738880000 | 10738490000 | 10739180000 | 10739270000 | 10739140000 | 10738780000 | 10738870000 | 10739030000 | 10738760000 | 10738750000 | 10738810000 | 10738980000 | 10739100000 | 10738800000 | 10738800000 | 10739060000 | 10738940000 | 10738950000 | 10737810000 | 10739110000 | 10738910000 | 10738820000 | 10738990000 | 10738930000 | 10738800000 | 10738940000 | 10738980000 | 10737630000 | 10738170000 | 10738070000 | 10739550000 | 10739600000 | 10739310000 |  10739270000 |  10739120000 |  10739380000 |  10739240000 |  10740070000 |  10739650000 |  10739620000 |  10739610000 |  10739610000 |  10739470000 |  10738620000 |  10739320000 |  10739080000 |  10739360000 |  10739350000 |  10739130000 |  10739720000 |  10739650000 |  10739670000 |  10739540000 |  10739420000 |  10739510000 |  10739660000 |  10739390000 |  10739500000 |  10739440000 |  10738450000 |  10738560000 |  10739040000 |  10739320000 |  10739460000 |  10739320000 |  10739400000 |  10739140000 |  10739240000 |  10739260000 |  10739600000 |  10739530000 |  10739560000 |  10739500000 |  10739730000 |  10739580000 |  10739340000 |  10738060000 |  10739170000 |  10739250000 |  10739320000 |  10739270000 |  10739360000 |  10739370000 |  10739220000 |  10739180000 |  10737710000 |  10739220000 |  10739290000 |  10739180000 |  10739300000 |  10739160000 |  10739300000 |  10739280000 |  10739240000 |  10739530000 |  10739210000 |  10739320000 |  10739780000 |  10739450000 |  10739250000 |  10739570000 |  10739100000 |  10739250000 |  10739190000 |  10739370000 |  10739230000 |  10739080000 |  10739190000 |  10739240000 |  10739170000 |  10739130000 |  10739380000 |  10739290000 |  10739170000 |  10739110000 |  10739320000 |  10739320000 |  10739310000 |  10739380000 |  10739200000 |  10739460000 |  10739630000 |  10739140000 |  10739500000 |  10739680000 |
|    CPU_CLOCKS_UNHALTED    |   PMC1  |  3231750000 |  3235377000 |  3235502000 |  3235523000 |  3235559000 |  3235668000 |  3235314000 |  3234615000 |  3234756000 |  3235359000 |  3235265000 |  3239188000 |  3235075000 |  3234574000 |  3235084000 |  3239022000 |  3234756000 |  3234886000 |  3234860000 |  3234823000 |  3234586000 |  3234410000 |  3234825000 |  3234686000 |  3234795000 |  3234734000 |  3235361000 |  3234637000 |  3234637000 |  3235559000 |  3235776000 |  3235679000 |  3235906000 |  3234857000 |  3235617000 |  3234803000 |  3234974000 |  3234451000 |  3235155000 |  3235535000 |  3235042000 |  3235112000 |  3234811000 |  3234897000 |  3233595000 |  3234306000 |  3233903000 |  3234002000 |  3235450000 |  3234849000 |  3235473000 |  3235295000 |  3235126000 |  3235203000 |  3234500000 |  3234867000 |  3235532000 |  3234671000 |  3234622000 |  3234975000 |  3235447000 |  3234254000 |  3234439000 |  3235496000 |  3235014000 |  3234456000 |  3235070000 |  3234637000 |  3233676000 |  3235250000 |  3234434000 |  3233633000 |  3234126000 |  3234637000 |  3235609000 |  3234090000 |  3234165000 |  3234928000 |  3234184000 |  3235128000 |  3234603000 |  3235383000 |  3234935000 |  3235126000 |  3235068000 |  3234774000 |  3235384000 |  3235081000 |  3234886000 |  3234662000 |  3235024000 |  3234260000 |  3234416000 |  3234563000 |  3234147000 |  3233765000 |  3237475000 |  3237799000 |  3237961000 |  3237344000 |   3236959000 |   3236910000 |   3237047000 |   3236745000 |   3241881000 |   3238346000 |   3238413000 |   3238854000 |   3238482000 |   3238345000 |   3237201000 |   3237282000 |   3237636000 |   3237342000 |   3237258000 |   3237107000 |   3236992000 |   3236785000 |   3236923000 |   3236372000 |   3238399000 |   3238039000 |   3237893000 |   3237780000 |   3238206000 |   3238331000 |   3234780000 |   3238212000 |   3237082000 |   3237337000 |   3238340000 |   3237285000 |   3237836000 |   3236531000 |   3236476000 |   3236520000 |   3238534000 |   3237349000 |   3238577000 |   3238191000 |   3237309000 |   3236555000 |   3236278000 |   3236977000 |   3237288000 |   3236828000 |   3236642000 |   3236731000 |   3236757000 |   3237721000 |   3236678000 |   3236461000 |   3236494000 |   3236612000 |   3236335000 |   3236828000 |   3236695000 |   3236397000 |   3236380000 |   3236501000 |   3237304000 |   3238515000 |   3236800000 |   3237143000 |   3236971000 |   3236284000 |   3236001000 |   3236078000 |   3236299000 |   3236676000 |   3236759000 |   3236778000 |   3236391000 |   3236445000 |   3236394000 |   3236642000 |   3236732000 |   3236426000 |   3237962000 |   3236955000 |   3236335000 |   3236599000 |   3236345000 |   3237060000 |   3237438000 |   3237532000 |   3236815000 |   3237282000 |   3236600000 |   3236975000 |   3236150000 |   3236894000 |
| RETIRED_SSE_AVX_FLOPS_ALL |   PMC2  |  8589935000 |  8589935000 |  8589935000 |  8589935000 |  8589935000 |  8589935000 |  8589935000 |  8589935000 |  8589935000 |  8589935000 |  8589935000 |  8589935000 |  8589935000 |  8589935000 |  8589935000 |  8589935000 |  8589935000 |  8589935000 |  8589935000 |  8589935000 |  8589935000 |  8589935000 |  8589935000 |  8589935000 |  8589935000 |  8589935000 |  8589935000 |  8589935000 |  8589935000 |  8589935000 |  8589935000 |  8589935000 |  8589935000 |  8589935000 |  8589935000 |  8589935000 |  8589935000 |  8589935000 |  8589935000 |  8589935000 |  8589935000 |  8589935000 |  8589935000 |  8589935000 |  8589935000 |  8589935000 |  8589935000 |  8589935000 |  8589935000 |  8589935000 |  8589935000 |  8589935000 |  8589935000 |  8589935000 |  8589935000 |  8589935000 |  8589935000 |  8589935000 |  8589935000 |  8589935000 |  8589935000 |  8589935000 |  8589935000 |  8589935000 |  8589935000 |  8589935000 |  8589935000 |  8589935000 |  8589935000 |  8589935000 |  8589935000 |  8589935000 |  8589935000 |  8589935000 |  8589935000 |  8589935000 |  8589935000 |  8589935000 |  8589935000 |  8589935000 |  8589935000 |  8589935000 |  8589935000 |  8589935000 |  8589935000 |  8589935000 |  8589935000 |  8589935000 |  8589935000 |  8589935000 |  8589935000 |  8589935000 |  8589935000 |  8589935000 |  8589935000 |  8589935000 |  8589935000 |  8589935000 |  8589935000 |  8589935000 |   8589935000 |   8589935000 |   8589935000 |   8589935000 |   8589935000 |   8589935000 |   8589935000 |   8589935000 |   8589935000 |   8589935000 |   8589935000 |   8589935000 |   8589935000 |   8589935000 |   8589935000 |   8589935000 |   8589935000 |   8589935000 |   8589935000 |   8589935000 |   8589935000 |   8589935000 |   8589935000 |   8589935000 |   8589935000 |   8589935000 |   8589935000 |   8589935000 |   8589935000 |   8589935000 |   8589935000 |   8589935000 |   8589935000 |   8589935000 |   8589935000 |   8589935000 |   8589935000 |   8589935000 |   8589935000 |   8589935000 |   8589935000 |   8589935000 |   8589935000 |   8589935000 |   8589935000 |   8589935000 |   8589935000 |   8589935000 |   8589935000 |   8589935000 |   8589935000 |   8589935000 |   8589935000 |   8589935000 |   8589935000 |   8589935000 |   8589935000 |   8589935000 |   8589935000 |   8589935000 |   8589935000 |   8589935000 |   8589935000 |   8589935000 |   8589935000 |   8589935000 |   8589935000 |   8589935000 |   8589935000 |   8589935000 |   8589935000 |   8589935000 |   8589935000 |   8589935000 |   8589935000 |   8589935000 |   8589935000 |   8589935000 |   8589935000 |   8589935000 |   8589935000 |   8589935000 |   8589935000 |   8589935000 |   8589935000 |   8589935000 |   8589935000 |   8589935000 |   8589935000 |   8589935000 |   8589935000 |   8589935000 |
|           MERGE           |   PMC3  |           0 |           0 |           0 |           0 |           0 |           0 |           0 |           0 |           0 |           0 |           0 |           0 |           0 |           0 |           0 |           0 |           0 |           0 |           0 |           0 |           0 |           0 |           0 |           0 |           0 |           0 |           0 |           0 |           0 |           0 |           0 |           0 |           0 |           0 |           0 |           0 |           0 |           0 |           0 |           0 |           0 |           0 |           0 |           0 |           0 |           0 |           0 |           0 |           0 |           0 |           0 |           0 |           0 |           0 |           0 |           0 |           0 |           0 |           0 |           0 |           0 |           0 |           0 |           0 |           0 |           0 |           0 |           0 |           0 |           0 |           0 |           0 |           0 |           0 |           0 |           0 |           0 |           0 |           0 |           0 |           0 |           0 |           0 |           0 |           0 |           0 |           0 |           0 |           0 |           0 |           0 |           0 |           0 |           0 |           0 |           0 |           0 |           0 |           0 |           0 |            0 |            0 |            0 |            0 |            0 |            0 |            0 |            0 |            0 |            0 |            0 |            0 |            0 |            0 |            0 |            0 |            0 |            0 |            0 |            0 |            0 |            0 |            0 |            0 |            0 |            0 |            0 |            0 |            0 |            0 |            0 |            0 |            0 |            0 |            0 |            0 |            0 |            0 |            0 |            0 |            0 |            0 |            0 |            0 |            0 |            0 |            0 |            0 |            0 |            0 |            0 |            0 |            0 |            0 |            0 |            0 |            0 |            0 |            0 |            0 |            0 |            0 |            0 |            0 |            0 |            0 |            0 |            0 |            0 |            0 |            0 |            0 |            0 |            0 |            0 |            0 |            0 |            0 |            0 |            0 |            0 |            0 |            0 |            0 |            0 |            0 |            0 |            0 |            0 |            0 |            0 |            0 |
+---------------------------+---------+-------------+-------------+-------------+-------------+-------------+-------------+-------------+-------------+-------------+-------------+-------------+-------------+-------------+-------------+-------------+-------------+-------------+-------------+-------------+-------------+-------------+-------------+-------------+-------------+-------------+-------------+-------------+-------------+-------------+-------------+-------------+-------------+-------------+-------------+-------------+-------------+-------------+-------------+-------------+-------------+-------------+-------------+-------------+-------------+-------------+-------------+-------------+-------------+-------------+-------------+-------------+-------------+-------------+-------------+-------------+-------------+-------------+-------------+-------------+-------------+-------------+-------------+-------------+-------------+-------------+-------------+-------------+-------------+-------------+-------------+-------------+-------------+-------------+-------------+-------------+-------------+-------------+-------------+-------------+-------------+-------------+-------------+-------------+-------------+-------------+-------------+-------------+-------------+-------------+-------------+-------------+-------------+-------------+-------------+-------------+-------------+-------------+-------------+-------------+-------------+--------------+--------------+--------------+--------------+--------------+--------------+--------------+--------------+--------------+--------------+--------------+--------------+--------------+--------------+--------------+--------------+--------------+--------------+--------------+--------------+--------------+--------------+--------------+--------------+--------------+--------------+--------------+--------------+--------------+--------------+--------------+--------------+--------------+--------------+--------------+--------------+--------------+--------------+--------------+--------------+--------------+--------------+--------------+--------------+--------------+--------------+--------------+--------------+--------------+--------------+--------------+--------------+--------------+--------------+--------------+--------------+--------------+--------------+--------------+--------------+--------------+--------------+--------------+--------------+--------------+--------------+--------------+--------------+--------------+--------------+--------------+--------------+--------------+--------------+--------------+--------------+--------------+--------------+--------------+--------------+--------------+--------------+--------------+--------------+--------------+--------------+--------------+--------------+--------------+--------------+--------------+--------------+
+--------------------------------+---------+---------------+-------------+-------------+--------------+
|              Event             | Counter |      Sum      |     Min     |     Max     |      Avg     |
+--------------------------------+---------+---------------+-------------+-------------+--------------+
|      ACTUAL_CPU_CLOCK STAT     |  FIXC1  |  626423826000 |  3260975000 |  3264526000 | 3.262624e+09 |
|       MAX_CPU_CLOCK STAT       |  FIXC2  |  791237197000 |  4118236000 |  4124312000 | 4.121027e+09 |
|    RETIRED_INSTRUCTIONS STAT   |   PMC0  | 2061906600000 | 10737630000 | 10740070000 |  10739096875 |
|    CPU_CLOCKS_UNHALTED STAT    |   PMC1  |  621320124000 |  3231750000 |  3241881000 | 3.236042e+09 |
| RETIRED_SSE_AVX_FLOPS_ALL STAT |   PMC2  | 1649267520000 |  8589935000 |  8589935000 |   8589935000 |
|           MERGE STAT           |   PMC3  |             0 |           0 |           0 |            0 |
+--------------------------------+---------+---------------+-------------+-------------+--------------+
+----------------------+------------+------------+------------+------------+------------+------------+------------+------------+------------+------------+-------------+-------------+-------------+-------------+-------------+-------------+-------------+-------------+-------------+-------------+-------------+-------------+-------------+-------------+-------------+-------------+-------------+-------------+-------------+-------------+-------------+-------------+-------------+-------------+-------------+-------------+-------------+-------------+-------------+-------------+-------------+-------------+-------------+-------------+-------------+-------------+-------------+-------------+-------------+-------------+-------------+-------------+-------------+-------------+-------------+-------------+-------------+-------------+-------------+-------------+-------------+-------------+-------------+-------------+-------------+-------------+-------------+-------------+-------------+-------------+-------------+-------------+-------------+-------------+-------------+-------------+-------------+-------------+-------------+-------------+-------------+-------------+-------------+-------------+-------------+-------------+-------------+-------------+-------------+-------------+-------------+-------------+-------------+-------------+-------------+-------------+-------------+-------------+-------------+-------------+--------------+--------------+--------------+--------------+--------------+--------------+--------------+--------------+--------------+--------------+--------------+--------------+--------------+--------------+--------------+--------------+--------------+--------------+--------------+--------------+--------------+--------------+--------------+--------------+--------------+--------------+--------------+--------------+--------------+--------------+--------------+--------------+--------------+--------------+--------------+--------------+--------------+--------------+--------------+--------------+--------------+--------------+--------------+--------------+--------------+--------------+--------------+--------------+--------------+--------------+--------------+--------------+--------------+--------------+--------------+--------------+--------------+--------------+--------------+--------------+--------------+--------------+--------------+--------------+--------------+--------------+--------------+--------------+--------------+--------------+--------------+--------------+--------------+--------------+--------------+--------------+--------------+--------------+--------------+--------------+--------------+--------------+--------------+--------------+--------------+--------------+--------------+--------------+--------------+--------------+--------------+--------------+
|        Metric        | HWThread 0 | HWThread 1 | HWThread 2 | HWThread 3 | HWThread 4 | HWThread 5 | HWThread 6 | HWThread 7 | HWThread 8 | HWThread 9 | HWThread 10 | HWThread 11 | HWThread 12 | HWThread 13 | HWThread 14 | HWThread 15 | HWThread 16 | HWThread 17 | HWThread 18 | HWThread 19 | HWThread 20 | HWThread 21 | HWThread 22 | HWThread 23 | HWThread 24 | HWThread 25 | HWThread 26 | HWThread 27 | HWThread 28 | HWThread 29 | HWThread 30 | HWThread 31 | HWThread 32 | HWThread 33 | HWThread 34 | HWThread 35 | HWThread 36 | HWThread 37 | HWThread 38 | HWThread 39 | HWThread 40 | HWThread 41 | HWThread 42 | HWThread 43 | HWThread 44 | HWThread 45 | HWThread 46 | HWThread 47 | HWThread 48 | HWThread 49 | HWThread 50 | HWThread 51 | HWThread 52 | HWThread 53 | HWThread 54 | HWThread 55 | HWThread 56 | HWThread 57 | HWThread 58 | HWThread 59 | HWThread 60 | HWThread 61 | HWThread 62 | HWThread 63 | HWThread 64 | HWThread 65 | HWThread 66 | HWThread 67 | HWThread 68 | HWThread 69 | HWThread 70 | HWThread 71 | HWThread 72 | HWThread 73 | HWThread 74 | HWThread 75 | HWThread 76 | HWThread 77 | HWThread 78 | HWThread 79 | HWThread 80 | HWThread 81 | HWThread 82 | HWThread 83 | HWThread 84 | HWThread 85 | HWThread 86 | HWThread 87 | HWThread 88 | HWThread 89 | HWThread 90 | HWThread 91 | HWThread 92 | HWThread 93 | HWThread 94 | HWThread 95 | HWThread 96 | HWThread 97 | HWThread 98 | HWThread 99 | HWThread 100 | HWThread 101 | HWThread 102 | HWThread 103 | HWThread 104 | HWThread 105 | HWThread 106 | HWThread 107 | HWThread 108 | HWThread 109 | HWThread 110 | HWThread 111 | HWThread 112 | HWThread 113 | HWThread 114 | HWThread 115 | HWThread 116 | HWThread 117 | HWThread 118 | HWThread 119 | HWThread 120 | HWThread 121 | HWThread 122 | HWThread 123 | HWThread 124 | HWThread 125 | HWThread 126 | HWThread 127 | HWThread 128 | HWThread 129 | HWThread 130 | HWThread 131 | HWThread 132 | HWThread 133 | HWThread 134 | HWThread 135 | HWThread 136 | HWThread 137 | HWThread 138 | HWThread 139 | HWThread 140 | HWThread 141 | HWThread 142 | HWThread 143 | HWThread 144 | HWThread 145 | HWThread 146 | HWThread 147 | HWThread 148 | HWThread 149 | HWThread 150 | HWThread 151 | HWThread 152 | HWThread 153 | HWThread 154 | HWThread 155 | HWThread 156 | HWThread 157 | HWThread 158 | HWThread 159 | HWThread 160 | HWThread 161 | HWThread 162 | HWThread 163 | HWThread 164 | HWThread 165 | HWThread 166 | HWThread 167 | HWThread 168 | HWThread 169 | HWThread 170 | HWThread 171 | HWThread 172 | HWThread 173 | HWThread 174 | HWThread 175 | HWThread 176 | HWThread 177 | HWThread 178 | HWThread 179 | HWThread 180 | HWThread 181 | HWThread 182 | HWThread 183 | HWThread 184 | HWThread 185 | HWThread 186 | HWThread 187 | HWThread 188 | HWThread 189 | HWThread 190 | HWThread 191 |
+----------------------+------------+------------+------------+------------+------------+------------+------------+------------+------------+------------+-------------+-------------+-------------+-------------+-------------+-------------+-------------+-------------+-------------+-------------+-------------+-------------+-------------+-------------+-------------+-------------+-------------+-------------+-------------+-------------+-------------+-------------+-------------+-------------+-------------+-------------+-------------+-------------+-------------+-------------+-------------+-------------+-------------+-------------+-------------+-------------+-------------+-------------+-------------+-------------+-------------+-------------+-------------+-------------+-------------+-------------+-------------+-------------+-------------+-------------+-------------+-------------+-------------+-------------+-------------+-------------+-------------+-------------+-------------+-------------+-------------+-------------+-------------+-------------+-------------+-------------+-------------+-------------+-------------+-------------+-------------+-------------+-------------+-------------+-------------+-------------+-------------+-------------+-------------+-------------+-------------+-------------+-------------+-------------+-------------+-------------+-------------+-------------+-------------+-------------+--------------+--------------+--------------+--------------+--------------+--------------+--------------+--------------+--------------+--------------+--------------+--------------+--------------+--------------+--------------+--------------+--------------+--------------+--------------+--------------+--------------+--------------+--------------+--------------+--------------+--------------+--------------+--------------+--------------+--------------+--------------+--------------+--------------+--------------+--------------+--------------+--------------+--------------+--------------+--------------+--------------+--------------+--------------+--------------+--------------+--------------+--------------+--------------+--------------+--------------+--------------+--------------+--------------+--------------+--------------+--------------+--------------+--------------+--------------+--------------+--------------+--------------+--------------+--------------+--------------+--------------+--------------+--------------+--------------+--------------+--------------+--------------+--------------+--------------+--------------+--------------+--------------+--------------+--------------+--------------+--------------+--------------+--------------+--------------+--------------+--------------+--------------+--------------+--------------+--------------+--------------+--------------+
|  Runtime (RDTSC) [s] |     1.7168 |     1.7171 |     1.7171 |     1.7173 |     1.7173 |     1.7173 |     1.7172 |     1.7168 |     1.7168 |     1.7172 |      1.7171 |      1.7193 |      1.7171 |      1.7168 |      1.7171 |      1.7193 |      1.7168 |      1.7169 |      1.7170 |      1.7169 |      1.7168 |      1.7168 |      1.7169 |      1.7168 |      1.7169 |      1.7169 |      1.7173 |      1.7169 |      1.7168 |      1.7173 |      1.7175 |      1.7175 |      1.7176 |      1.7171 |      1.7176 |      1.7172 |      1.7173 |      1.7169 |      1.7173 |      1.7176 |      1.7171 |      1.7171 |      1.7168 |      1.7169 |      1.7168 |      1.7169 |      1.7168 |      1.7168 |      1.7171 |      1.7169 |      1.7171 |      1.7171 |      1.7171 |      1.7171 |      1.7169 |      1.7169 |      1.7176 |      1.7171 |      1.7171 |      1.7173 |      1.7176 |      1.7169 |      1.7169 |      1.7176 |      1.7171 |      1.7168 |      1.7171 |      1.7169 |      1.7168 |      1.7175 |      1.7176 |      1.7168 |      1.7171 |      1.7173 |      1.7176 |      1.7168 |      1.7172 |      1.7173 |      1.7169 |      1.7176 |      1.7168 |      1.7175 |      1.7170 |      1.7173 |      1.7171 |      1.7169 |      1.7171 |      1.7172 |      1.7171 |      1.7169 |      1.7172 |      1.7171 |      1.7173 |      1.7172 |      1.7173 |      1.7168 |      1.7170 |      1.7173 |      1.7173 |      1.7169 |       1.7168 |       1.7168 |       1.7169 |       1.7168 |       1.7195 |       1.7175 |       1.7176 |       1.7179 |       1.7176 |       1.7176 |       1.7169 |       1.7169 |       1.7169 |       1.7168 |       1.7168 |       1.7168 |       1.7168 |       1.7168 |       1.7168 |       1.7170 |       1.7172 |       1.7168 |       1.7168 |       1.7168 |       1.7171 |       1.7171 |       1.7171 |       1.7171 |       1.7171 |       1.7171 |       1.7178 |       1.7173 |       1.7176 |       1.7168 |       1.7169 |       1.7168 |       1.7176 |       1.7169 |       1.7177 |       1.7175 |       1.7169 |       1.7168 |       1.7168 |       1.7171 |       1.7173 |       1.7169 |       1.7168 |       1.7169 |       1.7169 |       1.7175 |       1.7169 |       1.7168 |       1.7168 |       1.7169 |       1.7168 |       1.7171 |       1.7171 |       1.7169 |       1.7169 |       1.7170 |       1.7173 |       1.7179 |       1.7168 |       1.7171 |       1.7172 |       1.7169 |       1.7168 |       1.7168 |       1.7168 |       1.7169 |       1.7169 |       1.7170 |       1.7168 |       1.7169 |       1.7169 |       1.7170 |       1.7169 |       1.7168 |       1.7176 |       1.7171 |       1.7168 |       1.7170 |       1.7168 |       1.7171 |       1.7171 |       1.7171 |       1.7168 |       1.7171 |       1.7171 |       1.7171 |       1.7170 |       1.7171 |
| Runtime unhalted [s] |     1.3615 |     1.3613 |     1.3611 |     1.3611 |     1.3616 |     1.3612 |     1.3619 |     1.3612 |     1.3616 |     1.3620 |      1.3619 |      1.3623 |      1.3620 |      1.3618 |      1.3619 |      1.3623 |      1.3611 |      1.3611 |      1.3612 |      1.3612 |      1.3610 |      1.3610 |      1.3612 |      1.3617 |      1.3615 |      1.3611 |      1.3614 |      1.3616 |      1.3612 |      1.3614 |      1.3616 |      1.3616 |      1.3615 |      1.3615 |      1.3613 |      1.3617 |      1.3615 |      1.3614 |      1.3616 |      1.3616 |      1.3612 |      1.3614 |      1.3617 |      1.3614 |      1.3611 |      1.3611 |      1.3612 |      1.3612 |      1.3615 |      1.3614 |      1.3614 |      1.3614 |      1.3614 |      1.3614 |      1.3611 |      1.3616 |      1.3615 |      1.3614 |      1.3613 |      1.3613 |      1.3613 |      1.3614 |      1.3612 |      1.3619 |      1.3619 |      1.3611 |      1.3619 |      1.3616 |      1.3611 |      1.3621 |      1.3616 |      1.3612 |      1.3614 |      1.3616 |      1.3616 |      1.3611 |      1.3615 |      1.3614 |      1.3612 |      1.3616 |      1.3613 |      1.3617 |      1.3619 |      1.3614 |      1.3619 |      1.3613 |      1.3616 |      1.3616 |      1.3613 |      1.3613 |      1.3614 |      1.3615 |      1.3615 |      1.3614 |      1.3615 |      1.3617 |      1.3612 |      1.3619 |      1.3620 |      1.3617 |       1.3615 |       1.3617 |       1.3611 |       1.3617 |       1.3622 |       1.3621 |       1.3618 |       1.3621 |       1.3622 |       1.3620 |       1.3618 |       1.3613 |       1.3611 |       1.3611 |       1.3611 |       1.3611 |       1.3611 |       1.3611 |       1.3611 |       1.3610 |       1.3616 |       1.3613 |       1.3614 |       1.3613 |       1.3615 |       1.3616 |       1.3619 |       1.3614 |       1.3619 |       1.3616 |       1.3621 |       1.3616 |       1.3616 |       1.3613 |       1.3614 |       1.3608 |       1.3620 |       1.3616 |       1.3617 |       1.3615 |       1.3616 |       1.3618 |       1.3613 |       1.3616 |       1.3615 |       1.3611 |       1.3614 |       1.3616 |       1.3612 |       1.3614 |       1.3615 |       1.3617 |       1.3618 |       1.3618 |       1.3618 |       1.3620 |       1.3620 |       1.3615 |       1.3617 |       1.3617 |       1.3615 |       1.3616 |       1.3611 |       1.3613 |       1.3620 |       1.3617 |       1.3612 |       1.3618 |       1.3617 |       1.3610 |       1.3616 |       1.3610 |       1.3613 |       1.3617 |       1.3617 |       1.3613 |       1.3615 |       1.3616 |       1.3621 |       1.3617 |       1.3616 |       1.3614 |       1.3614 |       1.3616 |       1.3619 |       1.3619 |       1.3611 |       1.3616 |       1.3616 |       1.3616 |       1.3611 |       1.3615 |
|      Clock [MHz]     |  1897.1220 |  1896.7958 |  1896.9681 |  1897.4847 |  1897.1823 |  1896.9858 |  1897.1571 |  1896.9501 |  1897.1566 |  1897.1814 |   1897.1235 |   1896.7663 |   1897.1374 |   1897.4402 |   1897.0978 |   1896.7710 |   1896.9921 |   1896.9829 |   1897.2653 |   1897.2863 |   1897.6853 |   1897.1624 |   1897.3031 |   1897.3837 |   1897.0947 |   1897.0479 |   1897.0549 |   1897.1387 |   1897.3189 |   1897.0536 |   1896.8665 |   1896.8724 |   1897.1962 |   1896.8167 |   1897.2584 |   1897.3221 |   1897.3144 |   1897.4315 |   1897.0217 |   1896.8226 |   1897.4848 |   1896.6775 |   1897.3507 |   1896.8513 |   1896.8917 |   1897.0388 |   1897.3236 |   1897.3009 |   1897.1521 |   1897.4753 |   1896.6786 |   1896.6728 |   1896.6700 |   1897.0526 |   1897.0151 |   1897.1278 |   1896.5487 |   1897.4322 |   1897.4225 |   1897.4010 |   1897.4588 |   1897.4644 |   1897.6548 |   1897.1474 |   1897.1183 |   1897.1277 |   1897.1442 |   1897.1141 |   1897.0867 |   1896.9518 |   1897.1944 |   1897.1793 |   1896.6677 |   1897.3770 |   1896.8835 |   1897.7063 |   1897.0832 |   1897.0306 |   1897.3274 |   1896.8837 |   1897.4005 |   1896.9704 |   1897.1550 |   1897.0935 |   1897.1406 |   1897.1028 |   1897.1659 |   1897.1916 |   1897.1742 |   1897.3737 |   1897.0799 |   1897.0702 |   1897.1880 |   1897.0510 |   1897.1017 |   1897.3915 |   1897.1733 |   1897.1508 |   1897.1659 |   1897.3743 |    1897.0124 |    1897.4266 |    1897.0877 |    1897.3744 |    1896.7217 |    1896.9565 |    1896.8348 |    1896.8142 |    1896.9077 |    1896.8891 |    1897.4233 |    1897.1328 |    1896.9125 |    1896.8931 |    1897.6560 |    1897.3538 |    1897.3483 |    1896.9933 |    1896.9270 |    1897.6970 |    1897.1782 |    1897.3292 |    1897.4100 |    1897.3528 |    1897.1514 |    1897.1751 |    1897.1264 |    1897.0795 |    1897.1568 |    1897.1726 |    1896.8032 |    1897.1965 |    1897.1736 |    1897.3268 |    1897.4201 |    1897.4572 |    1896.9368 |    1897.1603 |    1896.9382 |    1897.1944 |    1897.0752 |    1897.4232 |    1897.3698 |    1897.1844 |    1897.1897 |    1897.0517 |    1897.3885 |    1897.3309 |    1897.3039 |    1897.0573 |    1897.0473 |    1897.4225 |    1897.4251 |    1897.4337 |    1897.4232 |    1897.1831 |    1897.1800 |    1897.0998 |    1897.4000 |    1897.3776 |    1897.1014 |    1896.8043 |    1897.7267 |    1897.0870 |    1897.1652 |    1897.0775 |    1897.3035 |    1897.4328 |    1897.3884 |    1897.6854 |    1897.1105 |    1897.6848 |    1897.4013 |    1897.3986 |    1897.0885 |    1897.3769 |    1897.2417 |    1897.3104 |    1896.9430 |    1897.0742 |    1897.3681 |    1897.4045 |    1897.3912 |    1897.1760 |    1897.1473 |    1897.1176 |    1897.5892 |    1897.1808 |    1897.1891 |    1897.1873 |    1897.6084 |    1897.0760 |
|          CPI         |     0.3010 |     0.3013 |     0.3013 |     0.3013 |     0.3013 |     0.3013 |     0.3013 |     0.3012 |     0.3012 |     0.3013 |      0.3013 |      0.3016 |      0.3012 |      0.3012 |      0.3012 |      0.3016 |      0.3012 |      0.3012 |      0.3012 |      0.3012 |      0.3012 |      0.3012 |      0.3012 |      0.3012 |      0.3012 |      0.3012 |      0.3013 |      0.3012 |      0.3012 |      0.3013 |      0.3013 |      0.3013 |      0.3014 |      0.3012 |      0.3013 |      0.3012 |      0.3012 |      0.3012 |      0.3013 |      0.3013 |      0.3012 |      0.3012 |      0.3012 |      0.3012 |      0.3011 |      0.3012 |      0.3011 |      0.3011 |      0.3013 |      0.3012 |      0.3013 |      0.3013 |      0.3013 |      0.3013 |      0.3012 |      0.3012 |      0.3013 |      0.3012 |      0.3012 |      0.3012 |      0.3013 |      0.3012 |      0.3012 |      0.3013 |      0.3013 |      0.3012 |      0.3012 |      0.3012 |      0.3011 |      0.3013 |      0.3012 |      0.3011 |      0.3012 |      0.3012 |      0.3013 |      0.3012 |      0.3012 |      0.3012 |      0.3012 |      0.3012 |      0.3012 |      0.3013 |      0.3012 |      0.3013 |      0.3012 |      0.3013 |      0.3013 |      0.3012 |      0.3012 |      0.3012 |      0.3012 |      0.3012 |      0.3012 |      0.3012 |      0.3012 |      0.3011 |      0.3015 |      0.3015 |      0.3015 |      0.3014 |       0.3014 |       0.3014 |       0.3014 |       0.3014 |       0.3018 |       0.3015 |       0.3015 |       0.3016 |       0.3015 |       0.3015 |       0.3015 |       0.3014 |       0.3015 |       0.3014 |       0.3014 |       0.3014 |       0.3014 |       0.3014 |       0.3014 |       0.3014 |       0.3015 |       0.3015 |       0.3015 |       0.3015 |       0.3015 |       0.3015 |       0.3012 |       0.3015 |       0.3014 |       0.3014 |       0.3015 |       0.3014 |       0.3015 |       0.3014 |       0.3014 |       0.3014 |       0.3016 |       0.3014 |       0.3016 |       0.3015 |       0.3014 |       0.3014 |       0.3013 |       0.3014 |       0.3014 |       0.3014 |       0.3014 |       0.3014 |       0.3014 |       0.3015 |       0.3014 |       0.3014 |       0.3014 |       0.3014 |       0.3014 |       0.3014 |       0.3014 |       0.3014 |       0.3014 |       0.3014 |       0.3014 |       0.3016 |       0.3014 |       0.3014 |       0.3014 |       0.3013 |       0.3013 |       0.3013 |       0.3014 |       0.3014 |       0.3014 |       0.3014 |       0.3014 |       0.3014 |       0.3014 |       0.3014 |       0.3014 |       0.3014 |       0.3015 |       0.3014 |       0.3014 |       0.3014 |       0.3014 |       0.3014 |       0.3015 |       0.3015 |       0.3014 |       0.3014 |       0.3014 |       0.3014 |       0.3013 |       0.3014 |
|     SP [MFLOP/s]     |  5003.5182 |  5002.6032 |  5002.4576 |  5001.9828 |  5001.9653 |  5002.0876 |  5002.3556 |  5003.5386 |  5003.3434 |  5002.3906 |   5002.5479 |   4996.0421 |   5002.4576 |   5003.5357 |   5002.4605 |   4996.0392 |   5003.5678 |   5003.0723 |   5002.9878 |   5003.0549 |   5003.5590 |   5003.5590 |   5003.0549 |   5003.5532 |   5003.2705 |   5003.2326 |   5001.9653 |   5003.2326 |   5003.3783 |   5001.9536 |   5001.2722 |   5001.2780 |   5001.1237 |   5002.5158 |   5001.1062 |   5002.3498 |   5002.1255 |   5003.1772 |   5002.1226 |   5001.0975 |   5002.5828 |   5002.5974 |   5003.5532 |   5003.2851 |   5003.5678 |   5003.2588 |   5003.5299 |   5003.5532 |   5002.5042 |   5003.2239 |   5002.6207 |   5002.4896 |   5002.5566 |   5002.5508 |   5003.0927 |   5003.2093 |   5001.1790 |   5002.5129 |   5002.5654 |   5002.0614 |   5001.0334 |   5003.2996 |   5003.1889 |   5001.0945 |   5002.4576 |   5003.5211 |   5002.4838 |   5003.1656 |   5003.5386 |   5001.2780 |   5001.1499 |   5003.5328 |   5002.6149 |   5002.1109 |   5001.0975 |   5003.5823 |   5002.3906 |   5002.0002 |   5003.0461 |   5001.2343 |   5003.5444 |   5001.3362 |   5002.7810 |   5002.0614 |   5002.4838 |   5003.0286 |   5002.4751 |   5002.4197 |   5002.5158 |   5003.2763 |   5002.3119 |   5002.5828 |   5002.0614 |   5002.3906 |   5002.0614 |   5003.5270 |   5003.0053 |   5002.0905 |   5002.0876 |   5003.0986 |    5003.5736 |    5003.5823 |    5003.2734 |    5003.5299 |    4995.7399 |    5001.2955 |    5001.0130 |    5000.3755 |    5001.0014 |    5001.0480 |    5003.1860 |    5003.0811 |    5003.0898 |    5003.5882 |    5003.5794 |    5003.5911 |    5003.5969 |    5003.5853 |    5003.5882 |    5003.0141 |    5002.3877 |    5003.3783 |    5003.5503 |    5003.5386 |    5002.6120 |    5002.6149 |    5002.4721 |    5002.6149 |    5002.6003 |    5002.5654 |    5000.4308 |    5002.0527 |    5001.1470 |    5003.3812 |    5003.2035 |    5003.5823 |    5001.0188 |    5003.2880 |    5000.9286 |    5001.3217 |    5003.0840 |    5003.5415 |    5003.5707 |    5002.5712 |    5002.0934 |    5003.0957 |    5003.5736 |    5003.0315 |    5003.0286 |    5001.3158 |    5003.0898 |    5003.3550 |    5003.5299 |    5003.2501 |    5003.5532 |    5002.5100 |    5002.5479 |    5003.2647 |    5003.0607 |    5003.0141 |    5002.0614 |    5000.2474 |    5003.5561 |    5002.5712 |    5002.3877 |    5003.0432 |    5003.5853 |    5003.5765 |    5003.5648 |    5003.0257 |    5003.0636 |    5003.0170 |    5003.5357 |    5003.0636 |    5003.0578 |    5003.0053 |    5003.0723 |    5003.5736 |    5001.1004 |    5002.5683 |    5003.5765 |    5003.0082 |    5003.5736 |    5002.4751 |    5002.4751 |    5002.6003 |    5003.5619 |    5002.5858 |    5002.4721 |    5002.5508 |    5002.9966 |    5002.5333 |
+----------------------+------------+------------+------------+------------+------------+------------+------------+------------+------------+------------+-------------+-------------+-------------+-------------+-------------+-------------+-------------+-------------+-------------+-------------+-------------+-------------+-------------+-------------+-------------+-------------+-------------+-------------+-------------+-------------+-------------+-------------+-------------+-------------+-------------+-------------+-------------+-------------+-------------+-------------+-------------+-------------+-------------+-------------+-------------+-------------+-------------+-------------+-------------+-------------+-------------+-------------+-------------+-------------+-------------+-------------+-------------+-------------+-------------+-------------+-------------+-------------+-------------+-------------+-------------+-------------+-------------+-------------+-------------+-------------+-------------+-------------+-------------+-------------+-------------+-------------+-------------+-------------+-------------+-------------+-------------+-------------+-------------+-------------+-------------+-------------+-------------+-------------+-------------+-------------+-------------+-------------+-------------+-------------+-------------+-------------+-------------+-------------+-------------+-------------+--------------+--------------+--------------+--------------+--------------+--------------+--------------+--------------+--------------+--------------+--------------+--------------+--------------+--------------+--------------+--------------+--------------+--------------+--------------+--------------+--------------+--------------+--------------+--------------+--------------+--------------+--------------+--------------+--------------+--------------+--------------+--------------+--------------+--------------+--------------+--------------+--------------+--------------+--------------+--------------+--------------+--------------+--------------+--------------+--------------+--------------+--------------+--------------+--------------+--------------+--------------+--------------+--------------+--------------+--------------+--------------+--------------+--------------+--------------+--------------+--------------+--------------+--------------+--------------+--------------+--------------+--------------+--------------+--------------+--------------+--------------+--------------+--------------+--------------+--------------+--------------+--------------+--------------+--------------+--------------+--------------+--------------+--------------+--------------+--------------+--------------+--------------+--------------+--------------+--------------+--------------+--------------+
+---------------------------+-------------+-----------+-----------+-----------+
|           Metric          |     Sum     |    Min    |    Max    |    Avg    |
+---------------------------+-------------+-----------+-----------+-----------+
|  Runtime (RDTSC) [s] STAT |    329.6846 |    1.7168 |    1.7195 |    1.7171 |
| Runtime unhalted [s] STAT |    261.4095 |    1.3608 |    1.3623 |    1.3615 |
|      Clock [MHz] STAT     | 364258.0023 | 1896.5487 | 1897.7267 | 1897.1771 |
|          CPI STAT         |     57.8556 |    0.3010 |    0.3018 |    0.3013 |
|     SP [MFLOP/s] STAT     | 960494.5802 | 4995.7399 | 5003.5969 | 5002.5759 |
+---------------------------+-------------+-----------+-----------+-----------+
