--------------------------------------------------------------------------------
CPU name:	AMD EPYC 9654 96-Core Processor                
CPU type:	AMD K19 (Zen4) architecture
CPU clock:	2.40 GHz
--------------------------------------------------------------------------------
Region bench, Group 1: FLOPS_SP
+-------------------+------------+------------+------------+------------+------------+------------+------------+------------+------------+------------+-------------+-------------+-------------+-------------+-------------+-------------+-------------+-------------+-------------+-------------+-------------+-------------+-------------+-------------+-------------+-------------+-------------+-------------+-------------+-------------+-------------+-------------+-------------+-------------+-------------+-------------+-------------+-------------+-------------+-------------+-------------+-------------+-------------+-------------+-------------+-------------+-------------+-------------+-------------+-------------+-------------+-------------+-------------+-------------+-------------+-------------+-------------+-------------+-------------+-------------+-------------+-------------+-------------+-------------+-------------+-------------+-------------+-------------+-------------+-------------+-------------+-------------+-------------+-------------+-------------+-------------+-------------+-------------+-------------+-------------+-------------+-------------+-------------+-------------+-------------+-------------+-------------+-------------+-------------+-------------+-------------+-------------+-------------+-------------+-------------+-------------+
|    Region Info    | HWThread 0 | HWThread 1 | HWThread 2 | HWThread 3 | HWThread 4 | HWThread 5 | HWThread 6 | HWThread 7 | HWThread 8 | HWThread 9 | HWThread 10 | HWThread 11 | HWThread 12 | HWThread 13 | HWThread 14 | HWThread 15 | HWThread 16 | HWThread 17 | HWThread 18 | HWThread 19 | HWThread 20 | HWThread 21 | HWThread 22 | HWThread 23 | HWThread 24 | HWThread 25 | HWThread 26 | HWThread 27 | HWThread 28 | HWThread 29 | HWThread 30 | HWThread 31 | HWThread 32 | HWThread 33 | HWThread 34 | HWThread 35 | HWThread 36 | HWThread 37 | HWThread 38 | HWThread 39 | HWThread 40 | HWThread 41 | HWThread 42 | HWThread 43 | HWThread 44 | HWThread 45 | HWThread 46 | HWThread 47 | HWThread 48 | HWThread 49 | HWThread 50 | HWThread 51 | HWThread 52 | HWThread 53 | HWThread 54 | HWThread 55 | HWThread 56 | HWThread 57 | HWThread 58 | HWThread 59 | HWThread 60 | HWThread 61 | HWThread 62 | HWThread 63 | HWThread 64 | HWThread 65 | HWThread 66 | HWThread 67 | HWThread 68 | HWThread 69 | HWThread 70 | HWThread 71 | HWThread 72 | HWThread 73 | HWThread 74 | HWThread 75 | HWThread 76 | HWThread 77 | HWThread 78 | HWThread 79 | HWThread 80 | HWThread 81 | HWThread 82 | HWThread 83 | HWThread 84 | HWThread 85 | HWThread 86 | HWThread 87 | HWThread 88 | HWThread 89 | HWThread 90 | HWThread 91 | HWThread 92 | HWThread 93 | HWThread 94 | HWThread 95 |
+-------------------+------------+------------+------------+------------+------------+------------+------------+------------+------------+------------+-------------+-------------+-------------+-------------+-------------+-------------+-------------+-------------+-------------+-------------+-------------+-------------+-------------+-------------+-------------+-------------+-------------+-------------+-------------+-------------+-------------+-------------+-------------+-------------+-------------+-------------+-------------+-------------+-------------+-------------+-------------+-------------+-------------+-------------+-------------+-------------+-------------+-------------+-------------+-------------+-------------+-------------+-------------+-------------+-------------+-------------+-------------+-------------+-------------+-------------+-------------+-------------+-------------+-------------+-------------+-------------+-------------+-------------+-------------+-------------+-------------+-------------+-------------+-------------+-------------+-------------+-------------+-------------+-------------+-------------+-------------+-------------+-------------+-------------+-------------+-------------+-------------+-------------+-------------+-------------+-------------+-------------+-------------+-------------+-------------+-------------+
| RDTSC Runtime [s] |   1.719319 |   1.719372 |   1.719310 |   1.719443 |   1.719417 |   1.719334 |   1.719275 |   1.719441 |   1.719440 |   1.719344 |    1.719371 |    1.719422 |    1.719577 |    1.719458 |    1.719429 |    1.719461 |    1.719564 |    1.719644 |    1.719640 |    1.719563 |    1.719428 |    1.719475 |    1.719638 |    1.719638 |    1.719424 |    1.719375 |    1.719275 |    1.719332 |    1.719321 |    1.719425 |    1.719276 |    1.719270 |    1.719335 |    1.719422 |    1.719492 |    1.719318 |    1.719553 |    1.719343 |    1.719316 |    1.719568 |    1.719548 |    1.719548 |    1.719491 |    1.719419 |    1.719423 |    1.719331 |    1.719347 |    1.719482 |    1.719279 |    1.719394 |    1.719290 |    1.719318 |    1.719523 |    1.719311 |    1.719269 |    1.719551 |    1.719397 |    1.719418 |    1.719311 |    1.719389 |    1.719374 |    1.719290 |    1.719318 |    1.719586 |    1.719388 |    1.719366 |    1.719326 |    1.719314 |    1.719431 |    1.719558 |    1.719595 |    1.719273 |    1.719242 |    1.719370 |    1.719265 |    1.719420 |    1.719327 |    1.719278 |    1.719267 |    1.719352 |    1.719423 |    1.719454 |    1.719369 |    1.719458 |    1.719320 |    1.719292 |    1.719419 |    1.719298 |    1.719367 |    1.719299 |    1.719267 |    1.719405 |    1.719292 |    1.719561 |    1.719290 |    1.719315 |
|     call count    |          1 |          1 |          1 |          1 |          1 |          1 |          1 |          1 |          1 |          1 |           1 |           1 |           1 |           1 |           1 |           1 |           1 |           1 |           1 |           1 |           1 |           1 |           1 |           1 |           1 |           1 |           1 |           1 |           1 |           1 |           1 |           1 |           1 |           1 |           1 |           1 |           1 |           1 |           1 |           1 |           1 |           1 |           1 |           1 |           1 |           1 |           1 |           1 |           1 |           1 |           1 |           1 |           1 |           1 |           1 |           1 |           1 |           1 |           1 |           1 |           1 |           1 |           1 |           1 |           1 |           1 |           1 |           1 |           1 |           1 |           1 |           1 |           1 |           1 |           1 |           1 |           1 |           1 |           1 |           1 |           1 |           1 |           1 |           1 |           1 |           1 |           1 |           1 |           1 |           1 |           1 |           1 |           1 |           1 |           1 |           1 |
+-------------------+------------+------------+------------+------------+------------+------------+------------+------------+------------+------------+-------------+-------------+-------------+-------------+-------------+-------------+-------------+-------------+-------------+-------------+-------------+-------------+-------------+-------------+-------------+-------------+-------------+-------------+-------------+-------------+-------------+-------------+-------------+-------------+-------------+-------------+-------------+-------------+-------------+-------------+-------------+-------------+-------------+-------------+-------------+-------------+-------------+-------------+-------------+-------------+-------------+-------------+-------------+-------------+-------------+-------------+-------------+-------------+-------------+-------------+-------------+-------------+-------------+-------------+-------------+-------------+-------------+-------------+-------------+-------------+-------------+-------------+-------------+-------------+-------------+-------------+-------------+-------------+-------------+-------------+-------------+-------------+-------------+-------------+-------------+-------------+-------------+-------------+-------------+-------------+-------------+-------------+-------------+-------------+-------------+-------------+
+---------------------------+---------+-------------+-------------+-------------+-------------+-------------+-------------+-------------+-------------+-------------+-------------+-------------+-------------+-------------+-------------+-------------+-------------+-------------+-------------+-------------+-------------+-------------+-------------+-------------+-------------+-------------+-------------+-------------+-------------+-------------+-------------+-------------+-------------+-------------+-------------+-------------+-------------+-------------+-------------+-------------+-------------+-------------+-------------+-------------+-------------+-------------+-------------+-------------+-------------+-------------+-------------+-------------+-------------+-------------+-------------+-------------+-------------+-------------+-------------+-------------+-------------+-------------+-------------+-------------+-------------+-------------+-------------+-------------+-------------+-------------+-------------+-------------+-------------+-------------+-------------+-------------+-------------+-------------+-------------+-------------+-------------+-------------+-------------+-------------+-------------+-------------+-------------+-------------+-------------+-------------+-------------+-------------+-------------+-------------+-------------+-------------+-------------+
|           Event           | Counter |  HWThread 0 |  HWThread 1 |  HWThread 2 |  HWThread 3 |  HWThread 4 |  HWThread 5 |  HWThread 6 |  HWThread 7 |  HWThread 8 |  HWThread 9 | HWThread 10 | HWThread 11 | HWThread 12 | HWThread 13 | HWThread 14 | HWThread 15 | HWThread 16 | HWThread 17 | HWThread 18 | HWThread 19 | HWThread 20 | HWThread 21 | HWThread 22 | HWThread 23 | HWThread 24 | HWThread 25 | HWThread 26 | HWThread 27 | HWThread 28 | HWThread 29 | HWThread 30 | HWThread 31 | HWThread 32 | HWThread 33 | HWThread 34 | HWThread 35 | HWThread 36 | HWThread 37 | HWThread 38 | HWThread 39 | HWThread 40 | HWThread 41 | HWThread 42 | HWThread 43 | HWThread 44 | HWThread 45 | HWThread 46 | HWThread 47 | HWThread 48 | HWThread 49 | HWThread 50 | HWThread 51 | HWThread 52 | HWThread 53 | HWThread 54 | HWThread 55 | HWThread 56 | HWThread 57 | HWThread 58 | HWThread 59 | HWThread 60 | HWThread 61 | HWThread 62 | HWThread 63 | HWThread 64 | HWThread 65 | HWThread 66 | HWThread 67 | HWThread 68 | HWThread 69 | HWThread 70 | HWThread 71 | HWThread 72 | HWThread 73 | HWThread 74 | HWThread 75 | HWThread 76 | HWThread 77 | HWThread 78 | HWThread 79 | HWThread 80 | HWThread 81 | HWThread 82 | HWThread 83 | HWThread 84 | HWThread 85 | HWThread 86 | HWThread 87 | HWThread 88 | HWThread 89 | HWThread 90 | HWThread 91 | HWThread 92 | HWThread 93 | HWThread 94 | HWThread 95 |
+---------------------------+---------+-------------+-------------+-------------+-------------+-------------+-------------+-------------+-------------+-------------+-------------+-------------+-------------+-------------+-------------+-------------+-------------+-------------+-------------+-------------+-------------+-------------+-------------+-------------+-------------+-------------+-------------+-------------+-------------+-------------+-------------+-------------+-------------+-------------+-------------+-------------+-------------+-------------+-------------+-------------+-------------+-------------+-------------+-------------+-------------+-------------+-------------+-------------+-------------+-------------+-------------+-------------+-------------+-------------+-------------+-------------+-------------+-------------+-------------+-------------+-------------+-------------+-------------+-------------+-------------+-------------+-------------+-------------+-------------+-------------+-------------+-------------+-------------+-------------+-------------+-------------+-------------+-------------+-------------+-------------+-------------+-------------+-------------+-------------+-------------+-------------+-------------+-------------+-------------+-------------+-------------+-------------+-------------+-------------+-------------+-------------+-------------+
|      ACTUAL_CPU_CLOCK     |  FIXC1  |  3263809000 |  3263617000 |  3263205000 |  3263692000 |  3263615000 |  3263608000 |  3263319000 |  3263827000 |  3263707000 |  3263752000 |  3263554000 |  3263830000 |  3263960000 |  3263579000 |  3263674000 |  3263640000 |  3263883000 |  3264082000 |  3264108000 |  3264176000 |  3263832000 |  3264068000 |  3263899000 |  3264077000 |  3263977000 |  3263904000 |  3263764000 |  3263736000 |  3263971000 |  3263815000 |  3263769000 |  3263756000 |  3263899000 |  3264129000 |  3264094000 |  3264093000 |  3263772000 |  3263760000 |  3263724000 |  3263871000 |  3263894000 |  3263823000 |  3263707000 |  3263737000 |  3263869000 |  3263666000 |  3263738000 |  3263986000 |  3263435000 |  3263579000 |  3263217000 |  3263435000 |  3263925000 |  3263415000 |  3263201000 |  3263848000 |  3263598000 |  3264214000 |  3263520000 |  3263505000 |  3263376000 |  3263639000 |  3263882000 |  3264006000 |  3263577000 |  3263377000 |  3263430000 |  3263430000 |  3263864000 |  3263985000 |  3264116000 |  3263614000 |  3263416000 |  3263493000 |  3263384000 |  3264041000 |  3263559000 |  3263846000 |  3263500000 |  3263653000 |  3264034000 |  3264288000 |  3263521000 |  3263961000 |  3263434000 |  3263411000 |  3263866000 |  3263481000 |  3263821000 |  3263588000 |  3263591000 |  3263924000 |  3263690000 |  3264323000 |  3263846000 |  3263819000 |
|       MAX_CPU_CLOCK       |  FIXC2  |  4122533000 |  4122408000 |  4121896000 |  4122458000 |  4122544000 |  4122541000 |  4122230000 |  4122555000 |  4122548000 |  4122460000 |  4122005000 |  4123033000 |  4123179000 |  4122203000 |  4122472000 |  4122463000 |  4123020000 |  4123257000 |  4123268000 |  4123250000 |  4122593000 |  4122962000 |  4123268000 |  4123257000 |  4122661000 |  4122706000 |  4122535000 |  4122442000 |  4122688000 |  4122550000 |  4122530000 |  4122530000 |  4122680000 |  4123234000 |  4123267000 |  4122751000 |  4122946000 |  4122595000 |  4122915000 |  4123036000 |  4123013000 |  4122962000 |  4122525000 |  4122532000 |  4123059000 |  4122494000 |  4122754000 |  4122914000 |  4122111000 |  4122247000 |  4121903000 |  4122265000 |  4123046000 |  4122239000 |  4121994000 |  4123024000 |  4122279000 |  4123236000 |  4122224000 |  4122186000 |  4122314000 |  4122239000 |  4122474000 |  4123009000 |  4122266000 |  4122314000 |  4122285000 |  4122006000 |  4122895000 |  4122962000 |  4123024000 |  4122323000 |  4122014000 |  4122382000 |  4122005000 |  4122984000 |  4122430000 |  4122541000 |  4122208000 |  4122303000 |  4122946000 |  4123338000 |  4122243000 |  4122895000 |  4122288000 |  4122199000 |  4122911000 |  4122191000 |  4122380000 |  4122090000 |  4122477000 |  4122663000 |  4122324000 |  4123132000 |  4122714000 |  4122337000 |
|    RETIRED_INSTRUCTIONS   |   PMC0  | 10739810000 | 10739920000 | 10739890000 | 10740070000 | 10739900000 | 10739960000 | 10740030000 | 10740030000 | 10739990000 | 10739820000 | 10739830000 | 10740080000 | 10739870000 | 10739950000 | 10739920000 | 10739820000 | 10740110000 | 10739110000 | 10739930000 | 10740200000 | 10739840000 | 10739990000 | 10740260000 | 10740020000 | 10739980000 | 10739950000 | 10739910000 | 10739890000 | 10738530000 | 10740120000 | 10739960000 | 10739900000 | 10740090000 | 10739790000 | 10739960000 | 10739730000 | 10739850000 | 10739840000 | 10739810000 | 10739880000 | 10739920000 | 10739900000 | 10739920000 | 10739950000 | 10740150000 | 10739740000 | 10739950000 | 10739910000 | 10740080000 | 10738880000 | 10739730000 | 10740020000 | 10739750000 | 10739970000 | 10739960000 | 10739970000 | 10739940000 | 10739780000 | 10739920000 | 10740000000 | 10739860000 | 10739910000 | 10739230000 | 10739920000 | 10739940000 | 10739840000 | 10739890000 | 10739980000 | 10740200000 | 10740180000 | 10740200000 | 10740180000 | 10739630000 | 10739630000 | 10739740000 | 10739920000 | 10739570000 | 10739790000 | 10739680000 | 10739900000 | 10739630000 | 10739440000 | 10739990000 | 10739990000 | 10739200000 | 10740090000 | 10739940000 | 10739800000 | 10739790000 | 10739750000 | 10739820000 | 10739730000 | 10740090000 | 10740200000 | 10737620000 | 10739690000 |
|    CPU_CLOCKS_UNHALTED    |   PMC1  |  3237672000 |  3241518000 |  3240732000 |  3241639000 |  3241417000 |  3241212000 |  3240992000 |  3241404000 |  3240692000 |  3240438000 |  3240382000 |  3240738000 |  3240780000 |  3240479000 |  3240595000 |  3240355000 |  3241331000 |  3241471000 |  3241066000 |  3241329000 |  3240856000 |  3240997000 |  3241171000 |  3241309000 |  3240749000 |  3240566000 |  3240316000 |  3240597000 |  3240477000 |  3240646000 |  3240447000 |  3240219000 |  3240316000 |  3240305000 |  3240250000 |  3240077000 |  3240487000 |  3239819000 |  3239897000 |  3240377000 |  3240586000 |  3240880000 |  3240680000 |  3240748000 |  3239982000 |  3239666000 |  3239623000 |  3240618000 |  3240953000 |  3241091000 |  3240464000 |  3240813000 |  3240975000 |  3240846000 |  3240803000 |  3241082000 |  3240619000 |  3240485000 |  3240500000 |  3240608000 |  3240497000 |  3240440000 |  3240293000 |  3240757000 |  3240640000 |  3240760000 |  3240471000 |  3240559000 |  3240038000 |  3240294000 |  3239928000 |  3240193000 |  3238925000 |  3239431000 |  3239556000 |  3240082000 |  3239499000 |  3239433000 |  3239743000 |  3239868000 |  3240850000 |  3240417000 |  3241081000 |  3241141000 |  3240702000 |  3240962000 |  3241028000 |  3240795000 |  3239982000 |  3240274000 |  3240324000 |  3239668000 |  3239216000 |  3240597000 |  3239648000 |  3239266000 |
| RETIRED_SSE_AVX_FLOPS_ALL |   PMC2  |  8589935000 |  8589935000 |  8589935000 |  8589935000 |  8589935000 |  8589935000 |  8589935000 |  8589935000 |  8589935000 |  8589935000 |  8589935000 |  8589935000 |  8589935000 |  8589935000 |  8589935000 |  8589935000 |  8589935000 |  8589935000 |  8589935000 |  8589935000 |  8589935000 |  8589935000 |  8589935000 |  8589935000 |  8589935000 |  8589935000 |  8589935000 |  8589935000 |  8589935000 |  8589935000 |  8589935000 |  8589935000 |  8589935000 |  8589935000 |  8589935000 |  8589935000 |  8589935000 |  8589935000 |  8589935000 |  8589935000 |  8589935000 |  8589935000 |  8589935000 |  8589935000 |  8589935000 |  8589935000 |  8589935000 |  8589935000 |  8589935000 |  8589935000 |  8589935000 |  8589935000 |  8589935000 |  8589935000 |  8589935000 |  8589935000 |  8589935000 |  8589935000 |  8589935000 |  8589935000 |  8589935000 |  8589935000 |  8589935000 |  8589935000 |  8589935000 |  8589935000 |  8589935000 |  8589935000 |  8589935000 |  8589935000 |  8589935000 |  8589935000 |  8589935000 |  8589935000 |  8589935000 |  8589935000 |  8589935000 |  8589935000 |  8589935000 |  8589935000 |  8589935000 |  8589935000 |  8589935000 |  8589935000 |  8589935000 |  8589935000 |  8589935000 |  8589935000 |  8589935000 |  8589935000 |  8589935000 |  8589935000 |  8589935000 |  8589935000 |  8589935000 |  8589935000 |
|           MERGE           |   PMC3  |           0 |           0 |           0 |           0 |           0 |           0 |           0 |           0 |           0 |           0 |           0 |           0 |           0 |           0 |           0 |           0 |           0 |           0 |           0 |           0 |           0 |           0 |           0 |           0 |           0 |           0 |           0 |           0 |           0 |           0 |           0 |           0 |           0 |           0 |           0 |           0 |           0 |           0 |           0 |           0 |           0 |           0 |           0 |           0 |           0 |           0 |           0 |           0 |           0 |           0 |           0 |           0 |           0 |           0 |           0 |           0 |           0 |           0 |           0 |           0 |           0 |           0 |           0 |           0 |           0 |           0 |           0 |           0 |           0 |           0 |           0 |           0 |           0 |           0 |           0 |           0 |           0 |           0 |           0 |           0 |           0 |           0 |           0 |           0 |           0 |           0 |           0 |           0 |           0 |           0 |           0 |           0 |           0 |           0 |           0 |           0 |
+---------------------------+---------+-------------+-------------+-------------+-------------+-------------+-------------+-------------+-------------+-------------+-------------+-------------+-------------+-------------+-------------+-------------+-------------+-------------+-------------+-------------+-------------+-------------+-------------+-------------+-------------+-------------+-------------+-------------+-------------+-------------+-------------+-------------+-------------+-------------+-------------+-------------+-------------+-------------+-------------+-------------+-------------+-------------+-------------+-------------+-------------+-------------+-------------+-------------+-------------+-------------+-------------+-------------+-------------+-------------+-------------+-------------+-------------+-------------+-------------+-------------+-------------+-------------+-------------+-------------+-------------+-------------+-------------+-------------+-------------+-------------+-------------+-------------+-------------+-------------+-------------+-------------+-------------+-------------+-------------+-------------+-------------+-------------+-------------+-------------+-------------+-------------+-------------+-------------+-------------+-------------+-------------+-------------+-------------+-------------+-------------+-------------+-------------+
+--------------------------------+---------+---------------+-------------+-------------+--------------+
|              Event             | Counter |      Sum      |     Min     |     Max     |      Avg     |
+--------------------------------+---------+---------------+-------------+-------------+--------------+
|      ACTUAL_CPU_CLOCK STAT     |  FIXC1  |  313319645000 |  3263201000 |  3264323000 | 3.263746e+09 |
|       MAX_CPU_CLOCK STAT       |  FIXC2  |  395769582000 |  4121896000 |  4123338000 | 4.122600e+09 |
|    RETIRED_INSTRUCTIONS STAT   |   PMC0  | 1031024940000 | 10737620000 | 10740260000 |  10739843125 |
|    CPU_CLOCKS_UNHALTED STAT    |   PMC1  |  311085500000 |  3237672000 |  3241639000 | 3.240474e+09 |
| RETIRED_SSE_AVX_FLOPS_ALL STAT |   PMC2  |  824633760000 |  8589935000 |  8589935000 |   8589935000 |
|           MERGE STAT           |   PMC3  |             0 |           0 |           0 |            0 |
+--------------------------------+---------+---------------+-------------+-------------+--------------+
+----------------------+------------+------------+------------+------------+------------+------------+------------+------------+------------+------------+-------------+-------------+-------------+-------------+-------------+-------------+-------------+-------------+-------------+-------------+-------------+-------------+-------------+-------------+-------------+-------------+-------------+-------------+-------------+-------------+-------------+-------------+-------------+-------------+-------------+-------------+-------------+-------------+-------------+-------------+-------------+-------------+-------------+-------------+-------------+-------------+-------------+-------------+-------------+-------------+-------------+-------------+-------------+-------------+-------------+-------------+-------------+-------------+-------------+-------------+-------------+-------------+-------------+-------------+-------------+-------------+-------------+-------------+-------------+-------------+-------------+-------------+-------------+-------------+-------------+-------------+-------------+-------------+-------------+-------------+-------------+-------------+-------------+-------------+-------------+-------------+-------------+-------------+-------------+-------------+-------------+-------------+-------------+-------------+-------------+-------------+
|        Metric        | HWThread 0 | HWThread 1 | HWThread 2 | HWThread 3 | HWThread 4 | HWThread 5 | HWThread 6 | HWThread 7 | HWThread 8 | HWThread 9 | HWThread 10 | HWThread 11 | HWThread 12 | HWThread 13 | HWThread 14 | HWThread 15 | HWThread 16 | HWThread 17 | HWThread 18 | HWThread 19 | HWThread 20 | HWThread 21 | HWThread 22 | HWThread 23 | HWThread 24 | HWThread 25 | HWThread 26 | HWThread 27 | HWThread 28 | HWThread 29 | HWThread 30 | HWThread 31 | HWThread 32 | HWThread 33 | HWThread 34 | HWThread 35 | HWThread 36 | HWThread 37 | HWThread 38 | HWThread 39 | HWThread 40 | HWThread 41 | HWThread 42 | HWThread 43 | HWThread 44 | HWThread 45 | HWThread 46 | HWThread 47 | HWThread 48 | HWThread 49 | HWThread 50 | HWThread 51 | HWThread 52 | HWThread 53 | HWThread 54 | HWThread 55 | HWThread 56 | HWThread 57 | HWThread 58 | HWThread 59 | HWThread 60 | HWThread 61 | HWThread 62 | HWThread 63 | HWThread 64 | HWThread 65 | HWThread 66 | HWThread 67 | HWThread 68 | HWThread 69 | HWThread 70 | HWThread 71 | HWThread 72 | HWThread 73 | HWThread 74 | HWThread 75 | HWThread 76 | HWThread 77 | HWThread 78 | HWThread 79 | HWThread 80 | HWThread 81 | HWThread 82 | HWThread 83 | HWThread 84 | HWThread 85 | HWThread 86 | HWThread 87 | HWThread 88 | HWThread 89 | HWThread 90 | HWThread 91 | HWThread 92 | HWThread 93 | HWThread 94 | HWThread 95 |
+----------------------+------------+------------+------------+------------+------------+------------+------------+------------+------------+------------+-------------+-------------+-------------+-------------+-------------+-------------+-------------+-------------+-------------+-------------+-------------+-------------+-------------+-------------+-------------+-------------+-------------+-------------+-------------+-------------+-------------+-------------+-------------+-------------+-------------+-------------+-------------+-------------+-------------+-------------+-------------+-------------+-------------+-------------+-------------+-------------+-------------+-------------+-------------+-------------+-------------+-------------+-------------+-------------+-------------+-------------+-------------+-------------+-------------+-------------+-------------+-------------+-------------+-------------+-------------+-------------+-------------+-------------+-------------+-------------+-------------+-------------+-------------+-------------+-------------+-------------+-------------+-------------+-------------+-------------+-------------+-------------+-------------+-------------+-------------+-------------+-------------+-------------+-------------+-------------+-------------+-------------+-------------+-------------+-------------+-------------+
|  Runtime (RDTSC) [s] |     1.7193 |     1.7194 |     1.7193 |     1.7194 |     1.7194 |     1.7193 |     1.7193 |     1.7194 |     1.7194 |     1.7193 |      1.7194 |      1.7194 |      1.7196 |      1.7195 |      1.7194 |      1.7195 |      1.7196 |      1.7196 |      1.7196 |      1.7196 |      1.7194 |      1.7195 |      1.7196 |      1.7196 |      1.7194 |      1.7194 |      1.7193 |      1.7193 |      1.7193 |      1.7194 |      1.7193 |      1.7193 |      1.7193 |      1.7194 |      1.7195 |      1.7193 |      1.7196 |      1.7193 |      1.7193 |      1.7196 |      1.7195 |      1.7195 |      1.7195 |      1.7194 |      1.7194 |      1.7193 |      1.7193 |      1.7195 |      1.7193 |      1.7194 |      1.7193 |      1.7193 |      1.7195 |      1.7193 |      1.7193 |      1.7196 |      1.7194 |      1.7194 |      1.7193 |      1.7194 |      1.7194 |      1.7193 |      1.7193 |      1.7196 |      1.7194 |      1.7194 |      1.7193 |      1.7193 |      1.7194 |      1.7196 |      1.7196 |      1.7193 |      1.7192 |      1.7194 |      1.7193 |      1.7194 |      1.7193 |      1.7193 |      1.7193 |      1.7194 |      1.7194 |      1.7195 |      1.7194 |      1.7195 |      1.7193 |      1.7193 |      1.7194 |      1.7193 |      1.7194 |      1.7193 |      1.7193 |      1.7194 |      1.7193 |      1.7196 |      1.7193 |      1.7193 |
| Runtime unhalted [s] |     1.3620 |     1.3619 |     1.3617 |     1.3619 |     1.3619 |     1.3619 |     1.3618 |     1.3620 |     1.3619 |     1.3620 |      1.3619 |      1.3620 |      1.3620 |      1.3619 |      1.3619 |      1.3619 |      1.3620 |      1.3621 |      1.3621 |      1.3621 |      1.3620 |      1.3621 |      1.3620 |      1.3621 |      1.3620 |      1.3620 |      1.3620 |      1.3619 |      1.3620 |      1.3620 |      1.3620 |      1.3620 |      1.3620 |      1.3621 |      1.3621 |      1.3621 |      1.3620 |      1.3620 |      1.3619 |      1.3620 |      1.3620 |      1.3620 |      1.3619 |      1.3619 |      1.3620 |      1.3619 |      1.3619 |      1.3621 |      1.3618 |      1.3619 |      1.3617 |      1.3618 |      1.3620 |      1.3618 |      1.3617 |      1.3620 |      1.3619 |      1.3621 |      1.3619 |      1.3619 |      1.3618 |      1.3619 |      1.3620 |      1.3621 |      1.3619 |      1.3618 |      1.3618 |      1.3618 |      1.3620 |      1.3621 |      1.3621 |      1.3619 |      1.3618 |      1.3618 |      1.3618 |      1.3621 |      1.3619 |      1.3620 |      1.3618 |      1.3619 |      1.3621 |      1.3622 |      1.3619 |      1.3620 |      1.3618 |      1.3618 |      1.3620 |      1.3618 |      1.3620 |      1.3619 |      1.3619 |      1.3620 |      1.3619 |      1.3622 |      1.3620 |      1.3620 |
|      Clock [MHz]     |  1897.2105 |  1897.1564 |  1897.1525 |  1897.1770 |  1897.0926 |  1897.0899 |  1897.0651 |  1897.2108 |  1897.1443 |  1897.2109 |   1897.3052 |   1896.9926 |   1897.0010 |   1897.2286 |   1897.1601 |   1897.1444 |   1897.0294 |   1897.0360 |   1897.0460 |   1897.0938 |   1897.1962 |   1897.1636 |   1896.9246 |   1897.0331 |   1897.2492 |   1897.1861 |   1897.1834 |   1897.2099 |   1897.2333 |   1897.2061 |   1897.1886 |   1897.1810 |   1897.1951 |   1897.0739 |   1897.0384 |   1897.2752 |   1896.9989 |   1897.1534 |   1896.9853 |   1897.0150 |   1897.0390 |   1897.0212 |   1897.1548 |   1897.1691 |   1897.0033 |   1897.1453 |   1897.0675 |   1897.1380 |   1897.1873 |   1897.2084 |   1897.1563 |   1897.1164 |   1897.0418 |   1897.1167 |   1897.1051 |   1897.0072 |   1897.2047 |   1897.1224 |   1897.1847 |   1897.1934 |   1897.0595 |   1897.2469 |   1897.2800 |   1897.1059 |   1897.1985 |   1897.0601 |   1897.1043 |   1897.2327 |   1897.0758 |   1897.1153 |   1897.1630 |   1897.1937 |   1897.2209 |   1897.0963 |   1897.2064 |   1897.1378 |   1897.1125 |   1897.2283 |   1897.1804 |   1897.2256 |   1897.1512 |   1897.1184 |   1897.1765 |   1897.1322 |   1897.1052 |   1897.1328 |   1897.0696 |   1897.1772 |   1897.2878 |   1897.2859 |   1897.1095 |   1897.2175 |   1897.2375 |   1897.2336 |   1897.1487 |   1897.3065 |
|          CPI         |     0.3015 |     0.3018 |     0.3017 |     0.3018 |     0.3018 |     0.3018 |     0.3018 |     0.3018 |     0.3017 |     0.3017 |      0.3017 |      0.3017 |      0.3018 |      0.3017 |      0.3017 |      0.3017 |      0.3018 |      0.3018 |      0.3018 |      0.3018 |      0.3018 |      0.3018 |      0.3018 |      0.3018 |      0.3017 |      0.3017 |      0.3017 |      0.3017 |      0.3018 |      0.3017 |      0.3017 |      0.3017 |      0.3017 |      0.3017 |      0.3017 |      0.3017 |      0.3017 |      0.3017 |      0.3017 |      0.3017 |      0.3017 |      0.3018 |      0.3017 |      0.3017 |      0.3017 |      0.3017 |      0.3016 |      0.3017 |      0.3018 |      0.3018 |      0.3017 |      0.3018 |      0.3018 |      0.3018 |      0.3018 |      0.3018 |      0.3017 |      0.3017 |      0.3017 |      0.3017 |      0.3017 |      0.3017 |      0.3017 |      0.3017 |      0.3017 |      0.3018 |      0.3017 |      0.3017 |      0.3017 |      0.3017 |      0.3017 |      0.3017 |      0.3016 |      0.3016 |      0.3016 |      0.3017 |      0.3016 |      0.3016 |      0.3017 |      0.3017 |      0.3018 |      0.3017 |      0.3018 |      0.3018 |      0.3018 |      0.3018 |      0.3018 |      0.3018 |      0.3017 |      0.3017 |      0.3017 |      0.3017 |      0.3016 |      0.3017 |      0.3017 |      0.3016 |
|     SP [MFLOP/s]     |  4996.1264 |  4995.9724 |  4996.1525 |  4995.7661 |  4995.8416 |  4996.0828 |  4996.2542 |  4995.7719 |  4995.7748 |  4996.0537 |   4995.9753 |   4995.8271 |   4995.3768 |   4995.7225 |   4995.8067 |   4995.7138 |   4995.4145 |   4995.1821 |   4995.1938 |   4995.4174 |   4995.8097 |   4995.6731 |   4995.1996 |   4995.1996 |   4995.8213 |   4995.9636 |   4996.2542 |   4996.0886 |   4996.1206 |   4995.8184 |   4996.2513 |   4996.2688 |   4996.0799 |   4995.8271 |   4995.6237 |   4996.1293 |   4995.4465 |   4996.0566 |   4996.1351 |   4995.4029 |   4995.4610 |   4995.4610 |   4995.6266 |   4995.8358 |   4995.8242 |   4996.0915 |   4996.0450 |   4995.6528 |   4996.2426 |   4995.9084 |   4996.2106 |   4996.1293 |   4995.5336 |   4996.1496 |   4996.2717 |   4995.4523 |   4995.8997 |   4995.8387 |   4996.1496 |   4995.9230 |   4995.9666 |   4996.2106 |   4996.1293 |   4995.3506 |   4995.9259 |   4995.9898 |   4996.1060 |   4996.1409 |   4995.8009 |   4995.4320 |   4995.3245 |   4996.2600 |   4996.3501 |   4995.9782 |   4996.2833 |   4995.8329 |   4996.1031 |   4996.2455 |   4996.2775 |   4996.0305 |   4995.8242 |   4995.7341 |   4995.9811 |   4995.7225 |   4996.1235 |   4996.2048 |   4995.8358 |   4996.1874 |   4995.9869 |   4996.1845 |   4996.2775 |   4995.8765 |   4996.2048 |   4995.4233 |   4996.2106 |   4996.1380 |
+----------------------+------------+------------+------------+------------+------------+------------+------------+------------+------------+------------+-------------+-------------+-------------+-------------+-------------+-------------+-------------+-------------+-------------+-------------+-------------+-------------+-------------+-------------+-------------+-------------+-------------+-------------+-------------+-------------+-------------+-------------+-------------+-------------+-------------+-------------+-------------+-------------+-------------+-------------+-------------+-------------+-------------+-------------+-------------+-------------+-------------+-------------+-------------+-------------+-------------+-------------+-------------+-------------+-------------+-------------+-------------+-------------+-------------+-------------+-------------+-------------+-------------+-------------+-------------+-------------+-------------+-------------+-------------+-------------+-------------+-------------+-------------+-------------+-------------+-------------+-------------+-------------+-------------+-------------+-------------+-------------+-------------+-------------+-------------+-------------+-------------+-------------+-------------+-------------+-------------+-------------+-------------+-------------+-------------+-------------+
+---------------------------+-------------+-----------+-----------+-----------+
|           Metric          |     Sum     |    Min    |    Max    |    Avg    |
+---------------------------+-------------+-----------+-----------+-----------+
|  Runtime (RDTSC) [s] STAT |    165.0622 |    1.7192 |    1.7196 |    1.7194 |
| Runtime unhalted [s] STAT |    130.7472 |    1.3617 |    1.3622 |    1.3620 |
|      Clock [MHz] STAT     | 182125.7540 | 1896.9246 | 1897.3065 | 1897.1433 |
|          CPI STAT         |     28.9654 |    0.3015 |    0.3018 |    0.3017 |
|     SP [MFLOP/s] STAT     | 479605.9570 | 4995.1821 | 4996.3501 | 4995.8954 |
+---------------------------+-------------+-----------+-----------+-----------+
