--------------------------------------------------------------------------------
CPU name:	AMD EPYC 9654 96-Core Processor                
CPU type:	AMD K19 (Zen4) architecture
CPU clock:	2.40 GHz
--------------------------------------------------------------------------------
Region bench, Group 1: FLOPS_DP
+-------------------+------------+------------+------------+------------+------------+------------+------------+------------+------------+------------+-------------+-------------+-------------+-------------+-------------+-------------+-------------+-------------+-------------+-------------+-------------+-------------+-------------+-------------+-------------+-------------+-------------+-------------+-------------+-------------+-------------+-------------+-------------+-------------+-------------+-------------+-------------+-------------+-------------+-------------+-------------+-------------+-------------+-------------+-------------+-------------+-------------+-------------+-------------+-------------+-------------+-------------+-------------+-------------+-------------+-------------+-------------+-------------+-------------+-------------+-------------+-------------+-------------+-------------+-------------+-------------+-------------+-------------+-------------+-------------+-------------+-------------+-------------+-------------+-------------+-------------+-------------+-------------+-------------+-------------+-------------+-------------+-------------+-------------+-------------+-------------+-------------+-------------+-------------+-------------+-------------+-------------+-------------+-------------+-------------+-------------+-------------+-------------+-------------+-------------+--------------+--------------+--------------+--------------+--------------+--------------+--------------+--------------+--------------+--------------+--------------+--------------+--------------+--------------+--------------+--------------+--------------+--------------+--------------+--------------+--------------+--------------+--------------+--------------+--------------+--------------+--------------+--------------+--------------+--------------+--------------+--------------+--------------+--------------+--------------+--------------+--------------+--------------+--------------+--------------+--------------+--------------+--------------+--------------+--------------+--------------+--------------+--------------+--------------+--------------+--------------+--------------+--------------+--------------+--------------+--------------+--------------+--------------+--------------+--------------+--------------+--------------+--------------+--------------+--------------+--------------+--------------+--------------+--------------+--------------+--------------+--------------+--------------+--------------+--------------+--------------+--------------+--------------+--------------+--------------+--------------+--------------+--------------+--------------+--------------+--------------+--------------+--------------+--------------+--------------+--------------+--------------+
|    Region Info    | HWThread 0 | HWThread 1 | HWThread 2 | HWThread 3 | HWThread 4 | HWThread 5 | HWThread 6 | HWThread 7 | HWThread 8 | HWThread 9 | HWThread 10 | HWThread 11 | HWThread 12 | HWThread 13 | HWThread 14 | HWThread 15 | HWThread 16 | HWThread 17 | HWThread 18 | HWThread 19 | HWThread 20 | HWThread 21 | HWThread 22 | HWThread 23 | HWThread 24 | HWThread 25 | HWThread 26 | HWThread 27 | HWThread 28 | HWThread 29 | HWThread 30 | HWThread 31 | HWThread 32 | HWThread 33 | HWThread 34 | HWThread 35 | HWThread 36 | HWThread 37 | HWThread 38 | HWThread 39 | HWThread 40 | HWThread 41 | HWThread 42 | HWThread 43 | HWThread 44 | HWThread 45 | HWThread 46 | HWThread 47 | HWThread 48 | HWThread 49 | HWThread 50 | HWThread 51 | HWThread 52 | HWThread 53 | HWThread 54 | HWThread 55 | HWThread 56 | HWThread 57 | HWThread 58 | HWThread 59 | HWThread 60 | HWThread 61 | HWThread 62 | HWThread 63 | HWThread 64 | HWThread 65 | HWThread 66 | HWThread 67 | HWThread 68 | HWThread 69 | HWThread 70 | HWThread 71 | HWThread 72 | HWThread 73 | HWThread 74 | HWThread 75 | HWThread 76 | HWThread 77 | HWThread 78 | HWThread 79 | HWThread 80 | HWThread 81 | HWThread 82 | HWThread 83 | HWThread 84 | HWThread 85 | HWThread 86 | HWThread 87 | HWThread 88 | HWThread 89 | HWThread 90 | HWThread 91 | HWThread 92 | HWThread 93 | HWThread 94 | HWThread 95 | HWThread 96 | HWThread 97 | HWThread 98 | HWThread 99 | HWThread 100 | HWThread 101 | HWThread 102 | HWThread 103 | HWThread 104 | HWThread 105 | HWThread 106 | HWThread 107 | HWThread 108 | HWThread 109 | HWThread 110 | HWThread 111 | HWThread 112 | HWThread 113 | HWThread 114 | HWThread 115 | HWThread 116 | HWThread 117 | HWThread 118 | HWThread 119 | HWThread 120 | HWThread 121 | HWThread 122 | HWThread 123 | HWThread 124 | HWThread 125 | HWThread 126 | HWThread 127 | HWThread 128 | HWThread 129 | HWThread 130 | HWThread 131 | HWThread 132 | HWThread 133 | HWThread 134 | HWThread 135 | HWThread 136 | HWThread 137 | HWThread 138 | HWThread 139 | HWThread 140 | HWThread 141 | HWThread 142 | HWThread 143 | HWThread 144 | HWThread 145 | HWThread 146 | HWThread 147 | HWThread 148 | HWThread 149 | HWThread 150 | HWThread 151 | HWThread 152 | HWThread 153 | HWThread 154 | HWThread 155 | HWThread 156 | HWThread 157 | HWThread 158 | HWThread 159 | HWThread 160 | HWThread 161 | HWThread 162 | HWThread 163 | HWThread 164 | HWThread 165 | HWThread 166 | HWThread 167 | HWThread 168 | HWThread 169 | HWThread 170 | HWThread 171 | HWThread 172 | HWThread 173 | HWThread 174 | HWThread 175 | HWThread 176 | HWThread 177 | HWThread 178 | HWThread 179 | HWThread 180 | HWThread 181 | HWThread 182 | HWThread 183 | HWThread 184 | HWThread 185 | HWThread 186 | HWThread 187 | HWThread 188 | HWThread 189 | HWThread 190 | HWThread 191 |
+-------------------+------------+------------+------------+------------+------------+------------+------------+------------+------------+------------+-------------+-------------+-------------+-------------+-------------+-------------+-------------+-------------+-------------+-------------+-------------+-------------+-------------+-------------+-------------+-------------+-------------+-------------+-------------+-------------+-------------+-------------+-------------+-------------+-------------+-------------+-------------+-------------+-------------+-------------+-------------+-------------+-------------+-------------+-------------+-------------+-------------+-------------+-------------+-------------+-------------+-------------+-------------+-------------+-------------+-------------+-------------+-------------+-------------+-------------+-------------+-------------+-------------+-------------+-------------+-------------+-------------+-------------+-------------+-------------+-------------+-------------+-------------+-------------+-------------+-------------+-------------+-------------+-------------+-------------+-------------+-------------+-------------+-------------+-------------+-------------+-------------+-------------+-------------+-------------+-------------+-------------+-------------+-------------+-------------+-------------+-------------+-------------+-------------+-------------+--------------+--------------+--------------+--------------+--------------+--------------+--------------+--------------+--------------+--------------+--------------+--------------+--------------+--------------+--------------+--------------+--------------+--------------+--------------+--------------+--------------+--------------+--------------+--------------+--------------+--------------+--------------+--------------+--------------+--------------+--------------+--------------+--------------+--------------+--------------+--------------+--------------+--------------+--------------+--------------+--------------+--------------+--------------+--------------+--------------+--------------+--------------+--------------+--------------+--------------+--------------+--------------+--------------+--------------+--------------+--------------+--------------+--------------+--------------+--------------+--------------+--------------+--------------+--------------+--------------+--------------+--------------+--------------+--------------+--------------+--------------+--------------+--------------+--------------+--------------+--------------+--------------+--------------+--------------+--------------+--------------+--------------+--------------+--------------+--------------+--------------+--------------+--------------+--------------+--------------+--------------+--------------+
| RDTSC Runtime [s] |   1.334855 |   1.335563 |   1.334697 |   1.335545 |   1.335563 |   1.334789 |   1.334746 |   1.334814 |   1.334861 |   1.335364 |    1.334725 |    1.334752 |    1.335538 |    1.334968 |    1.334577 |    1.335533 |    1.334619 |    1.334594 |    1.335000 |    1.334741 |    1.334841 |    1.334794 |    1.334855 |    1.335061 |    1.334994 |    1.334994 |    1.334743 |    1.334796 |    1.335089 |    1.335327 |    1.334774 |    1.334590 |    1.336023 |    1.335860 |    1.335861 |    1.336029 |    1.336089 |    1.336090 |    1.335941 |    1.335869 |    1.334799 |    1.334645 |    1.334847 |    1.334843 |    1.334819 |    1.334780 |    1.334610 |    1.334847 |    1.334867 |    1.335005 |    1.334642 |    1.334592 |    1.334679 |    1.334688 |    1.335243 |    1.334643 |    1.334572 |    1.335382 |    1.334687 |    1.334971 |    1.334572 |    1.336006 |    1.336006 |    1.334687 |    1.335327 |    1.334743 |    1.335549 |    1.334744 |    1.334813 |    1.334611 |    1.334765 |    1.334589 |    1.334596 |    1.334645 |    1.334592 |    1.334604 |    1.334630 |    1.334630 |    1.334795 |    1.334734 |    1.334698 |    1.334695 |    1.334591 |    1.334862 |    1.334701 |    1.334842 |    1.334743 |    1.334842 |    1.334689 |    1.334840 |    1.335553 |    1.334797 |    1.334717 |    1.336086 |    1.334574 |    1.334822 |    1.335009 |    1.334695 |    1.335545 |    1.334752 |     1.334699 |     1.334799 |     1.334693 |     1.335282 |     1.334753 |     1.334980 |     1.335282 |     1.334995 |     1.335252 |     1.334996 |     1.334648 |     1.334788 |     1.334649 |     1.334701 |     1.334775 |     1.334745 |     1.334673 |     1.334617 |     1.334747 |     1.334820 |     1.334697 |     1.334753 |     1.334581 |     1.334648 |     1.334638 |     1.334596 |     1.334971 |     1.335048 |     1.334594 |     1.334722 |     1.334579 |     1.335065 |     1.334790 |     1.334577 |     1.334798 |     1.334774 |     1.334866 |     1.334619 |     1.334870 |     1.334616 |     1.334617 |     1.334601 |     1.334592 |     1.334602 |     1.334706 |     1.334577 |     1.334581 |     1.334701 |     1.334621 |     1.334618 |     1.334650 |     1.334605 |     1.334747 |     1.334607 |     1.334749 |     1.335250 |     1.334800 |     1.334606 |     1.335240 |     1.335094 |     1.334577 |     1.334746 |     1.334696 |     1.334744 |     1.334695 |     1.334615 |     1.334703 |     1.334824 |     1.335578 |     1.334720 |     1.334799 |     1.334694 |     1.335062 |     1.334700 |     1.334690 |     1.334573 |     1.335026 |     1.335127 |     1.334572 |     1.334972 |     1.334863 |     1.334688 |     1.335125 |     1.334608 |     1.334751 |     1.334800 |     1.334698 |     1.334675 |     1.334872 |     1.334582 |     1.334701 |     1.334582 |
|     call count    |          1 |          1 |          1 |          1 |          1 |          1 |          1 |          1 |          1 |          1 |           1 |           1 |           1 |           1 |           1 |           1 |           1 |           1 |           1 |           1 |           1 |           1 |           1 |           1 |           1 |           1 |           1 |           1 |           1 |           1 |           1 |           1 |           1 |           1 |           1 |           1 |           1 |           1 |           1 |           1 |           1 |           1 |           1 |           1 |           1 |           1 |           1 |           1 |           1 |           1 |           1 |           1 |           1 |           1 |           1 |           1 |           1 |           1 |           1 |           1 |           1 |           1 |           1 |           1 |           1 |           1 |           1 |           1 |           1 |           1 |           1 |           1 |           1 |           1 |           1 |           1 |           1 |           1 |           1 |           1 |           1 |           1 |           1 |           1 |           1 |           1 |           1 |           1 |           1 |           1 |           1 |           1 |           1 |           1 |           1 |           1 |           1 |           1 |           1 |           1 |            1 |            1 |            1 |            1 |            1 |            1 |            1 |            1 |            1 |            1 |            1 |            1 |            1 |            1 |            1 |            1 |            1 |            1 |            1 |            1 |            1 |            1 |            1 |            1 |            1 |            1 |            1 |            1 |            1 |            1 |            1 |            1 |            1 |            1 |            1 |            1 |            1 |            1 |            1 |            1 |            1 |            1 |            1 |            1 |            1 |            1 |            1 |            1 |            1 |            1 |            1 |            1 |            1 |            1 |            1 |            1 |            1 |            1 |            1 |            1 |            1 |            1 |            1 |            1 |            1 |            1 |            1 |            1 |            1 |            1 |            1 |            1 |            1 |            1 |            1 |            1 |            1 |            1 |            1 |            1 |            1 |            1 |            1 |            1 |            1 |            1 |            1 |            1 |            1 |            1 |            1 |            1 |
+-------------------+------------+------------+------------+------------+------------+------------+------------+------------+------------+------------+-------------+-------------+-------------+-------------+-------------+-------------+-------------+-------------+-------------+-------------+-------------+-------------+-------------+-------------+-------------+-------------+-------------+-------------+-------------+-------------+-------------+-------------+-------------+-------------+-------------+-------------+-------------+-------------+-------------+-------------+-------------+-------------+-------------+-------------+-------------+-------------+-------------+-------------+-------------+-------------+-------------+-------------+-------------+-------------+-------------+-------------+-------------+-------------+-------------+-------------+-------------+-------------+-------------+-------------+-------------+-------------+-------------+-------------+-------------+-------------+-------------+-------------+-------------+-------------+-------------+-------------+-------------+-------------+-------------+-------------+-------------+-------------+-------------+-------------+-------------+-------------+-------------+-------------+-------------+-------------+-------------+-------------+-------------+-------------+-------------+-------------+-------------+-------------+-------------+-------------+--------------+--------------+--------------+--------------+--------------+--------------+--------------+--------------+--------------+--------------+--------------+--------------+--------------+--------------+--------------+--------------+--------------+--------------+--------------+--------------+--------------+--------------+--------------+--------------+--------------+--------------+--------------+--------------+--------------+--------------+--------------+--------------+--------------+--------------+--------------+--------------+--------------+--------------+--------------+--------------+--------------+--------------+--------------+--------------+--------------+--------------+--------------+--------------+--------------+--------------+--------------+--------------+--------------+--------------+--------------+--------------+--------------+--------------+--------------+--------------+--------------+--------------+--------------+--------------+--------------+--------------+--------------+--------------+--------------+--------------+--------------+--------------+--------------+--------------+--------------+--------------+--------------+--------------+--------------+--------------+--------------+--------------+--------------+--------------+--------------+--------------+--------------+--------------+--------------+--------------+--------------+--------------+
+---------------------------+---------+-------------+-------------+-------------+-------------+-------------+-------------+-------------+-------------+-------------+-------------+-------------+-------------+-------------+-------------+-------------+-------------+-------------+-------------+-------------+-------------+-------------+-------------+-------------+-------------+-------------+-------------+-------------+-------------+-------------+-------------+-------------+-------------+-------------+-------------+-------------+-------------+-------------+-------------+-------------+-------------+-------------+-------------+-------------+-------------+-------------+-------------+-------------+-------------+-------------+-------------+-------------+-------------+-------------+-------------+-------------+-------------+-------------+-------------+-------------+-------------+-------------+-------------+-------------+-------------+-------------+-------------+-------------+-------------+-------------+-------------+-------------+-------------+-------------+-------------+-------------+-------------+-------------+-------------+-------------+-------------+-------------+-------------+-------------+-------------+-------------+-------------+-------------+-------------+-------------+-------------+-------------+-------------+-------------+-------------+-------------+-------------+-------------+-------------+-------------+-------------+--------------+--------------+--------------+--------------+--------------+--------------+--------------+--------------+--------------+--------------+--------------+--------------+--------------+--------------+--------------+--------------+--------------+--------------+--------------+--------------+--------------+--------------+--------------+--------------+--------------+--------------+--------------+--------------+--------------+--------------+--------------+--------------+--------------+--------------+--------------+--------------+--------------+--------------+--------------+--------------+--------------+--------------+--------------+--------------+--------------+--------------+--------------+--------------+--------------+--------------+--------------+--------------+--------------+--------------+--------------+--------------+--------------+--------------+--------------+--------------+--------------+--------------+--------------+--------------+--------------+--------------+--------------+--------------+--------------+--------------+--------------+--------------+--------------+--------------+--------------+--------------+--------------+--------------+--------------+--------------+--------------+--------------+--------------+--------------+--------------+--------------+--------------+--------------+--------------+--------------+--------------+--------------+
|           Event           | Counter |  HWThread 0 |  HWThread 1 |  HWThread 2 |  HWThread 3 |  HWThread 4 |  HWThread 5 |  HWThread 6 |  HWThread 7 |  HWThread 8 |  HWThread 9 | HWThread 10 | HWThread 11 | HWThread 12 | HWThread 13 | HWThread 14 | HWThread 15 | HWThread 16 | HWThread 17 | HWThread 18 | HWThread 19 | HWThread 20 | HWThread 21 | HWThread 22 | HWThread 23 | HWThread 24 | HWThread 25 | HWThread 26 | HWThread 27 | HWThread 28 | HWThread 29 | HWThread 30 | HWThread 31 | HWThread 32 | HWThread 33 | HWThread 34 | HWThread 35 | HWThread 36 | HWThread 37 | HWThread 38 | HWThread 39 | HWThread 40 | HWThread 41 | HWThread 42 | HWThread 43 | HWThread 44 | HWThread 45 | HWThread 46 | HWThread 47 | HWThread 48 | HWThread 49 | HWThread 50 | HWThread 51 | HWThread 52 | HWThread 53 | HWThread 54 | HWThread 55 | HWThread 56 | HWThread 57 | HWThread 58 | HWThread 59 | HWThread 60 | HWThread 61 | HWThread 62 | HWThread 63 | HWThread 64 | HWThread 65 | HWThread 66 | HWThread 67 | HWThread 68 | HWThread 69 | HWThread 70 | HWThread 71 | HWThread 72 | HWThread 73 | HWThread 74 | HWThread 75 | HWThread 76 | HWThread 77 | HWThread 78 | HWThread 79 | HWThread 80 | HWThread 81 | HWThread 82 | HWThread 83 | HWThread 84 | HWThread 85 | HWThread 86 | HWThread 87 | HWThread 88 | HWThread 89 | HWThread 90 | HWThread 91 | HWThread 92 | HWThread 93 | HWThread 94 | HWThread 95 | HWThread 96 | HWThread 97 | HWThread 98 | HWThread 99 | HWThread 100 | HWThread 101 | HWThread 102 | HWThread 103 | HWThread 104 | HWThread 105 | HWThread 106 | HWThread 107 | HWThread 108 | HWThread 109 | HWThread 110 | HWThread 111 | HWThread 112 | HWThread 113 | HWThread 114 | HWThread 115 | HWThread 116 | HWThread 117 | HWThread 118 | HWThread 119 | HWThread 120 | HWThread 121 | HWThread 122 | HWThread 123 | HWThread 124 | HWThread 125 | HWThread 126 | HWThread 127 | HWThread 128 | HWThread 129 | HWThread 130 | HWThread 131 | HWThread 132 | HWThread 133 | HWThread 134 | HWThread 135 | HWThread 136 | HWThread 137 | HWThread 138 | HWThread 139 | HWThread 140 | HWThread 141 | HWThread 142 | HWThread 143 | HWThread 144 | HWThread 145 | HWThread 146 | HWThread 147 | HWThread 148 | HWThread 149 | HWThread 150 | HWThread 151 | HWThread 152 | HWThread 153 | HWThread 154 | HWThread 155 | HWThread 156 | HWThread 157 | HWThread 158 | HWThread 159 | HWThread 160 | HWThread 161 | HWThread 162 | HWThread 163 | HWThread 164 | HWThread 165 | HWThread 166 | HWThread 167 | HWThread 168 | HWThread 169 | HWThread 170 | HWThread 171 | HWThread 172 | HWThread 173 | HWThread 174 | HWThread 175 | HWThread 176 | HWThread 177 | HWThread 178 | HWThread 179 | HWThread 180 | HWThread 181 | HWThread 182 | HWThread 183 | HWThread 184 | HWThread 185 | HWThread 186 | HWThread 187 | HWThread 188 | HWThread 189 | HWThread 190 | HWThread 191 |
+---------------------------+---------+-------------+-------------+-------------+-------------+-------------+-------------+-------------+-------------+-------------+-------------+-------------+-------------+-------------+-------------+-------------+-------------+-------------+-------------+-------------+-------------+-------------+-------------+-------------+-------------+-------------+-------------+-------------+-------------+-------------+-------------+-------------+-------------+-------------+-------------+-------------+-------------+-------------+-------------+-------------+-------------+-------------+-------------+-------------+-------------+-------------+-------------+-------------+-------------+-------------+-------------+-------------+-------------+-------------+-------------+-------------+-------------+-------------+-------------+-------------+-------------+-------------+-------------+-------------+-------------+-------------+-------------+-------------+-------------+-------------+-------------+-------------+-------------+-------------+-------------+-------------+-------------+-------------+-------------+-------------+-------------+-------------+-------------+-------------+-------------+-------------+-------------+-------------+-------------+-------------+-------------+-------------+-------------+-------------+-------------+-------------+-------------+-------------+-------------+-------------+-------------+--------------+--------------+--------------+--------------+--------------+--------------+--------------+--------------+--------------+--------------+--------------+--------------+--------------+--------------+--------------+--------------+--------------+--------------+--------------+--------------+--------------+--------------+--------------+--------------+--------------+--------------+--------------+--------------+--------------+--------------+--------------+--------------+--------------+--------------+--------------+--------------+--------------+--------------+--------------+--------------+--------------+--------------+--------------+--------------+--------------+--------------+--------------+--------------+--------------+--------------+--------------+--------------+--------------+--------------+--------------+--------------+--------------+--------------+--------------+--------------+--------------+--------------+--------------+--------------+--------------+--------------+--------------+--------------+--------------+--------------+--------------+--------------+--------------+--------------+--------------+--------------+--------------+--------------+--------------+--------------+--------------+--------------+--------------+--------------+--------------+--------------+--------------+--------------+--------------+--------------+--------------+--------------+
|      ACTUAL_CPU_CLOCK     |  FIXC1  |  4083388000 |  4084273000 |  4083081000 |  4084661000 |  4084264000 |  4081731000 |  4083611000 |  4083599000 |  4082878000 |  4084196000 |  4082563000 |  4084318000 |  4085073000 |  4082507000 |  4082387000 |  4084236000 |  4080809000 |  4080260000 |  4081873000 |  4081690000 |  4081872000 |  4080286000 |  4081847000 |  4081865000 |  4082373000 |  4083321000 |  4082336000 |  4082369000 |  4082093000 |  4082805000 |  4081872000 |  4081334000 |  4084676000 |  4084650000 |  4085275000 |  4084659000 |  4084557000 |  4084659000 |  4084721000 |  4084655000 |  4081972000 |  4080296000 |  4081208000 |  4081246000 |  4081238000 |  4079749000 |  4079669000 |  4081713000 |  4080945000 |  4082174000 |  4081135000 |  4079816000 |  4080936000 |  4082243000 |  4082174000 |  4080885000 |  4080990000 |  4083656000 |  4082505000 |  4082895000 |  4080243000 |  4084075000 |  4084085000 |  4082714000 |  4082911000 |  4082042000 |  4082460000 |  4081542000 |  4080493000 |  4080438000 |  4081873000 |  4081457000 |  4079139000 |  4078746000 |  4079149000 |  4079808000 |  4080111000 |  4079602000 |  4079309000 |  4080200000 |  4081233000 |  4080299000 |  4079708000 |  4080836000 |  4081365000 |  4082078000 |  4081691000 |  4082077000 |  4083060000 |  4083971000 |  4084494000 |  4083304000 |  4083382000 |  4084621000 |  4082160000 |  4083168000 |  4113190000 |  4112581000 |  4113789000 |  4113262000 |   4112454000 |   4113279000 |   4112590000 |   4113736000 |   4112651000 |   4112909000 |   4113737000 |   4112910000 |   4113685000 |   4112909000 |   4111367000 |   4112620000 |   4109954000 |   4111271000 |   4111451000 |   4111067000 |   4110026000 |   4110074000 |   4111351000 |   4111376000 |   4112271000 |   4111045000 |   4110993000 |   4111026000 |   4110973000 |   4110843000 |   4112479000 |   4113249000 |   4109690000 |   4112269000 |   4111360000 |   4112296000 |   4110557000 |   4110588000 |   4112063000 |   4111262000 |   4110797000 |   4109657000 |   4110910000 |   4109673000 |   4110152000 |   4109854000 |   4109548000 |   4109797000 |   4110404000 |   4109270000 |   4109232000 |   4109470000 |   4109198000 |   4109418000 |   4108978000 |   4109002000 |   4113150000 |   4111069000 |   4112925000 |   4113350000 |   4111265000 |   4111430000 |   4113441000 |   4113244000 |   4110727000 |   4110733000 |   4110744000 |   4111965000 |   4112102000 |   4110967000 |   4112622000 |   4110805000 |   4112324000 |   4110170000 |   4109861000 |   4111754000 |   4113012000 |   4110965000 |   4112670000 |   4111468000 |   4111614000 |   4112259000 |   4110427000 |   4112344000 |   4111433000 |   4112559000 |   4112271000 |   4110856000 |   4110867000 |   4110379000 |   4109800000 |   4108858000 |   4111943000 |   4109678000 |   4111413000 |   4110104000 |
|       MAX_CPU_CLOCK       |  FIXC2  |  3203083000 |  3204443000 |  3203144000 |  3204472000 |  3204411000 |  3202230000 |  3202833000 |  3202851000 |  3203010000 |  3204375000 |  3202901000 |  3202596000 |  3204229000 |  3202871000 |  3201970000 |  3204416000 |  3202354000 |  3201923000 |  3203290000 |  3203169000 |  3203287000 |  3202225000 |  3203272000 |  3203269000 |  3202092000 |  3203099000 |  3202156000 |  3202093000 |  3202682000 |  3203420000 |  3202448000 |  3202442000 |  3204623000 |  3204600000 |  3204237000 |  3204607000 |  3204078000 |  3204633000 |  3204652000 |  3204604000 |  3203127000 |  3202009000 |  3203349000 |  3203348000 |  3203347000 |  3202344000 |  3202246000 |  3203394000 |  3202345000 |  3203524000 |  3202283000 |  3201604000 |  3202122000 |  3203002000 |  3203535000 |  3202069000 |  3201812000 |  3202646000 |  3201711000 |  3202000000 |  3199681000 |  3203372000 |  3203536000 |  3201571000 |  3202887000 |  3202068000 |  3202476000 |  3201442000 |  3200849000 |  3200760000 |  3201752000 |  3202369000 |  3202167000 |  3200852000 |  3201754000 |  3201918000 |  3202226000 |  3202238000 |  3202346000 |  3201792000 |  3203125000 |  3202499000 |  3202348000 |  3203081000 |  3202702000 |  3203027000 |  3203431000 |  3203201000 |  3203144000 |  3203130000 |  3204604000 |  3202754000 |  3203368000 |  3204233000 |  3202117000 |  3202657000 |  3202796000 |  3202990000 |  3204362000 |  3202915000 |   3202953000 |   3202914000 |   3203008000 |   3204288000 |   3203047000 |   3203300000 |   3204262000 |   3203306000 |   3204176000 |   3203310000 |   3202228000 |   3203047000 |   3202059000 |   3202939000 |   3203133000 |   3202800000 |   3202136000 |   3202153000 |   3203001000 |   3203045000 |   3203064000 |   3202290000 |   3202228000 |   3202260000 |   3202198000 |   3202147000 |   3203281000 |   3204150000 |   3202223000 |   3203299000 |   3203100000 |   3203826000 |   3202103000 |   3202067000 |   3203132000 |   3203309000 |   3203104000 |   3202237000 |   3203147000 |   3202238000 |   3202187000 |   3201927000 |   3202203000 |   3201836000 |   3202904000 |   3202203000 |   3202165000 |   3202388000 |   3202128000 |   3202314000 |   3201960000 |   3201952000 |   3202777000 |   3202059000 |   3202624000 |   3204009000 |   3202151000 |   3202333000 |   3204074000 |   3203951000 |   3202094000 |   3202135000 |   3202172000 |   3202961000 |   3203062000 |   3202374000 |   3202747000 |   3202192000 |   3202890000 |   3201591000 |   3200727000 |   3203210000 |   3203869000 |   3201501000 |   3203131000 |   3202347000 |   3203085000 |   3203531000 |   3202333000 |   3203314000 |   3202998000 |   3203034000 |   3203257000 |   3202286000 |   3201436000 |   3202130000 |   3202520000 |   3200603000 |   3202334000 |   3202392000 |   3202797000 |   3202432000 |
|    RETIRED_INSTRUCTIONS   |   PMC0  |  5103660000 |  5105708000 |  5105192000 |  5105662000 |  5105689000 |  5105201000 |  5105167000 |  5105244000 |  5104678000 |  5105045000 |  5104621000 |  5104687000 |  5105137000 |  5104848000 |  5104563000 |  5105158000 |  5104301000 |  5104349000 |  5104550000 |  5104398000 |  5104450000 |  5104453000 |  5104455000 |  5104611000 |  5104710000 |  5104792000 |  5104615000 |  5104684000 |  5104803000 |  5104988000 |  5104635000 |  5104566000 |  5106350000 |  5106461000 |  5106474000 |  5106550000 |  5106407000 |  5106627000 |  5105238000 |  5106472000 |  5104353000 |  5104251000 |  5104413000 |  5104400000 |  5103628000 |  5104042000 |  5103958000 |  5103917000 |  5104475000 |  5104604000 |  5104416000 |  5104407000 |  5104447000 |  5104425000 |  5104731000 |  5104394000 |  5104445000 |  5104975000 |  5104526000 |  5104747000 |  5104474000 |  5105413000 |  5105300000 |  5104557000 |  5104779000 |  5104486000 |  5104967000 |  5104451000 |  5101922000 |  5103643000 |  5104084000 |  5103833000 |  5103825000 |  5103962000 |  5103916000 |  5103910000 |  5103888000 |  5103956000 |  5104046000 |  5104008000 |  5104404000 |  5104242000 |  5104389000 |  5104523000 |  5104414000 |  5104493000 |  5104446000 |  5104532000 |  5104395000 |  5104637000 |  5105063000 |  5104594000 |  5104149000 |  5105002000 |  5103941000 |  5103972000 |  5110905000 |  5110840000 |  5111346000 |  5110864000 |   5110847000 |   5110940000 |   5110847000 |   5111199000 |   5110816000 |   5110985000 |   5111100000 |   5110978000 |   5111072000 |   5110991000 |   5110743000 |   5110729000 |   5110541000 |   5110721000 |   5110715000 |   5110727000 |   5110508000 |   5110210000 |   5110452000 |   5110558000 |   5110533000 |   5110512000 |   5110501000 |   5110544000 |   5110482000 |   5110529000 |   5110659000 |   5110690000 |   5110395000 |   5110524000 |   5110420000 |   5110537000 |   5110538000 |   5110459000 |   5110502000 |   5110515000 |   5110474000 |   5110409000 |   5110511000 |   5110377000 |   5110141000 |   5109969000 |   5110069000 |   5109983000 |   5110005000 |   5109981000 |   5110013000 |   5110046000 |   5109960000 |   5110038000 |   5109990000 |   5109956000 |   5110545000 |   5110502000 |   5110563000 |   5110871000 |   5110599000 |   5110499000 |   5110848000 |   5110788000 |   5110318000 |   5110436000 |   5110403000 |   5110394000 |   5110125000 |   5108638000 |   5109828000 |   5110162000 |   5110838000 |   5110428000 |   5110424000 |   5110422000 |   5110571000 |   5110391000 |   5110355000 |   5110333000 |   5110649000 |   5110746000 |   5110375000 |   5110632000 |   5110493000 |   5110465000 |   5110660000 |   5110387000 |   5110408000 |   5110481000 |   5110355000 |   5110365000 |   5110221000 |   5109887000 |   5110119000 |   5110127000 |
|    CPU_CLOCKS_UNHALTED    |   PMC1  |  4039823000 |  4049110000 |  4046192000 |  4048879000 |  4049168000 |  4046232000 |  4046150000 |  4046529000 |  4043411000 |  4045401000 |  4042990000 |  4043445000 |  4046030000 |  4044281000 |  4042700000 |  4046037000 |  4041366000 |  4041455000 |  4042742000 |  4041860000 |  4042291000 |  4042050000 |  4042217000 |  4042982000 |  4043748000 |  4043952000 |  4043164000 |  4043346000 |  4044250000 |  4045176000 |  4043192000 |  4042742000 |  4052855000 |  4053283000 |  4053417000 |  4053779000 |  4053161000 |  4054244000 |  4046876000 |  4053366000 |  4041840000 |  4041198000 |  4042054000 |  4042029000 |  4041656000 |  4040867000 |  4040552000 |  4041290000 |  4042554000 |  4043336000 |  4041961000 |  4041945000 |  4042236000 |  4041974000 |  4043869000 |  4042026000 |  4042227000 |  4045048000 |  4042587000 |  4043774000 |  4042399000 |  4047455000 |  4046949000 |  4042738000 |  4044106000 |  4042325000 |  4045064000 |  4042162000 |  4042254000 |  4040312000 |  4041313000 |  4040774000 |  4039034000 |  4039687000 |  4039469000 |  4039381000 |  4039402000 |  4039623000 |  4040292000 |  4039919000 |  4042355000 |  4041705000 |  4042077000 |  4042901000 |  4042367000 |  4042667000 |  4042527000 |  4042929000 |  4042020000 |  4043216000 |  4045573000 |  4042978000 |  4042099000 |  4046140000 |  4041232000 |  4042036000 |  4078391000 |  4077861000 |  4080793000 |  4077994000 |   4077993000 |   4078461000 |   4077957000 |   4079903000 |   4077750000 |   4078665000 |   4079372000 |   4078637000 |   4079250000 |   4078695000 |   4077365000 |   4077295000 |   4076316000 |   4077154000 |   4077185000 |   4077252000 |   4076866000 |   4075676000 |   4076639000 |   4077139000 |   4076316000 |   4076095000 |   4076011000 |   4076284000 |   4076013000 |   4076113000 |   4077009000 |   4077101000 |   4075468000 |   4076137000 |   4075620000 |   4076283000 |   4076311000 |   4075736000 |   4076052000 |   4076098000 |   4075935000 |   4075514000 |   4076085000 |   4075370000 |   4074975000 |   4073985000 |   4074590000 |   4074039000 |   4073407000 |   4073072000 |   4073304000 |   4073531000 |   4073085000 |   4073393000 |   4073232000 |   4072986000 |   4076291000 |   4075964000 |   4076329000 |   4078067000 |   4076616000 |   4075916000 |   4078013000 |   4077606000 |   4075124000 |   4075638000 |   4075514000 |   4075467000 |   4074780000 |   4074177000 |   4074691000 |   4075012000 |   4078120000 |   4075615000 |   4075619000 |   4075611000 |   4076528000 |   4075430000 |   4075328000 |   4075124000 |   4076893000 |   4077393000 |   4075281000 |   4076723000 |   4076095000 |   4075822000 |   4076943000 |   4075373000 |   4075563000 |   4075951000 |   4075277000 |   4075305000 |   4075381000 |   4073706000 |   4074755000 |   4074580000 |
| RETIRED_SSE_AVX_FLOPS_ALL |   PMC2  | 64424510000 | 64424510000 | 64424510000 | 64424510000 | 64424510000 | 64424510000 | 64424510000 | 64424510000 | 64424510000 | 64424510000 | 64424510000 | 64424510000 | 64424510000 | 64424510000 | 64424510000 | 64424510000 | 64424510000 | 64424510000 | 64424510000 | 64424510000 | 64424510000 | 64424510000 | 64424510000 | 64424510000 | 64424510000 | 64424510000 | 64424510000 | 64424510000 | 64424510000 | 64424510000 | 64424510000 | 64424510000 | 64424510000 | 64424510000 | 64424510000 | 64424510000 | 64424510000 | 64424510000 | 64424510000 | 64424510000 | 64424510000 | 64424510000 | 64424510000 | 64424510000 | 64424510000 | 64424510000 | 64424510000 | 64424510000 | 64424510000 | 64424510000 | 64424510000 | 64424510000 | 64424510000 | 64424510000 | 64424510000 | 64424510000 | 64424510000 | 64424510000 | 64424510000 | 64424510000 | 64424510000 | 64424510000 | 64424510000 | 64424510000 | 64424510000 | 64424510000 | 64424510000 | 64424510000 | 64424510000 | 64424510000 | 64424510000 | 64424510000 | 64424510000 | 64424510000 | 64424510000 | 64424510000 | 64424510000 | 64424510000 | 64424510000 | 64424510000 | 64424510000 | 64424510000 | 64424510000 | 64424510000 | 64424510000 | 64424510000 | 64424510000 | 64424510000 | 64424510000 | 64424510000 | 64424510000 | 64424510000 | 64424510000 | 64424510000 | 64424510000 | 64424510000 | 64424510000 | 64424510000 | 64424510000 | 64424510000 |  64424510000 |  64424510000 |  64424510000 |  64424510000 |  64424510000 |  64424510000 |  64424510000 |  64424510000 |  64424510000 |  64424510000 |  64424510000 |  64424510000 |  64424510000 |  64424510000 |  64424510000 |  64424510000 |  64424510000 |  64424510000 |  64424510000 |  64424510000 |  64424510000 |  64424510000 |  64424510000 |  64424510000 |  64424510000 |  64424510000 |  64424510000 |  64424510000 |  64424510000 |  64424510000 |  64424510000 |  64424510000 |  64424510000 |  64424510000 |  64424510000 |  64424510000 |  64424510000 |  64424510000 |  64424510000 |  64424510000 |  64424510000 |  64424510000 |  64424510000 |  64424510000 |  64424510000 |  64424510000 |  64424510000 |  64424510000 |  64424510000 |  64424510000 |  64424510000 |  64424510000 |  64424510000 |  64424510000 |  64424510000 |  64424510000 |  64424510000 |  64424510000 |  64424510000 |  64424510000 |  64424510000 |  64424510000 |  64424510000 |  64424510000 |  64424510000 |  64424510000 |  64424510000 |  64424510000 |  64424510000 |  64424510000 |  64424510000 |  64424510000 |  64424510000 |  64424510000 |  64424510000 |  64424510000 |  64424510000 |  64424510000 |  64424510000 |  64424510000 |  64424510000 |  64424510000 |  64424510000 |  64424510000 |  64424510000 |  64424510000 |  64424510000 |  64424510000 |  64424510000 |  64424510000 |  64424510000 |  64424510000 |
|           MERGE           |   PMC3  |           0 |           0 |           0 |           0 |           0 |           0 |           0 |           0 |           0 |           0 |           0 |           0 |           0 |           0 |           0 |           0 |           0 |           0 |           0 |           0 |           0 |           0 |           0 |           0 |           0 |           0 |           0 |           0 |           0 |           0 |           0 |           0 |           0 |           0 |           0 |           0 |           0 |           0 |           0 |           0 |           0 |           0 |           0 |           0 |           0 |           0 |           0 |           0 |           0 |           0 |           0 |           0 |           0 |           0 |           0 |           0 |           0 |           0 |           0 |           0 |           0 |           0 |           0 |           0 |           0 |           0 |           0 |           0 |           0 |           0 |           0 |           0 |           0 |           0 |           0 |           0 |           0 |           0 |           0 |           0 |           0 |           0 |           0 |           0 |           0 |           0 |           0 |           0 |           0 |           0 |           0 |           0 |           0 |           0 |           0 |           0 |           0 |           0 |           0 |           0 |            0 |            0 |            0 |            0 |            0 |            0 |            0 |            0 |            0 |            0 |            0 |            0 |            0 |            0 |            0 |            0 |            0 |            0 |            0 |            0 |            0 |            0 |            0 |            0 |            0 |            0 |            0 |            0 |            0 |            0 |            0 |            0 |            0 |            0 |            0 |            0 |            0 |            0 |            0 |            0 |            0 |            0 |            0 |            0 |            0 |            0 |            0 |            0 |            0 |            0 |            0 |            0 |            0 |            0 |            0 |            0 |            0 |            0 |            0 |            0 |            0 |            0 |            0 |            0 |            0 |            0 |            0 |            0 |            0 |            0 |            0 |            0 |            0 |            0 |            0 |            0 |            0 |            0 |            0 |            0 |            0 |            0 |            0 |            0 |            0 |            0 |            0 |            0 |            0 |            0 |            0 |            0 |
+---------------------------+---------+-------------+-------------+-------------+-------------+-------------+-------------+-------------+-------------+-------------+-------------+-------------+-------------+-------------+-------------+-------------+-------------+-------------+-------------+-------------+-------------+-------------+-------------+-------------+-------------+-------------+-------------+-------------+-------------+-------------+-------------+-------------+-------------+-------------+-------------+-------------+-------------+-------------+-------------+-------------+-------------+-------------+-------------+-------------+-------------+-------------+-------------+-------------+-------------+-------------+-------------+-------------+-------------+-------------+-------------+-------------+-------------+-------------+-------------+-------------+-------------+-------------+-------------+-------------+-------------+-------------+-------------+-------------+-------------+-------------+-------------+-------------+-------------+-------------+-------------+-------------+-------------+-------------+-------------+-------------+-------------+-------------+-------------+-------------+-------------+-------------+-------------+-------------+-------------+-------------+-------------+-------------+-------------+-------------+-------------+-------------+-------------+-------------+-------------+-------------+-------------+--------------+--------------+--------------+--------------+--------------+--------------+--------------+--------------+--------------+--------------+--------------+--------------+--------------+--------------+--------------+--------------+--------------+--------------+--------------+--------------+--------------+--------------+--------------+--------------+--------------+--------------+--------------+--------------+--------------+--------------+--------------+--------------+--------------+--------------+--------------+--------------+--------------+--------------+--------------+--------------+--------------+--------------+--------------+--------------+--------------+--------------+--------------+--------------+--------------+--------------+--------------+--------------+--------------+--------------+--------------+--------------+--------------+--------------+--------------+--------------+--------------+--------------+--------------+--------------+--------------+--------------+--------------+--------------+--------------+--------------+--------------+--------------+--------------+--------------+--------------+--------------+--------------+--------------+--------------+--------------+--------------+--------------+--------------+--------------+--------------+--------------+--------------+--------------+--------------+--------------+--------------+--------------+
+--------------------------------+---------+----------------+-------------+-------------+--------------+
|              Event             | Counter |       Sum      |     Min     |     Max     |      Avg     |
+--------------------------------+---------+----------------+-------------+-------------+--------------+
|      ACTUAL_CPU_CLOCK STAT     |  FIXC1  |   786581043000 |  4078746000 |  4113789000 | 4.096776e+09 |
|       MAX_CPU_CLOCK STAT       |  FIXC2  |   614931585000 |  3199681000 |  3204652000 | 3.202769e+09 |
|    RETIRED_INSTRUCTIONS STAT   |   PMC0  |   980651916000 |  5101922000 |  5111346000 | 5.107562e+09 |
|    CPU_CLOCKS_UNHALTED STAT    |   PMC1  |   779507775000 |  4039034000 |  4080793000 | 4.059936e+09 |
| RETIRED_SSE_AVX_FLOPS_ALL STAT |   PMC2  | 12369505920000 | 64424510000 | 64424510000 |  64424510000 |
|           MERGE STAT           |   PMC3  |              0 |           0 |           0 |            0 |
+--------------------------------+---------+----------------+-------------+-------------+--------------+
+----------------------+------------+------------+------------+------------+------------+------------+------------+------------+------------+------------+-------------+-------------+-------------+-------------+-------------+-------------+-------------+-------------+-------------+-------------+-------------+-------------+-------------+-------------+-------------+-------------+-------------+-------------+-------------+-------------+-------------+-------------+-------------+-------------+-------------+-------------+-------------+-------------+-------------+-------------+-------------+-------------+-------------+-------------+-------------+-------------+-------------+-------------+-------------+-------------+-------------+-------------+-------------+-------------+-------------+-------------+-------------+-------------+-------------+-------------+-------------+-------------+-------------+-------------+-------------+-------------+-------------+-------------+-------------+-------------+-------------+-------------+-------------+-------------+-------------+-------------+-------------+-------------+-------------+-------------+-------------+-------------+-------------+-------------+-------------+-------------+-------------+-------------+-------------+-------------+-------------+-------------+-------------+-------------+-------------+-------------+-------------+-------------+-------------+-------------+--------------+--------------+--------------+--------------+--------------+--------------+--------------+--------------+--------------+--------------+--------------+--------------+--------------+--------------+--------------+--------------+--------------+--------------+--------------+--------------+--------------+--------------+--------------+--------------+--------------+--------------+--------------+--------------+--------------+--------------+--------------+--------------+--------------+--------------+--------------+--------------+--------------+--------------+--------------+--------------+--------------+--------------+--------------+--------------+--------------+--------------+--------------+--------------+--------------+--------------+--------------+--------------+--------------+--------------+--------------+--------------+--------------+--------------+--------------+--------------+--------------+--------------+--------------+--------------+--------------+--------------+--------------+--------------+--------------+--------------+--------------+--------------+--------------+--------------+--------------+--------------+--------------+--------------+--------------+--------------+--------------+--------------+--------------+--------------+--------------+--------------+--------------+--------------+--------------+--------------+--------------+--------------+
|        Metric        | HWThread 0 | HWThread 1 | HWThread 2 | HWThread 3 | HWThread 4 | HWThread 5 | HWThread 6 | HWThread 7 | HWThread 8 | HWThread 9 | HWThread 10 | HWThread 11 | HWThread 12 | HWThread 13 | HWThread 14 | HWThread 15 | HWThread 16 | HWThread 17 | HWThread 18 | HWThread 19 | HWThread 20 | HWThread 21 | HWThread 22 | HWThread 23 | HWThread 24 | HWThread 25 | HWThread 26 | HWThread 27 | HWThread 28 | HWThread 29 | HWThread 30 | HWThread 31 | HWThread 32 | HWThread 33 | HWThread 34 | HWThread 35 | HWThread 36 | HWThread 37 | HWThread 38 | HWThread 39 | HWThread 40 | HWThread 41 | HWThread 42 | HWThread 43 | HWThread 44 | HWThread 45 | HWThread 46 | HWThread 47 | HWThread 48 | HWThread 49 | HWThread 50 | HWThread 51 | HWThread 52 | HWThread 53 | HWThread 54 | HWThread 55 | HWThread 56 | HWThread 57 | HWThread 58 | HWThread 59 | HWThread 60 | HWThread 61 | HWThread 62 | HWThread 63 | HWThread 64 | HWThread 65 | HWThread 66 | HWThread 67 | HWThread 68 | HWThread 69 | HWThread 70 | HWThread 71 | HWThread 72 | HWThread 73 | HWThread 74 | HWThread 75 | HWThread 76 | HWThread 77 | HWThread 78 | HWThread 79 | HWThread 80 | HWThread 81 | HWThread 82 | HWThread 83 | HWThread 84 | HWThread 85 | HWThread 86 | HWThread 87 | HWThread 88 | HWThread 89 | HWThread 90 | HWThread 91 | HWThread 92 | HWThread 93 | HWThread 94 | HWThread 95 | HWThread 96 | HWThread 97 | HWThread 98 | HWThread 99 | HWThread 100 | HWThread 101 | HWThread 102 | HWThread 103 | HWThread 104 | HWThread 105 | HWThread 106 | HWThread 107 | HWThread 108 | HWThread 109 | HWThread 110 | HWThread 111 | HWThread 112 | HWThread 113 | HWThread 114 | HWThread 115 | HWThread 116 | HWThread 117 | HWThread 118 | HWThread 119 | HWThread 120 | HWThread 121 | HWThread 122 | HWThread 123 | HWThread 124 | HWThread 125 | HWThread 126 | HWThread 127 | HWThread 128 | HWThread 129 | HWThread 130 | HWThread 131 | HWThread 132 | HWThread 133 | HWThread 134 | HWThread 135 | HWThread 136 | HWThread 137 | HWThread 138 | HWThread 139 | HWThread 140 | HWThread 141 | HWThread 142 | HWThread 143 | HWThread 144 | HWThread 145 | HWThread 146 | HWThread 147 | HWThread 148 | HWThread 149 | HWThread 150 | HWThread 151 | HWThread 152 | HWThread 153 | HWThread 154 | HWThread 155 | HWThread 156 | HWThread 157 | HWThread 158 | HWThread 159 | HWThread 160 | HWThread 161 | HWThread 162 | HWThread 163 | HWThread 164 | HWThread 165 | HWThread 166 | HWThread 167 | HWThread 168 | HWThread 169 | HWThread 170 | HWThread 171 | HWThread 172 | HWThread 173 | HWThread 174 | HWThread 175 | HWThread 176 | HWThread 177 | HWThread 178 | HWThread 179 | HWThread 180 | HWThread 181 | HWThread 182 | HWThread 183 | HWThread 184 | HWThread 185 | HWThread 186 | HWThread 187 | HWThread 188 | HWThread 189 | HWThread 190 | HWThread 191 |
+----------------------+------------+------------+------------+------------+------------+------------+------------+------------+------------+------------+-------------+-------------+-------------+-------------+-------------+-------------+-------------+-------------+-------------+-------------+-------------+-------------+-------------+-------------+-------------+-------------+-------------+-------------+-------------+-------------+-------------+-------------+-------------+-------------+-------------+-------------+-------------+-------------+-------------+-------------+-------------+-------------+-------------+-------------+-------------+-------------+-------------+-------------+-------------+-------------+-------------+-------------+-------------+-------------+-------------+-------------+-------------+-------------+-------------+-------------+-------------+-------------+-------------+-------------+-------------+-------------+-------------+-------------+-------------+-------------+-------------+-------------+-------------+-------------+-------------+-------------+-------------+-------------+-------------+-------------+-------------+-------------+-------------+-------------+-------------+-------------+-------------+-------------+-------------+-------------+-------------+-------------+-------------+-------------+-------------+-------------+-------------+-------------+-------------+-------------+--------------+--------------+--------------+--------------+--------------+--------------+--------------+--------------+--------------+--------------+--------------+--------------+--------------+--------------+--------------+--------------+--------------+--------------+--------------+--------------+--------------+--------------+--------------+--------------+--------------+--------------+--------------+--------------+--------------+--------------+--------------+--------------+--------------+--------------+--------------+--------------+--------------+--------------+--------------+--------------+--------------+--------------+--------------+--------------+--------------+--------------+--------------+--------------+--------------+--------------+--------------+--------------+--------------+--------------+--------------+--------------+--------------+--------------+--------------+--------------+--------------+--------------+--------------+--------------+--------------+--------------+--------------+--------------+--------------+--------------+--------------+--------------+--------------+--------------+--------------+--------------+--------------+--------------+--------------+--------------+--------------+--------------+--------------+--------------+--------------+--------------+--------------+--------------+--------------+--------------+--------------+--------------+
|  Runtime (RDTSC) [s] |     1.3349 |     1.3356 |     1.3347 |     1.3355 |     1.3356 |     1.3348 |     1.3347 |     1.3348 |     1.3349 |     1.3354 |      1.3347 |      1.3348 |      1.3355 |      1.3350 |      1.3346 |      1.3355 |      1.3346 |      1.3346 |      1.3350 |      1.3347 |      1.3348 |      1.3348 |      1.3349 |      1.3351 |      1.3350 |      1.3350 |      1.3347 |      1.3348 |      1.3351 |      1.3353 |      1.3348 |      1.3346 |      1.3360 |      1.3359 |      1.3359 |      1.3360 |      1.3361 |      1.3361 |      1.3359 |      1.3359 |      1.3348 |      1.3346 |      1.3348 |      1.3348 |      1.3348 |      1.3348 |      1.3346 |      1.3348 |      1.3349 |      1.3350 |      1.3346 |      1.3346 |      1.3347 |      1.3347 |      1.3352 |      1.3346 |      1.3346 |      1.3354 |      1.3347 |      1.3350 |      1.3346 |      1.3360 |      1.3360 |      1.3347 |      1.3353 |      1.3347 |      1.3355 |      1.3347 |      1.3348 |      1.3346 |      1.3348 |      1.3346 |      1.3346 |      1.3346 |      1.3346 |      1.3346 |      1.3346 |      1.3346 |      1.3348 |      1.3347 |      1.3347 |      1.3347 |      1.3346 |      1.3349 |      1.3347 |      1.3348 |      1.3347 |      1.3348 |      1.3347 |      1.3348 |      1.3356 |      1.3348 |      1.3347 |      1.3361 |      1.3346 |      1.3348 |      1.3350 |      1.3347 |      1.3355 |      1.3348 |       1.3347 |       1.3348 |       1.3347 |       1.3353 |       1.3348 |       1.3350 |       1.3353 |       1.3350 |       1.3353 |       1.3350 |       1.3346 |       1.3348 |       1.3346 |       1.3347 |       1.3348 |       1.3347 |       1.3347 |       1.3346 |       1.3347 |       1.3348 |       1.3347 |       1.3348 |       1.3346 |       1.3346 |       1.3346 |       1.3346 |       1.3350 |       1.3350 |       1.3346 |       1.3347 |       1.3346 |       1.3351 |       1.3348 |       1.3346 |       1.3348 |       1.3348 |       1.3349 |       1.3346 |       1.3349 |       1.3346 |       1.3346 |       1.3346 |       1.3346 |       1.3346 |       1.3347 |       1.3346 |       1.3346 |       1.3347 |       1.3346 |       1.3346 |       1.3346 |       1.3346 |       1.3347 |       1.3346 |       1.3347 |       1.3353 |       1.3348 |       1.3346 |       1.3352 |       1.3351 |       1.3346 |       1.3347 |       1.3347 |       1.3347 |       1.3347 |       1.3346 |       1.3347 |       1.3348 |       1.3356 |       1.3347 |       1.3348 |       1.3347 |       1.3351 |       1.3347 |       1.3347 |       1.3346 |       1.3350 |       1.3351 |       1.3346 |       1.3350 |       1.3349 |       1.3347 |       1.3351 |       1.3346 |       1.3348 |       1.3348 |       1.3347 |       1.3347 |       1.3349 |       1.3346 |       1.3347 |       1.3346 |
| Runtime unhalted [s] |     1.7040 |     1.7044 |     1.7039 |     1.7045 |     1.7044 |     1.7033 |     1.7041 |     1.7041 |     1.7038 |     1.7043 |      1.7036 |      1.7044 |      1.7047 |      1.7036 |      1.7036 |      1.7043 |      1.7029 |      1.7027 |      1.7034 |      1.7033 |      1.7034 |      1.7027 |      1.7033 |      1.7034 |      1.7036 |      1.7040 |      1.7035 |      1.7036 |      1.7034 |      1.7037 |      1.7034 |      1.7031 |      1.7045 |      1.7045 |      1.7048 |      1.7045 |      1.7045 |      1.7045 |      1.7045 |      1.7045 |      1.7034 |      1.7027 |      1.7031 |      1.7031 |      1.7031 |      1.7025 |      1.7024 |      1.7033 |      1.7030 |      1.7035 |      1.7030 |      1.7025 |      1.7030 |      1.7035 |      1.7035 |      1.7029 |      1.7030 |      1.7041 |      1.7036 |      1.7038 |      1.7027 |      1.7043 |      1.7043 |      1.7037 |      1.7038 |      1.7034 |      1.7036 |      1.7032 |      1.7028 |      1.7028 |      1.7034 |      1.7032 |      1.7022 |      1.7020 |      1.7022 |      1.7025 |      1.7026 |      1.7024 |      1.7023 |      1.7027 |      1.7031 |      1.7027 |      1.7025 |      1.7029 |      1.7031 |      1.7034 |      1.7033 |      1.7034 |      1.7038 |      1.7042 |      1.7044 |      1.7040 |      1.7040 |      1.7045 |      1.7035 |      1.7039 |      1.7164 |      1.7162 |      1.7167 |      1.7165 |       1.7161 |       1.7165 |       1.7162 |       1.7167 |       1.7162 |       1.7163 |       1.7167 |       1.7163 |       1.7166 |       1.7163 |       1.7157 |       1.7162 |       1.7151 |       1.7156 |       1.7157 |       1.7155 |       1.7151 |       1.7151 |       1.7157 |       1.7157 |       1.7160 |       1.7155 |       1.7155 |       1.7155 |       1.7155 |       1.7154 |       1.7161 |       1.7164 |       1.7150 |       1.7160 |       1.7157 |       1.7160 |       1.7153 |       1.7153 |       1.7160 |       1.7156 |       1.7154 |       1.7149 |       1.7155 |       1.7150 |       1.7152 |       1.7150 |       1.7149 |       1.7150 |       1.7153 |       1.7148 |       1.7148 |       1.7149 |       1.7148 |       1.7148 |       1.7147 |       1.7147 |       1.7164 |       1.7155 |       1.7163 |       1.7165 |       1.7156 |       1.7157 |       1.7165 |       1.7164 |       1.7154 |       1.7154 |       1.7154 |       1.7159 |       1.7160 |       1.7155 |       1.7162 |       1.7154 |       1.7161 |       1.7152 |       1.7150 |       1.7158 |       1.7163 |       1.7155 |       1.7162 |       1.7157 |       1.7158 |       1.7160 |       1.7153 |       1.7161 |       1.7157 |       1.7162 |       1.7160 |       1.7154 |       1.7155 |       1.7152 |       1.7150 |       1.7146 |       1.7159 |       1.7150 |       1.7157 |       1.7151 |
|      Clock [MHz]     |  3054.9706 |  3054.3359 |  3054.6828 |  3054.5984 |  3054.3597 |  3054.5444 |  3055.3759 |  3055.3498 |  3054.6587 |  3054.3431 |   3054.5270 |   3056.1311 |   3055.1382 |   3054.5137 |   3055.2834 |   3054.3340 |   3053.7362 |   3053.7364 |   3053.6399 |   3053.6183 |   3053.6420 |   3053.4678 |   3053.6376 |   3053.6539 |   3055.1565 |   3054.9053 |   3055.0678 |   3055.1526 |   3054.3842 |   3054.2131 |   3054.4420 |   3054.0451 |   3054.4657 |   3054.4682 |   3055.2816 |   3054.4682 |   3054.8963 |   3054.4435 |   3054.4717 |   3054.4681 |   3053.8693 |   3053.6813 |   3053.0861 |   3053.1155 |   3053.1105 |   3052.9525 |   3052.9861 |   3053.4210 |   3053.8465 |   3053.6420 |   3054.0478 |   3053.7083 |   3054.0525 |   3054.1912 |   3053.6315 |   3054.0649 |   3054.3886 |   3055.5880 |   3055.6189 |   3055.6349 |   3055.8634 |   3055.2090 |   3055.0600 |   3055.9089 |   3054.8007 |   3054.9317 |   3054.8553 |   3055.1548 |   3054.9354 |   3054.9792 |   3055.1067 |   3054.2068 |   3052.6647 |   3053.6246 |   3053.0660 |   3053.4028 |   3053.3359 |   3052.9435 |   3052.6213 |   3053.8164 |   3053.3183 |   3053.2163 |   3052.9180 |   3053.0633 |   3053.8204 |   3054.0440 |   3053.3693 |   3053.8773 |   3054.6671 |   3055.3620 |   3054.3477 |   3055.2216 |   3054.6944 |   3054.7963 |   3054.9732 |   3055.2124 |   3077.5426 |   3076.9006 |   3076.4866 |   3077.4822 |    3076.8411 |    3077.4958 |    3076.8900 |    3076.5180 |    3076.8982 |    3076.8482 |    3076.5437 |    3076.8432 |    3076.5874 |    3076.8386 |    3076.7243 |    3076.8750 |    3075.8292 |    3075.9695 |    3075.9178 |    3075.9503 |    3075.8091 |    3075.8287 |    3075.9698 |    3075.9462 |    3076.5976 |    3076.4238 |    3076.4444 |    3076.4384 |    3076.4583 |    3076.4100 |    3076.5448 |    3076.2863 |    3075.4741 |    3076.3704 |    3075.8815 |    3075.8845 |    3076.2382 |    3076.2960 |    3076.3767 |    3075.6075 |    3075.4564 |    3075.4360 |    3075.4997 |    3075.4470 |    3075.8544 |    3075.8812 |    3075.3871 |    3075.9259 |    3075.3544 |    3075.1790 |    3075.1871 |    3075.1510 |    3075.1972 |    3075.1832 |    3075.1939 |    3075.2195 |    3077.5310 |    3076.6637 |    3077.5096 |    3076.4972 |    3076.7219 |    3076.6706 |    3076.5028 |    3076.4736 |    3076.3741 |    3076.3392 |    3076.3119 |    3076.4676 |    3076.4731 |    3076.2847 |    3077.1647 |    3076.3383 |    3076.8044 |    3076.4405 |    3077.0396 |    3076.0706 |    3076.3788 |    3077.1221 |    3076.8317 |    3076.6855 |    3076.0859 |    3076.1401 |    3075.9200 |    3076.4121 |    3076.0340 |    3076.8419 |    3076.4122 |    3076.2862 |    3077.1112 |    3076.0791 |    3075.2712 |    3076.4078 |    3077.0535 |    3075.3028 |    3076.2121 |    3075.5832 |
|          CPI         |     0.7916 |     0.7931 |     0.7926 |     0.7930 |     0.7931 |     0.7926 |     0.7926 |     0.7926 |     0.7921 |     0.7924 |      0.7920 |      0.7921 |      0.7925 |      0.7922 |      0.7920 |      0.7925 |      0.7918 |      0.7918 |      0.7920 |      0.7918 |      0.7919 |      0.7919 |      0.7919 |      0.7920 |      0.7922 |      0.7922 |      0.7921 |      0.7921 |      0.7922 |      0.7924 |      0.7921 |      0.7920 |      0.7937 |      0.7938 |      0.7938 |      0.7938 |      0.7937 |      0.7939 |      0.7927 |      0.7938 |      0.7918 |      0.7917 |      0.7919 |      0.7919 |      0.7919 |      0.7917 |      0.7917 |      0.7918 |      0.7920 |      0.7921 |      0.7919 |      0.7919 |      0.7919 |      0.7919 |      0.7922 |      0.7919 |      0.7919 |      0.7924 |      0.7920 |      0.7922 |      0.7919 |      0.7928 |      0.7927 |      0.7920 |      0.7922 |      0.7919 |      0.7924 |      0.7919 |      0.7923 |      0.7917 |      0.7918 |      0.7917 |      0.7914 |      0.7915 |      0.7914 |      0.7914 |      0.7914 |      0.7915 |      0.7916 |      0.7915 |      0.7919 |      0.7918 |      0.7919 |      0.7920 |      0.7919 |      0.7920 |      0.7920 |      0.7920 |      0.7919 |      0.7921 |      0.7925 |      0.7920 |      0.7919 |      0.7926 |      0.7918 |      0.7919 |      0.7980 |      0.7979 |      0.7984 |      0.7979 |       0.7979 |       0.7980 |       0.7979 |       0.7982 |       0.7979 |       0.7980 |       0.7981 |       0.7980 |       0.7981 |       0.7980 |       0.7978 |       0.7978 |       0.7976 |       0.7978 |       0.7978 |       0.7978 |       0.7977 |       0.7976 |       0.7977 |       0.7978 |       0.7976 |       0.7976 |       0.7976 |       0.7976 |       0.7976 |       0.7976 |       0.7977 |       0.7978 |       0.7975 |       0.7976 |       0.7975 |       0.7976 |       0.7976 |       0.7975 |       0.7976 |       0.7976 |       0.7976 |       0.7975 |       0.7976 |       0.7975 |       0.7974 |       0.7973 |       0.7974 |       0.7973 |       0.7971 |       0.7971 |       0.7971 |       0.7972 |       0.7971 |       0.7971 |       0.7971 |       0.7971 |       0.7976 |       0.7976 |       0.7976 |       0.7979 |       0.7977 |       0.7976 |       0.7979 |       0.7978 |       0.7974 |       0.7975 |       0.7975 |       0.7975 |       0.7974 |       0.7975 |       0.7974 |       0.7974 |       0.7979 |       0.7975 |       0.7975 |       0.7975 |       0.7977 |       0.7975 |       0.7975 |       0.7974 |       0.7977 |       0.7978 |       0.7975 |       0.7977 |       0.7976 |       0.7975 |       0.7977 |       0.7975 |       0.7975 |       0.7976 |       0.7975 |       0.7975 |       0.7975 |       0.7972 |       0.7974 |       0.7974 |
|     DP [MFLOP/s]     | 48263.3020 | 48237.7170 | 48269.0154 | 48238.3671 | 48237.7170 | 48265.6884 | 48267.2434 | 48264.7845 | 48263.0851 | 48244.9055 |  48268.0028 |  48267.0264 |  48238.6199 |  48259.2167 |  48273.3555 |  48238.8005 |  48271.8364 |  48272.7406 |  48258.0599 |  48267.4242 |  48263.8082 |  48265.5076 |  48263.3020 |  48255.8550 |  48258.2768 |  48258.2768 |  48267.3518 |  48265.4353 |  48254.8429 |  48246.2423 |  48266.2308 |  48272.8853 |  48221.1085 |  48226.9923 |  48226.9562 |  48220.8919 |  48218.7264 |  48218.6904 |  48224.0683 |  48226.6674 |  48265.3268 |  48270.8960 |  48263.5913 |  48263.7359 |  48264.6037 |  48266.0139 |  48272.1619 |  48263.5913 |  48262.8681 |  48257.8792 |  48271.0045 |  48272.8130 |  48269.6663 |  48269.3408 |  48249.2775 |  48270.9683 |  48273.5364 |  48244.2552 |  48269.3770 |  48259.1083 |  48273.5364 |  48221.7221 |  48221.7221 |  48269.3770 |  48246.2423 |  48267.3518 |  48238.2226 |  48267.3157 |  48264.8206 |  48272.1257 |  48266.5563 |  48272.9215 |  48272.6683 |  48270.8960 |  48272.8130 |  48272.3789 |  48271.4385 |  48271.4385 |  48265.4715 |  48267.6773 |  48268.9792 |  48269.0877 |  48272.8491 |  48263.0489 |  48268.8707 |  48263.7720 |  48267.3518 |  48263.7720 |  48269.3047 |  48263.8444 |  48238.0782 |  48265.3992 |  48268.2921 |  48218.8347 |  48273.4640 |  48264.4952 |  48257.7346 |  48269.0877 |  48238.3671 |  48267.0264 |   48268.9430 |   48265.3268 |   48269.1600 |   48247.8682 |   48266.9902 |   48258.7829 |   48247.8682 |   48258.2407 |   48248.9523 |   48258.2045 |   48270.7875 |   48265.7246 |   48270.7513 |   48268.8707 |   48266.1947 |   48267.2795 |   48269.8833 |   48271.9087 |   48267.2072 |   48264.5675 |   48269.0154 |   48266.9902 |   48273.2108 |   48270.7875 |   48271.1492 |   48272.6683 |   48259.1083 |   48256.3249 |   48272.7406 |   48268.1113 |   48273.2832 |   48255.7104 |   48265.6523 |   48273.3555 |   48265.3630 |   48266.2308 |   48262.9043 |   48271.8364 |   48262.7597 |   48271.9449 |   48271.9087 |   48272.4874 |   48272.8130 |   48272.4513 |   48268.6899 |   48273.3555 |   48273.2108 |   48268.8707 |   48271.7640 |   48271.8726 |   48270.7152 |   48272.3428 |   48267.2072 |   48272.2704 |   48267.1349 |   48249.0245 |   48265.2907 |   48272.3066 |   48249.3859 |   48254.6622 |   48273.3555 |   48267.2434 |   48269.0515 |   48267.3157 |   48269.0877 |   48271.9811 |   48268.7984 |   48264.4229 |   48237.1752 |   48268.1836 |   48265.3268 |   48269.1239 |   48255.8188 |   48268.9069 |   48269.2685 |   48273.5002 |   48257.1201 |   48253.4695 |   48273.5364 |   48259.0721 |   48263.0128 |   48269.3408 |   48253.5418 |   48272.2342 |   48267.0625 |   48265.2907 |   48268.9792 |   48269.8110 |   48262.6874 |   48273.1747 |   48268.8707 |   48273.1747 |
+----------------------+------------+------------+------------+------------+------------+------------+------------+------------+------------+------------+-------------+-------------+-------------+-------------+-------------+-------------+-------------+-------------+-------------+-------------+-------------+-------------+-------------+-------------+-------------+-------------+-------------+-------------+-------------+-------------+-------------+-------------+-------------+-------------+-------------+-------------+-------------+-------------+-------------+-------------+-------------+-------------+-------------+-------------+-------------+-------------+-------------+-------------+-------------+-------------+-------------+-------------+-------------+-------------+-------------+-------------+-------------+-------------+-------------+-------------+-------------+-------------+-------------+-------------+-------------+-------------+-------------+-------------+-------------+-------------+-------------+-------------+-------------+-------------+-------------+-------------+-------------+-------------+-------------+-------------+-------------+-------------+-------------+-------------+-------------+-------------+-------------+-------------+-------------+-------------+-------------+-------------+-------------+-------------+-------------+-------------+-------------+-------------+-------------+-------------+--------------+--------------+--------------+--------------+--------------+--------------+--------------+--------------+--------------+--------------+--------------+--------------+--------------+--------------+--------------+--------------+--------------+--------------+--------------+--------------+--------------+--------------+--------------+--------------+--------------+--------------+--------------+--------------+--------------+--------------+--------------+--------------+--------------+--------------+--------------+--------------+--------------+--------------+--------------+--------------+--------------+--------------+--------------+--------------+--------------+--------------+--------------+--------------+--------------+--------------+--------------+--------------+--------------+--------------+--------------+--------------+--------------+--------------+--------------+--------------+--------------+--------------+--------------+--------------+--------------+--------------+--------------+--------------+--------------+--------------+--------------+--------------+--------------+--------------+--------------+--------------+--------------+--------------+--------------+--------------+--------------+--------------+--------------+--------------+--------------+--------------+--------------+--------------+--------------+--------------+--------------+--------------+
+---------------------------+--------------+------------+------------+------------+
|           Metric          |      Sum     |     Min    |     Max    |     Avg    |
+---------------------------+--------------+------------+------------+------------+
|  Runtime (RDTSC) [s] STAT |     256.2974 |     1.3346 |     1.3361 |     1.3349 |
| Runtime unhalted [s] STAT |     328.2385 |     1.7020 |     1.7167 |     1.7096 |
|      Clock [MHz] STAT     |  588535.3069 |  3052.6213 |  3077.5426 |  3065.2881 |
|          CPI STAT         |     152.6187 |     0.7914 |     0.7984 |     0.7949 |
|     DP [MFLOP/s] STAT     | 9.266357e+06 | 48218.6904 | 48273.5364 | 48262.2748 |
+---------------------------+--------------+------------+------------+------------+
