--------------------------------------------------------------------------------
CPU name:	AMD EPYC 9654 96-Core Processor                
CPU type:	AMD K19 (Zen4) architecture
CPU clock:	2.40 GHz
--------------------------------------------------------------------------------
Region bench, Group 1: FLOPS_DP
+-------------------+------------+------------+------------+------------+------------+------------+------------+------------+------------+------------+-------------+-------------+-------------+-------------+-------------+-------------+-------------+-------------+-------------+-------------+-------------+-------------+-------------+-------------+-------------+-------------+-------------+-------------+-------------+-------------+-------------+-------------+-------------+-------------+-------------+-------------+-------------+-------------+-------------+-------------+-------------+-------------+-------------+-------------+-------------+-------------+-------------+-------------+-------------+-------------+-------------+-------------+-------------+-------------+-------------+-------------+-------------+-------------+-------------+-------------+-------------+-------------+-------------+-------------+-------------+-------------+-------------+-------------+-------------+-------------+-------------+-------------+-------------+-------------+-------------+-------------+-------------+-------------+-------------+-------------+-------------+-------------+-------------+-------------+-------------+-------------+-------------+-------------+-------------+-------------+-------------+-------------+-------------+-------------+-------------+-------------+
|    Region Info    | HWThread 0 | HWThread 1 | HWThread 2 | HWThread 3 | HWThread 4 | HWThread 5 | HWThread 6 | HWThread 7 | HWThread 8 | HWThread 9 | HWThread 10 | HWThread 11 | HWThread 12 | HWThread 13 | HWThread 14 | HWThread 15 | HWThread 16 | HWThread 17 | HWThread 18 | HWThread 19 | HWThread 20 | HWThread 21 | HWThread 22 | HWThread 23 | HWThread 24 | HWThread 25 | HWThread 26 | HWThread 27 | HWThread 28 | HWThread 29 | HWThread 30 | HWThread 31 | HWThread 32 | HWThread 33 | HWThread 34 | HWThread 35 | HWThread 36 | HWThread 37 | HWThread 38 | HWThread 39 | HWThread 40 | HWThread 41 | HWThread 42 | HWThread 43 | HWThread 44 | HWThread 45 | HWThread 46 | HWThread 47 | HWThread 48 | HWThread 49 | HWThread 50 | HWThread 51 | HWThread 52 | HWThread 53 | HWThread 54 | HWThread 55 | HWThread 56 | HWThread 57 | HWThread 58 | HWThread 59 | HWThread 60 | HWThread 61 | HWThread 62 | HWThread 63 | HWThread 64 | HWThread 65 | HWThread 66 | HWThread 67 | HWThread 68 | HWThread 69 | HWThread 70 | HWThread 71 | HWThread 72 | HWThread 73 | HWThread 74 | HWThread 75 | HWThread 76 | HWThread 77 | HWThread 78 | HWThread 79 | HWThread 80 | HWThread 81 | HWThread 82 | HWThread 83 | HWThread 84 | HWThread 85 | HWThread 86 | HWThread 87 | HWThread 88 | HWThread 89 | HWThread 90 | HWThread 91 | HWThread 92 | HWThread 93 | HWThread 94 | HWThread 95 |
+-------------------+------------+------------+------------+------------+------------+------------+------------+------------+------------+------------+-------------+-------------+-------------+-------------+-------------+-------------+-------------+-------------+-------------+-------------+-------------+-------------+-------------+-------------+-------------+-------------+-------------+-------------+-------------+-------------+-------------+-------------+-------------+-------------+-------------+-------------+-------------+-------------+-------------+-------------+-------------+-------------+-------------+-------------+-------------+-------------+-------------+-------------+-------------+-------------+-------------+-------------+-------------+-------------+-------------+-------------+-------------+-------------+-------------+-------------+-------------+-------------+-------------+-------------+-------------+-------------+-------------+-------------+-------------+-------------+-------------+-------------+-------------+-------------+-------------+-------------+-------------+-------------+-------------+-------------+-------------+-------------+-------------+-------------+-------------+-------------+-------------+-------------+-------------+-------------+-------------+-------------+-------------+-------------+-------------+-------------+
| RDTSC Runtime [s] |   1.471166 |   1.471321 |   1.471400 |   1.471318 |   1.471320 |   1.471254 |   1.471463 |   1.471376 |   1.471456 |   1.471435 |    1.471191 |    1.471320 |    1.471384 |    1.471459 |    1.471459 |    1.471374 |    1.471167 |    1.471322 |    1.471191 |    1.471344 |    1.471239 |    1.471326 |    1.471167 |    1.471229 |    1.471369 |    1.471283 |    1.471264 |    1.471471 |    1.471192 |    1.471262 |    1.471255 |    1.471218 |    1.471190 |    1.471228 |    1.471204 |    1.471398 |    1.471254 |    1.471336 |    1.471449 |    1.471461 |    1.471203 |    1.471378 |    1.471442 |    1.471373 |    1.471249 |    1.471236 |    1.471264 |    1.471323 |    1.471169 |    1.471168 |    1.471258 |    1.471255 |    1.471237 |    1.471266 |    1.471167 |    1.471168 |    1.471238 |    1.471328 |    1.471331 |    1.471332 |    1.471219 |    1.471240 |    1.471230 |    1.471183 |    1.471325 |    1.471167 |    1.471259 |    1.471242 |    1.471269 |    1.471322 |    1.471241 |    1.471279 |    1.471267 |    1.471256 |    1.471278 |    1.471267 |    1.471168 |    1.471244 |    1.471258 |    1.471282 |    1.471256 |    1.471322 |    1.471295 |    1.471169 |    1.471295 |    1.471294 |    1.471259 |    1.471169 |    1.471264 |    1.471165 |    1.471266 |    1.471315 |    1.471227 |    1.471227 |    1.471320 |    1.471326 |
|     call count    |          1 |          1 |          1 |          1 |          1 |          1 |          1 |          1 |          1 |          1 |           1 |           1 |           1 |           1 |           1 |           1 |           1 |           1 |           1 |           1 |           1 |           1 |           1 |           1 |           1 |           1 |           1 |           1 |           1 |           1 |           1 |           1 |           1 |           1 |           1 |           1 |           1 |           1 |           1 |           1 |           1 |           1 |           1 |           1 |           1 |           1 |           1 |           1 |           1 |           1 |           1 |           1 |           1 |           1 |           1 |           1 |           1 |           1 |           1 |           1 |           1 |           1 |           1 |           1 |           1 |           1 |           1 |           1 |           1 |           1 |           1 |           1 |           1 |           1 |           1 |           1 |           1 |           1 |           1 |           1 |           1 |           1 |           1 |           1 |           1 |           1 |           1 |           1 |           1 |           1 |           1 |           1 |           1 |           1 |           1 |           1 |
+-------------------+------------+------------+------------+------------+------------+------------+------------+------------+------------+------------+-------------+-------------+-------------+-------------+-------------+-------------+-------------+-------------+-------------+-------------+-------------+-------------+-------------+-------------+-------------+-------------+-------------+-------------+-------------+-------------+-------------+-------------+-------------+-------------+-------------+-------------+-------------+-------------+-------------+-------------+-------------+-------------+-------------+-------------+-------------+-------------+-------------+-------------+-------------+-------------+-------------+-------------+-------------+-------------+-------------+-------------+-------------+-------------+-------------+-------------+-------------+-------------+-------------+-------------+-------------+-------------+-------------+-------------+-------------+-------------+-------------+-------------+-------------+-------------+-------------+-------------+-------------+-------------+-------------+-------------+-------------+-------------+-------------+-------------+-------------+-------------+-------------+-------------+-------------+-------------+-------------+-------------+-------------+-------------+-------------+-------------+
+---------------------------+---------+-------------+-------------+-------------+-------------+-------------+-------------+-------------+-------------+-------------+-------------+-------------+-------------+-------------+-------------+-------------+-------------+-------------+-------------+-------------+-------------+-------------+-------------+-------------+-------------+-------------+-------------+-------------+-------------+-------------+-------------+-------------+-------------+-------------+-------------+-------------+-------------+-------------+-------------+-------------+-------------+-------------+-------------+-------------+-------------+-------------+-------------+-------------+-------------+-------------+-------------+-------------+-------------+-------------+-------------+-------------+-------------+-------------+-------------+-------------+-------------+-------------+-------------+-------------+-------------+-------------+-------------+-------------+-------------+-------------+-------------+-------------+-------------+-------------+-------------+-------------+-------------+-------------+-------------+-------------+-------------+-------------+-------------+-------------+-------------+-------------+-------------+-------------+-------------+-------------+-------------+-------------+-------------+-------------+-------------+-------------+-------------+
|           Event           | Counter |  HWThread 0 |  HWThread 1 |  HWThread 2 |  HWThread 3 |  HWThread 4 |  HWThread 5 |  HWThread 6 |  HWThread 7 |  HWThread 8 |  HWThread 9 | HWThread 10 | HWThread 11 | HWThread 12 | HWThread 13 | HWThread 14 | HWThread 15 | HWThread 16 | HWThread 17 | HWThread 18 | HWThread 19 | HWThread 20 | HWThread 21 | HWThread 22 | HWThread 23 | HWThread 24 | HWThread 25 | HWThread 26 | HWThread 27 | HWThread 28 | HWThread 29 | HWThread 30 | HWThread 31 | HWThread 32 | HWThread 33 | HWThread 34 | HWThread 35 | HWThread 36 | HWThread 37 | HWThread 38 | HWThread 39 | HWThread 40 | HWThread 41 | HWThread 42 | HWThread 43 | HWThread 44 | HWThread 45 | HWThread 46 | HWThread 47 | HWThread 48 | HWThread 49 | HWThread 50 | HWThread 51 | HWThread 52 | HWThread 53 | HWThread 54 | HWThread 55 | HWThread 56 | HWThread 57 | HWThread 58 | HWThread 59 | HWThread 60 | HWThread 61 | HWThread 62 | HWThread 63 | HWThread 64 | HWThread 65 | HWThread 66 | HWThread 67 | HWThread 68 | HWThread 69 | HWThread 70 | HWThread 71 | HWThread 72 | HWThread 73 | HWThread 74 | HWThread 75 | HWThread 76 | HWThread 77 | HWThread 78 | HWThread 79 | HWThread 80 | HWThread 81 | HWThread 82 | HWThread 83 | HWThread 84 | HWThread 85 | HWThread 86 | HWThread 87 | HWThread 88 | HWThread 89 | HWThread 90 | HWThread 91 | HWThread 92 | HWThread 93 | HWThread 94 | HWThread 95 |
+---------------------------+---------+-------------+-------------+-------------+-------------+-------------+-------------+-------------+-------------+-------------+-------------+-------------+-------------+-------------+-------------+-------------+-------------+-------------+-------------+-------------+-------------+-------------+-------------+-------------+-------------+-------------+-------------+-------------+-------------+-------------+-------------+-------------+-------------+-------------+-------------+-------------+-------------+-------------+-------------+-------------+-------------+-------------+-------------+-------------+-------------+-------------+-------------+-------------+-------------+-------------+-------------+-------------+-------------+-------------+-------------+-------------+-------------+-------------+-------------+-------------+-------------+-------------+-------------+-------------+-------------+-------------+-------------+-------------+-------------+-------------+-------------+-------------+-------------+-------------+-------------+-------------+-------------+-------------+-------------+-------------+-------------+-------------+-------------+-------------+-------------+-------------+-------------+-------------+-------------+-------------+-------------+-------------+-------------+-------------+-------------+-------------+-------------+
|      ACTUAL_CPU_CLOCK     |  FIXC1  |  4101788000 |  4102475000 |  4102435000 |  4101703000 |  4102425000 |  4101693000 |  4102508000 |  4101975000 |  4099431000 |  4099427000 |  4098559000 |  4098588000 |  4099256000 |  4099382000 |  4099317000 |  4099345000 |  4081342000 |  4081837000 |  4081180000 |  4081268000 |  4081078000 |  4081881000 |  4081233000 |  4081364000 |  4106288000 |  4106209000 |  4106218000 |  4106350000 |  4105699000 |  4106211000 |  4106143000 |  4105597000 |  4094571000 |  4094416000 |  4094509000 |  4095205000 |  4094492000 |  4095176000 |  4095319000 |  4095425000 |  4062870000 |  4063410000 |  4063481000 |  4063149000 |  4062884000 |  4062805000 |  4063139000 |  4063546000 |  4072106000 |  4072115000 |  4072196000 |  4072298000 |  4072111000 |  4072189000 |  4072111000 |  4072218000 |  4094876000 |  4095010000 |  4094843000 |  4095065000 |  4095036000 |  4095005000 |  4095040000 |  4094729000 |  4068586000 |  4068512000 |  4068746000 |  4068689000 |  4068728000 |  4068786000 |  4068319000 |  4068537000 |  4091297000 |  4091394000 |  4091296000 |  4091324000 |  4091296000 |  4091239000 |  4091325000 |  4091353000 |  4101585000 |  4101786000 |  4101564000 |  4101250000 |  4101803000 |  4101551000 |  4101594000 |  4101557000 |  4062495000 |  4062329000 |  4062298000 |  4062442000 |  4062303000 |  4062414000 |  4062863000 |  4062596000 |
|       MAX_CPU_CLOCK       |  FIXC2  |  3526217000 |  3526602000 |  3526548000 |  3526358000 |  3526522000 |  3526331000 |  3526704000 |  3526563000 |  3526756000 |  3526758000 |  3526338000 |  3526359000 |  3526566000 |  3526723000 |  3526680000 |  3526610000 |  3526206000 |  3526236000 |  3526225000 |  3526282000 |  3525991000 |  3526464000 |  3525951000 |  3526232000 |  3526569000 |  3526546000 |  3526550000 |  3526889000 |  3526352000 |  3526546000 |  3526657000 |  3526389000 |  3526307000 |  3526224000 |  3526260000 |  3526551000 |  3526058000 |  3526415000 |  3526463000 |  3526701000 |  3526316000 |  3526174000 |  3526381000 |  3526237000 |  3526336000 |  3526239000 |  3525990000 |  3526247000 |  3526589000 |  3526589000 |  3526608000 |  3526605000 |  3526583000 |  3526605000 |  3526574000 |  3526782000 |  3526552000 |  3526605000 |  3526500000 |  3526597000 |  3526831000 |  3526591000 |  3526839000 |  3526381000 |  3526821000 |  3526836000 |  3526999000 |  3526547000 |  3527014000 |  3526616000 |  3526813000 |  3526982000 |  3526499000 |  3526542000 |  3526497000 |  3526527000 |  3526489000 |  3526585000 |  3526522000 |  3526494000 |  3526819000 |  3526988000 |  3526541000 |  3526346000 |  3526702000 |  3526537000 |  3526834000 |  3526520000 |  3526537000 |  3526379000 |  3526362000 |  3526517000 |  3526364000 |  3526563000 |  3526769000 |  3526525000 |
|    RETIRED_INSTRUCTIONS   |   PMC0  |  9136068000 |  9137323000 |  9137260000 |  9137319000 |  9137306000 |  9137239000 |  9137261000 |  9137086000 |  9136699000 |  9136695000 |  9136568000 |  9136636000 |  9136553000 |  9136554000 |  9136542000 |  9136604000 |  9133257000 |  9133327000 |  9133232000 |  9133319000 |  9133298000 |  9133269000 |  9133060000 |  9133085000 |  9137792000 |  9137762000 |  9137666000 |  9137763000 |  9137679000 |  9137723000 |  9137569000 |  9137508000 |  9135537000 |  9135583000 |  9135524000 |  9135655000 |  9135514000 |  9135538000 |  9135429000 |  9135495000 |  9129803000 |  9129843000 |  9129880000 |  9129811000 |  9128453000 |  9129252000 |  9129208000 |  9129015000 |  9131347000 |  9131429000 |  9131401000 |  9131372000 |  9131319000 |  9131349000 |  9131259000 |  9131158000 |  9135371000 |  9135408000 |  9135379000 |  9135357000 |  9135311000 |  9135302000 |  9135110000 |  9135108000 |  9130640000 |  9130603000 |  9130562000 |  9130694000 |  9130004000 |  9130134000 |  9129954000 |  9129962000 |  9134382000 |  9134565000 |  9134526000 |  9134407000 |  9134535000 |  9134540000 |  9134312000 |  9134349000 |  9136697000 |  9136415000 |  9136692000 |  9136601000 |  9136611000 |  9136708000 |  9136519000 |  9136445000 |  9129486000 |  9129691000 |  9129651000 |  9129675000 |  9129051000 |  9129157000 |  9129049000 |  9128941000 |
|    CPU_CLOCKS_UNHALTED    |   PMC1  |  4071558000 |  4078469000 |  4078233000 |  4078591000 |  4078422000 |  4078439000 |  4079160000 |  4077958000 |  4075141000 |  4074949000 |  4074338000 |  4074743000 |  4074192000 |  4074332000 |  4074860000 |  4074749000 |  4056469000 |  4056685000 |  4056295000 |  4056860000 |  4056664000 |  4056876000 |  4056329000 |  4056420000 |  4081282000 |  4080961000 |  4080828000 |  4081107000 |  4080573000 |  4080889000 |  4080926000 |  4080581000 |  4068899000 |  4069005000 |  4068877000 |  4069600000 |  4068929000 |  4069119000 |  4069284000 |  4069529000 |  4037075000 |  4037173000 |  4037603000 |  4037225000 |  4036321000 |  4036578000 |  4037192000 |  4036149000 |  4046738000 |  4046936000 |  4047063000 |  4046886000 |  4046692000 |  4046969000 |  4046800000 |  4046317000 |  4068937000 |  4069008000 |  4069079000 |  4069068000 |  4068643000 |  4068717000 |  4068544000 |  4068489000 |  4042588000 |  4042051000 |  4041987000 |  4042749000 |  4041555000 |  4041886000 |  4041428000 |  4041477000 |  4063570000 |  4064391000 |  4064363000 |  4063749000 |  4064442000 |  4064843000 |  4064402000 |  4064500000 |  4075978000 |  4075226000 |  4076017000 |  4075577000 |  4075549000 |  4076159000 |  4075999000 |  4075856000 |  4035491000 |  4036528000 |  4036473000 |  4036607000 |  4035531000 |  4036023000 |  4036089000 |  4035807000 |
| RETIRED_SSE_AVX_FLOPS_ALL |   PMC2  | 96636760000 | 96636760000 | 96636760000 | 96636760000 | 96636760000 | 96636760000 | 96636760000 | 96636760000 | 96636760000 | 96636760000 | 96636760000 | 96636760000 | 96636760000 | 96636760000 | 96636760000 | 96636760000 | 96636760000 | 96636760000 | 96636760000 | 96636760000 | 96636760000 | 96636760000 | 96636760000 | 96636760000 | 96636760000 | 96636760000 | 96636760000 | 96636760000 | 96636760000 | 96636760000 | 96636760000 | 96636760000 | 96636760000 | 96636760000 | 96636760000 | 96636760000 | 96636760000 | 96636760000 | 96636760000 | 96636760000 | 96636760000 | 96636760000 | 96636760000 | 96636760000 | 96636760000 | 96636760000 | 96636760000 | 96636760000 | 96636760000 | 96636760000 | 96636760000 | 96636760000 | 96636760000 | 96636760000 | 96636760000 | 96636760000 | 96636760000 | 96636760000 | 96636760000 | 96636760000 | 96636760000 | 96636760000 | 96636760000 | 96636760000 | 96636760000 | 96636760000 | 96636760000 | 96636760000 | 96636760000 | 96636760000 | 96636760000 | 96636760000 | 96636760000 | 96636760000 | 96636760000 | 96636760000 | 96636760000 | 96636760000 | 96636760000 | 96636760000 | 96636760000 | 96636760000 | 96636760000 | 96636760000 | 96636760000 | 96636760000 | 96636760000 | 96636760000 | 96636760000 | 96636760000 | 96636760000 | 96636760000 | 96636760000 | 96636760000 | 96636760000 | 96636760000 |
|           MERGE           |   PMC3  |           0 |           0 |           0 |           0 |           0 |           0 |           0 |           0 |           0 |           0 |           0 |           0 |           0 |           0 |           0 |           0 |           0 |           0 |           0 |           0 |           0 |           0 |           0 |           0 |           0 |           0 |           0 |           0 |           0 |           0 |           0 |           0 |           0 |           0 |           0 |           0 |           0 |           0 |           0 |           0 |           0 |           0 |           0 |           0 |           0 |           0 |           0 |           0 |           0 |           0 |           0 |           0 |           0 |           0 |           0 |           0 |           0 |           0 |           0 |           0 |           0 |           0 |           0 |           0 |           0 |           0 |           0 |           0 |           0 |           0 |           0 |           0 |           0 |           0 |           0 |           0 |           0 |           0 |           0 |           0 |           0 |           0 |           0 |           0 |           0 |           0 |           0 |           0 |           0 |           0 |           0 |           0 |           0 |           0 |           0 |           0 |
+---------------------------+---------+-------------+-------------+-------------+-------------+-------------+-------------+-------------+-------------+-------------+-------------+-------------+-------------+-------------+-------------+-------------+-------------+-------------+-------------+-------------+-------------+-------------+-------------+-------------+-------------+-------------+-------------+-------------+-------------+-------------+-------------+-------------+-------------+-------------+-------------+-------------+-------------+-------------+-------------+-------------+-------------+-------------+-------------+-------------+-------------+-------------+-------------+-------------+-------------+-------------+-------------+-------------+-------------+-------------+-------------+-------------+-------------+-------------+-------------+-------------+-------------+-------------+-------------+-------------+-------------+-------------+-------------+-------------+-------------+-------------+-------------+-------------+-------------+-------------+-------------+-------------+-------------+-------------+-------------+-------------+-------------+-------------+-------------+-------------+-------------+-------------+-------------+-------------+-------------+-------------+-------------+-------------+-------------+-------------+-------------+-------------+-------------+
+--------------------------------+---------+---------------+-------------+-------------+--------------+
|              Event             | Counter |      Sum      |     Min     |     Max     |      Avg     |
+--------------------------------+---------+---------------+-------------+-------------+--------------+
|      ACTUAL_CPU_CLOCK STAT     |  FIXC1  |  392303407000 |  4062298000 |  4106350000 | 4.086494e+09 |
|       MAX_CPU_CLOCK STAT       |  FIXC2  |  338545536000 |  3525951000 |  3527014000 |   3526516000 |
|    RETIRED_INSTRUCTIONS STAT   |   PMC0  |  876855100000 |  9128453000 |  9137792000 | 9.133907e+09 |
|    CPU_CLOCKS_UNHALTED STAT    |   PMC1  |  389836214000 |  4035491000 |  4081282000 | 4.060794e+09 |
| RETIRED_SSE_AVX_FLOPS_ALL STAT |   PMC2  | 9277128960000 | 96636760000 | 96636760000 |  96636760000 |
|           MERGE STAT           |   PMC3  |             0 |           0 |           0 |            0 |
+--------------------------------+---------+---------------+-------------+-------------+--------------+
+----------------------+------------+------------+------------+------------+------------+------------+------------+------------+------------+------------+-------------+-------------+-------------+-------------+-------------+-------------+-------------+-------------+-------------+-------------+-------------+-------------+-------------+-------------+-------------+-------------+-------------+-------------+-------------+-------------+-------------+-------------+-------------+-------------+-------------+-------------+-------------+-------------+-------------+-------------+-------------+-------------+-------------+-------------+-------------+-------------+-------------+-------------+-------------+-------------+-------------+-------------+-------------+-------------+-------------+-------------+-------------+-------------+-------------+-------------+-------------+-------------+-------------+-------------+-------------+-------------+-------------+-------------+-------------+-------------+-------------+-------------+-------------+-------------+-------------+-------------+-------------+-------------+-------------+-------------+-------------+-------------+-------------+-------------+-------------+-------------+-------------+-------------+-------------+-------------+-------------+-------------+-------------+-------------+-------------+-------------+
|        Metric        | HWThread 0 | HWThread 1 | HWThread 2 | HWThread 3 | HWThread 4 | HWThread 5 | HWThread 6 | HWThread 7 | HWThread 8 | HWThread 9 | HWThread 10 | HWThread 11 | HWThread 12 | HWThread 13 | HWThread 14 | HWThread 15 | HWThread 16 | HWThread 17 | HWThread 18 | HWThread 19 | HWThread 20 | HWThread 21 | HWThread 22 | HWThread 23 | HWThread 24 | HWThread 25 | HWThread 26 | HWThread 27 | HWThread 28 | HWThread 29 | HWThread 30 | HWThread 31 | HWThread 32 | HWThread 33 | HWThread 34 | HWThread 35 | HWThread 36 | HWThread 37 | HWThread 38 | HWThread 39 | HWThread 40 | HWThread 41 | HWThread 42 | HWThread 43 | HWThread 44 | HWThread 45 | HWThread 46 | HWThread 47 | HWThread 48 | HWThread 49 | HWThread 50 | HWThread 51 | HWThread 52 | HWThread 53 | HWThread 54 | HWThread 55 | HWThread 56 | HWThread 57 | HWThread 58 | HWThread 59 | HWThread 60 | HWThread 61 | HWThread 62 | HWThread 63 | HWThread 64 | HWThread 65 | HWThread 66 | HWThread 67 | HWThread 68 | HWThread 69 | HWThread 70 | HWThread 71 | HWThread 72 | HWThread 73 | HWThread 74 | HWThread 75 | HWThread 76 | HWThread 77 | HWThread 78 | HWThread 79 | HWThread 80 | HWThread 81 | HWThread 82 | HWThread 83 | HWThread 84 | HWThread 85 | HWThread 86 | HWThread 87 | HWThread 88 | HWThread 89 | HWThread 90 | HWThread 91 | HWThread 92 | HWThread 93 | HWThread 94 | HWThread 95 |
+----------------------+------------+------------+------------+------------+------------+------------+------------+------------+------------+------------+-------------+-------------+-------------+-------------+-------------+-------------+-------------+-------------+-------------+-------------+-------------+-------------+-------------+-------------+-------------+-------------+-------------+-------------+-------------+-------------+-------------+-------------+-------------+-------------+-------------+-------------+-------------+-------------+-------------+-------------+-------------+-------------+-------------+-------------+-------------+-------------+-------------+-------------+-------------+-------------+-------------+-------------+-------------+-------------+-------------+-------------+-------------+-------------+-------------+-------------+-------------+-------------+-------------+-------------+-------------+-------------+-------------+-------------+-------------+-------------+-------------+-------------+-------------+-------------+-------------+-------------+-------------+-------------+-------------+-------------+-------------+-------------+-------------+-------------+-------------+-------------+-------------+-------------+-------------+-------------+-------------+-------------+-------------+-------------+-------------+-------------+
|  Runtime (RDTSC) [s] |     1.4712 |     1.4713 |     1.4714 |     1.4713 |     1.4713 |     1.4713 |     1.4715 |     1.4714 |     1.4715 |     1.4714 |      1.4712 |      1.4713 |      1.4714 |      1.4715 |      1.4715 |      1.4714 |      1.4712 |      1.4713 |      1.4712 |      1.4713 |      1.4712 |      1.4713 |      1.4712 |      1.4712 |      1.4714 |      1.4713 |      1.4713 |      1.4715 |      1.4712 |      1.4713 |      1.4713 |      1.4712 |      1.4712 |      1.4712 |      1.4712 |      1.4714 |      1.4713 |      1.4713 |      1.4714 |      1.4715 |      1.4712 |      1.4714 |      1.4714 |      1.4714 |      1.4712 |      1.4712 |      1.4713 |      1.4713 |      1.4712 |      1.4712 |      1.4713 |      1.4713 |      1.4712 |      1.4713 |      1.4712 |      1.4712 |      1.4712 |      1.4713 |      1.4713 |      1.4713 |      1.4712 |      1.4712 |      1.4712 |      1.4712 |      1.4713 |      1.4712 |      1.4713 |      1.4712 |      1.4713 |      1.4713 |      1.4712 |      1.4713 |      1.4713 |      1.4713 |      1.4713 |      1.4713 |      1.4712 |      1.4712 |      1.4713 |      1.4713 |      1.4713 |      1.4713 |      1.4713 |      1.4712 |      1.4713 |      1.4713 |      1.4713 |      1.4712 |      1.4713 |      1.4712 |      1.4713 |      1.4713 |      1.4712 |      1.4712 |      1.4713 |      1.4713 |
| Runtime unhalted [s] |     1.7117 |     1.7120 |     1.7119 |     1.7116 |     1.7119 |     1.7116 |     1.7120 |     1.7117 |     1.7107 |     1.7107 |      1.7103 |      1.7103 |      1.7106 |      1.7107 |      1.7106 |      1.7106 |      1.7031 |      1.7033 |      1.7031 |      1.7031 |      1.7030 |      1.7034 |      1.7031 |      1.7031 |      1.7135 |      1.7135 |      1.7135 |      1.7136 |      1.7133 |      1.7135 |      1.7135 |      1.7133 |      1.7087 |      1.7086 |      1.7086 |      1.7089 |      1.7086 |      1.7089 |      1.7090 |      1.7090 |      1.6954 |      1.6957 |      1.6957 |      1.6955 |      1.6954 |      1.6954 |      1.6955 |      1.6957 |      1.6993 |      1.6993 |      1.6993 |      1.6994 |      1.6993 |      1.6993 |      1.6993 |      1.6993 |      1.7088 |      1.7088 |      1.7088 |      1.7089 |      1.7089 |      1.7088 |      1.7089 |      1.7087 |      1.6978 |      1.6978 |      1.6979 |      1.6979 |      1.6979 |      1.6979 |      1.6977 |      1.6978 |      1.7073 |      1.7073 |      1.7073 |      1.7073 |      1.7073 |      1.7073 |      1.7073 |      1.7073 |      1.7116 |      1.7117 |      1.7116 |      1.7114 |      1.7117 |      1.7116 |      1.7116 |      1.7116 |      1.6953 |      1.6952 |      1.6952 |      1.6952 |      1.6952 |      1.6952 |      1.6954 |      1.6953 |
|      Clock [MHz]     |  2787.5192 |  2787.6818 |  2787.6973 |  2787.3500 |  2787.7110 |  2787.3646 |  2787.6235 |  2787.3728 |  2785.4917 |  2785.4874 |   2785.2293 |   2785.2324 |   2785.5228 |   2785.4844 |   2785.4742 |   2785.5486 |   2773.6331 |   2773.9459 |   2773.5080 |   2773.5230 |   2773.6228 |   2773.7964 |   2773.7596 |   2773.6276 |   2790.2988 |   2790.2634 |   2790.2663 |   2790.0878 |   2790.0703 |   2790.2647 |   2790.1307 |   2789.9717 |   2782.5436 |   2782.5038 |   2782.5386 |   2782.7819 |   2782.6865 |   2782.8696 |   2782.9289 |   2782.8131 |   2760.9936 |   2761.4717 |   2761.3579 |   2761.2450 |   2760.9874 |   2761.0097 |   2761.4317 |   2761.5070 |   2767.0558 |   2767.0620 |   2767.1021 |   2767.1738 |   2767.0640 |   2767.0997 |   2767.0710 |   2766.9805 |   2782.5576 |   2782.6068 |   2782.5762 |   2782.6505 |   2782.4462 |   2782.6145 |   2782.4426 |   2782.5926 |   2764.4821 |   2764.4201 |   2764.4513 |   2764.7669 |   2764.4273 |   2764.7787 |   2764.3069 |   2764.3226 |   2780.1674 |   2780.1994 |   2780.1683 |   2780.1636 |   2780.1746 |   2780.0602 |   2780.1683 |   2780.2094 |   2786.9055 |   2786.9085 |   2787.1109 |   2787.0517 |   2787.1461 |   2787.1053 |   2786.8998 |   2787.1228 |   2760.5657 |   2760.5766 |   2760.5689 |   2760.5454 |   2760.5707 |   2760.4903 |   2760.6342 |   2760.6438 |
|          CPI         |     0.4457 |     0.4464 |     0.4463 |     0.4464 |     0.4463 |     0.4464 |     0.4464 |     0.4463 |     0.4460 |     0.4460 |      0.4459 |      0.4460 |      0.4459 |      0.4459 |      0.4460 |      0.4460 |      0.4441 |      0.4442 |      0.4441 |      0.4442 |      0.4442 |      0.4442 |      0.4441 |      0.4441 |      0.4466 |      0.4466 |      0.4466 |      0.4466 |      0.4466 |      0.4466 |      0.4466 |      0.4466 |      0.4454 |      0.4454 |      0.4454 |      0.4455 |      0.4454 |      0.4454 |      0.4454 |      0.4455 |      0.4422 |      0.4422 |      0.4422 |      0.4422 |      0.4422 |      0.4422 |      0.4422 |      0.4421 |      0.4432 |      0.4432 |      0.4432 |      0.4432 |      0.4432 |      0.4432 |      0.4432 |      0.4431 |      0.4454 |      0.4454 |      0.4454 |      0.4454 |      0.4454 |      0.4454 |      0.4454 |      0.4454 |      0.4427 |      0.4427 |      0.4427 |      0.4428 |      0.4427 |      0.4427 |      0.4427 |      0.4427 |      0.4449 |      0.4449 |      0.4449 |      0.4449 |      0.4450 |      0.4450 |      0.4450 |      0.4450 |      0.4461 |      0.4460 |      0.4461 |      0.4461 |      0.4461 |      0.4461 |      0.4461 |      0.4461 |      0.4420 |      0.4421 |      0.4421 |      0.4421 |      0.4421 |      0.4421 |      0.4421 |      0.4421 |
|     DP [MFLOP/s]     | 65687.1896 | 65680.2696 | 65676.7432 | 65680.4036 | 65680.3143 | 65683.2607 | 65673.9313 | 65677.8145 | 65674.2437 | 65675.1810 |  65686.0734 |  65680.3143 |  65677.4574 |  65674.1098 |  65674.1098 |  65677.9038 |  65687.1450 |  65680.2250 |  65686.0734 |  65679.2429 |  65683.9303 |  65680.0464 |  65687.1450 |  65684.3768 |  65678.1270 |  65681.9660 |  65682.8142 |  65673.5743 |  65686.0287 |  65682.9035 |  65683.2160 |  65684.8679 |  65686.1180 |  65684.4214 |  65685.4930 |  65676.8325 |  65683.2607 |  65679.6000 |  65674.5562 |  65674.0206 |  65685.5376 |  65677.7252 |  65674.8686 |  65677.9484 |  65683.4839 |  65684.0643 |  65682.8142 |  65680.1804 |  65687.0557 |  65687.1003 |  65683.0821 |  65683.2160 |  65684.0196 |  65682.7249 |  65687.1450 |  65687.1003 |  65683.9750 |  65679.9572 |  65679.8232 |  65679.7786 |  65684.8233 |  65683.8857 |  65684.3322 |  65686.4306 |  65680.0911 |  65687.1450 |  65683.0375 |  65683.7964 |  65682.5910 |  65680.2250 |  65683.8411 |  65682.1446 |  65682.6803 |  65683.1714 |  65682.1892 |  65682.6803 |  65687.1003 |  65683.7071 |  65683.0821 |  65682.0107 |  65683.1714 |  65680.2250 |  65681.4303 |  65687.0557 |  65681.4303 |  65681.4749 |  65683.0375 |  65687.0557 |  65682.8142 |  65687.2343 |  65682.7249 |  65680.5375 |  65684.4661 |  65684.4661 |  65680.3143 |  65680.0464 |
+----------------------+------------+------------+------------+------------+------------+------------+------------+------------+------------+------------+-------------+-------------+-------------+-------------+-------------+-------------+-------------+-------------+-------------+-------------+-------------+-------------+-------------+-------------+-------------+-------------+-------------+-------------+-------------+-------------+-------------+-------------+-------------+-------------+-------------+-------------+-------------+-------------+-------------+-------------+-------------+-------------+-------------+-------------+-------------+-------------+-------------+-------------+-------------+-------------+-------------+-------------+-------------+-------------+-------------+-------------+-------------+-------------+-------------+-------------+-------------+-------------+-------------+-------------+-------------+-------------+-------------+-------------+-------------+-------------+-------------+-------------+-------------+-------------+-------------+-------------+-------------+-------------+-------------+-------------+-------------+-------------+-------------+-------------+-------------+-------------+-------------+-------------+-------------+-------------+-------------+-------------+-------------+-------------+-------------+-------------+
+---------------------------+--------------+------------+------------+------------+
|           Metric          |      Sum     |     Min    |     Max    |     Avg    |
+---------------------------+--------------+------------+------------+------------+
|  Runtime (RDTSC) [s] STAT |     141.2436 |     1.4712 |     1.4715 |     1.4713 |
| Runtime unhalted [s] STAT |     163.7074 |     1.6952 |     1.7136 |     1.7053 |
|      Clock [MHz] STAT     |  266581.4403 |  2760.4903 |  2790.2988 |  2776.8900 |
|          CPI STAT         |      42.6802 |     0.4420 |     0.4466 |     0.4446 |
|     DP [MFLOP/s] STAT     | 6.305473e+06 | 65673.5743 | 65687.2343 | 65682.0141 |
+---------------------------+--------------+------------+------------+------------+
