--------------------------------------------------------------------------------
CPU name:	AMD EPYC 9654 96-Core Processor                
CPU type:	AMD K19 (Zen4) architecture
CPU clock:	2.40 GHz
--------------------------------------------------------------------------------
Region bench, Group 1: FLOPS_DP
+-------------------+------------+------------+------------+------------+------------+------------+------------+------------+------------+------------+-------------+-------------+-------------+-------------+-------------+-------------+-------------+-------------+-------------+-------------+-------------+-------------+-------------+-------------+-------------+-------------+-------------+-------------+-------------+-------------+-------------+-------------+-------------+-------------+-------------+-------------+-------------+-------------+-------------+-------------+-------------+-------------+-------------+-------------+-------------+-------------+-------------+-------------+-------------+-------------+-------------+-------------+-------------+-------------+-------------+-------------+-------------+-------------+-------------+-------------+-------------+-------------+-------------+-------------+-------------+-------------+-------------+-------------+-------------+-------------+-------------+-------------+-------------+-------------+-------------+-------------+-------------+-------------+-------------+-------------+-------------+-------------+-------------+-------------+-------------+-------------+-------------+-------------+-------------+-------------+-------------+-------------+-------------+-------------+-------------+-------------+
|    Region Info    | HWThread 0 | HWThread 1 | HWThread 2 | HWThread 3 | HWThread 4 | HWThread 5 | HWThread 6 | HWThread 7 | HWThread 8 | HWThread 9 | HWThread 10 | HWThread 11 | HWThread 12 | HWThread 13 | HWThread 14 | HWThread 15 | HWThread 16 | HWThread 17 | HWThread 18 | HWThread 19 | HWThread 20 | HWThread 21 | HWThread 22 | HWThread 23 | HWThread 24 | HWThread 25 | HWThread 26 | HWThread 27 | HWThread 28 | HWThread 29 | HWThread 30 | HWThread 31 | HWThread 32 | HWThread 33 | HWThread 34 | HWThread 35 | HWThread 36 | HWThread 37 | HWThread 38 | HWThread 39 | HWThread 40 | HWThread 41 | HWThread 42 | HWThread 43 | HWThread 44 | HWThread 45 | HWThread 46 | HWThread 47 | HWThread 48 | HWThread 49 | HWThread 50 | HWThread 51 | HWThread 52 | HWThread 53 | HWThread 54 | HWThread 55 | HWThread 56 | HWThread 57 | HWThread 58 | HWThread 59 | HWThread 60 | HWThread 61 | HWThread 62 | HWThread 63 | HWThread 64 | HWThread 65 | HWThread 66 | HWThread 67 | HWThread 68 | HWThread 69 | HWThread 70 | HWThread 71 | HWThread 72 | HWThread 73 | HWThread 74 | HWThread 75 | HWThread 76 | HWThread 77 | HWThread 78 | HWThread 79 | HWThread 80 | HWThread 81 | HWThread 82 | HWThread 83 | HWThread 84 | HWThread 85 | HWThread 86 | HWThread 87 | HWThread 88 | HWThread 89 | HWThread 90 | HWThread 91 | HWThread 92 | HWThread 93 | HWThread 94 | HWThread 95 |
+-------------------+------------+------------+------------+------------+------------+------------+------------+------------+------------+------------+-------------+-------------+-------------+-------------+-------------+-------------+-------------+-------------+-------------+-------------+-------------+-------------+-------------+-------------+-------------+-------------+-------------+-------------+-------------+-------------+-------------+-------------+-------------+-------------+-------------+-------------+-------------+-------------+-------------+-------------+-------------+-------------+-------------+-------------+-------------+-------------+-------------+-------------+-------------+-------------+-------------+-------------+-------------+-------------+-------------+-------------+-------------+-------------+-------------+-------------+-------------+-------------+-------------+-------------+-------------+-------------+-------------+-------------+-------------+-------------+-------------+-------------+-------------+-------------+-------------+-------------+-------------+-------------+-------------+-------------+-------------+-------------+-------------+-------------+-------------+-------------+-------------+-------------+-------------+-------------+-------------+-------------+-------------+-------------+-------------+-------------+
| RDTSC Runtime [s] |   1.382143 |   1.382225 |   1.382139 |   1.382190 |   1.382230 |   1.382226 |   1.382211 |   1.382219 |   1.382257 |   1.382260 |    1.382265 |    1.382257 |    1.382139 |    1.382282 |    1.382282 |    1.382143 |    1.382290 |    1.382140 |    1.382193 |    1.382219 |    1.382215 |    1.382196 |    1.382141 |    1.382194 |    1.382193 |    1.382228 |    1.382140 |    1.382195 |    1.382218 |    1.382140 |    1.382140 |    1.382217 |    1.382140 |    1.382214 |    1.382196 |    1.382140 |    1.382141 |    1.382141 |    1.382195 |    1.382140 |    1.382227 |    1.382196 |    1.382197 |    1.382132 |    1.382196 |    1.382197 |    1.382295 |    1.382246 |    1.382235 |    1.382297 |    1.382226 |    1.382296 |    1.382249 |    1.382330 |    1.382344 |    1.382336 |    1.382253 |    1.382221 |    1.382190 |    1.382259 |    1.382283 |    1.382244 |    1.382268 |    1.382242 |    1.382269 |    1.382261 |    1.382227 |    1.382251 |    1.382228 |    1.382228 |    1.382227 |    1.382330 |    1.382378 |    1.382249 |    1.382241 |    1.382334 |    1.382250 |    1.382334 |    1.382334 |    1.382250 |    1.382227 |    1.382225 |    1.382283 |    1.382228 |    1.382214 |    1.382272 |    1.382227 |    1.382271 |    1.382342 |    1.382342 |    1.382226 |    1.382429 |    1.382254 |    1.382197 |    1.382342 |    1.382326 |
|     call count    |          1 |          1 |          1 |          1 |          1 |          1 |          1 |          1 |          1 |          1 |           1 |           1 |           1 |           1 |           1 |           1 |           1 |           1 |           1 |           1 |           1 |           1 |           1 |           1 |           1 |           1 |           1 |           1 |           1 |           1 |           1 |           1 |           1 |           1 |           1 |           1 |           1 |           1 |           1 |           1 |           1 |           1 |           1 |           1 |           1 |           1 |           1 |           1 |           1 |           1 |           1 |           1 |           1 |           1 |           1 |           1 |           1 |           1 |           1 |           1 |           1 |           1 |           1 |           1 |           1 |           1 |           1 |           1 |           1 |           1 |           1 |           1 |           1 |           1 |           1 |           1 |           1 |           1 |           1 |           1 |           1 |           1 |           1 |           1 |           1 |           1 |           1 |           1 |           1 |           1 |           1 |           1 |           1 |           1 |           1 |           1 |
+-------------------+------------+------------+------------+------------+------------+------------+------------+------------+------------+------------+-------------+-------------+-------------+-------------+-------------+-------------+-------------+-------------+-------------+-------------+-------------+-------------+-------------+-------------+-------------+-------------+-------------+-------------+-------------+-------------+-------------+-------------+-------------+-------------+-------------+-------------+-------------+-------------+-------------+-------------+-------------+-------------+-------------+-------------+-------------+-------------+-------------+-------------+-------------+-------------+-------------+-------------+-------------+-------------+-------------+-------------+-------------+-------------+-------------+-------------+-------------+-------------+-------------+-------------+-------------+-------------+-------------+-------------+-------------+-------------+-------------+-------------+-------------+-------------+-------------+-------------+-------------+-------------+-------------+-------------+-------------+-------------+-------------+-------------+-------------+-------------+-------------+-------------+-------------+-------------+-------------+-------------+-------------+-------------+-------------+-------------+
+---------------------------+---------+-------------+-------------+-------------+-------------+-------------+-------------+-------------+-------------+-------------+-------------+-------------+-------------+-------------+-------------+-------------+-------------+-------------+-------------+-------------+-------------+-------------+-------------+-------------+-------------+-------------+-------------+-------------+-------------+-------------+-------------+-------------+-------------+-------------+-------------+-------------+-------------+-------------+-------------+-------------+-------------+-------------+-------------+-------------+-------------+-------------+-------------+-------------+-------------+-------------+-------------+-------------+-------------+-------------+-------------+-------------+-------------+-------------+-------------+-------------+-------------+-------------+-------------+-------------+-------------+-------------+-------------+-------------+-------------+-------------+-------------+-------------+-------------+-------------+-------------+-------------+-------------+-------------+-------------+-------------+-------------+-------------+-------------+-------------+-------------+-------------+-------------+-------------+-------------+-------------+-------------+-------------+-------------+-------------+-------------+-------------+-------------+
|           Event           | Counter |  HWThread 0 |  HWThread 1 |  HWThread 2 |  HWThread 3 |  HWThread 4 |  HWThread 5 |  HWThread 6 |  HWThread 7 |  HWThread 8 |  HWThread 9 | HWThread 10 | HWThread 11 | HWThread 12 | HWThread 13 | HWThread 14 | HWThread 15 | HWThread 16 | HWThread 17 | HWThread 18 | HWThread 19 | HWThread 20 | HWThread 21 | HWThread 22 | HWThread 23 | HWThread 24 | HWThread 25 | HWThread 26 | HWThread 27 | HWThread 28 | HWThread 29 | HWThread 30 | HWThread 31 | HWThread 32 | HWThread 33 | HWThread 34 | HWThread 35 | HWThread 36 | HWThread 37 | HWThread 38 | HWThread 39 | HWThread 40 | HWThread 41 | HWThread 42 | HWThread 43 | HWThread 44 | HWThread 45 | HWThread 46 | HWThread 47 | HWThread 48 | HWThread 49 | HWThread 50 | HWThread 51 | HWThread 52 | HWThread 53 | HWThread 54 | HWThread 55 | HWThread 56 | HWThread 57 | HWThread 58 | HWThread 59 | HWThread 60 | HWThread 61 | HWThread 62 | HWThread 63 | HWThread 64 | HWThread 65 | HWThread 66 | HWThread 67 | HWThread 68 | HWThread 69 | HWThread 70 | HWThread 71 | HWThread 72 | HWThread 73 | HWThread 74 | HWThread 75 | HWThread 76 | HWThread 77 | HWThread 78 | HWThread 79 | HWThread 80 | HWThread 81 | HWThread 82 | HWThread 83 | HWThread 84 | HWThread 85 | HWThread 86 | HWThread 87 | HWThread 88 | HWThread 89 | HWThread 90 | HWThread 91 | HWThread 92 | HWThread 93 | HWThread 94 | HWThread 95 |
+---------------------------+---------+-------------+-------------+-------------+-------------+-------------+-------------+-------------+-------------+-------------+-------------+-------------+-------------+-------------+-------------+-------------+-------------+-------------+-------------+-------------+-------------+-------------+-------------+-------------+-------------+-------------+-------------+-------------+-------------+-------------+-------------+-------------+-------------+-------------+-------------+-------------+-------------+-------------+-------------+-------------+-------------+-------------+-------------+-------------+-------------+-------------+-------------+-------------+-------------+-------------+-------------+-------------+-------------+-------------+-------------+-------------+-------------+-------------+-------------+-------------+-------------+-------------+-------------+-------------+-------------+-------------+-------------+-------------+-------------+-------------+-------------+-------------+-------------+-------------+-------------+-------------+-------------+-------------+-------------+-------------+-------------+-------------+-------------+-------------+-------------+-------------+-------------+-------------+-------------+-------------+-------------+-------------+-------------+-------------+-------------+-------------+-------------+
|      ACTUAL_CPU_CLOCK     |  FIXC1  |  4063457000 |  4063958000 |  4062950000 |  4063544000 |  4063824000 |  4063960000 |  4063104000 |  4063986000 |  4064356000 |  4064385000 |  4063986000 |  4064199000 |  4063940000 |  4064246000 |  4064539000 |  4063951000 |  4064012000 |  4063487000 |  4062839000 |  4063538000 |  4063674000 |  4063781000 |  4063459000 |  4063427000 |  4063337000 |  4063710000 |  4063335000 |  4063426000 |  4063771000 |  4063596000 |  4063381000 |  4063528000 |  4062700000 |  4063467000 |  4063376000 |  4062477000 |  4063463000 |  4063236000 |  4063371000 |  4062501000 |  4063690000 |  4063758000 |  4063927000 |  4063904000 |  4063936000 |  4063880000 |  4063750000 |  4063704000 |  4064248000 |  4064196000 |  4064214000 |  4064335000 |  4064186000 |  4064641000 |  4064648000 |  4064607000 |  4063677000 |  4063497000 |  4063509000 |  4063621000 |  4063499000 |  4063510000 |  4063524000 |  4063498000 |  4063714000 |  4063708000 |  4063709000 |  4063923000 |  4063768000 |  4063726000 |  4063678000 |  4064158000 |  4064450000 |  4064457000 |  4064429000 |  4064459000 |  4064439000 |  4064799000 |  4065053000 |  4064380000 |  4063835000 |  4063817000 |  4063817000 |  4063878000 |  4063809000 |  4063814000 |  4063794000 |  4063820000 |  4064811000 |  4064443000 |  4064407000 |  4064870000 |  4064429000 |  4064395000 |  4064464000 |  4064737000 |
|       MAX_CPU_CLOCK       |  FIXC2  |  3313362000 |  3313820000 |  3313649000 |  3313601000 |  3313806000 |  3313823000 |  3313381000 |  3314056000 |  3313664000 |  3313675000 |  3313447000 |  3313804000 |  3313278000 |  3313503000 |  3314105000 |  3313589000 |  3314060000 |  3313903000 |  3313546000 |  3313939000 |  3313849000 |  3313850000 |  3313905000 |  3313910000 |  3313382000 |  3313845000 |  3313382000 |  3313649000 |  3313873000 |  3313611000 |  3313609000 |  3313874000 |  3313591000 |  3314093000 |  3313886000 |  3313659000 |  3313901000 |  3313881000 |  3313886000 |  3313666000 |  3313782000 |  3313872000 |  3313843000 |  3313816000 |  3313835000 |  3313801000 |  3314184000 |  3314154000 |  3314261000 |  3314237000 |  3314275000 |  3314159000 |  3314236000 |  3314347000 |  3314344000 |  3314331000 |  3314079000 |  3314034000 |  3313968000 |  3314081000 |  3314033000 |  3314039000 |  3314156000 |  3314028000 |  3314123000 |  3314065000 |  3314160000 |  3314339000 |  3314204000 |  3314160000 |  3314069000 |  3314292000 |  3314276000 |  3314263000 |  3314241000 |  3314295000 |  3314249000 |  3314301000 |  3314445000 |  3314115000 |  3314105000 |  3314101000 |  3314108000 |  3314113000 |  3314075000 |  3314110000 |  3314063000 |  3314097000 |  3314292000 |  3314278000 |  3314201000 |  3314351000 |  3314243000 |  3314201000 |  3314276000 |  3314285000 |
|    RETIRED_INSTRUCTIONS   |   PMC0  |  5103607000 |  5104024000 |  5103997000 |  5104008000 |  5104021000 |  5104046000 |  5104001000 |  5104019000 |  5104156000 |  5104084000 |  5104173000 |  5104189000 |  5104091000 |  5104197000 |  5104102000 |  5104063000 |  5104084000 |  5104040000 |  5104091000 |  5104069000 |  5104060000 |  5103964000 |  5103988000 |  5104098000 |  5104286000 |  5104330000 |  5103626000 |  5104314000 |  5104323000 |  5104230000 |  5104287000 |  5104293000 |  5103719000 |  5103907000 |  5103922000 |  5103865000 |  5103841000 |  5103880000 |  5103898000 |  5103845000 |  5103940000 |  5103929000 |  5103878000 |  5103852000 |  5103760000 |  5103784000 |  5103726000 |  5103652000 |  5104131000 |  5104227000 |  5104169000 |  5104231000 |  5104165000 |  5104242000 |  5104088000 |  5104179000 |  5103995000 |  5103933000 |  5103982000 |  5103988000 |  5103991000 |  5103955000 |  5103967000 |  5103942000 |  5104024000 |  5104025000 |  5103980000 |  5104005000 |  5103663000 |  5103867000 |  5103695000 |  5103895000 |  5103873000 |  5103887000 |  5103907000 |  5103864000 |  5103959000 |  5104040000 |  5103975000 |  5103956000 |  5104120000 |  5103832000 |  5104143000 |  5104100000 |  5104060000 |  5104159000 |  5104039000 |  5104100000 |  5104045000 |  5104038000 |  5104007000 |  5103966000 |  5103882000 |  5103265000 |  5101921000 |  5102552000 |
|    CPU_CLOCKS_UNHALTED    |   PMC1  |  4037125000 |  4039552000 |  4039369000 |  4039441000 |  4039607000 |  4039646000 |  4039460000 |  4039510000 |  4040260000 |  4039816000 |  4040309000 |  4040399000 |  4039841000 |  4040422000 |  4039922000 |  4039663000 |  4039883000 |  4039604000 |  4039869000 |  4039791000 |  4039755000 |  4039177000 |  4039429000 |  4039948000 |  4041032000 |  4041210000 |  4037415000 |  4041159000 |  4041264000 |  4040800000 |  4040962000 |  4041040000 |  4038472000 |  4038813000 |  4038914000 |  4038669000 |  4038539000 |  4038743000 |  4038815000 |  4038575000 |  4039092000 |  4039043000 |  4038786000 |  4038541000 |  4038758000 |  4038865000 |  4038927000 |  4038254000 |  4040285000 |  4040645000 |  4040382000 |  4040675000 |  4040400000 |  4040766000 |  4039946000 |  4040477000 |  4039566000 |  4039232000 |  4039331000 |  4039453000 |  4039449000 |  4039304000 |  4039350000 |  4039186000 |  4039619000 |  4039567000 |  4039360000 |  4039477000 |  4038437000 |  4039489000 |  4038560000 |  4039594000 |  4038823000 |  4038996000 |  4039310000 |  4038952000 |  4039272000 |  4039686000 |  4039341000 |  4039237000 |  4040155000 |  4039218000 |  4040240000 |  4040008000 |  4039870000 |  4040326000 |  4039686000 |  4040006000 |  4039743000 |  4039640000 |  4039620000 |  4039249000 |  4039549000 |  4038866000 |  4038847000 |  4039090000 |
| RETIRED_SSE_AVX_FLOPS_ALL |   PMC2  | 64424510000 | 64424510000 | 64424510000 | 64424510000 | 64424510000 | 64424510000 | 64424510000 | 64424510000 | 64424510000 | 64424510000 | 64424510000 | 64424510000 | 64424510000 | 64424510000 | 64424510000 | 64424510000 | 64424510000 | 64424510000 | 64424510000 | 64424510000 | 64424510000 | 64424510000 | 64424510000 | 64424510000 | 64424510000 | 64424510000 | 64424510000 | 64424510000 | 64424510000 | 64424510000 | 64424510000 | 64424510000 | 64424510000 | 64424510000 | 64424510000 | 64424510000 | 64424510000 | 64424510000 | 64424510000 | 64424510000 | 64424510000 | 64424510000 | 64424510000 | 64424510000 | 64424510000 | 64424510000 | 64424510000 | 64424510000 | 64424510000 | 64424510000 | 64424510000 | 64424510000 | 64424510000 | 64424510000 | 64424510000 | 64424510000 | 64424510000 | 64424510000 | 64424510000 | 64424510000 | 64424510000 | 64424510000 | 64424510000 | 64424510000 | 64424510000 | 64424510000 | 64424510000 | 64424510000 | 64424510000 | 64424510000 | 64424510000 | 64424510000 | 64424510000 | 64424510000 | 64424510000 | 64424510000 | 64424510000 | 64424510000 | 64424510000 | 64424510000 | 64424510000 | 64424510000 | 64424510000 | 64424510000 | 64424510000 | 64424510000 | 64424510000 | 64424510000 | 64424510000 | 64424510000 | 64424510000 | 64424510000 | 64424510000 | 64424510000 | 64424510000 | 64424510000 |
|           MERGE           |   PMC3  |           0 |           0 |           0 |           0 |           0 |           0 |           0 |           0 |           0 |           0 |           0 |           0 |           0 |           0 |           0 |           0 |           0 |           0 |           0 |           0 |           0 |           0 |           0 |           0 |           0 |           0 |           0 |           0 |           0 |           0 |           0 |           0 |           0 |           0 |           0 |           0 |           0 |           0 |           0 |           0 |           0 |           0 |           0 |           0 |           0 |           0 |           0 |           0 |           0 |           0 |           0 |           0 |           0 |           0 |           0 |           0 |           0 |           0 |           0 |           0 |           0 |           0 |           0 |           0 |           0 |           0 |           0 |           0 |           0 |           0 |           0 |           0 |           0 |           0 |           0 |           0 |           0 |           0 |           0 |           0 |           0 |           0 |           0 |           0 |           0 |           0 |           0 |           0 |           0 |           0 |           0 |           0 |           0 |           0 |           0 |           0 |
+---------------------------+---------+-------------+-------------+-------------+-------------+-------------+-------------+-------------+-------------+-------------+-------------+-------------+-------------+-------------+-------------+-------------+-------------+-------------+-------------+-------------+-------------+-------------+-------------+-------------+-------------+-------------+-------------+-------------+-------------+-------------+-------------+-------------+-------------+-------------+-------------+-------------+-------------+-------------+-------------+-------------+-------------+-------------+-------------+-------------+-------------+-------------+-------------+-------------+-------------+-------------+-------------+-------------+-------------+-------------+-------------+-------------+-------------+-------------+-------------+-------------+-------------+-------------+-------------+-------------+-------------+-------------+-------------+-------------+-------------+-------------+-------------+-------------+-------------+-------------+-------------+-------------+-------------+-------------+-------------+-------------+-------------+-------------+-------------+-------------+-------------+-------------+-------------+-------------+-------------+-------------+-------------+-------------+-------------+-------------+-------------+-------------+-------------+
+--------------------------------+---------+---------------+-------------+-------------+--------------+
|              Event             | Counter |      Sum      |     Min     |     Max     |      Avg     |
+--------------------------------+---------+---------------+-------------+-------------+--------------+
|      ACTUAL_CPU_CLOCK STAT     |  FIXC1  |  390131226000 |  4062477000 |  4065053000 | 4.063867e+09 |
|       MAX_CPU_CLOCK STAT       |  FIXC2  |  318141704000 |  3313278000 |  3314445000 | 3.313976e+09 |
|    RETIRED_INSTRUCTIONS STAT   |   PMC0  |  489980288000 |  5101921000 |  5104330000 | 5.103961e+09 |
|    CPU_CLOCKS_UNHALTED STAT    |   PMC1  |  387796766000 |  4037125000 |  4041264000 | 4.039550e+09 |
| RETIRED_SSE_AVX_FLOPS_ALL STAT |   PMC2  | 6184752960000 | 64424510000 | 64424510000 |  64424510000 |
|           MERGE STAT           |   PMC3  |             0 |           0 |           0 |            0 |
+--------------------------------+---------+---------------+-------------+-------------+--------------+
+----------------------+------------+------------+------------+------------+------------+------------+------------+------------+------------+------------+-------------+-------------+-------------+-------------+-------------+-------------+-------------+-------------+-------------+-------------+-------------+-------------+-------------+-------------+-------------+-------------+-------------+-------------+-------------+-------------+-------------+-------------+-------------+-------------+-------------+-------------+-------------+-------------+-------------+-------------+-------------+-------------+-------------+-------------+-------------+-------------+-------------+-------------+-------------+-------------+-------------+-------------+-------------+-------------+-------------+-------------+-------------+-------------+-------------+-------------+-------------+-------------+-------------+-------------+-------------+-------------+-------------+-------------+-------------+-------------+-------------+-------------+-------------+-------------+-------------+-------------+-------------+-------------+-------------+-------------+-------------+-------------+-------------+-------------+-------------+-------------+-------------+-------------+-------------+-------------+-------------+-------------+-------------+-------------+-------------+-------------+
|        Metric        | HWThread 0 | HWThread 1 | HWThread 2 | HWThread 3 | HWThread 4 | HWThread 5 | HWThread 6 | HWThread 7 | HWThread 8 | HWThread 9 | HWThread 10 | HWThread 11 | HWThread 12 | HWThread 13 | HWThread 14 | HWThread 15 | HWThread 16 | HWThread 17 | HWThread 18 | HWThread 19 | HWThread 20 | HWThread 21 | HWThread 22 | HWThread 23 | HWThread 24 | HWThread 25 | HWThread 26 | HWThread 27 | HWThread 28 | HWThread 29 | HWThread 30 | HWThread 31 | HWThread 32 | HWThread 33 | HWThread 34 | HWThread 35 | HWThread 36 | HWThread 37 | HWThread 38 | HWThread 39 | HWThread 40 | HWThread 41 | HWThread 42 | HWThread 43 | HWThread 44 | HWThread 45 | HWThread 46 | HWThread 47 | HWThread 48 | HWThread 49 | HWThread 50 | HWThread 51 | HWThread 52 | HWThread 53 | HWThread 54 | HWThread 55 | HWThread 56 | HWThread 57 | HWThread 58 | HWThread 59 | HWThread 60 | HWThread 61 | HWThread 62 | HWThread 63 | HWThread 64 | HWThread 65 | HWThread 66 | HWThread 67 | HWThread 68 | HWThread 69 | HWThread 70 | HWThread 71 | HWThread 72 | HWThread 73 | HWThread 74 | HWThread 75 | HWThread 76 | HWThread 77 | HWThread 78 | HWThread 79 | HWThread 80 | HWThread 81 | HWThread 82 | HWThread 83 | HWThread 84 | HWThread 85 | HWThread 86 | HWThread 87 | HWThread 88 | HWThread 89 | HWThread 90 | HWThread 91 | HWThread 92 | HWThread 93 | HWThread 94 | HWThread 95 |
+----------------------+------------+------------+------------+------------+------------+------------+------------+------------+------------+------------+-------------+-------------+-------------+-------------+-------------+-------------+-------------+-------------+-------------+-------------+-------------+-------------+-------------+-------------+-------------+-------------+-------------+-------------+-------------+-------------+-------------+-------------+-------------+-------------+-------------+-------------+-------------+-------------+-------------+-------------+-------------+-------------+-------------+-------------+-------------+-------------+-------------+-------------+-------------+-------------+-------------+-------------+-------------+-------------+-------------+-------------+-------------+-------------+-------------+-------------+-------------+-------------+-------------+-------------+-------------+-------------+-------------+-------------+-------------+-------------+-------------+-------------+-------------+-------------+-------------+-------------+-------------+-------------+-------------+-------------+-------------+-------------+-------------+-------------+-------------+-------------+-------------+-------------+-------------+-------------+-------------+-------------+-------------+-------------+-------------+-------------+
|  Runtime (RDTSC) [s] |     1.3821 |     1.3822 |     1.3821 |     1.3822 |     1.3822 |     1.3822 |     1.3822 |     1.3822 |     1.3823 |     1.3823 |      1.3823 |      1.3823 |      1.3821 |      1.3823 |      1.3823 |      1.3821 |      1.3823 |      1.3821 |      1.3822 |      1.3822 |      1.3822 |      1.3822 |      1.3821 |      1.3822 |      1.3822 |      1.3822 |      1.3821 |      1.3822 |      1.3822 |      1.3821 |      1.3821 |      1.3822 |      1.3821 |      1.3822 |      1.3822 |      1.3821 |      1.3821 |      1.3821 |      1.3822 |      1.3821 |      1.3822 |      1.3822 |      1.3822 |      1.3821 |      1.3822 |      1.3822 |      1.3823 |      1.3822 |      1.3822 |      1.3823 |      1.3822 |      1.3823 |      1.3822 |      1.3823 |      1.3823 |      1.3823 |      1.3823 |      1.3822 |      1.3822 |      1.3823 |      1.3823 |      1.3822 |      1.3823 |      1.3822 |      1.3823 |      1.3823 |      1.3822 |      1.3823 |      1.3822 |      1.3822 |      1.3822 |      1.3823 |      1.3824 |      1.3822 |      1.3822 |      1.3823 |      1.3822 |      1.3823 |      1.3823 |      1.3822 |      1.3822 |      1.3822 |      1.3823 |      1.3822 |      1.3822 |      1.3823 |      1.3822 |      1.3823 |      1.3823 |      1.3823 |      1.3822 |      1.3824 |      1.3823 |      1.3822 |      1.3823 |      1.3823 |
| Runtime unhalted [s] |     1.6957 |     1.6959 |     1.6955 |     1.6957 |     1.6958 |     1.6959 |     1.6955 |     1.6959 |     1.6960 |     1.6961 |      1.6959 |      1.6960 |      1.6959 |      1.6960 |      1.6961 |      1.6959 |      1.6959 |      1.6957 |      1.6954 |      1.6957 |      1.6958 |      1.6958 |      1.6957 |      1.6957 |      1.6956 |      1.6958 |      1.6956 |      1.6957 |      1.6958 |      1.6957 |      1.6956 |      1.6957 |      1.6954 |      1.6957 |      1.6956 |      1.6953 |      1.6957 |      1.6956 |      1.6956 |      1.6953 |      1.6958 |      1.6958 |      1.6959 |      1.6959 |      1.6959 |      1.6958 |      1.6958 |      1.6958 |      1.6960 |      1.6960 |      1.6960 |      1.6960 |      1.6960 |      1.6962 |      1.6962 |      1.6961 |      1.6958 |      1.6957 |      1.6957 |      1.6957 |      1.6957 |      1.6957 |      1.6957 |      1.6957 |      1.6958 |      1.6958 |      1.6958 |      1.6959 |      1.6958 |      1.6958 |      1.6958 |      1.6960 |      1.6961 |      1.6961 |      1.6961 |      1.6961 |      1.6961 |      1.6962 |      1.6963 |      1.6961 |      1.6958 |      1.6958 |      1.6958 |      1.6958 |      1.6958 |      1.6958 |      1.6958 |      1.6958 |      1.6962 |      1.6961 |      1.6961 |      1.6963 |      1.6961 |      1.6961 |      1.6961 |      1.6962 |
|      Clock [MHz]     |  2938.8768 |  2938.8330 |  2938.2556 |  2938.7278 |  2938.7485 |  2938.8317 |  2938.6047 |  2938.6439 |  2939.2591 |  2939.2704 |   2939.1840 |   2939.0214 |   2939.3007 |   2939.3224 |   2939.0003 |   2939.0328 |   2938.6592 |   2938.4188 |   2938.2667 |   2938.4237 |   2938.6019 |   2938.6784 |   2938.3967 |   2938.3692 |   2938.7723 |   2938.6314 |   2938.7709 |   2938.5999 |   2938.6507 |   2938.7565 |   2938.6028 |   2938.4741 |   2938.1263 |   2938.2358 |   2938.3536 |   2937.9047 |   2938.4032 |   2938.2568 |   2938.3499 |   2937.9159 |   2938.6729 |   2938.6422 |   2938.7901 |   2938.7975 |   2938.8037 |   2938.7934 |   2938.3598 |   2938.3531 |   2938.6516 |   2938.6353 |   2938.6146 |   2938.8049 |   2938.6289 |   2938.8595 |   2938.8672 |   2938.8491 |   2938.4001 |   2938.3098 |   2938.3770 |   2938.3578 |   2938.3122 |   2938.3148 |   2938.2212 |   2938.3159 |   2938.3878 |   2938.4349 |   2938.3514 |   2938.3475 |   2938.3551 |   2938.3637 |   2938.4097 |   2938.5590 |   2938.7844 |   2938.8009 |   2938.8002 |   2938.7740 |   2938.8003 |   2939.0145 |   2939.0705 |   2938.8765 |   2938.4913 |   2938.4818 |   2938.4756 |   2938.5153 |   2938.4991 |   2938.4717 |   2938.4989 |   2938.4875 |   2939.0312 |   2938.7775 |   2938.8198 |   2939.0215 |   2938.7984 |   2938.8111 |   2938.7945 |   2938.9839 |
|          CPI         |     0.7910 |     0.7914 |     0.7914 |     0.7914 |     0.7915 |     0.7915 |     0.7914 |     0.7914 |     0.7916 |     0.7915 |      0.7916 |      0.7916 |      0.7915 |      0.7916 |      0.7915 |      0.7915 |      0.7915 |      0.7915 |      0.7915 |      0.7915 |      0.7915 |      0.7914 |      0.7914 |      0.7915 |      0.7917 |      0.7917 |      0.7911 |      0.7917 |      0.7917 |      0.7917 |      0.7917 |      0.7917 |      0.7913 |      0.7913 |      0.7913 |      0.7913 |      0.7913 |      0.7913 |      0.7913 |      0.7913 |      0.7914 |      0.7914 |      0.7913 |      0.7913 |      0.7913 |      0.7913 |      0.7914 |      0.7912 |      0.7916 |      0.7916 |      0.7916 |      0.7916 |      0.7916 |      0.7916 |      0.7915 |      0.7916 |      0.7915 |      0.7914 |      0.7914 |      0.7914 |      0.7914 |      0.7914 |      0.7914 |      0.7914 |      0.7915 |      0.7914 |      0.7914 |      0.7914 |      0.7913 |      0.7915 |      0.7913 |      0.7915 |      0.7913 |      0.7914 |      0.7914 |      0.7914 |      0.7914 |      0.7915 |      0.7914 |      0.7914 |      0.7915 |      0.7914 |      0.7916 |      0.7915 |      0.7915 |      0.7916 |      0.7915 |      0.7915 |      0.7915 |      0.7915 |      0.7915 |      0.7914 |      0.7915 |      0.7914 |      0.7916 |      0.7916 |
|     DP [MFLOP/s]     | 46612.0438 | 46609.2785 | 46612.1787 | 46610.4588 | 46609.1099 | 46609.2448 | 46609.7506 | 46609.4808 | 46608.1995 | 46608.0983 |  46607.9297 |  46608.1995 |  46612.1787 |  46607.3565 |  46607.3565 |  46612.0438 |  46607.0868 |  46612.1449 |  46610.3576 |  46609.4808 |  46609.6157 |  46610.2564 |  46612.1112 |  46610.3239 |  46610.3576 |  46609.1774 |  46612.1449 |  46610.2902 |  46609.5146 |  46612.1449 |  46612.1449 |  46609.5483 |  46612.1449 |  46609.6494 |  46610.2564 |  46612.1449 |  46612.1112 |  46612.1112 |  46610.2902 |  46612.1449 |  46609.2111 |  46610.2564 |  46610.2227 |  46612.4147 |  46610.2564 |  46610.2227 |  46606.9182 |  46608.5704 |  46608.9413 |  46606.8508 |  46609.2448 |  46606.8845 |  46608.4692 |  46605.7381 |  46605.2661 |  46605.5358 |  46608.3344 |  46609.4134 |  46610.4588 |  46608.1321 |  46607.3228 |  46608.6378 |  46607.8286 |  46608.7053 |  46607.7949 |  46608.0646 |  46609.2111 |  46608.4018 |  46609.1774 |  46609.1774 |  46609.2111 |  46605.7381 |  46604.1199 |  46608.4692 |  46608.7390 |  46605.6033 |  46608.4355 |  46605.6033 |  46605.6033 |  46608.4355 |  46609.2111 |  46609.2785 |  46607.3228 |  46609.1774 |  46609.6494 |  46607.6937 |  46609.2111 |  46607.7274 |  46605.3336 |  46605.3336 |  46609.2448 |  46602.4006 |  46608.3006 |  46610.2227 |  46605.3336 |  46605.8730 |
+----------------------+------------+------------+------------+------------+------------+------------+------------+------------+------------+------------+-------------+-------------+-------------+-------------+-------------+-------------+-------------+-------------+-------------+-------------+-------------+-------------+-------------+-------------+-------------+-------------+-------------+-------------+-------------+-------------+-------------+-------------+-------------+-------------+-------------+-------------+-------------+-------------+-------------+-------------+-------------+-------------+-------------+-------------+-------------+-------------+-------------+-------------+-------------+-------------+-------------+-------------+-------------+-------------+-------------+-------------+-------------+-------------+-------------+-------------+-------------+-------------+-------------+-------------+-------------+-------------+-------------+-------------+-------------+-------------+-------------+-------------+-------------+-------------+-------------+-------------+-------------+-------------+-------------+-------------+-------------+-------------+-------------+-------------+-------------+-------------+-------------+-------------+-------------+-------------+-------------+-------------+-------------+-------------+-------------+-------------+
+---------------------------+--------------+------------+------------+------------+
|           Metric          |      Sum     |     Min    |     Max    |     Avg    |
+---------------------------+--------------+------------+------------+------------+
|  Runtime (RDTSC) [s] STAT |     132.6933 |     1.3821 |     1.3824 |     1.3822 |
| Runtime unhalted [s] STAT |     162.8015 |     1.6953 |     1.6963 |     1.6958 |
|      Clock [MHz] STAT     |  282108.3546 |  2937.9047 |  2939.3224 |  2938.6287 |
|          CPI STAT         |      75.9798 |     0.7910 |     0.7917 |     0.7915 |
|     DP [MFLOP/s] STAT     | 4.474457e+06 | 46602.4006 | 46612.4147 | 46608.9312 |
+---------------------------+--------------+------------+------------+------------+
