--------------------------------------------------------------------------------
CPU name:	AMD EPYC 9654 96-Core Processor                
CPU type:	AMD K19 (Zen4) architecture
CPU clock:	2.40 GHz
--------------------------------------------------------------------------------
Region bench, Group 1: FLOPS_DP
+-------------------+------------+------------+------------+------------+------------+------------+------------+------------+------------+------------+-------------+-------------+-------------+-------------+-------------+-------------+-------------+-------------+-------------+-------------+-------------+-------------+-------------+-------------+-------------+-------------+-------------+-------------+-------------+-------------+-------------+-------------+-------------+-------------+-------------+-------------+-------------+-------------+-------------+-------------+-------------+-------------+-------------+-------------+-------------+-------------+-------------+-------------+-------------+-------------+-------------+-------------+-------------+-------------+-------------+-------------+-------------+-------------+-------------+-------------+-------------+-------------+-------------+-------------+-------------+-------------+-------------+-------------+-------------+-------------+-------------+-------------+-------------+-------------+-------------+-------------+-------------+-------------+-------------+-------------+-------------+-------------+-------------+-------------+-------------+-------------+-------------+-------------+-------------+-------------+-------------+-------------+-------------+-------------+-------------+-------------+
|    Region Info    | HWThread 0 | HWThread 1 | HWThread 2 | HWThread 3 | HWThread 4 | HWThread 5 | HWThread 6 | HWThread 7 | HWThread 8 | HWThread 9 | HWThread 10 | HWThread 11 | HWThread 12 | HWThread 13 | HWThread 14 | HWThread 15 | HWThread 16 | HWThread 17 | HWThread 18 | HWThread 19 | HWThread 20 | HWThread 21 | HWThread 22 | HWThread 23 | HWThread 24 | HWThread 25 | HWThread 26 | HWThread 27 | HWThread 28 | HWThread 29 | HWThread 30 | HWThread 31 | HWThread 32 | HWThread 33 | HWThread 34 | HWThread 35 | HWThread 36 | HWThread 37 | HWThread 38 | HWThread 39 | HWThread 40 | HWThread 41 | HWThread 42 | HWThread 43 | HWThread 44 | HWThread 45 | HWThread 46 | HWThread 47 | HWThread 48 | HWThread 49 | HWThread 50 | HWThread 51 | HWThread 52 | HWThread 53 | HWThread 54 | HWThread 55 | HWThread 56 | HWThread 57 | HWThread 58 | HWThread 59 | HWThread 60 | HWThread 61 | HWThread 62 | HWThread 63 | HWThread 64 | HWThread 65 | HWThread 66 | HWThread 67 | HWThread 68 | HWThread 69 | HWThread 70 | HWThread 71 | HWThread 72 | HWThread 73 | HWThread 74 | HWThread 75 | HWThread 76 | HWThread 77 | HWThread 78 | HWThread 79 | HWThread 80 | HWThread 81 | HWThread 82 | HWThread 83 | HWThread 84 | HWThread 85 | HWThread 86 | HWThread 87 | HWThread 88 | HWThread 89 | HWThread 90 | HWThread 91 | HWThread 92 | HWThread 93 | HWThread 94 | HWThread 95 |
+-------------------+------------+------------+------------+------------+------------+------------+------------+------------+------------+------------+-------------+-------------+-------------+-------------+-------------+-------------+-------------+-------------+-------------+-------------+-------------+-------------+-------------+-------------+-------------+-------------+-------------+-------------+-------------+-------------+-------------+-------------+-------------+-------------+-------------+-------------+-------------+-------------+-------------+-------------+-------------+-------------+-------------+-------------+-------------+-------------+-------------+-------------+-------------+-------------+-------------+-------------+-------------+-------------+-------------+-------------+-------------+-------------+-------------+-------------+-------------+-------------+-------------+-------------+-------------+-------------+-------------+-------------+-------------+-------------+-------------+-------------+-------------+-------------+-------------+-------------+-------------+-------------+-------------+-------------+-------------+-------------+-------------+-------------+-------------+-------------+-------------+-------------+-------------+-------------+-------------+-------------+-------------+-------------+-------------+-------------+
| RDTSC Runtime [s] |   1.384740 |   1.384564 |   1.384564 |   1.384569 |   1.384630 |   1.384713 |   1.384613 |   1.384712 |   1.384663 |   1.384614 |    1.384615 |    1.384663 |    1.384653 |    1.384617 |    1.384617 |    1.384562 |    1.384634 |    1.384560 |    1.384670 |    1.384564 |    1.384615 |    1.384821 |    1.384611 |    1.384671 |    1.384632 |    1.384550 |    1.384593 |    1.384633 |    1.384633 |    1.384632 |    1.384589 |    1.384556 |    1.384617 |    1.384561 |    1.384617 |    1.384617 |    1.384622 |    1.384559 |    1.384726 |    1.384557 |    1.384751 |    1.384619 |    1.384560 |    1.384726 |    1.384621 |    1.384598 |    1.384620 |    1.384725 |    1.384592 |    1.384622 |    1.384710 |    1.384633 |    1.384754 |    1.384635 |    1.384596 |    1.384813 |    1.384709 |    1.384634 |    1.384614 |    1.384551 |    1.384711 |    1.384552 |    1.384614 |    1.384593 |    1.384661 |    1.384662 |    1.384662 |    1.384559 |    1.384559 |    1.384609 |    1.384660 |    1.384595 |    1.384657 |    1.384710 |    1.384920 |    1.384897 |    1.384613 |    1.384975 |    1.384929 |    1.384752 |    1.384621 |    1.384558 |    1.384708 |    1.384558 |    1.384558 |    1.384743 |    1.384562 |    1.384668 |    1.384930 |    1.384661 |    1.384929 |    1.384929 |    1.384621 |    1.384562 |    1.384596 |    1.384559 |
|     call count    |          1 |          1 |          1 |          1 |          1 |          1 |          1 |          1 |          1 |          1 |           1 |           1 |           1 |           1 |           1 |           1 |           1 |           1 |           1 |           1 |           1 |           1 |           1 |           1 |           1 |           1 |           1 |           1 |           1 |           1 |           1 |           1 |           1 |           1 |           1 |           1 |           1 |           1 |           1 |           1 |           1 |           1 |           1 |           1 |           1 |           1 |           1 |           1 |           1 |           1 |           1 |           1 |           1 |           1 |           1 |           1 |           1 |           1 |           1 |           1 |           1 |           1 |           1 |           1 |           1 |           1 |           1 |           1 |           1 |           1 |           1 |           1 |           1 |           1 |           1 |           1 |           1 |           1 |           1 |           1 |           1 |           1 |           1 |           1 |           1 |           1 |           1 |           1 |           1 |           1 |           1 |           1 |           1 |           1 |           1 |           1 |
+-------------------+------------+------------+------------+------------+------------+------------+------------+------------+------------+------------+-------------+-------------+-------------+-------------+-------------+-------------+-------------+-------------+-------------+-------------+-------------+-------------+-------------+-------------+-------------+-------------+-------------+-------------+-------------+-------------+-------------+-------------+-------------+-------------+-------------+-------------+-------------+-------------+-------------+-------------+-------------+-------------+-------------+-------------+-------------+-------------+-------------+-------------+-------------+-------------+-------------+-------------+-------------+-------------+-------------+-------------+-------------+-------------+-------------+-------------+-------------+-------------+-------------+-------------+-------------+-------------+-------------+-------------+-------------+-------------+-------------+-------------+-------------+-------------+-------------+-------------+-------------+-------------+-------------+-------------+-------------+-------------+-------------+-------------+-------------+-------------+-------------+-------------+-------------+-------------+-------------+-------------+-------------+-------------+-------------+-------------+
+---------------------------+---------+-------------+-------------+-------------+-------------+-------------+-------------+-------------+-------------+-------------+-------------+-------------+-------------+-------------+-------------+-------------+-------------+-------------+-------------+-------------+-------------+-------------+-------------+-------------+-------------+-------------+-------------+-------------+-------------+-------------+-------------+-------------+-------------+-------------+-------------+-------------+-------------+-------------+-------------+-------------+-------------+-------------+-------------+-------------+-------------+-------------+-------------+-------------+-------------+-------------+-------------+-------------+-------------+-------------+-------------+-------------+-------------+-------------+-------------+-------------+-------------+-------------+-------------+-------------+-------------+-------------+-------------+-------------+-------------+-------------+-------------+-------------+-------------+-------------+-------------+-------------+-------------+-------------+-------------+-------------+-------------+-------------+-------------+-------------+-------------+-------------+-------------+-------------+-------------+-------------+-------------+-------------+-------------+-------------+-------------+-------------+-------------+
|           Event           | Counter |  HWThread 0 |  HWThread 1 |  HWThread 2 |  HWThread 3 |  HWThread 4 |  HWThread 5 |  HWThread 6 |  HWThread 7 |  HWThread 8 |  HWThread 9 | HWThread 10 | HWThread 11 | HWThread 12 | HWThread 13 | HWThread 14 | HWThread 15 | HWThread 16 | HWThread 17 | HWThread 18 | HWThread 19 | HWThread 20 | HWThread 21 | HWThread 22 | HWThread 23 | HWThread 24 | HWThread 25 | HWThread 26 | HWThread 27 | HWThread 28 | HWThread 29 | HWThread 30 | HWThread 31 | HWThread 32 | HWThread 33 | HWThread 34 | HWThread 35 | HWThread 36 | HWThread 37 | HWThread 38 | HWThread 39 | HWThread 40 | HWThread 41 | HWThread 42 | HWThread 43 | HWThread 44 | HWThread 45 | HWThread 46 | HWThread 47 | HWThread 48 | HWThread 49 | HWThread 50 | HWThread 51 | HWThread 52 | HWThread 53 | HWThread 54 | HWThread 55 | HWThread 56 | HWThread 57 | HWThread 58 | HWThread 59 | HWThread 60 | HWThread 61 | HWThread 62 | HWThread 63 | HWThread 64 | HWThread 65 | HWThread 66 | HWThread 67 | HWThread 68 | HWThread 69 | HWThread 70 | HWThread 71 | HWThread 72 | HWThread 73 | HWThread 74 | HWThread 75 | HWThread 76 | HWThread 77 | HWThread 78 | HWThread 79 | HWThread 80 | HWThread 81 | HWThread 82 | HWThread 83 | HWThread 84 | HWThread 85 | HWThread 86 | HWThread 87 | HWThread 88 | HWThread 89 | HWThread 90 | HWThread 91 | HWThread 92 | HWThread 93 | HWThread 94 | HWThread 95 |
+---------------------------+---------+-------------+-------------+-------------+-------------+-------------+-------------+-------------+-------------+-------------+-------------+-------------+-------------+-------------+-------------+-------------+-------------+-------------+-------------+-------------+-------------+-------------+-------------+-------------+-------------+-------------+-------------+-------------+-------------+-------------+-------------+-------------+-------------+-------------+-------------+-------------+-------------+-------------+-------------+-------------+-------------+-------------+-------------+-------------+-------------+-------------+-------------+-------------+-------------+-------------+-------------+-------------+-------------+-------------+-------------+-------------+-------------+-------------+-------------+-------------+-------------+-------------+-------------+-------------+-------------+-------------+-------------+-------------+-------------+-------------+-------------+-------------+-------------+-------------+-------------+-------------+-------------+-------------+-------------+-------------+-------------+-------------+-------------+-------------+-------------+-------------+-------------+-------------+-------------+-------------+-------------+-------------+-------------+-------------+-------------+-------------+-------------+
|      ACTUAL_CPU_CLOCK     |  FIXC1  |  4072085000 |  4072007000 |  4072209000 |  4072114000 |  4071974000 |  4072048000 |  4072171000 |  4072158000 |  4071200000 |  4071177000 |  4071522000 |  4071576000 |  4071247000 |  4071660000 |  4071324000 |  4071513000 |  4072149000 |  4072088000 |  4072186000 |  4072045000 |  4072390000 |  4072433000 |  4072175000 |  4072534000 |  4071689000 |  4071183000 |  4071609000 |  4072162000 |  4071666000 |  4071612000 |  4071586000 |  4072154000 |  4071454000 |  4071307000 |  4071067000 |  4071653000 |  4071640000 |  4071306000 |  4071502000 |  4071304000 |  4071665000 |  4071738000 |  4071219000 |  4071675000 |  4071835000 |  4071540000 |  4071833000 |  4071757000 |  4071798000 |  4072170000 |  4072488000 |  4072412000 |  4072553000 |  4072502000 |  4072172000 |  4072448000 |  4072060000 |  4071710000 |  4071817000 |  4071772000 |  4072105000 |  4071596000 |  4071591000 |  4071586000 |  4071969000 |  4071670000 |  4071996000 |  4071663000 |  4071910000 |  4071961000 |  4071684000 |  4071632000 |  4072595000 |  4072692000 |  4073037000 |  4073082000 |  4071985000 |  4072781000 |  4073059000 |  4072806000 |  4071524000 |  4071251000 |  4071624000 |  4070984000 |  4070996000 |  4071689000 |  4071708000 |  4071526000 |  4073130000 |  4072823000 |  4073086000 |  4073069000 |  4072664000 |  4072396000 |  4072832000 |  4072934000 |
|       MAX_CPU_CLOCK       |  FIXC2  |  3319461000 |  3319383000 |  3319406000 |  3319696000 |  3319249000 |  3319434000 |  3319499000 |  3319507000 |  3319564000 |  3319567000 |  3319716000 |  3319815000 |  3319128000 |  3319622000 |  3319221000 |  3319495000 |  3319608000 |  3319448000 |  3319627000 |  3319442000 |  3319825000 |  3319949000 |  3319628000 |  3319879000 |  3319702000 |  3319487000 |  3319544000 |  3320115000 |  3319707000 |  3319682000 |  3319535000 |  3320110000 |  3319670000 |  3319486000 |  3319478000 |  3319851000 |  3319821000 |  3319472000 |  3319719000 |  3319472000 |  3319737000 |  3319642000 |  3319414000 |  3319737000 |  3319905000 |  3319515000 |  3319865000 |  3319645000 |  3319509000 |  3319553000 |  3319944000 |  3319755000 |  3319989000 |  3319951000 |  3319697000 |  3319992000 |  3319725000 |  3319548000 |  3319504000 |  3319493000 |  3319743000 |  3319490000 |  3319448000 |  3319431000 |  3319753000 |  3319529000 |  3319774000 |  3319526000 |  3319510000 |  3319740000 |  3319533000 |  3319506000 |  3319898000 |  3319949000 |  3320344000 |  3320383000 |  3319512000 |  3320185000 |  3320350000 |  3320128000 |  3319698000 |  3319711000 |  3319949000 |  3319481000 |  3319485000 |  3319954000 |  3319817000 |  3319766000 |  3320503000 |  3320123000 |  3320488000 |  3320490000 |  3319906000 |  3319897000 |  3320175000 |  3320072000 |
|    RETIRED_INSTRUCTIONS   |   PMC0  |  5104601000 |  5105761000 |  5105805000 |  5105782000 |  5105772000 |  5105851000 |  5105788000 |  5105830000 |  5105541000 |  5105462000 |  5105448000 |  5105530000 |  5105482000 |  5105461000 |  5105481000 |  5105373000 |  5105596000 |  5105577000 |  5105622000 |  5105582000 |  5105584000 |  5105718000 |  5105580000 |  5105632000 |  5105376000 |  5105288000 |  5105315000 |  5105365000 |  5105324000 |  5105354000 |  5105336000 |  5105330000 |  5105260000 |  5105246000 |  5105226000 |  5105270000 |  5105253000 |  5105242000 |  5105298000 |  5105210000 |  5105398000 |  5105316000 |  5105339000 |  5105387000 |  5105072000 |  5105229000 |  5105253000 |  5105300000 |  5105391000 |  5105509000 |  5105582000 |  5105482000 |  5105594000 |  5105516000 |  5105433000 |  5105590000 |  5105542000 |  5105555000 |  5105499000 |  5105488000 |  5105485000 |  5105481000 |  5105530000 |  5105441000 |  5105437000 |  5105400000 |  5105409000 |  5105399000 |  5105099000 |  5105162000 |  5103048000 |  5103822000 |  5105286000 |  5105398000 |  5105507000 |  5105514000 |  5105342000 |  5105367000 |  5105563000 |  5105425000 |  5105438000 |  5105113000 |  5105475000 |  5105370000 |  5105368000 |  5105461000 |  5105361000 |  5105361000 |  5105828000 |  5105640000 |  5105732000 |  5105803000 |  5103040000 |  5101921000 |  5103898000 |  5105428000 |
|    CPU_CLOCKS_UNHALTED    |   PMC1  |  4042684000 |  4049119000 |  4049418000 |  4049230000 |  4049231000 |  4049636000 |  4049289000 |  4049524000 |  4047925000 |  4047492000 |  4047458000 |  4047847000 |  4047689000 |  4047492000 |  4047633000 |  4047072000 |  4048267000 |  4048111000 |  4048402000 |  4048155000 |  4048273000 |  4048904000 |  4048139000 |  4048432000 |  4047180000 |  4046554000 |  4046977000 |  4047080000 |  4046841000 |  4046991000 |  4046920000 |  4046785000 |  4046455000 |  4046304000 |  4046262000 |  4046523000 |  4046458000 |  4046312000 |  4046617000 |  4046120000 |  4047169000 |  4046698000 |  4046790000 |  4047045000 |  4046220000 |  4046917000 |  4046909000 |  4047084000 |  4047325000 |  4047849000 |  4048218000 |  4047711000 |  4048344000 |  4047907000 |  4047488000 |  4048353000 |  4047995000 |  4048096000 |  4047802000 |  4047692000 |  4047712000 |  4047650000 |  4047993000 |  4047470000 |  4047464000 |  4047228000 |  4047328000 |  4047247000 |  4046428000 |  4046695000 |  4046822000 |  4046816000 |  4046674000 |  4047204000 |  4047851000 |  4047867000 |  4046968000 |  4047077000 |  4048154000 |  4047411000 |  4047454000 |  4046282000 |  4047656000 |  4047043000 |  4047076000 |  4047605000 |  4047061000 |  4047057000 |  4049733000 |  4048582000 |  4049121000 |  4049544000 |  4047714000 |  4046738000 |  4047523000 |  4048487000 |
| RETIRED_SSE_AVX_FLOPS_ALL |   PMC2  | 64424510000 | 64424510000 | 64424510000 | 64424510000 | 64424510000 | 64424510000 | 64424510000 | 64424510000 | 64424510000 | 64424510000 | 64424510000 | 64424510000 | 64424510000 | 64424510000 | 64424510000 | 64424510000 | 64424510000 | 64424510000 | 64424510000 | 64424510000 | 64424510000 | 64424510000 | 64424510000 | 64424510000 | 64424510000 | 64424510000 | 64424510000 | 64424510000 | 64424510000 | 64424510000 | 64424510000 | 64424510000 | 64424510000 | 64424510000 | 64424510000 | 64424510000 | 64424510000 | 64424510000 | 64424510000 | 64424510000 | 64424510000 | 64424510000 | 64424510000 | 64424510000 | 64424510000 | 64424510000 | 64424510000 | 64424510000 | 64424510000 | 64424510000 | 64424510000 | 64424510000 | 64424510000 | 64424510000 | 64424510000 | 64424510000 | 64424510000 | 64424510000 | 64424510000 | 64424510000 | 64424510000 | 64424510000 | 64424510000 | 64424510000 | 64424510000 | 64424510000 | 64424510000 | 64424510000 | 64424510000 | 64424510000 | 64424510000 | 64424510000 | 64424510000 | 64424510000 | 64424510000 | 64424510000 | 64424510000 | 64424510000 | 64424510000 | 64424510000 | 64424510000 | 64424510000 | 64424510000 | 64424510000 | 64424510000 | 64424510000 | 64424510000 | 64424510000 | 64424510000 | 64424510000 | 64424510000 | 64424510000 | 64424510000 | 64424510000 | 64424510000 | 64424510000 |
|           MERGE           |   PMC3  |           0 |           0 |           0 |           0 |           0 |           0 |           0 |           0 |           0 |           0 |           0 |           0 |           0 |           0 |           0 |           0 |           0 |           0 |           0 |           0 |           0 |           0 |           0 |           0 |           0 |           0 |           0 |           0 |           0 |           0 |           0 |           0 |           0 |           0 |           0 |           0 |           0 |           0 |           0 |           0 |           0 |           0 |           0 |           0 |           0 |           0 |           0 |           0 |           0 |           0 |           0 |           0 |           0 |           0 |           0 |           0 |           0 |           0 |           0 |           0 |           0 |           0 |           0 |           0 |           0 |           0 |           0 |           0 |           0 |           0 |           0 |           0 |           0 |           0 |           0 |           0 |           0 |           0 |           0 |           0 |           0 |           0 |           0 |           0 |           0 |           0 |           0 |           0 |           0 |           0 |           0 |           0 |           0 |           0 |           0 |           0 |
+---------------------------+---------+-------------+-------------+-------------+-------------+-------------+-------------+-------------+-------------+-------------+-------------+-------------+-------------+-------------+-------------+-------------+-------------+-------------+-------------+-------------+-------------+-------------+-------------+-------------+-------------+-------------+-------------+-------------+-------------+-------------+-------------+-------------+-------------+-------------+-------------+-------------+-------------+-------------+-------------+-------------+-------------+-------------+-------------+-------------+-------------+-------------+-------------+-------------+-------------+-------------+-------------+-------------+-------------+-------------+-------------+-------------+-------------+-------------+-------------+-------------+-------------+-------------+-------------+-------------+-------------+-------------+-------------+-------------+-------------+-------------+-------------+-------------+-------------+-------------+-------------+-------------+-------------+-------------+-------------+-------------+-------------+-------------+-------------+-------------+-------------+-------------+-------------+-------------+-------------+-------------+-------------+-------------+-------------+-------------+-------------+-------------+-------------+
+--------------------------------+---------+---------------+-------------+-------------+--------------+
|              Event             | Counter |      Sum      |     Min     |     Max     |      Avg     |
+--------------------------------+---------+---------------+-------------+-------------+--------------+
|      ACTUAL_CPU_CLOCK STAT     |  FIXC1  |  390907679000 |  4070984000 |  4073130000 | 4.071955e+09 |
|       MAX_CPU_CLOCK STAT       |  FIXC2  |  318693387000 |  3319128000 |  3320503000 | 3.319723e+09 |
|    RETIRED_INSTRUCTIONS STAT   |   PMC0  |  490111379000 |  5101921000 |  5105851000 | 5.105327e+09 |
|    CPU_CLOCKS_UNHALTED STAT    |   PMC1  |  388562148000 |  4042684000 |  4049733000 |   4047522375 |
| RETIRED_SSE_AVX_FLOPS_ALL STAT |   PMC2  | 6184752960000 | 64424510000 | 64424510000 |  64424510000 |
|           MERGE STAT           |   PMC3  |             0 |           0 |           0 |            0 |
+--------------------------------+---------+---------------+-------------+-------------+--------------+
+----------------------+------------+------------+------------+------------+------------+------------+------------+------------+------------+------------+-------------+-------------+-------------+-------------+-------------+-------------+-------------+-------------+-------------+-------------+-------------+-------------+-------------+-------------+-------------+-------------+-------------+-------------+-------------+-------------+-------------+-------------+-------------+-------------+-------------+-------------+-------------+-------------+-------------+-------------+-------------+-------------+-------------+-------------+-------------+-------------+-------------+-------------+-------------+-------------+-------------+-------------+-------------+-------------+-------------+-------------+-------------+-------------+-------------+-------------+-------------+-------------+-------------+-------------+-------------+-------------+-------------+-------------+-------------+-------------+-------------+-------------+-------------+-------------+-------------+-------------+-------------+-------------+-------------+-------------+-------------+-------------+-------------+-------------+-------------+-------------+-------------+-------------+-------------+-------------+-------------+-------------+-------------+-------------+-------------+-------------+
|        Metric        | HWThread 0 | HWThread 1 | HWThread 2 | HWThread 3 | HWThread 4 | HWThread 5 | HWThread 6 | HWThread 7 | HWThread 8 | HWThread 9 | HWThread 10 | HWThread 11 | HWThread 12 | HWThread 13 | HWThread 14 | HWThread 15 | HWThread 16 | HWThread 17 | HWThread 18 | HWThread 19 | HWThread 20 | HWThread 21 | HWThread 22 | HWThread 23 | HWThread 24 | HWThread 25 | HWThread 26 | HWThread 27 | HWThread 28 | HWThread 29 | HWThread 30 | HWThread 31 | HWThread 32 | HWThread 33 | HWThread 34 | HWThread 35 | HWThread 36 | HWThread 37 | HWThread 38 | HWThread 39 | HWThread 40 | HWThread 41 | HWThread 42 | HWThread 43 | HWThread 44 | HWThread 45 | HWThread 46 | HWThread 47 | HWThread 48 | HWThread 49 | HWThread 50 | HWThread 51 | HWThread 52 | HWThread 53 | HWThread 54 | HWThread 55 | HWThread 56 | HWThread 57 | HWThread 58 | HWThread 59 | HWThread 60 | HWThread 61 | HWThread 62 | HWThread 63 | HWThread 64 | HWThread 65 | HWThread 66 | HWThread 67 | HWThread 68 | HWThread 69 | HWThread 70 | HWThread 71 | HWThread 72 | HWThread 73 | HWThread 74 | HWThread 75 | HWThread 76 | HWThread 77 | HWThread 78 | HWThread 79 | HWThread 80 | HWThread 81 | HWThread 82 | HWThread 83 | HWThread 84 | HWThread 85 | HWThread 86 | HWThread 87 | HWThread 88 | HWThread 89 | HWThread 90 | HWThread 91 | HWThread 92 | HWThread 93 | HWThread 94 | HWThread 95 |
+----------------------+------------+------------+------------+------------+------------+------------+------------+------------+------------+------------+-------------+-------------+-------------+-------------+-------------+-------------+-------------+-------------+-------------+-------------+-------------+-------------+-------------+-------------+-------------+-------------+-------------+-------------+-------------+-------------+-------------+-------------+-------------+-------------+-------------+-------------+-------------+-------------+-------------+-------------+-------------+-------------+-------------+-------------+-------------+-------------+-------------+-------------+-------------+-------------+-------------+-------------+-------------+-------------+-------------+-------------+-------------+-------------+-------------+-------------+-------------+-------------+-------------+-------------+-------------+-------------+-------------+-------------+-------------+-------------+-------------+-------------+-------------+-------------+-------------+-------------+-------------+-------------+-------------+-------------+-------------+-------------+-------------+-------------+-------------+-------------+-------------+-------------+-------------+-------------+-------------+-------------+-------------+-------------+-------------+-------------+
|  Runtime (RDTSC) [s] |     1.3847 |     1.3846 |     1.3846 |     1.3846 |     1.3846 |     1.3847 |     1.3846 |     1.3847 |     1.3847 |     1.3846 |      1.3846 |      1.3847 |      1.3847 |      1.3846 |      1.3846 |      1.3846 |      1.3846 |      1.3846 |      1.3847 |      1.3846 |      1.3846 |      1.3848 |      1.3846 |      1.3847 |      1.3846 |      1.3845 |      1.3846 |      1.3846 |      1.3846 |      1.3846 |      1.3846 |      1.3846 |      1.3846 |      1.3846 |      1.3846 |      1.3846 |      1.3846 |      1.3846 |      1.3847 |      1.3846 |      1.3848 |      1.3846 |      1.3846 |      1.3847 |      1.3846 |      1.3846 |      1.3846 |      1.3847 |      1.3846 |      1.3846 |      1.3847 |      1.3846 |      1.3848 |      1.3846 |      1.3846 |      1.3848 |      1.3847 |      1.3846 |      1.3846 |      1.3846 |      1.3847 |      1.3846 |      1.3846 |      1.3846 |      1.3847 |      1.3847 |      1.3847 |      1.3846 |      1.3846 |      1.3846 |      1.3847 |      1.3846 |      1.3847 |      1.3847 |      1.3849 |      1.3849 |      1.3846 |      1.3850 |      1.3849 |      1.3848 |      1.3846 |      1.3846 |      1.3847 |      1.3846 |      1.3846 |      1.3847 |      1.3846 |      1.3847 |      1.3849 |      1.3847 |      1.3849 |      1.3849 |      1.3846 |      1.3846 |      1.3846 |      1.3846 |
| Runtime unhalted [s] |     1.6993 |     1.6992 |     1.6993 |     1.6993 |     1.6992 |     1.6993 |     1.6993 |     1.6993 |     1.6989 |     1.6989 |      1.6990 |      1.6991 |      1.6989 |      1.6991 |      1.6990 |      1.6990 |      1.6993 |      1.6993 |      1.6993 |      1.6993 |      1.6994 |      1.6994 |      1.6993 |      1.6995 |      1.6991 |      1.6989 |      1.6991 |      1.6993 |      1.6991 |      1.6991 |      1.6991 |      1.6993 |      1.6990 |      1.6989 |      1.6988 |      1.6991 |      1.6991 |      1.6989 |      1.6990 |      1.6989 |      1.6991 |      1.6991 |      1.6989 |      1.6991 |      1.6992 |      1.6990 |      1.6992 |      1.6991 |      1.6992 |      1.6993 |      1.6994 |      1.6994 |      1.6995 |      1.6994 |      1.6993 |      1.6994 |      1.6993 |      1.6991 |      1.6992 |      1.6991 |      1.6993 |      1.6991 |      1.6991 |      1.6991 |      1.6992 |      1.6991 |      1.6992 |      1.6991 |      1.6992 |      1.6992 |      1.6991 |      1.6991 |      1.6995 |      1.6995 |      1.6997 |      1.6997 |      1.6992 |      1.6996 |      1.6997 |      1.6996 |      1.6990 |      1.6989 |      1.6991 |      1.6988 |      1.6988 |      1.6991 |      1.6991 |      1.6990 |      1.6997 |      1.6996 |      1.6997 |      1.6997 |      1.6995 |      1.6994 |      1.6996 |      1.6996 |
|      Clock [MHz]     |  2939.7048 |  2939.7176 |  2939.8430 |  2939.5176 |  2939.8124 |  2939.7020 |  2939.7332 |  2939.7168 |  2938.9747 |  2938.9554 |   2939.0726 |   2939.0239 |   2939.3947 |   2939.2554 |   2939.3679 |   2939.2618 |   2939.6208 |   2939.7185 |   2939.6307 |   2939.6927 |   2939.6026 |   2939.5239 |   2939.6219 |   2939.6588 |   2939.2055 |   2939.0306 |   2939.2877 |   2939.1813 |   2939.1845 |   2939.1676 |   2939.2790 |   2939.1800 |   2939.0642 |   2939.1210 |   2938.9548 |   2939.0476 |   2939.0648 |   2939.1327 |   2939.0555 |   2939.1312 |   2939.1572 |   2939.2940 |   2939.1212 |   2939.1644 |   2939.1312 |   2939.2635 |   2939.1652 |   2939.3051 |   2939.4551 |   2939.6847 |   2939.5680 |   2939.6805 |   2939.5751 |   2939.5719 |   2939.5586 |   2939.4966 |   2939.4530 |   2939.3570 |   2939.4732 |   2939.4505 |   2939.4695 |   2939.3261 |   2939.3597 |   2939.3711 |   2939.3625 |   2939.3450 |   2939.3634 |   2939.3426 |   2939.5351 |   2939.3682 |   2939.3516 |   2939.3379 |   2939.6860 |   2939.7108 |   2939.6101 |   2939.6081 |   2939.5874 |   2939.5661 |   2939.6207 |   2939.6346 |   2939.0900 |   2938.8814 |   2938.9399 |   2938.8923 |   2938.8974 |   2938.9824 |   2939.1174 |   2939.0312 |   2939.5365 |   2939.6513 |   2939.5180 |   2939.5039 |   2939.7287 |   2939.5432 |   2939.6118 |   2939.7766 |
|          CPI         |     0.7920 |     0.7930 |     0.7931 |     0.7931 |     0.7931 |     0.7931 |     0.7931 |     0.7931 |     0.7928 |     0.7928 |      0.7928 |      0.7928 |      0.7928 |      0.7928 |      0.7928 |      0.7927 |      0.7929 |      0.7929 |      0.7929 |      0.7929 |      0.7929 |      0.7930 |      0.7929 |      0.7929 |      0.7927 |      0.7926 |      0.7927 |      0.7927 |      0.7927 |      0.7927 |      0.7927 |      0.7927 |      0.7926 |      0.7926 |      0.7926 |      0.7926 |      0.7926 |      0.7926 |      0.7926 |      0.7925 |      0.7927 |      0.7926 |      0.7927 |      0.7927 |      0.7926 |      0.7927 |      0.7927 |      0.7927 |      0.7928 |      0.7928 |      0.7929 |      0.7928 |      0.7929 |      0.7928 |      0.7928 |      0.7929 |      0.7929 |      0.7929 |      0.7928 |      0.7928 |      0.7928 |      0.7928 |      0.7929 |      0.7928 |      0.7928 |      0.7927 |      0.7928 |      0.7927 |      0.7926 |      0.7927 |      0.7930 |      0.7929 |      0.7926 |      0.7927 |      0.7928 |      0.7928 |      0.7927 |      0.7927 |      0.7929 |      0.7928 |      0.7928 |      0.7926 |      0.7928 |      0.7927 |      0.7927 |      0.7928 |      0.7927 |      0.7927 |      0.7932 |      0.7930 |      0.7931 |      0.7931 |      0.7932 |      0.7932 |      0.7930 |      0.7930 |
|     DP [MFLOP/s]     | 46524.6256 | 46530.5396 | 46530.5396 | 46530.3715 | 46528.3216 | 46525.5327 | 46528.8929 | 46525.5663 | 46527.2128 | 46528.8593 |  46528.8257 |  46527.2128 |  46527.5488 |  46528.7585 |  46528.7585 |  46530.6068 |  46528.1872 |  46530.6740 |  46526.9775 |  46530.5396 |  46528.8257 |  46521.9043 |  46528.9601 |  46526.9439 |  46528.2544 |  46531.0101 |  46529.5650 |  46528.2208 |  46528.2208 |  46528.2544 |  46529.6994 |  46530.8084 |  46528.7585 |  46530.6404 |  46528.7585 |  46528.7585 |  46528.5905 |  46530.7076 |  46525.0959 |  46530.7748 |  46524.2560 |  46528.6913 |  46530.6740 |  46525.0959 |  46528.6241 |  46529.3970 |  46528.6577 |  46525.1295 |  46529.5986 |  46528.5905 |  46525.6335 |  46528.2208 |  46524.1552 |  46528.1536 |  46529.4642 |  46522.1730 |  46525.6671 |  46528.1872 |  46528.8593 |  46530.9765 |  46525.5999 |  46530.9429 |  46528.8593 |  46529.5650 |  46527.2800 |  46527.2464 |  46527.2464 |  46530.7076 |  46530.7076 |  46529.0273 |  46527.3136 |  46529.4978 |  46527.4144 |  46525.6335 |  46518.5787 |  46519.3513 |  46528.8929 |  46516.7313 |  46518.2764 |  46524.2224 |  46528.6241 |  46530.7412 |  46525.7007 |  46530.7412 |  46530.7412 |  46524.5248 |  46530.6068 |  46527.0448 |  46518.2428 |  46527.2800 |  46518.2764 |  46518.2764 |  46528.6241 |  46530.6068 |  46529.4642 |  46530.7076 |
+----------------------+------------+------------+------------+------------+------------+------------+------------+------------+------------+------------+-------------+-------------+-------------+-------------+-------------+-------------+-------------+-------------+-------------+-------------+-------------+-------------+-------------+-------------+-------------+-------------+-------------+-------------+-------------+-------------+-------------+-------------+-------------+-------------+-------------+-------------+-------------+-------------+-------------+-------------+-------------+-------------+-------------+-------------+-------------+-------------+-------------+-------------+-------------+-------------+-------------+-------------+-------------+-------------+-------------+-------------+-------------+-------------+-------------+-------------+-------------+-------------+-------------+-------------+-------------+-------------+-------------+-------------+-------------+-------------+-------------+-------------+-------------+-------------+-------------+-------------+-------------+-------------+-------------+-------------+-------------+-------------+-------------+-------------+-------------+-------------+-------------+-------------+-------------+-------------+-------------+-------------+-------------+-------------+-------------+-------------+
+---------------------------+--------------+------------+------------+------------+
|           Metric          |      Sum     |     Min    |     Max    |     Avg    |
+---------------------------+--------------+------------+------------+------------+
|  Runtime (RDTSC) [s] STAT |     132.9271 |     1.3845 |     1.3850 |     1.3847 |
| Runtime unhalted [s] STAT |     163.1248 |     1.6988 |     1.6997 |     1.6992 |
|      Clock [MHz] STAT     |  282180.3962 |  2938.8814 |  2939.8430 |  2939.3791 |
|          CPI STAT         |      76.1090 |     0.7920 |     0.7932 |     0.7928 |
|     DP [MFLOP/s] STAT     | 4.466645e+06 | 46516.7313 | 46531.0101 | 46527.5501 |
+---------------------------+--------------+------------+------------+------------+
