--------------------------------------------------------------------------------
CPU name:	AMD EPYC 9654 96-Core Processor                
CPU type:	AMD K19 (Zen4) architecture
CPU clock:	2.40 GHz
--------------------------------------------------------------------------------
Region bench, Group 1: FLOPS_DP
+-------------------+------------+------------+------------+------------+------------+------------+------------+------------+------------+------------+-------------+-------------+-------------+-------------+-------------+-------------+-------------+-------------+-------------+-------------+-------------+-------------+-------------+-------------+-------------+-------------+-------------+-------------+-------------+-------------+-------------+-------------+-------------+-------------+-------------+-------------+-------------+-------------+-------------+-------------+-------------+-------------+-------------+-------------+-------------+-------------+-------------+-------------+-------------+-------------+-------------+-------------+-------------+-------------+-------------+-------------+-------------+-------------+-------------+-------------+-------------+-------------+-------------+-------------+-------------+-------------+-------------+-------------+-------------+-------------+-------------+-------------+-------------+-------------+-------------+-------------+-------------+-------------+-------------+-------------+-------------+-------------+-------------+-------------+-------------+-------------+-------------+-------------+-------------+-------------+-------------+-------------+-------------+-------------+-------------+-------------+-------------+-------------+-------------+-------------+--------------+--------------+--------------+--------------+--------------+--------------+--------------+--------------+--------------+--------------+--------------+--------------+--------------+--------------+--------------+--------------+--------------+--------------+--------------+--------------+--------------+--------------+--------------+--------------+--------------+--------------+--------------+--------------+--------------+--------------+--------------+--------------+--------------+--------------+--------------+--------------+--------------+--------------+--------------+--------------+--------------+--------------+--------------+--------------+--------------+--------------+--------------+--------------+--------------+--------------+--------------+--------------+--------------+--------------+--------------+--------------+--------------+--------------+--------------+--------------+--------------+--------------+--------------+--------------+--------------+--------------+--------------+--------------+--------------+--------------+--------------+--------------+--------------+--------------+--------------+--------------+--------------+--------------+--------------+--------------+--------------+--------------+--------------+--------------+--------------+--------------+--------------+--------------+--------------+--------------+--------------+--------------+
|    Region Info    | HWThread 0 | HWThread 1 | HWThread 2 | HWThread 3 | HWThread 4 | HWThread 5 | HWThread 6 | HWThread 7 | HWThread 8 | HWThread 9 | HWThread 10 | HWThread 11 | HWThread 12 | HWThread 13 | HWThread 14 | HWThread 15 | HWThread 16 | HWThread 17 | HWThread 18 | HWThread 19 | HWThread 20 | HWThread 21 | HWThread 22 | HWThread 23 | HWThread 24 | HWThread 25 | HWThread 26 | HWThread 27 | HWThread 28 | HWThread 29 | HWThread 30 | HWThread 31 | HWThread 32 | HWThread 33 | HWThread 34 | HWThread 35 | HWThread 36 | HWThread 37 | HWThread 38 | HWThread 39 | HWThread 40 | HWThread 41 | HWThread 42 | HWThread 43 | HWThread 44 | HWThread 45 | HWThread 46 | HWThread 47 | HWThread 48 | HWThread 49 | HWThread 50 | HWThread 51 | HWThread 52 | HWThread 53 | HWThread 54 | HWThread 55 | HWThread 56 | HWThread 57 | HWThread 58 | HWThread 59 | HWThread 60 | HWThread 61 | HWThread 62 | HWThread 63 | HWThread 64 | HWThread 65 | HWThread 66 | HWThread 67 | HWThread 68 | HWThread 69 | HWThread 70 | HWThread 71 | HWThread 72 | HWThread 73 | HWThread 74 | HWThread 75 | HWThread 76 | HWThread 77 | HWThread 78 | HWThread 79 | HWThread 80 | HWThread 81 | HWThread 82 | HWThread 83 | HWThread 84 | HWThread 85 | HWThread 86 | HWThread 87 | HWThread 88 | HWThread 89 | HWThread 90 | HWThread 91 | HWThread 92 | HWThread 93 | HWThread 94 | HWThread 95 | HWThread 96 | HWThread 97 | HWThread 98 | HWThread 99 | HWThread 100 | HWThread 101 | HWThread 102 | HWThread 103 | HWThread 104 | HWThread 105 | HWThread 106 | HWThread 107 | HWThread 108 | HWThread 109 | HWThread 110 | HWThread 111 | HWThread 112 | HWThread 113 | HWThread 114 | HWThread 115 | HWThread 116 | HWThread 117 | HWThread 118 | HWThread 119 | HWThread 120 | HWThread 121 | HWThread 122 | HWThread 123 | HWThread 124 | HWThread 125 | HWThread 126 | HWThread 127 | HWThread 128 | HWThread 129 | HWThread 130 | HWThread 131 | HWThread 132 | HWThread 133 | HWThread 134 | HWThread 135 | HWThread 136 | HWThread 137 | HWThread 138 | HWThread 139 | HWThread 140 | HWThread 141 | HWThread 142 | HWThread 143 | HWThread 144 | HWThread 145 | HWThread 146 | HWThread 147 | HWThread 148 | HWThread 149 | HWThread 150 | HWThread 151 | HWThread 152 | HWThread 153 | HWThread 154 | HWThread 155 | HWThread 156 | HWThread 157 | HWThread 158 | HWThread 159 | HWThread 160 | HWThread 161 | HWThread 162 | HWThread 163 | HWThread 164 | HWThread 165 | HWThread 166 | HWThread 167 | HWThread 168 | HWThread 169 | HWThread 170 | HWThread 171 | HWThread 172 | HWThread 173 | HWThread 174 | HWThread 175 | HWThread 176 | HWThread 177 | HWThread 178 | HWThread 179 | HWThread 180 | HWThread 181 | HWThread 182 | HWThread 183 | HWThread 184 | HWThread 185 | HWThread 186 | HWThread 187 | HWThread 188 | HWThread 189 | HWThread 190 | HWThread 191 |
+-------------------+------------+------------+------------+------------+------------+------------+------------+------------+------------+------------+-------------+-------------+-------------+-------------+-------------+-------------+-------------+-------------+-------------+-------------+-------------+-------------+-------------+-------------+-------------+-------------+-------------+-------------+-------------+-------------+-------------+-------------+-------------+-------------+-------------+-------------+-------------+-------------+-------------+-------------+-------------+-------------+-------------+-------------+-------------+-------------+-------------+-------------+-------------+-------------+-------------+-------------+-------------+-------------+-------------+-------------+-------------+-------------+-------------+-------------+-------------+-------------+-------------+-------------+-------------+-------------+-------------+-------------+-------------+-------------+-------------+-------------+-------------+-------------+-------------+-------------+-------------+-------------+-------------+-------------+-------------+-------------+-------------+-------------+-------------+-------------+-------------+-------------+-------------+-------------+-------------+-------------+-------------+-------------+-------------+-------------+-------------+-------------+-------------+-------------+--------------+--------------+--------------+--------------+--------------+--------------+--------------+--------------+--------------+--------------+--------------+--------------+--------------+--------------+--------------+--------------+--------------+--------------+--------------+--------------+--------------+--------------+--------------+--------------+--------------+--------------+--------------+--------------+--------------+--------------+--------------+--------------+--------------+--------------+--------------+--------------+--------------+--------------+--------------+--------------+--------------+--------------+--------------+--------------+--------------+--------------+--------------+--------------+--------------+--------------+--------------+--------------+--------------+--------------+--------------+--------------+--------------+--------------+--------------+--------------+--------------+--------------+--------------+--------------+--------------+--------------+--------------+--------------+--------------+--------------+--------------+--------------+--------------+--------------+--------------+--------------+--------------+--------------+--------------+--------------+--------------+--------------+--------------+--------------+--------------+--------------+--------------+--------------+--------------+--------------+--------------+--------------+
| RDTSC Runtime [s] |   1.332598 |   1.332855 |   1.332965 |   1.332964 |   1.332682 |   1.332965 |   1.332942 |   1.332917 |   1.332924 |   1.332663 |    1.332924 |    1.332683 |    1.332916 |    1.332817 |    1.332663 |    1.332887 |    1.332724 |    1.332662 |    1.332813 |    1.332598 |    1.332615 |    1.332699 |    1.332597 |    1.333148 |    1.332756 |    1.332818 |    1.332914 |    1.332914 |    1.332914 |    1.332746 |    1.332616 |    1.332600 |    1.332600 |    1.332673 |    1.332742 |    1.332600 |    1.332613 |    1.332742 |    1.332601 |    1.332677 |    1.332687 |    1.332648 |    1.332615 |    1.332615 |    1.332616 |    1.332614 |    1.332615 |    1.332581 |    1.332602 |    1.333115 |    1.332818 |    1.332945 |    1.332946 |    1.332924 |    1.332692 |    1.332927 |    1.333223 |    1.332684 |    1.333096 |    1.333121 |    1.333223 |    1.333224 |    1.332686 |    1.333225 |    1.332618 |    1.332660 |    1.332606 |    1.332689 |    1.332660 |    1.332691 |    1.332731 |    1.332605 |    1.332602 |    1.332604 |    1.332710 |    1.332604 |    1.332760 |    1.332661 |    1.332621 |    1.332603 |    1.332891 |    1.332874 |    1.332710 |    1.332658 |    1.332601 |    1.332875 |    1.332874 |    1.332650 |    1.332832 |    1.332675 |    1.332864 |    1.332824 |    1.332833 |    1.332747 |    1.333103 |    1.332871 |    1.332683 |    1.332656 |    1.332655 |    1.332729 |     1.332828 |     1.332729 |     1.332882 |     1.332706 |     1.332877 |     1.333096 |     1.332595 |     1.332877 |     1.332855 |     1.332855 |     1.332878 |     1.332952 |     1.332711 |     1.332615 |     1.332617 |     1.332620 |     1.332691 |     1.332655 |     1.332684 |     1.332684 |     1.333223 |     1.333224 |     1.333225 |     1.334470 |     1.333224 |     1.333223 |     1.334473 |     1.334470 |     1.332711 |     1.332602 |     1.332711 |     1.332818 |     1.332686 |     1.332715 |     1.332617 |     1.332605 |     1.332919 |     1.332612 |     1.332610 |     1.332755 |     1.332954 |     1.332597 |     1.332954 |     1.332953 |     1.332910 |     1.332673 |     1.332865 |     1.332910 |     1.332898 |     1.332910 |     1.332909 |     1.332911 |     1.332604 |     1.332605 |     1.332728 |     1.332668 |     1.332910 |     1.332652 |     1.332624 |     1.332603 |     1.332595 |     1.332909 |     1.332595 |     1.332596 |     1.332678 |     1.332910 |     1.332909 |     1.332921 |     1.333114 |     1.332739 |     1.332864 |     1.332880 |     1.333089 |     1.332704 |     1.333098 |     1.333219 |     1.332816 |     1.332921 |     1.334467 |     1.332616 |     1.332918 |     1.332921 |     1.333098 |     1.332879 |     1.332975 |     1.332812 |     1.332945 |     1.332975 |     1.332611 |     1.332775 |     1.332975 |     1.332815 |
|     call count    |          1 |          1 |          1 |          1 |          1 |          1 |          1 |          1 |          1 |          1 |           1 |           1 |           1 |           1 |           1 |           1 |           1 |           1 |           1 |           1 |           1 |           1 |           1 |           1 |           1 |           1 |           1 |           1 |           1 |           1 |           1 |           1 |           1 |           1 |           1 |           1 |           1 |           1 |           1 |           1 |           1 |           1 |           1 |           1 |           1 |           1 |           1 |           1 |           1 |           1 |           1 |           1 |           1 |           1 |           1 |           1 |           1 |           1 |           1 |           1 |           1 |           1 |           1 |           1 |           1 |           1 |           1 |           1 |           1 |           1 |           1 |           1 |           1 |           1 |           1 |           1 |           1 |           1 |           1 |           1 |           1 |           1 |           1 |           1 |           1 |           1 |           1 |           1 |           1 |           1 |           1 |           1 |           1 |           1 |           1 |           1 |           1 |           1 |           1 |           1 |            1 |            1 |            1 |            1 |            1 |            1 |            1 |            1 |            1 |            1 |            1 |            1 |            1 |            1 |            1 |            1 |            1 |            1 |            1 |            1 |            1 |            1 |            1 |            1 |            1 |            1 |            1 |            1 |            1 |            1 |            1 |            1 |            1 |            1 |            1 |            1 |            1 |            1 |            1 |            1 |            1 |            1 |            1 |            1 |            1 |            1 |            1 |            1 |            1 |            1 |            1 |            1 |            1 |            1 |            1 |            1 |            1 |            1 |            1 |            1 |            1 |            1 |            1 |            1 |            1 |            1 |            1 |            1 |            1 |            1 |            1 |            1 |            1 |            1 |            1 |            1 |            1 |            1 |            1 |            1 |            1 |            1 |            1 |            1 |            1 |            1 |            1 |            1 |            1 |            1 |            1 |            1 |
+-------------------+------------+------------+------------+------------+------------+------------+------------+------------+------------+------------+-------------+-------------+-------------+-------------+-------------+-------------+-------------+-------------+-------------+-------------+-------------+-------------+-------------+-------------+-------------+-------------+-------------+-------------+-------------+-------------+-------------+-------------+-------------+-------------+-------------+-------------+-------------+-------------+-------------+-------------+-------------+-------------+-------------+-------------+-------------+-------------+-------------+-------------+-------------+-------------+-------------+-------------+-------------+-------------+-------------+-------------+-------------+-------------+-------------+-------------+-------------+-------------+-------------+-------------+-------------+-------------+-------------+-------------+-------------+-------------+-------------+-------------+-------------+-------------+-------------+-------------+-------------+-------------+-------------+-------------+-------------+-------------+-------------+-------------+-------------+-------------+-------------+-------------+-------------+-------------+-------------+-------------+-------------+-------------+-------------+-------------+-------------+-------------+-------------+-------------+--------------+--------------+--------------+--------------+--------------+--------------+--------------+--------------+--------------+--------------+--------------+--------------+--------------+--------------+--------------+--------------+--------------+--------------+--------------+--------------+--------------+--------------+--------------+--------------+--------------+--------------+--------------+--------------+--------------+--------------+--------------+--------------+--------------+--------------+--------------+--------------+--------------+--------------+--------------+--------------+--------------+--------------+--------------+--------------+--------------+--------------+--------------+--------------+--------------+--------------+--------------+--------------+--------------+--------------+--------------+--------------+--------------+--------------+--------------+--------------+--------------+--------------+--------------+--------------+--------------+--------------+--------------+--------------+--------------+--------------+--------------+--------------+--------------+--------------+--------------+--------------+--------------+--------------+--------------+--------------+--------------+--------------+--------------+--------------+--------------+--------------+--------------+--------------+--------------+--------------+--------------+--------------+
+---------------------------+---------+-------------+-------------+-------------+-------------+-------------+-------------+-------------+-------------+-------------+-------------+-------------+-------------+-------------+-------------+-------------+-------------+-------------+-------------+-------------+-------------+-------------+-------------+-------------+-------------+-------------+-------------+-------------+-------------+-------------+-------------+-------------+-------------+-------------+-------------+-------------+-------------+-------------+-------------+-------------+-------------+-------------+-------------+-------------+-------------+-------------+-------------+-------------+-------------+-------------+-------------+-------------+-------------+-------------+-------------+-------------+-------------+-------------+-------------+-------------+-------------+-------------+-------------+-------------+-------------+-------------+-------------+-------------+-------------+-------------+-------------+-------------+-------------+-------------+-------------+-------------+-------------+-------------+-------------+-------------+-------------+-------------+-------------+-------------+-------------+-------------+-------------+-------------+-------------+-------------+-------------+-------------+-------------+-------------+-------------+-------------+-------------+-------------+-------------+-------------+-------------+--------------+--------------+--------------+--------------+--------------+--------------+--------------+--------------+--------------+--------------+--------------+--------------+--------------+--------------+--------------+--------------+--------------+--------------+--------------+--------------+--------------+--------------+--------------+--------------+--------------+--------------+--------------+--------------+--------------+--------------+--------------+--------------+--------------+--------------+--------------+--------------+--------------+--------------+--------------+--------------+--------------+--------------+--------------+--------------+--------------+--------------+--------------+--------------+--------------+--------------+--------------+--------------+--------------+--------------+--------------+--------------+--------------+--------------+--------------+--------------+--------------+--------------+--------------+--------------+--------------+--------------+--------------+--------------+--------------+--------------+--------------+--------------+--------------+--------------+--------------+--------------+--------------+--------------+--------------+--------------+--------------+--------------+--------------+--------------+--------------+--------------+--------------+--------------+--------------+--------------+--------------+--------------+
|           Event           | Counter |  HWThread 0 |  HWThread 1 |  HWThread 2 |  HWThread 3 |  HWThread 4 |  HWThread 5 |  HWThread 6 |  HWThread 7 |  HWThread 8 |  HWThread 9 | HWThread 10 | HWThread 11 | HWThread 12 | HWThread 13 | HWThread 14 | HWThread 15 | HWThread 16 | HWThread 17 | HWThread 18 | HWThread 19 | HWThread 20 | HWThread 21 | HWThread 22 | HWThread 23 | HWThread 24 | HWThread 25 | HWThread 26 | HWThread 27 | HWThread 28 | HWThread 29 | HWThread 30 | HWThread 31 | HWThread 32 | HWThread 33 | HWThread 34 | HWThread 35 | HWThread 36 | HWThread 37 | HWThread 38 | HWThread 39 | HWThread 40 | HWThread 41 | HWThread 42 | HWThread 43 | HWThread 44 | HWThread 45 | HWThread 46 | HWThread 47 | HWThread 48 | HWThread 49 | HWThread 50 | HWThread 51 | HWThread 52 | HWThread 53 | HWThread 54 | HWThread 55 | HWThread 56 | HWThread 57 | HWThread 58 | HWThread 59 | HWThread 60 | HWThread 61 | HWThread 62 | HWThread 63 | HWThread 64 | HWThread 65 | HWThread 66 | HWThread 67 | HWThread 68 | HWThread 69 | HWThread 70 | HWThread 71 | HWThread 72 | HWThread 73 | HWThread 74 | HWThread 75 | HWThread 76 | HWThread 77 | HWThread 78 | HWThread 79 | HWThread 80 | HWThread 81 | HWThread 82 | HWThread 83 | HWThread 84 | HWThread 85 | HWThread 86 | HWThread 87 | HWThread 88 | HWThread 89 | HWThread 90 | HWThread 91 | HWThread 92 | HWThread 93 | HWThread 94 | HWThread 95 | HWThread 96 | HWThread 97 | HWThread 98 | HWThread 99 | HWThread 100 | HWThread 101 | HWThread 102 | HWThread 103 | HWThread 104 | HWThread 105 | HWThread 106 | HWThread 107 | HWThread 108 | HWThread 109 | HWThread 110 | HWThread 111 | HWThread 112 | HWThread 113 | HWThread 114 | HWThread 115 | HWThread 116 | HWThread 117 | HWThread 118 | HWThread 119 | HWThread 120 | HWThread 121 | HWThread 122 | HWThread 123 | HWThread 124 | HWThread 125 | HWThread 126 | HWThread 127 | HWThread 128 | HWThread 129 | HWThread 130 | HWThread 131 | HWThread 132 | HWThread 133 | HWThread 134 | HWThread 135 | HWThread 136 | HWThread 137 | HWThread 138 | HWThread 139 | HWThread 140 | HWThread 141 | HWThread 142 | HWThread 143 | HWThread 144 | HWThread 145 | HWThread 146 | HWThread 147 | HWThread 148 | HWThread 149 | HWThread 150 | HWThread 151 | HWThread 152 | HWThread 153 | HWThread 154 | HWThread 155 | HWThread 156 | HWThread 157 | HWThread 158 | HWThread 159 | HWThread 160 | HWThread 161 | HWThread 162 | HWThread 163 | HWThread 164 | HWThread 165 | HWThread 166 | HWThread 167 | HWThread 168 | HWThread 169 | HWThread 170 | HWThread 171 | HWThread 172 | HWThread 173 | HWThread 174 | HWThread 175 | HWThread 176 | HWThread 177 | HWThread 178 | HWThread 179 | HWThread 180 | HWThread 181 | HWThread 182 | HWThread 183 | HWThread 184 | HWThread 185 | HWThread 186 | HWThread 187 | HWThread 188 | HWThread 189 | HWThread 190 | HWThread 191 |
+---------------------------+---------+-------------+-------------+-------------+-------------+-------------+-------------+-------------+-------------+-------------+-------------+-------------+-------------+-------------+-------------+-------------+-------------+-------------+-------------+-------------+-------------+-------------+-------------+-------------+-------------+-------------+-------------+-------------+-------------+-------------+-------------+-------------+-------------+-------------+-------------+-------------+-------------+-------------+-------------+-------------+-------------+-------------+-------------+-------------+-------------+-------------+-------------+-------------+-------------+-------------+-------------+-------------+-------------+-------------+-------------+-------------+-------------+-------------+-------------+-------------+-------------+-------------+-------------+-------------+-------------+-------------+-------------+-------------+-------------+-------------+-------------+-------------+-------------+-------------+-------------+-------------+-------------+-------------+-------------+-------------+-------------+-------------+-------------+-------------+-------------+-------------+-------------+-------------+-------------+-------------+-------------+-------------+-------------+-------------+-------------+-------------+-------------+-------------+-------------+-------------+-------------+--------------+--------------+--------------+--------------+--------------+--------------+--------------+--------------+--------------+--------------+--------------+--------------+--------------+--------------+--------------+--------------+--------------+--------------+--------------+--------------+--------------+--------------+--------------+--------------+--------------+--------------+--------------+--------------+--------------+--------------+--------------+--------------+--------------+--------------+--------------+--------------+--------------+--------------+--------------+--------------+--------------+--------------+--------------+--------------+--------------+--------------+--------------+--------------+--------------+--------------+--------------+--------------+--------------+--------------+--------------+--------------+--------------+--------------+--------------+--------------+--------------+--------------+--------------+--------------+--------------+--------------+--------------+--------------+--------------+--------------+--------------+--------------+--------------+--------------+--------------+--------------+--------------+--------------+--------------+--------------+--------------+--------------+--------------+--------------+--------------+--------------+--------------+--------------+--------------+--------------+--------------+--------------+
|      ACTUAL_CPU_CLOCK     |  FIXC1  |  4077166000 |  4076483000 |  4076459000 |  4076013000 |  4075572000 |  4075792000 |  4078380000 |  4075788000 |  4077018000 |  4076725000 |  4077027000 |  4076179000 |  4077424000 |  4077032000 |  4076089000 |  4076708000 |  4075608000 |  4075308000 |  4075400000 |  4076316000 |  4075145000 |  4075164000 |  4075184000 |  4076533000 |  4076421000 |  4076372000 |  4075909000 |  4077331000 |  4077127000 |  4076669000 |  4076942000 |  4076268000 |  4075862000 |  4076362000 |  4076250000 |  4075396000 |  4075306000 |  4075824000 |  4075864000 |  4076424000 |  4076126000 |  4075800000 |  4075584000 |  4076241000 |  4075021000 |  4076018000 |  4075963000 |  4075813000 |  4076019000 |  4077167000 |  4076365000 |  4077104000 |  4077038000 |  4077480000 |  4076396000 |  4076962000 |  4077774000 |  4075354000 |  4077925000 |  4077388000 |  4077580000 |  4077690000 |  4076408000 |  4076447000 |  4075206000 |  4075065000 |  4075090000 |  4075140000 |  4075140000 |  4075118000 |  4075104000 |  4075169000 |  4075756000 |  4075825000 |  4075883000 |  4075824000 |  4075807000 |  4075818000 |  4075805000 |  4075808000 |  4076940000 |  4077044000 |  4076404000 |  4076622000 |  4076165000 |  4077070000 |  4077149000 |  4076511000 |  4077151000 |  4076388000 |  4077206000 |  4077151000 |  4077188000 |  4076698000 |  4077208000 |  4077219000 |  4101609000 |  4101605000 |  4101656000 |  4101503000 |   4101545000 |   4101419000 |   4102177000 |   4101697000 |   4102291000 |   4102532000 |   4101360000 |   4101717000 |   4102118000 |   4103897000 |   4103830000 |   4102175000 |   4101442000 |   4101923000 |   4101407000 |   4101957000 |   4101749000 |   4101731000 |   4101919000 |   4102090000 |   4104455000 |   4104587000 |   4104257000 |   4105044000 |   4104336000 |   4104514000 |   4104832000 |   4105195000 |   4101202000 |   4100681000 |   4101073000 |   4101272000 |   4101102000 |   4101100000 |   4101050000 |   4100239000 |   4100955000 |   4100148000 |   4100153000 |   4100824000 |   4100992000 |   4100215000 |   4101016000 |   4102288000 |   4102344000 |   4101702000 |   4102822000 |   4102343000 |   4102434000 |   4102873000 |   4102329000 |   4102844000 |   4102153000 |   4102161000 |   4102374000 |   4102189000 |   4102245000 |   4102234000 |   4101859000 |   4101865000 |   4097842000 |   4103071000 |   4097202000 |   4102641000 |   4101944000 |   4102801000 |   4102937000 |   4103164000 |   4102904000 |   4101969000 |   4103410000 |   4103407000 |   4103036000 |   4102234000 |   4103430000 |   4103431000 |   4104130000 |   4103772000 |   4104984000 |   4102682000 |   4104006000 |   4104049000 |   4104514000 |   4103939000 |   4101960000 |   4101845000 |   4101378000 |   4102237000 |   4100927000 |   4101488000 |   4102233000 |   4102256000 |
|       MAX_CPU_CLOCK       |  FIXC2  |  3199673000 |  3198572000 |  3198444000 |  3197620000 |  3197631000 |  3197336000 |  3199811000 |  3197346000 |  3199329000 |  3198600000 |  3199342000 |  3198542000 |  3199309000 |  3198867000 |  3198209000 |  3199160000 |  3197775000 |  3197669000 |  3197653000 |  3198292000 |  3198019000 |  3197953000 |  3197583000 |  3199153000 |  3198596000 |  3198538000 |  3197611000 |  3199164000 |  3198838000 |  3198896000 |  3198850000 |  3198861000 |  3198706000 |  3198609000 |  3198699000 |  3198033000 |  3197856000 |  3198707000 |  3198706000 |  3198791000 |  3198603000 |  3198180000 |  3198914000 |  3198649000 |  3197669000 |  3198309000 |  3198733000 |  3198644000 |  3198778000 |  3199362000 |  3199045000 |  3198825000 |  3198781000 |  3199796000 |  3198620000 |  3198701000 |  3199977000 |  3197077000 |  3200154000 |  3199225000 |  3199745000 |  3199887000 |  3198623000 |  3198553000 |  3198901000 |  3198854000 |  3198818000 |  3198869000 |  3198885000 |  3198865000 |  3198913000 |  3198847000 |  3198438000 |  3198491000 |  3198147000 |  3198488000 |  3198487000 |  3198517000 |  3198492000 |  3198471000 |  3198890000 |  3198818000 |  3198583000 |  3198330000 |  3198382000 |  3198845000 |  3198906000 |  3198224000 |  3198913000 |  3198620000 |  3198992000 |  3198913000 |  3198926000 |  3198334000 |  3198997000 |  3199003000 |  3197727000 |  3197701000 |  3197732000 |  3197634000 |   3197658000 |   3198001000 |   3198317000 |   3197764000 |   3197459000 |   3198220000 |   3197030000 |   3196797000 |   3197300000 |   3199299000 |   3199240000 |   3197352000 |   3198781000 |   3198218000 |   3198805000 |   3198229000 |   3198530000 |   3198510000 |   3198294000 |   3198419000 |   3199802000 |   3199959000 |   3199552000 |   3200274000 |   3199599000 |   3199929000 |   3200134000 |   3200489000 |   3198828000 |   3198154000 |   3198653000 |   3198340000 |   3198741000 |   3198673000 |   3198573000 |   3198513000 |   3197626000 |   3197251000 |   3197518000 |   3198620000 |   3197662000 |   3197408000 |   3197716000 |   3198871000 |   3198368000 |   3197707000 |   3198745000 |   3198366000 |   3198398000 |   3199134000 |   3198358000 |   3199091000 |   3198780000 |   3198789000 |   3198507000 |   3198805000 |   3198909000 |   3198912000 |   3198436000 |   3198438000 |   3195885000 |   3198401000 |   3195122000 |   3198332000 |   3197781000 |   3198236000 |   3198371000 |   3198907000 |   3199564000 |   3198545000 |   3199613000 |   3199529000 |   3199182000 |   3198394000 |   3199612000 |   3199855000 |   3199209000 |   3198851000 |   3200285000 |   3198764000 |   3199031000 |   3199102000 |   3199960000 |   3198651000 |   3199227000 |   3199030000 |   3198438000 |   3199426000 |   3197828000 |   3198484000 |   3199405000 |   3199405000 |
|    RETIRED_INSTRUCTIONS   |   PMC0  |  5101922000 |  5103556000 |  5103610000 |  5103575000 |  5103345000 |  5103610000 |  5103526000 |  5103510000 |  5103181000 |  5103143000 |  5103230000 |  5103118000 |  5103204000 |  5103163000 |  5103096000 |  5103229000 |  5102691000 |  5102611000 |  5102762000 |  5102660000 |  5102614000 |  5102729000 |  5102652000 |  5102960000 |  5102986000 |  5103052000 |  5103017000 |  5103074000 |  5103065000 |  5102965000 |  5102908000 |  5102852000 |  5102667000 |  5102933000 |  5102937000 |  5102822000 |  5102763000 |  5102931000 |  5102745000 |  5102941000 |  5102572000 |  5102521000 |  5102526000 |  5102502000 |  5102171000 |  5102318000 |  5102245000 |  5102207000 |  5102831000 |  5103272000 |  5103039000 |  5103132000 |  5103093000 |  5103162000 |  5102987000 |  5103105000 |  5102997000 |  5102691000 |  5102895000 |  5102949000 |  5102962000 |  5102999000 |  5102675000 |  5103021000 |  5102603000 |  5102670000 |  5102633000 |  5102637000 |  5102373000 |  5102230000 |  5102421000 |  5102339000 |  5102387000 |  5102483000 |  5102585000 |  5102488000 |  5102566000 |  5102446000 |  5102455000 |  5102541000 |  5103043000 |  5102840000 |  5103026000 |  5102956000 |  5102914000 |  5103033000 |  5103027000 |  5102983000 |  5102754000 |  5102787000 |  5102848000 |  5102802000 |  5102501000 |  5102231000 |  5102788000 |  5102684000 |  5108446000 |  5108484000 |  5108450000 |  5108585000 |   5108477000 |   5108503000 |   5108534000 |   5108488000 |   5108679000 |   5108868000 |   5108618000 |   5108759000 |   5108623000 |   5108789000 |   5108737000 |   5108782000 |   5108414000 |   5108402000 |   5108434000 |   5108430000 |   5106035000 |   5108013000 |   5107960000 |   5108240000 |   5108676000 |   5108716000 |   5108724000 |   5109534000 |   5108703000 |   5108678000 |   5109550000 |   5109506000 |   5108504000 |   5108536000 |   5108552000 |   5108650000 |   5107195000 |   5108574000 |   5108464000 |   5108454000 |   5108357000 |   5108228000 |   5108253000 |   5108380000 |   5107998000 |   5107973000 |   5107705000 |   5108083000 |   5108235000 |   5108137000 |   5108206000 |   5108235000 |   5108165000 |   5108246000 |   5108201000 |   5108222000 |   5108064000 |   5108063000 |   5108124000 |   5108142000 |   5108208000 |   5108129000 |   5108084000 |   5108104000 |   5108406000 |   5108611000 |   5108461000 |   5108432000 |   5108285000 |   5106495000 |   5108316000 |   5108286000 |   5108259000 |   5108093000 |   5108078000 |   5108165000 |   5108247000 |   5108056000 |   5108131000 |   5108341000 |   5108345000 |   5108428000 |   5109320000 |   5108270000 |   5108377000 |   5108496000 |   5108561000 |   5108429000 |   5108131000 |   5108154000 |   5108127000 |   5108186000 |   5107609000 |   5107889000 |   5107898000 |   5107928000 |
|    CPU_CLOCKS_UNHALTED    |   PMC1  |  4030306000 |  4037036000 |  4037280000 |  4037190000 |  4036006000 |  4037297000 |  4036909000 |  4036882000 |  4035150000 |  4034648000 |  4035255000 |  4034562000 |  4035263000 |  4034873000 |  4034552000 |  4035249000 |  4032306000 |  4031952000 |  4032570000 |  4032018000 |  4031998000 |  4032371000 |  4032047000 |  4033688000 |  4034015000 |  4034225000 |  4034384000 |  4034435000 |  4034484000 |  4033861000 |  4033488000 |  4033220000 |  4032527000 |  4033625000 |  4033742000 |  4033077000 |  4033072000 |  4033635000 |  4032983000 |  4033636000 |  4031797000 |  4031390000 |  4031552000 |  4031409000 |  4030509000 |  4031020000 |  4031089000 |  4030840000 |  4033372000 |  4035601000 |  4034350000 |  4034914000 |  4034833000 |  4034947000 |  4034026000 |  4034704000 |  4034241000 |  4032262000 |  4033549000 |  4033730000 |  4034020000 |  4033962000 |  4032242000 |  4034197000 |  4031841000 |  4032133000 |  4031985000 |  4032035000 |  4031536000 |  4031651000 |  4032137000 |  4031283000 |  4031004000 |  4031388000 |  4031874000 |  4031202000 |  4031832000 |  4031103000 |  4031157000 |  4031555000 |  4034574000 |  4033880000 |  4034254000 |  4033976000 |  4033866000 |  4034455000 |  4034345000 |  4034056000 |  4032727000 |  4032926000 |  4033276000 |  4032969000 |  4032443000 |  4031856000 |  4033907000 |  4033300000 |  4064580000 |  4064647000 |  4064403000 |  4065188000 |   4064725000 |   4064739000 |   4065085000 |   4064707000 |   4065761000 |   4066746000 |   4065356000 |   4066122000 |   4065466000 |   4066310000 |   4066074000 |   4066297000 |   4064406000 |   4064185000 |   4064461000 |   4064380000 |   4064144000 |   4064075000 |   4063615000 |   4064175000 |   4065965000 |   4066025000 |   4066099000 |   4070530000 |   4066093000 |   4065779000 |   4070661000 |   4070420000 |   4064880000 |   4064967000 |   4065074000 |   4065686000 |   4057676000 |   4065139000 |   4064633000 |   4064535000 |   4063973000 |   4063150000 |   4063369000 |   4064052000 |   4063648000 |   4062411000 |   4062637000 |   4063351000 |   4063534000 |   4062758000 |   4063305000 |   4063444000 |   4063190000 |   4063494000 |   4063224000 |   4063367000 |   4062369000 |   4062295000 |   4062658000 |   4062752000 |   4063250000 |   4062637000 |   4062487000 |   4062574000 |   4064371000 |   4065429000 |   4064501000 |   4064366000 |   4064469000 |   4063833000 |   4064618000 |   4065480000 |   4063640000 |   4062458000 |   4062428000 |   4062936000 |   4063490000 |   4062293000 |   4062777000 |   4063927000 |   4063911000 |   4064327000 |   4069402000 |   4063486000 |   4064146000 |   4064661000 |   4065102000 |   4064325000 |   4062788000 |   4062838000 |   4062735000 |   4063055000 |   4060794000 |   4062203000 |   4062352000 |   4062338000 |
| RETIRED_SSE_AVX_FLOPS_ALL |   PMC2  | 64424510000 | 64424510000 | 64424510000 | 64424510000 | 64424510000 | 64424510000 | 64424510000 | 64424510000 | 64424510000 | 64424510000 | 64424510000 | 64424510000 | 64424510000 | 64424510000 | 64424510000 | 64424510000 | 64424510000 | 64424510000 | 64424510000 | 64424510000 | 64424510000 | 64424510000 | 64424510000 | 64424510000 | 64424510000 | 64424510000 | 64424510000 | 64424510000 | 64424510000 | 64424510000 | 64424510000 | 64424510000 | 64424510000 | 64424510000 | 64424510000 | 64424510000 | 64424510000 | 64424510000 | 64424510000 | 64424510000 | 64424510000 | 64424510000 | 64424510000 | 64424510000 | 64424510000 | 64424510000 | 64424510000 | 64424510000 | 64424510000 | 64424510000 | 64424510000 | 64424510000 | 64424510000 | 64424510000 | 64424510000 | 64424510000 | 64424510000 | 64424510000 | 64424510000 | 64424510000 | 64424510000 | 64424510000 | 64424510000 | 64424510000 | 64424510000 | 64424510000 | 64424510000 | 64424510000 | 64424510000 | 64424510000 | 64424510000 | 64424510000 | 64424510000 | 64424510000 | 64424510000 | 64424510000 | 64424510000 | 64424510000 | 64424510000 | 64424510000 | 64424510000 | 64424510000 | 64424510000 | 64424510000 | 64424510000 | 64424510000 | 64424510000 | 64424510000 | 64424510000 | 64424510000 | 64424510000 | 64424510000 | 64424510000 | 64424510000 | 64424510000 | 64424510000 | 64424510000 | 64424510000 | 64424510000 | 64424510000 |  64424510000 |  64424510000 |  64424510000 |  64424510000 |  64424510000 |  64424510000 |  64424510000 |  64424510000 |  64424510000 |  64424510000 |  64424510000 |  64424510000 |  64424510000 |  64424510000 |  64424510000 |  64424510000 |  64424510000 |  64424510000 |  64424510000 |  64424510000 |  64424510000 |  64424510000 |  64424510000 |  64424510000 |  64424510000 |  64424510000 |  64424510000 |  64424510000 |  64424510000 |  64424510000 |  64424510000 |  64424510000 |  64424510000 |  64424510000 |  64424510000 |  64424510000 |  64424510000 |  64424510000 |  64424510000 |  64424510000 |  64424510000 |  64424510000 |  64424510000 |  64424510000 |  64424510000 |  64424510000 |  64424510000 |  64424510000 |  64424510000 |  64424510000 |  64424510000 |  64424510000 |  64424510000 |  64424510000 |  64424510000 |  64424510000 |  64424510000 |  64424510000 |  64424510000 |  64424510000 |  64424510000 |  64424510000 |  64424510000 |  64424510000 |  64424510000 |  64424510000 |  64424510000 |  64424510000 |  64424510000 |  64424510000 |  64424510000 |  64424510000 |  64424510000 |  64424510000 |  64424510000 |  64424510000 |  64424510000 |  64424510000 |  64424510000 |  64424510000 |  64424510000 |  64424510000 |  64424510000 |  64424510000 |  64424510000 |  64424510000 |  64424510000 |  64424510000 |  64424510000 |  64424510000 |  64424510000 |  64424510000 |
|           MERGE           |   PMC3  |           0 |           0 |           0 |           0 |           0 |           0 |           0 |           0 |           0 |           0 |           0 |           0 |           0 |           0 |           0 |           0 |           0 |           0 |           0 |           0 |           0 |           0 |           0 |           0 |           0 |           0 |           0 |           0 |           0 |           0 |           0 |           0 |           0 |           0 |           0 |           0 |           0 |           0 |           0 |           0 |           0 |           0 |           0 |           0 |           0 |           0 |           0 |           0 |           0 |           0 |           0 |           0 |           0 |           0 |           0 |           0 |           0 |           0 |           0 |           0 |           0 |           0 |           0 |           0 |           0 |           0 |           0 |           0 |           0 |           0 |           0 |           0 |           0 |           0 |           0 |           0 |           0 |           0 |           0 |           0 |           0 |           0 |           0 |           0 |           0 |           0 |           0 |           0 |           0 |           0 |           0 |           0 |           0 |           0 |           0 |           0 |           0 |           0 |           0 |           0 |            0 |            0 |            0 |            0 |            0 |            0 |            0 |            0 |            0 |            0 |            0 |            0 |            0 |            0 |            0 |            0 |            0 |            0 |            0 |            0 |            0 |            0 |            0 |            0 |            0 |            0 |            0 |            0 |            0 |            0 |            0 |            0 |            0 |            0 |            0 |            0 |            0 |            0 |            0 |            0 |            0 |            0 |            0 |            0 |            0 |            0 |            0 |            0 |            0 |            0 |            0 |            0 |            0 |            0 |            0 |            0 |            0 |            0 |            0 |            0 |            0 |            0 |            0 |            0 |            0 |            0 |            0 |            0 |            0 |            0 |            0 |            0 |            0 |            0 |            0 |            0 |            0 |            0 |            0 |            0 |            0 |            0 |            0 |            0 |            0 |            0 |            0 |            0 |            0 |            0 |            0 |            0 |
+---------------------------+---------+-------------+-------------+-------------+-------------+-------------+-------------+-------------+-------------+-------------+-------------+-------------+-------------+-------------+-------------+-------------+-------------+-------------+-------------+-------------+-------------+-------------+-------------+-------------+-------------+-------------+-------------+-------------+-------------+-------------+-------------+-------------+-------------+-------------+-------------+-------------+-------------+-------------+-------------+-------------+-------------+-------------+-------------+-------------+-------------+-------------+-------------+-------------+-------------+-------------+-------------+-------------+-------------+-------------+-------------+-------------+-------------+-------------+-------------+-------------+-------------+-------------+-------------+-------------+-------------+-------------+-------------+-------------+-------------+-------------+-------------+-------------+-------------+-------------+-------------+-------------+-------------+-------------+-------------+-------------+-------------+-------------+-------------+-------------+-------------+-------------+-------------+-------------+-------------+-------------+-------------+-------------+-------------+-------------+-------------+-------------+-------------+-------------+-------------+-------------+-------------+--------------+--------------+--------------+--------------+--------------+--------------+--------------+--------------+--------------+--------------+--------------+--------------+--------------+--------------+--------------+--------------+--------------+--------------+--------------+--------------+--------------+--------------+--------------+--------------+--------------+--------------+--------------+--------------+--------------+--------------+--------------+--------------+--------------+--------------+--------------+--------------+--------------+--------------+--------------+--------------+--------------+--------------+--------------+--------------+--------------+--------------+--------------+--------------+--------------+--------------+--------------+--------------+--------------+--------------+--------------+--------------+--------------+--------------+--------------+--------------+--------------+--------------+--------------+--------------+--------------+--------------+--------------+--------------+--------------+--------------+--------------+--------------+--------------+--------------+--------------+--------------+--------------+--------------+--------------+--------------+--------------+--------------+--------------+--------------+--------------+--------------+--------------+--------------+--------------+--------------+--------------+--------------+
+--------------------------------+---------+----------------+-------------+-------------+--------------+
|              Event             | Counter |       Sum      |     Min     |     Max     |      Avg     |
+--------------------------------+---------+----------------+-------------+-------------+--------------+
|      ACTUAL_CPU_CLOCK STAT     |  FIXC1  |   785143648000 |  4075021000 |  4105195000 | 4.089290e+09 |
|       MAX_CPU_CLOCK STAT       |  FIXC2  |   614132428000 |  3195122000 |  3200489000 | 3.198606e+09 |
|    RETIRED_INSTRUCTIONS STAT   |   PMC0  |   980271419000 |  5101922000 |  5109550000 | 5.105580e+09 |
|    CPU_CLOCKS_UNHALTED STAT    |   PMC1  |   777370116000 |  4030306000 |  4070661000 | 4.048803e+09 |
| RETIRED_SSE_AVX_FLOPS_ALL STAT |   PMC2  | 12369505920000 | 64424510000 | 64424510000 |  64424510000 |
|           MERGE STAT           |   PMC3  |              0 |           0 |           0 |            0 |
+--------------------------------+---------+----------------+-------------+-------------+--------------+
+----------------------+------------+------------+------------+------------+------------+------------+------------+------------+------------+------------+-------------+-------------+-------------+-------------+-------------+-------------+-------------+-------------+-------------+-------------+-------------+-------------+-------------+-------------+-------------+-------------+-------------+-------------+-------------+-------------+-------------+-------------+-------------+-------------+-------------+-------------+-------------+-------------+-------------+-------------+-------------+-------------+-------------+-------------+-------------+-------------+-------------+-------------+-------------+-------------+-------------+-------------+-------------+-------------+-------------+-------------+-------------+-------------+-------------+-------------+-------------+-------------+-------------+-------------+-------------+-------------+-------------+-------------+-------------+-------------+-------------+-------------+-------------+-------------+-------------+-------------+-------------+-------------+-------------+-------------+-------------+-------------+-------------+-------------+-------------+-------------+-------------+-------------+-------------+-------------+-------------+-------------+-------------+-------------+-------------+-------------+-------------+-------------+-------------+-------------+--------------+--------------+--------------+--------------+--------------+--------------+--------------+--------------+--------------+--------------+--------------+--------------+--------------+--------------+--------------+--------------+--------------+--------------+--------------+--------------+--------------+--------------+--------------+--------------+--------------+--------------+--------------+--------------+--------------+--------------+--------------+--------------+--------------+--------------+--------------+--------------+--------------+--------------+--------------+--------------+--------------+--------------+--------------+--------------+--------------+--------------+--------------+--------------+--------------+--------------+--------------+--------------+--------------+--------------+--------------+--------------+--------------+--------------+--------------+--------------+--------------+--------------+--------------+--------------+--------------+--------------+--------------+--------------+--------------+--------------+--------------+--------------+--------------+--------------+--------------+--------------+--------------+--------------+--------------+--------------+--------------+--------------+--------------+--------------+--------------+--------------+--------------+--------------+--------------+--------------+--------------+--------------+
|        Metric        | HWThread 0 | HWThread 1 | HWThread 2 | HWThread 3 | HWThread 4 | HWThread 5 | HWThread 6 | HWThread 7 | HWThread 8 | HWThread 9 | HWThread 10 | HWThread 11 | HWThread 12 | HWThread 13 | HWThread 14 | HWThread 15 | HWThread 16 | HWThread 17 | HWThread 18 | HWThread 19 | HWThread 20 | HWThread 21 | HWThread 22 | HWThread 23 | HWThread 24 | HWThread 25 | HWThread 26 | HWThread 27 | HWThread 28 | HWThread 29 | HWThread 30 | HWThread 31 | HWThread 32 | HWThread 33 | HWThread 34 | HWThread 35 | HWThread 36 | HWThread 37 | HWThread 38 | HWThread 39 | HWThread 40 | HWThread 41 | HWThread 42 | HWThread 43 | HWThread 44 | HWThread 45 | HWThread 46 | HWThread 47 | HWThread 48 | HWThread 49 | HWThread 50 | HWThread 51 | HWThread 52 | HWThread 53 | HWThread 54 | HWThread 55 | HWThread 56 | HWThread 57 | HWThread 58 | HWThread 59 | HWThread 60 | HWThread 61 | HWThread 62 | HWThread 63 | HWThread 64 | HWThread 65 | HWThread 66 | HWThread 67 | HWThread 68 | HWThread 69 | HWThread 70 | HWThread 71 | HWThread 72 | HWThread 73 | HWThread 74 | HWThread 75 | HWThread 76 | HWThread 77 | HWThread 78 | HWThread 79 | HWThread 80 | HWThread 81 | HWThread 82 | HWThread 83 | HWThread 84 | HWThread 85 | HWThread 86 | HWThread 87 | HWThread 88 | HWThread 89 | HWThread 90 | HWThread 91 | HWThread 92 | HWThread 93 | HWThread 94 | HWThread 95 | HWThread 96 | HWThread 97 | HWThread 98 | HWThread 99 | HWThread 100 | HWThread 101 | HWThread 102 | HWThread 103 | HWThread 104 | HWThread 105 | HWThread 106 | HWThread 107 | HWThread 108 | HWThread 109 | HWThread 110 | HWThread 111 | HWThread 112 | HWThread 113 | HWThread 114 | HWThread 115 | HWThread 116 | HWThread 117 | HWThread 118 | HWThread 119 | HWThread 120 | HWThread 121 | HWThread 122 | HWThread 123 | HWThread 124 | HWThread 125 | HWThread 126 | HWThread 127 | HWThread 128 | HWThread 129 | HWThread 130 | HWThread 131 | HWThread 132 | HWThread 133 | HWThread 134 | HWThread 135 | HWThread 136 | HWThread 137 | HWThread 138 | HWThread 139 | HWThread 140 | HWThread 141 | HWThread 142 | HWThread 143 | HWThread 144 | HWThread 145 | HWThread 146 | HWThread 147 | HWThread 148 | HWThread 149 | HWThread 150 | HWThread 151 | HWThread 152 | HWThread 153 | HWThread 154 | HWThread 155 | HWThread 156 | HWThread 157 | HWThread 158 | HWThread 159 | HWThread 160 | HWThread 161 | HWThread 162 | HWThread 163 | HWThread 164 | HWThread 165 | HWThread 166 | HWThread 167 | HWThread 168 | HWThread 169 | HWThread 170 | HWThread 171 | HWThread 172 | HWThread 173 | HWThread 174 | HWThread 175 | HWThread 176 | HWThread 177 | HWThread 178 | HWThread 179 | HWThread 180 | HWThread 181 | HWThread 182 | HWThread 183 | HWThread 184 | HWThread 185 | HWThread 186 | HWThread 187 | HWThread 188 | HWThread 189 | HWThread 190 | HWThread 191 |
+----------------------+------------+------------+------------+------------+------------+------------+------------+------------+------------+------------+-------------+-------------+-------------+-------------+-------------+-------------+-------------+-------------+-------------+-------------+-------------+-------------+-------------+-------------+-------------+-------------+-------------+-------------+-------------+-------------+-------------+-------------+-------------+-------------+-------------+-------------+-------------+-------------+-------------+-------------+-------------+-------------+-------------+-------------+-------------+-------------+-------------+-------------+-------------+-------------+-------------+-------------+-------------+-------------+-------------+-------------+-------------+-------------+-------------+-------------+-------------+-------------+-------------+-------------+-------------+-------------+-------------+-------------+-------------+-------------+-------------+-------------+-------------+-------------+-------------+-------------+-------------+-------------+-------------+-------------+-------------+-------------+-------------+-------------+-------------+-------------+-------------+-------------+-------------+-------------+-------------+-------------+-------------+-------------+-------------+-------------+-------------+-------------+-------------+-------------+--------------+--------------+--------------+--------------+--------------+--------------+--------------+--------------+--------------+--------------+--------------+--------------+--------------+--------------+--------------+--------------+--------------+--------------+--------------+--------------+--------------+--------------+--------------+--------------+--------------+--------------+--------------+--------------+--------------+--------------+--------------+--------------+--------------+--------------+--------------+--------------+--------------+--------------+--------------+--------------+--------------+--------------+--------------+--------------+--------------+--------------+--------------+--------------+--------------+--------------+--------------+--------------+--------------+--------------+--------------+--------------+--------------+--------------+--------------+--------------+--------------+--------------+--------------+--------------+--------------+--------------+--------------+--------------+--------------+--------------+--------------+--------------+--------------+--------------+--------------+--------------+--------------+--------------+--------------+--------------+--------------+--------------+--------------+--------------+--------------+--------------+--------------+--------------+--------------+--------------+--------------+--------------+
|  Runtime (RDTSC) [s] |     1.3326 |     1.3329 |     1.3330 |     1.3330 |     1.3327 |     1.3330 |     1.3329 |     1.3329 |     1.3329 |     1.3327 |      1.3329 |      1.3327 |      1.3329 |      1.3328 |      1.3327 |      1.3329 |      1.3327 |      1.3327 |      1.3328 |      1.3326 |      1.3326 |      1.3327 |      1.3326 |      1.3331 |      1.3328 |      1.3328 |      1.3329 |      1.3329 |      1.3329 |      1.3327 |      1.3326 |      1.3326 |      1.3326 |      1.3327 |      1.3327 |      1.3326 |      1.3326 |      1.3327 |      1.3326 |      1.3327 |      1.3327 |      1.3326 |      1.3326 |      1.3326 |      1.3326 |      1.3326 |      1.3326 |      1.3326 |      1.3326 |      1.3331 |      1.3328 |      1.3329 |      1.3329 |      1.3329 |      1.3327 |      1.3329 |      1.3332 |      1.3327 |      1.3331 |      1.3331 |      1.3332 |      1.3332 |      1.3327 |      1.3332 |      1.3326 |      1.3327 |      1.3326 |      1.3327 |      1.3327 |      1.3327 |      1.3327 |      1.3326 |      1.3326 |      1.3326 |      1.3327 |      1.3326 |      1.3328 |      1.3327 |      1.3326 |      1.3326 |      1.3329 |      1.3329 |      1.3327 |      1.3327 |      1.3326 |      1.3329 |      1.3329 |      1.3326 |      1.3328 |      1.3327 |      1.3329 |      1.3328 |      1.3328 |      1.3327 |      1.3331 |      1.3329 |      1.3327 |      1.3327 |      1.3327 |      1.3327 |       1.3328 |       1.3327 |       1.3329 |       1.3327 |       1.3329 |       1.3331 |       1.3326 |       1.3329 |       1.3329 |       1.3329 |       1.3329 |       1.3330 |       1.3327 |       1.3326 |       1.3326 |       1.3326 |       1.3327 |       1.3327 |       1.3327 |       1.3327 |       1.3332 |       1.3332 |       1.3332 |       1.3345 |       1.3332 |       1.3332 |       1.3345 |       1.3345 |       1.3327 |       1.3326 |       1.3327 |       1.3328 |       1.3327 |       1.3327 |       1.3326 |       1.3326 |       1.3329 |       1.3326 |       1.3326 |       1.3328 |       1.3330 |       1.3326 |       1.3330 |       1.3330 |       1.3329 |       1.3327 |       1.3329 |       1.3329 |       1.3329 |       1.3329 |       1.3329 |       1.3329 |       1.3326 |       1.3326 |       1.3327 |       1.3327 |       1.3329 |       1.3327 |       1.3326 |       1.3326 |       1.3326 |       1.3329 |       1.3326 |       1.3326 |       1.3327 |       1.3329 |       1.3329 |       1.3329 |       1.3331 |       1.3327 |       1.3329 |       1.3329 |       1.3331 |       1.3327 |       1.3331 |       1.3332 |       1.3328 |       1.3329 |       1.3345 |       1.3326 |       1.3329 |       1.3329 |       1.3331 |       1.3329 |       1.3330 |       1.3328 |       1.3329 |       1.3330 |       1.3326 |       1.3328 |       1.3330 |       1.3328 |
| Runtime unhalted [s] |     1.7014 |     1.7011 |     1.7011 |     1.7009 |     1.7007 |     1.7008 |     1.7019 |     1.7008 |     1.7013 |     1.7012 |      1.7013 |      1.7010 |      1.7015 |      1.7013 |      1.7009 |      1.7012 |      1.7007 |      1.7006 |      1.7007 |      1.7010 |      1.7005 |      1.7006 |      1.7006 |      1.7011 |      1.7011 |      1.7011 |      1.7009 |      1.7015 |      1.7014 |      1.7012 |      1.7013 |      1.7010 |      1.7008 |      1.7011 |      1.7010 |      1.7006 |      1.7006 |      1.7008 |      1.7008 |      1.7011 |      1.7010 |      1.7008 |      1.7007 |      1.7010 |      1.7005 |      1.7009 |      1.7009 |      1.7008 |      1.7009 |      1.7014 |      1.7011 |      1.7014 |      1.7013 |      1.7015 |      1.7011 |      1.7013 |      1.7016 |      1.7006 |      1.7017 |      1.7015 |      1.7016 |      1.7016 |      1.7011 |      1.7011 |      1.7006 |      1.7005 |      1.7005 |      1.7005 |      1.7005 |      1.7005 |      1.7005 |      1.7006 |      1.7008 |      1.7008 |      1.7009 |      1.7008 |      1.7008 |      1.7008 |      1.7008 |      1.7008 |      1.7013 |      1.7013 |      1.7011 |      1.7012 |      1.7010 |      1.7013 |      1.7014 |      1.7011 |      1.7014 |      1.7011 |      1.7014 |      1.7014 |      1.7014 |      1.7012 |      1.7014 |      1.7014 |      1.7116 |      1.7116 |      1.7116 |      1.7115 |       1.7116 |       1.7115 |       1.7118 |       1.7116 |       1.7119 |       1.7120 |       1.7115 |       1.7116 |       1.7118 |       1.7125 |       1.7125 |       1.7118 |       1.7115 |       1.7117 |       1.7115 |       1.7117 |       1.7116 |       1.7116 |       1.7117 |       1.7118 |       1.7128 |       1.7128 |       1.7127 |       1.7130 |       1.7127 |       1.7128 |       1.7129 |       1.7131 |       1.7114 |       1.7112 |       1.7114 |       1.7114 |       1.7114 |       1.7114 |       1.7114 |       1.7110 |       1.7113 |       1.7110 |       1.7110 |       1.7113 |       1.7113 |       1.7110 |       1.7113 |       1.7119 |       1.7119 |       1.7116 |       1.7121 |       1.7119 |       1.7119 |       1.7121 |       1.7119 |       1.7121 |       1.7118 |       1.7118 |       1.7119 |       1.7118 |       1.7119 |       1.7118 |       1.7117 |       1.7117 |       1.7100 |       1.7122 |       1.7097 |       1.7120 |       1.7117 |       1.7121 |       1.7121 |       1.7122 |       1.7121 |       1.7117 |       1.7123 |       1.7123 |       1.7122 |       1.7118 |       1.7123 |       1.7123 |       1.7126 |       1.7125 |       1.7130 |       1.7120 |       1.7126 |       1.7126 |       1.7128 |       1.7126 |       1.7117 |       1.7117 |       1.7115 |       1.7118 |       1.7113 |       1.7115 |       1.7118 |       1.7119 |
|      Clock [MHz]     |  3053.5700 |  3054.1094 |  3054.2137 |  3054.6665 |  3054.3255 |  3054.7722 |  3054.3475 |  3054.7596 |  3053.7875 |  3054.2640 |   3053.7818 |   3053.9103 |   3054.1107 |   3054.2390 |   3054.1608 |   3053.7166 |   3054.2149 |   3054.0913 |   3054.1755 |   3054.2517 |   3053.6349 |   3053.7122 |   3054.0805 |   3053.5922 |   3054.0401 |   3054.0587 |   3054.5971 |   3054.1795 |   3054.3379 |   3053.9394 |   3054.1879 |   3053.6724 |   3053.5162 |   3053.9834 |   3053.8136 |   3053.8096 |   3053.9112 |   3053.4868 |   3053.5177 |   3053.8561 |   3053.8124 |   3053.9720 |   3053.1094 |   3053.8546 |   3053.8762 |   3054.0122 |   3053.5661 |   3053.5387 |   3053.5651 |   3053.8676 |   3053.5695 |   3054.3331 |   3054.3257 |   3053.6878 |   3053.9984 |   3054.3451 |   3053.7353 |   3054.6913 |   3053.6794 |   3054.1639 |   3053.8114 |   3053.7582 |   3054.0045 |   3054.1006 |   3052.8387 |   3052.7779 |   3052.8310 |   3052.8198 |   3052.8045 |   3052.8071 |   3052.7508 |   3052.8625 |   3053.6927 |   3053.6938 |   3054.0657 |   3053.6959 |   3053.6841 |   3053.6637 |   3053.6778 |   3053.7001 |   3054.1482 |   3054.2948 |   3054.0397 |   3054.4447 |   3054.0526 |   3054.2885 |   3054.2895 |   3054.4627 |   3054.2843 |   3053.9924 |   3054.2500 |   3054.2843 |   3054.2996 |   3054.4978 |   3054.2468 |   3054.2493 |   3073.7459 |   3073.7679 |   3073.7763 |   3073.7559 |    3073.7643 |    3073.3402 |    3073.6045 |    3073.7763 |    3074.5147 |    3073.9637 |    3074.2294 |    3074.7211 |    3074.5379 |    3073.9494 |    3073.9559 |    3074.5306 |    3072.6080 |    3073.5093 |    3072.5587 |    3073.5242 |    3073.0791 |    3073.0848 |    3073.4332 |    3073.4413 |    3073.8840 |    3073.8321 |    3073.9759 |    3073.8717 |    3073.9899 |    3073.8062 |    3073.8475 |    3073.7783 |    3072.3830 |    3072.6402 |    3072.4545 |    3072.9043 |    3072.3917 |    3072.4555 |    3072.5141 |    3071.9641 |    3073.3529 |    3073.1085 |    3072.8556 |    3072.2996 |    3073.3460 |    3073.0078 |    3073.3121 |    3073.1553 |    3073.6806 |    3073.8348 |    3073.6764 |    3073.6817 |    3073.7192 |    3073.3409 |    3073.6789 |    3073.3605 |    3073.1416 |    3073.1389 |    3073.5695 |    3073.1445 |    3073.0866 |    3073.0755 |    3073.2518 |    3073.2544 |    3072.6929 |    3074.1936 |    3072.9466 |    3073.9377 |    3073.9450 |    3074.1499 |    3074.1220 |    3073.7770 |    3072.9510 |    3073.2295 |    3073.2830 |    3073.3614 |    3073.4169 |    3073.5732 |    3073.2989 |    3073.0663 |    3074.2104 |    3074.2862 |    3073.8162 |    3073.5533 |    3074.2885 |    3074.2525 |    3073.7765 |    3074.6036 |    3072.5676 |    3072.6707 |    3072.8895 |    3072.5840 |    3073.1377 |    3072.9278 |    3072.6012 |    3072.6184 |
|          CPI         |     0.7900 |     0.7910 |     0.7911 |     0.7911 |     0.7909 |     0.7911 |     0.7910 |     0.7910 |     0.7907 |     0.7906 |      0.7907 |      0.7906 |      0.7907 |      0.7907 |      0.7906 |      0.7907 |      0.7902 |      0.7902 |      0.7903 |      0.7902 |      0.7902 |      0.7902 |      0.7902 |      0.7905 |      0.7905 |      0.7906 |      0.7906 |      0.7906 |      0.7906 |      0.7905 |      0.7904 |      0.7904 |      0.7903 |      0.7905 |      0.7905 |      0.7904 |      0.7904 |      0.7905 |      0.7904 |      0.7905 |      0.7901 |      0.7901 |      0.7901 |      0.7901 |      0.7900 |      0.7900 |      0.7901 |      0.7900 |      0.7904 |      0.7908 |      0.7906 |      0.7907 |      0.7907 |      0.7907 |      0.7905 |      0.7906 |      0.7906 |      0.7902 |      0.7904 |      0.7905 |      0.7905 |      0.7905 |      0.7902 |      0.7906 |      0.7902 |      0.7902 |      0.7902 |      0.7902 |      0.7901 |      0.7902 |      0.7902 |      0.7901 |      0.7900 |      0.7901 |      0.7902 |      0.7900 |      0.7902 |      0.7900 |      0.7900 |      0.7901 |      0.7906 |      0.7905 |      0.7906 |      0.7905 |      0.7905 |      0.7906 |      0.7906 |      0.7905 |      0.7903 |      0.7903 |      0.7904 |      0.7903 |      0.7903 |      0.7902 |      0.7905 |      0.7904 |      0.7957 |      0.7957 |      0.7956 |      0.7958 |       0.7957 |       0.7957 |       0.7957 |       0.7957 |       0.7959 |       0.7960 |       0.7958 |       0.7959 |       0.7958 |       0.7959 |       0.7959 |       0.7959 |       0.7956 |       0.7956 |       0.7956 |       0.7956 |       0.7959 |       0.7956 |       0.7955 |       0.7956 |       0.7959 |       0.7959 |       0.7959 |       0.7967 |       0.7959 |       0.7959 |       0.7967 |       0.7966 |       0.7957 |       0.7957 |       0.7957 |       0.7958 |       0.7945 |       0.7957 |       0.7957 |       0.7956 |       0.7956 |       0.7954 |       0.7955 |       0.7956 |       0.7955 |       0.7953 |       0.7954 |       0.7955 |       0.7955 |       0.7954 |       0.7954 |       0.7955 |       0.7954 |       0.7955 |       0.7954 |       0.7955 |       0.7953 |       0.7953 |       0.7953 |       0.7953 |       0.7954 |       0.7953 |       0.7953 |       0.7953 |       0.7956 |       0.7958 |       0.7956 |       0.7956 |       0.7957 |       0.7958 |       0.7957 |       0.7959 |       0.7955 |       0.7953 |       0.7953 |       0.7954 |       0.7955 |       0.7953 |       0.7954 |       0.7955 |       0.7955 |       0.7956 |       0.7965 |       0.7955 |       0.7956 |       0.7957 |       0.7957 |       0.7956 |       0.7954 |       0.7954 |       0.7953 |       0.7954 |       0.7950 |       0.7953 |       0.7953 |       0.7953 |
|     DP [MFLOP/s]     | 48345.0448 | 48335.7229 | 48331.7341 | 48331.7704 | 48341.9976 | 48331.7341 | 48332.5681 | 48333.4746 | 48333.2208 | 48342.6868 |  48333.2208 |  48341.9613 |  48333.5109 |  48337.1010 |  48342.6868 |  48334.5625 |  48340.4741 |  48342.7231 |  48337.2461 |  48345.0448 |  48344.4281 |  48341.3809 |  48345.0811 |  48325.0997 |  48339.3134 |  48337.0648 |  48333.5834 |  48333.5834 |  48333.5834 |  48339.6761 |  48344.3918 |  48344.9722 |  48344.9722 |  48342.3240 |  48339.8212 |  48344.9722 |  48344.5006 |  48339.8212 |  48344.9360 |  48342.1789 |  48341.8162 |  48343.2309 |  48344.4281 |  48344.4281 |  48344.3918 |  48344.4643 |  48344.4281 |  48345.6615 |  48344.8997 |  48326.2959 |  48337.0648 |  48332.4593 |  48332.4231 |  48333.2208 |  48341.6348 |  48333.1120 |  48322.3812 |  48341.9250 |  48326.9847 |  48326.0784 |  48322.3812 |  48322.3449 |  48341.8525 |  48322.3087 |  48344.3192 |  48342.7956 |  48344.7546 |  48341.7436 |  48342.7956 |  48341.6711 |  48340.2202 |  48344.7908 |  48344.8997 |  48344.8271 |  48340.9819 |  48344.8271 |  48339.1683 |  48342.7593 |  48344.2104 |  48344.8634 |  48334.4174 |  48335.0339 |  48340.9819 |  48342.8682 |  48344.9360 |  48334.9977 |  48335.0339 |  48343.1584 |  48336.5570 |  48342.2515 |  48335.3966 |  48336.8472 |  48336.5208 |  48339.6399 |  48326.7309 |  48335.1427 |  48341.9613 |  48342.9407 |  48342.9770 |  48340.2927 |   48336.7021 |   48340.2927 |   48334.7438 |   48341.1270 |   48334.9251 |   48326.9847 |   48345.1536 |   48334.9251 |   48335.7229 |   48335.7229 |   48334.8889 |   48332.2055 |   48340.9456 |   48344.4281 |   48344.3555 |   48344.2467 |   48341.6711 |   48342.9770 |   48341.9250 |   48341.9250 |   48322.3812 |   48322.3449 |   48322.3087 |   48277.2262 |   48322.3449 |   48322.3812 |   48277.1176 |   48277.2262 |   48340.9456 |   48344.8997 |   48340.9456 |   48337.0648 |   48341.8525 |   48340.8005 |   48344.3555 |   48344.7908 |   48333.4021 |   48344.5369 |   48344.6095 |   48339.3497 |   48332.1330 |   48345.0811 |   48332.1330 |   48332.1693 |   48333.7285 |   48342.3240 |   48335.3603 |   48333.7285 |   48334.1636 |   48333.7285 |   48333.7647 |   48333.6922 |   48344.8271 |   48344.7908 |   48340.3290 |   48342.5054 |   48333.7285 |   48343.0858 |   48344.1016 |   48344.8634 |   48345.1536 |   48333.7647 |   48345.1536 |   48345.1173 |   48342.1427 |   48333.7285 |   48333.7647 |   48333.3296 |   48326.3322 |   48339.9300 |   48335.3966 |   48334.8163 |   48327.2385 |   48341.1995 |   48326.9122 |   48322.5262 |   48337.1373 |   48333.3296 |   48277.3347 |   48344.3918 |   48333.4384 |   48333.3296 |   48326.9122 |   48334.8526 |   48331.3716 |   48337.2824 |   48332.4593 |   48331.3716 |   48344.5732 |   48338.6243 |   48331.3716 |   48337.1736 |
+----------------------+------------+------------+------------+------------+------------+------------+------------+------------+------------+------------+-------------+-------------+-------------+-------------+-------------+-------------+-------------+-------------+-------------+-------------+-------------+-------------+-------------+-------------+-------------+-------------+-------------+-------------+-------------+-------------+-------------+-------------+-------------+-------------+-------------+-------------+-------------+-------------+-------------+-------------+-------------+-------------+-------------+-------------+-------------+-------------+-------------+-------------+-------------+-------------+-------------+-------------+-------------+-------------+-------------+-------------+-------------+-------------+-------------+-------------+-------------+-------------+-------------+-------------+-------------+-------------+-------------+-------------+-------------+-------------+-------------+-------------+-------------+-------------+-------------+-------------+-------------+-------------+-------------+-------------+-------------+-------------+-------------+-------------+-------------+-------------+-------------+-------------+-------------+-------------+-------------+-------------+-------------+-------------+-------------+-------------+-------------+-------------+-------------+-------------+--------------+--------------+--------------+--------------+--------------+--------------+--------------+--------------+--------------+--------------+--------------+--------------+--------------+--------------+--------------+--------------+--------------+--------------+--------------+--------------+--------------+--------------+--------------+--------------+--------------+--------------+--------------+--------------+--------------+--------------+--------------+--------------+--------------+--------------+--------------+--------------+--------------+--------------+--------------+--------------+--------------+--------------+--------------+--------------+--------------+--------------+--------------+--------------+--------------+--------------+--------------+--------------+--------------+--------------+--------------+--------------+--------------+--------------+--------------+--------------+--------------+--------------+--------------+--------------+--------------+--------------+--------------+--------------+--------------+--------------+--------------+--------------+--------------+--------------+--------------+--------------+--------------+--------------+--------------+--------------+--------------+--------------+--------------+--------------+--------------+--------------+--------------+--------------+--------------+--------------+--------------+--------------+
+---------------------------+--------------+------------+------------+------------+
|           Metric          |      Sum     |     Min    |     Max    |     Avg    |
+---------------------------+--------------+------------+------------+------------+
|  Runtime (RDTSC) [s] STAT |     255.9037 |     1.3326 |     1.3345 |     1.3328 |
| Runtime unhalted [s] STAT |     327.6368 |     1.7005 |     1.7131 |     1.7064 |
|      Clock [MHz] STAT     |  588224.9339 |  3052.7508 |  3074.7211 |  3063.6715 |
|          CPI STAT         |     152.2588 |     0.7900 |     0.7967 |     0.7930 |
|     DP [MFLOP/s] STAT     | 9.280621e+06 | 48277.1176 | 48345.6615 | 48336.5685 |
+---------------------------+--------------+------------+------------+------------+
