--------------------------------------------------------------------------------
CPU name:	AMD EPYC 9654 96-Core Processor                
CPU type:	AMD K19 (Zen4) architecture
CPU clock:	2.40 GHz
--------------------------------------------------------------------------------
Region bench, Group 1: FLOPS_DP
+-------------------+------------+------------+------------+------------+------------+------------+------------+------------+------------+------------+-------------+-------------+-------------+-------------+-------------+-------------+-------------+-------------+-------------+-------------+-------------+-------------+-------------+-------------+-------------+-------------+-------------+-------------+-------------+-------------+-------------+-------------+-------------+-------------+-------------+-------------+-------------+-------------+-------------+-------------+-------------+-------------+-------------+-------------+-------------+-------------+-------------+-------------+-------------+-------------+-------------+-------------+-------------+-------------+-------------+-------------+-------------+-------------+-------------+-------------+-------------+-------------+-------------+-------------+-------------+-------------+-------------+-------------+-------------+-------------+-------------+-------------+-------------+-------------+-------------+-------------+-------------+-------------+-------------+-------------+-------------+-------------+-------------+-------------+-------------+-------------+-------------+-------------+-------------+-------------+-------------+-------------+-------------+-------------+-------------+-------------+-------------+-------------+-------------+-------------+--------------+--------------+--------------+--------------+--------------+--------------+--------------+--------------+--------------+--------------+--------------+--------------+--------------+--------------+--------------+--------------+--------------+--------------+--------------+--------------+--------------+--------------+--------------+--------------+--------------+--------------+--------------+--------------+--------------+--------------+--------------+--------------+--------------+--------------+--------------+--------------+--------------+--------------+--------------+--------------+--------------+--------------+--------------+--------------+--------------+--------------+--------------+--------------+--------------+--------------+--------------+--------------+--------------+--------------+--------------+--------------+--------------+--------------+--------------+--------------+--------------+--------------+--------------+--------------+--------------+--------------+--------------+--------------+--------------+--------------+--------------+--------------+--------------+--------------+--------------+--------------+--------------+--------------+--------------+--------------+--------------+--------------+--------------+--------------+--------------+--------------+--------------+--------------+--------------+--------------+--------------+--------------+
|    Region Info    | HWThread 0 | HWThread 1 | HWThread 2 | HWThread 3 | HWThread 4 | HWThread 5 | HWThread 6 | HWThread 7 | HWThread 8 | HWThread 9 | HWThread 10 | HWThread 11 | HWThread 12 | HWThread 13 | HWThread 14 | HWThread 15 | HWThread 16 | HWThread 17 | HWThread 18 | HWThread 19 | HWThread 20 | HWThread 21 | HWThread 22 | HWThread 23 | HWThread 24 | HWThread 25 | HWThread 26 | HWThread 27 | HWThread 28 | HWThread 29 | HWThread 30 | HWThread 31 | HWThread 32 | HWThread 33 | HWThread 34 | HWThread 35 | HWThread 36 | HWThread 37 | HWThread 38 | HWThread 39 | HWThread 40 | HWThread 41 | HWThread 42 | HWThread 43 | HWThread 44 | HWThread 45 | HWThread 46 | HWThread 47 | HWThread 48 | HWThread 49 | HWThread 50 | HWThread 51 | HWThread 52 | HWThread 53 | HWThread 54 | HWThread 55 | HWThread 56 | HWThread 57 | HWThread 58 | HWThread 59 | HWThread 60 | HWThread 61 | HWThread 62 | HWThread 63 | HWThread 64 | HWThread 65 | HWThread 66 | HWThread 67 | HWThread 68 | HWThread 69 | HWThread 70 | HWThread 71 | HWThread 72 | HWThread 73 | HWThread 74 | HWThread 75 | HWThread 76 | HWThread 77 | HWThread 78 | HWThread 79 | HWThread 80 | HWThread 81 | HWThread 82 | HWThread 83 | HWThread 84 | HWThread 85 | HWThread 86 | HWThread 87 | HWThread 88 | HWThread 89 | HWThread 90 | HWThread 91 | HWThread 92 | HWThread 93 | HWThread 94 | HWThread 95 | HWThread 96 | HWThread 97 | HWThread 98 | HWThread 99 | HWThread 100 | HWThread 101 | HWThread 102 | HWThread 103 | HWThread 104 | HWThread 105 | HWThread 106 | HWThread 107 | HWThread 108 | HWThread 109 | HWThread 110 | HWThread 111 | HWThread 112 | HWThread 113 | HWThread 114 | HWThread 115 | HWThread 116 | HWThread 117 | HWThread 118 | HWThread 119 | HWThread 120 | HWThread 121 | HWThread 122 | HWThread 123 | HWThread 124 | HWThread 125 | HWThread 126 | HWThread 127 | HWThread 128 | HWThread 129 | HWThread 130 | HWThread 131 | HWThread 132 | HWThread 133 | HWThread 134 | HWThread 135 | HWThread 136 | HWThread 137 | HWThread 138 | HWThread 139 | HWThread 140 | HWThread 141 | HWThread 142 | HWThread 143 | HWThread 144 | HWThread 145 | HWThread 146 | HWThread 147 | HWThread 148 | HWThread 149 | HWThread 150 | HWThread 151 | HWThread 152 | HWThread 153 | HWThread 154 | HWThread 155 | HWThread 156 | HWThread 157 | HWThread 158 | HWThread 159 | HWThread 160 | HWThread 161 | HWThread 162 | HWThread 163 | HWThread 164 | HWThread 165 | HWThread 166 | HWThread 167 | HWThread 168 | HWThread 169 | HWThread 170 | HWThread 171 | HWThread 172 | HWThread 173 | HWThread 174 | HWThread 175 | HWThread 176 | HWThread 177 | HWThread 178 | HWThread 179 | HWThread 180 | HWThread 181 | HWThread 182 | HWThread 183 | HWThread 184 | HWThread 185 | HWThread 186 | HWThread 187 | HWThread 188 | HWThread 189 | HWThread 190 | HWThread 191 |
+-------------------+------------+------------+------------+------------+------------+------------+------------+------------+------------+------------+-------------+-------------+-------------+-------------+-------------+-------------+-------------+-------------+-------------+-------------+-------------+-------------+-------------+-------------+-------------+-------------+-------------+-------------+-------------+-------------+-------------+-------------+-------------+-------------+-------------+-------------+-------------+-------------+-------------+-------------+-------------+-------------+-------------+-------------+-------------+-------------+-------------+-------------+-------------+-------------+-------------+-------------+-------------+-------------+-------------+-------------+-------------+-------------+-------------+-------------+-------------+-------------+-------------+-------------+-------------+-------------+-------------+-------------+-------------+-------------+-------------+-------------+-------------+-------------+-------------+-------------+-------------+-------------+-------------+-------------+-------------+-------------+-------------+-------------+-------------+-------------+-------------+-------------+-------------+-------------+-------------+-------------+-------------+-------------+-------------+-------------+-------------+-------------+-------------+-------------+--------------+--------------+--------------+--------------+--------------+--------------+--------------+--------------+--------------+--------------+--------------+--------------+--------------+--------------+--------------+--------------+--------------+--------------+--------------+--------------+--------------+--------------+--------------+--------------+--------------+--------------+--------------+--------------+--------------+--------------+--------------+--------------+--------------+--------------+--------------+--------------+--------------+--------------+--------------+--------------+--------------+--------------+--------------+--------------+--------------+--------------+--------------+--------------+--------------+--------------+--------------+--------------+--------------+--------------+--------------+--------------+--------------+--------------+--------------+--------------+--------------+--------------+--------------+--------------+--------------+--------------+--------------+--------------+--------------+--------------+--------------+--------------+--------------+--------------+--------------+--------------+--------------+--------------+--------------+--------------+--------------+--------------+--------------+--------------+--------------+--------------+--------------+--------------+--------------+--------------+--------------+--------------+
| RDTSC Runtime [s] |   1.471748 |   1.471779 |   1.471559 |   1.471780 |   1.471809 |   1.471748 |   1.471789 |   1.471557 |   1.471596 |   1.471588 |    1.471550 |    1.471551 |    1.471591 |    1.471590 |    1.471551 |    1.471602 |    1.471781 |    1.471881 |    1.471791 |    1.471726 |    1.471710 |    1.471764 |    1.471811 |    1.471556 |    1.471583 |    1.471555 |    1.471576 |    1.471603 |    1.471775 |    1.471554 |    1.471554 |    1.471774 |    1.471724 |    1.471556 |    1.471805 |    1.471804 |    1.471559 |    1.471557 |    1.471712 |    1.471559 |    1.471586 |    1.471894 |    1.471564 |    1.471782 |    1.471718 |    1.471586 |    1.471782 |    1.471551 |    1.471759 |    1.471760 |    1.471819 |    1.471616 |    1.471783 |    1.471784 |    1.471781 |    1.471778 |    1.471589 |    1.471554 |    1.471555 |    1.471588 |    1.471721 |    1.471551 |    1.471721 |    1.471589 |    1.471555 |    1.471625 |    1.471665 |    1.471641 |    1.471591 |    1.471719 |    1.471642 |    1.471720 |    1.471721 |    1.471749 |    1.471639 |    1.471604 |    1.471627 |    1.471590 |    1.471638 |    1.471639 |    1.471804 |    1.471584 |    1.471752 |    1.471684 |    1.471805 |    1.471835 |    1.471806 |    1.471752 |    1.471763 |    1.471880 |    1.471880 |    1.471639 |    1.471881 |    1.471780 |    1.471697 |    1.471780 |    1.472020 |    1.472056 |    1.472055 |    1.471859 |     1.471800 |     1.471832 |     1.471665 |     1.471857 |     1.471897 |     1.471791 |     1.471897 |     1.472473 |     1.471860 |     1.471549 |     1.471856 |     1.471756 |     1.471553 |     1.471639 |     1.471556 |     1.471777 |     1.471779 |     1.471607 |     1.471778 |     1.471724 |     1.472484 |     1.471746 |     1.471834 |     1.472094 |     1.472698 |     1.471571 |     1.471921 |     1.471793 |     1.472019 |     1.471549 |     1.471895 |     1.471889 |     1.472473 |     1.472481 |     1.472480 |     1.471806 |     1.471573 |     1.471835 |     1.471802 |     1.471582 |     1.471602 |     1.471611 |     1.471835 |     1.471601 |     1.471551 |     1.471805 |     1.471831 |     1.471869 |     1.471813 |     1.471630 |     1.471789 |     1.471807 |     1.471806 |     1.471837 |     1.471803 |     1.471808 |     1.471874 |     1.471877 |     1.473183 |     1.471878 |     1.472473 |     1.473658 |     1.473081 |     1.473181 |     1.473181 |     1.472449 |     1.471791 |     1.472417 |     1.471721 |     1.471550 |     1.471612 |     1.471638 |     1.471759 |     1.471549 |     1.471871 |     1.471889 |     1.472305 |     1.472430 |     1.472083 |     1.472050 |     1.471758 |     1.471806 |     1.471809 |     1.471798 |     1.471876 |     1.471780 |     1.471584 |     1.471551 |     1.471892 |     1.471832 |     1.471550 |     1.471723 |
|     call count    |          1 |          1 |          1 |          1 |          1 |          1 |          1 |          1 |          1 |          1 |           1 |           1 |           1 |           1 |           1 |           1 |           1 |           1 |           1 |           1 |           1 |           1 |           1 |           1 |           1 |           1 |           1 |           1 |           1 |           1 |           1 |           1 |           1 |           1 |           1 |           1 |           1 |           1 |           1 |           1 |           1 |           1 |           1 |           1 |           1 |           1 |           1 |           1 |           1 |           1 |           1 |           1 |           1 |           1 |           1 |           1 |           1 |           1 |           1 |           1 |           1 |           1 |           1 |           1 |           1 |           1 |           1 |           1 |           1 |           1 |           1 |           1 |           1 |           1 |           1 |           1 |           1 |           1 |           1 |           1 |           1 |           1 |           1 |           1 |           1 |           1 |           1 |           1 |           1 |           1 |           1 |           1 |           1 |           1 |           1 |           1 |           1 |           1 |           1 |           1 |            1 |            1 |            1 |            1 |            1 |            1 |            1 |            1 |            1 |            1 |            1 |            1 |            1 |            1 |            1 |            1 |            1 |            1 |            1 |            1 |            1 |            1 |            1 |            1 |            1 |            1 |            1 |            1 |            1 |            1 |            1 |            1 |            1 |            1 |            1 |            1 |            1 |            1 |            1 |            1 |            1 |            1 |            1 |            1 |            1 |            1 |            1 |            1 |            1 |            1 |            1 |            1 |            1 |            1 |            1 |            1 |            1 |            1 |            1 |            1 |            1 |            1 |            1 |            1 |            1 |            1 |            1 |            1 |            1 |            1 |            1 |            1 |            1 |            1 |            1 |            1 |            1 |            1 |            1 |            1 |            1 |            1 |            1 |            1 |            1 |            1 |            1 |            1 |            1 |            1 |            1 |            1 |
+-------------------+------------+------------+------------+------------+------------+------------+------------+------------+------------+------------+-------------+-------------+-------------+-------------+-------------+-------------+-------------+-------------+-------------+-------------+-------------+-------------+-------------+-------------+-------------+-------------+-------------+-------------+-------------+-------------+-------------+-------------+-------------+-------------+-------------+-------------+-------------+-------------+-------------+-------------+-------------+-------------+-------------+-------------+-------------+-------------+-------------+-------------+-------------+-------------+-------------+-------------+-------------+-------------+-------------+-------------+-------------+-------------+-------------+-------------+-------------+-------------+-------------+-------------+-------------+-------------+-------------+-------------+-------------+-------------+-------------+-------------+-------------+-------------+-------------+-------------+-------------+-------------+-------------+-------------+-------------+-------------+-------------+-------------+-------------+-------------+-------------+-------------+-------------+-------------+-------------+-------------+-------------+-------------+-------------+-------------+-------------+-------------+-------------+-------------+--------------+--------------+--------------+--------------+--------------+--------------+--------------+--------------+--------------+--------------+--------------+--------------+--------------+--------------+--------------+--------------+--------------+--------------+--------------+--------------+--------------+--------------+--------------+--------------+--------------+--------------+--------------+--------------+--------------+--------------+--------------+--------------+--------------+--------------+--------------+--------------+--------------+--------------+--------------+--------------+--------------+--------------+--------------+--------------+--------------+--------------+--------------+--------------+--------------+--------------+--------------+--------------+--------------+--------------+--------------+--------------+--------------+--------------+--------------+--------------+--------------+--------------+--------------+--------------+--------------+--------------+--------------+--------------+--------------+--------------+--------------+--------------+--------------+--------------+--------------+--------------+--------------+--------------+--------------+--------------+--------------+--------------+--------------+--------------+--------------+--------------+--------------+--------------+--------------+--------------+--------------+--------------+
+---------------------------+---------+-------------+-------------+-------------+-------------+-------------+-------------+-------------+-------------+-------------+-------------+-------------+-------------+-------------+-------------+-------------+-------------+-------------+-------------+-------------+-------------+-------------+-------------+-------------+-------------+-------------+-------------+-------------+-------------+-------------+-------------+-------------+-------------+-------------+-------------+-------------+-------------+-------------+-------------+-------------+-------------+-------------+-------------+-------------+-------------+-------------+-------------+-------------+-------------+-------------+-------------+-------------+-------------+-------------+-------------+-------------+-------------+-------------+-------------+-------------+-------------+-------------+-------------+-------------+-------------+-------------+-------------+-------------+-------------+-------------+-------------+-------------+-------------+-------------+-------------+-------------+-------------+-------------+-------------+-------------+-------------+-------------+-------------+-------------+-------------+-------------+-------------+-------------+-------------+-------------+-------------+-------------+-------------+-------------+-------------+-------------+-------------+-------------+-------------+-------------+-------------+--------------+--------------+--------------+--------------+--------------+--------------+--------------+--------------+--------------+--------------+--------------+--------------+--------------+--------------+--------------+--------------+--------------+--------------+--------------+--------------+--------------+--------------+--------------+--------------+--------------+--------------+--------------+--------------+--------------+--------------+--------------+--------------+--------------+--------------+--------------+--------------+--------------+--------------+--------------+--------------+--------------+--------------+--------------+--------------+--------------+--------------+--------------+--------------+--------------+--------------+--------------+--------------+--------------+--------------+--------------+--------------+--------------+--------------+--------------+--------------+--------------+--------------+--------------+--------------+--------------+--------------+--------------+--------------+--------------+--------------+--------------+--------------+--------------+--------------+--------------+--------------+--------------+--------------+--------------+--------------+--------------+--------------+--------------+--------------+--------------+--------------+--------------+--------------+--------------+--------------+--------------+--------------+
|           Event           | Counter |  HWThread 0 |  HWThread 1 |  HWThread 2 |  HWThread 3 |  HWThread 4 |  HWThread 5 |  HWThread 6 |  HWThread 7 |  HWThread 8 |  HWThread 9 | HWThread 10 | HWThread 11 | HWThread 12 | HWThread 13 | HWThread 14 | HWThread 15 | HWThread 16 | HWThread 17 | HWThread 18 | HWThread 19 | HWThread 20 | HWThread 21 | HWThread 22 | HWThread 23 | HWThread 24 | HWThread 25 | HWThread 26 | HWThread 27 | HWThread 28 | HWThread 29 | HWThread 30 | HWThread 31 | HWThread 32 | HWThread 33 | HWThread 34 | HWThread 35 | HWThread 36 | HWThread 37 | HWThread 38 | HWThread 39 | HWThread 40 | HWThread 41 | HWThread 42 | HWThread 43 | HWThread 44 | HWThread 45 | HWThread 46 | HWThread 47 | HWThread 48 | HWThread 49 | HWThread 50 | HWThread 51 | HWThread 52 | HWThread 53 | HWThread 54 | HWThread 55 | HWThread 56 | HWThread 57 | HWThread 58 | HWThread 59 | HWThread 60 | HWThread 61 | HWThread 62 | HWThread 63 | HWThread 64 | HWThread 65 | HWThread 66 | HWThread 67 | HWThread 68 | HWThread 69 | HWThread 70 | HWThread 71 | HWThread 72 | HWThread 73 | HWThread 74 | HWThread 75 | HWThread 76 | HWThread 77 | HWThread 78 | HWThread 79 | HWThread 80 | HWThread 81 | HWThread 82 | HWThread 83 | HWThread 84 | HWThread 85 | HWThread 86 | HWThread 87 | HWThread 88 | HWThread 89 | HWThread 90 | HWThread 91 | HWThread 92 | HWThread 93 | HWThread 94 | HWThread 95 | HWThread 96 | HWThread 97 | HWThread 98 | HWThread 99 | HWThread 100 | HWThread 101 | HWThread 102 | HWThread 103 | HWThread 104 | HWThread 105 | HWThread 106 | HWThread 107 | HWThread 108 | HWThread 109 | HWThread 110 | HWThread 111 | HWThread 112 | HWThread 113 | HWThread 114 | HWThread 115 | HWThread 116 | HWThread 117 | HWThread 118 | HWThread 119 | HWThread 120 | HWThread 121 | HWThread 122 | HWThread 123 | HWThread 124 | HWThread 125 | HWThread 126 | HWThread 127 | HWThread 128 | HWThread 129 | HWThread 130 | HWThread 131 | HWThread 132 | HWThread 133 | HWThread 134 | HWThread 135 | HWThread 136 | HWThread 137 | HWThread 138 | HWThread 139 | HWThread 140 | HWThread 141 | HWThread 142 | HWThread 143 | HWThread 144 | HWThread 145 | HWThread 146 | HWThread 147 | HWThread 148 | HWThread 149 | HWThread 150 | HWThread 151 | HWThread 152 | HWThread 153 | HWThread 154 | HWThread 155 | HWThread 156 | HWThread 157 | HWThread 158 | HWThread 159 | HWThread 160 | HWThread 161 | HWThread 162 | HWThread 163 | HWThread 164 | HWThread 165 | HWThread 166 | HWThread 167 | HWThread 168 | HWThread 169 | HWThread 170 | HWThread 171 | HWThread 172 | HWThread 173 | HWThread 174 | HWThread 175 | HWThread 176 | HWThread 177 | HWThread 178 | HWThread 179 | HWThread 180 | HWThread 181 | HWThread 182 | HWThread 183 | HWThread 184 | HWThread 185 | HWThread 186 | HWThread 187 | HWThread 188 | HWThread 189 | HWThread 190 | HWThread 191 |
+---------------------------+---------+-------------+-------------+-------------+-------------+-------------+-------------+-------------+-------------+-------------+-------------+-------------+-------------+-------------+-------------+-------------+-------------+-------------+-------------+-------------+-------------+-------------+-------------+-------------+-------------+-------------+-------------+-------------+-------------+-------------+-------------+-------------+-------------+-------------+-------------+-------------+-------------+-------------+-------------+-------------+-------------+-------------+-------------+-------------+-------------+-------------+-------------+-------------+-------------+-------------+-------------+-------------+-------------+-------------+-------------+-------------+-------------+-------------+-------------+-------------+-------------+-------------+-------------+-------------+-------------+-------------+-------------+-------------+-------------+-------------+-------------+-------------+-------------+-------------+-------------+-------------+-------------+-------------+-------------+-------------+-------------+-------------+-------------+-------------+-------------+-------------+-------------+-------------+-------------+-------------+-------------+-------------+-------------+-------------+-------------+-------------+-------------+-------------+-------------+-------------+-------------+--------------+--------------+--------------+--------------+--------------+--------------+--------------+--------------+--------------+--------------+--------------+--------------+--------------+--------------+--------------+--------------+--------------+--------------+--------------+--------------+--------------+--------------+--------------+--------------+--------------+--------------+--------------+--------------+--------------+--------------+--------------+--------------+--------------+--------------+--------------+--------------+--------------+--------------+--------------+--------------+--------------+--------------+--------------+--------------+--------------+--------------+--------------+--------------+--------------+--------------+--------------+--------------+--------------+--------------+--------------+--------------+--------------+--------------+--------------+--------------+--------------+--------------+--------------+--------------+--------------+--------------+--------------+--------------+--------------+--------------+--------------+--------------+--------------+--------------+--------------+--------------+--------------+--------------+--------------+--------------+--------------+--------------+--------------+--------------+--------------+--------------+--------------+--------------+--------------+--------------+--------------+--------------+
|      ACTUAL_CPU_CLOCK     |  FIXC1  |  4105251000 |  4105775000 |  4104409000 |  4105178000 |  4104921000 |  4105386000 |  4105913000 |  4104503000 |  4072935000 |  4072913000 |  4072972000 |  4072951000 |  4073258000 |  4072932000 |  4073047000 |  4073033000 |  4085992000 |  4086301000 |  4086130000 |  4085645000 |  4084868000 |  4085982000 |  4085530000 |  4084686000 |  4076372000 |  4076173000 |  4076316000 |  4077347000 |  4077999000 |  4076202000 |  4076246000 |  4078473000 |  4075435000 |  4075429000 |  4077431000 |  4077383000 |  4075484000 |  4075833000 |  4075559000 |  4075465000 |  4071184000 |  4071968000 |  4071271000 |  4072353000 |  4071313000 |  4071560000 |  4072391000 |  4071704000 |  4096995000 |  4096953000 |  4096762000 |  4095849000 |  4097196000 |  4097010000 |  4096926000 |  4097048000 |  4078741000 |  4078888000 |  4078752000 |  4078676000 |  4078940000 |  4078493000 |  4079274000 |  4078675000 |  4091743000 |  4092302000 |  4092053000 |  4093247000 |  4092075000 |  4092593000 |  4092376000 |  4092173000 |  4088393000 |  4088355000 |  4088628000 |  4088288000 |  4088626000 |  4088425000 |  4088567000 |  4088613000 |  4083052000 |  4081235000 |  4082421000 |  4081390000 |  4082019000 |  4082787000 |  4083075000 |  4082385000 |  4108219000 |  4108788000 |  4107660000 |  4107263000 |  4108771000 |  4107842000 |  4107157000 |  4108216000 |  4083956000 |  4083193000 |  4084066000 |  4083533000 |   4083399000 |   4083268000 |   4080862000 |   4083410000 |   4087364000 |   4086851000 |   4087405000 |   4087761000 |   4088376000 |   4085821000 |   4086914000 |   4087435000 |   4080486000 |   4080466000 |   4080190000 |   4081786000 |   4081709000 |   4080604000 |   4081840000 |   4080497000 |   4098190000 |   4097311000 |   4097227000 |   4097533000 |   4098671000 |   4095388000 |   4097415000 |   4097752000 |   4096604000 |   4095840000 |   4096449000 |   4096526000 |   4097490000 |   4097110000 |   4097420000 |   4097016000 |   4087787000 |   4089792000 |   4090008000 |   4087834000 |   4087831000 |   4088191000 |   4090021000 |   4087909000 |   4084248000 |   4086341000 |   4086836000 |   4087678000 |   4086868000 |   4085564000 |   4086350000 |   4086534000 |   4077433000 |   4078199000 |   4077749000 |   4076608000 |   4077589000 |   4077622000 |   4078786000 |   4077369000 |   4126163000 |   4126950000 |   4126318000 |   4126916000 |   4127282000 |   4126109000 |   4125978000 |   4126503000 |   4098562000 |   4095343000 |   4096708000 |   4096740000 |   4098157000 |   4095428000 |   4098157000 |   4099310000 |   4096524000 |   4096768000 |   4097224000 |   4096840000 |   4096282000 |   4096086000 |   4095434000 |   4096072000 |   4083111000 |   4082918000 |   4080990000 |   4080827000 |   4082344000 |   4082554000 |   4081111000 |   4080636000 |
|       MAX_CPU_CLOCK       |  FIXC2  |  3531940000 |  3531799000 |  3530928000 |  3532040000 |  3531851000 |  3531582000 |  3531871000 |  3530934000 |  3531141000 |  3531148000 |  3531160000 |  3531154000 |  3530958000 |  3531163000 |  3530737000 |  3531189000 |  3531787000 |  3531889000 |  3531815000 |  3531489000 |  3531005000 |  3531664000 |  3531485000 |  3530801000 |  3530964000 |  3530178000 |  3530936000 |  3530970000 |  3532009000 |  3530543000 |  3530891000 |  3531751000 |  3530857000 |  3530799000 |  3531536000 |  3531462000 |  3530914000 |  3530730000 |  3530911000 |  3530858000 |  3529383000 |  3529758000 |  3530196000 |  3530107000 |  3529767000 |  3530878000 |  3530185000 |  3531004000 |  3531698000 |  3531586000 |  3531460000 |  3530449000 |  3531859000 |  3531647000 |  3531572000 |  3531727000 |  3531001000 |  3531099000 |  3531057000 |  3531051000 |  3531089000 |  3530923000 |  3530806000 |  3531046000 |  3531027000 |  3530792000 |  3531216000 |  3531714000 |  3530849000 |  3530909000 |  3531092000 |  3530932000 |  3530986000 |  3530912000 |  3531117000 |  3530833000 |  3531097000 |  3531012000 |  3531059000 |  3531097000 |  3532058000 |  3531543000 |  3532374000 |  3531697000 |  3532048000 |  3532603000 |  3532128000 |  3532328000 |  3531554000 |  3532012000 |  3530969000 |  3531017000 |  3532038000 |  3531866000 |  3530937000 |  3531663000 |  3532554000 |  3532612000 |  3532573000 |  3532001000 |   3531927000 |   3531794000 |   3529539000 |   3531923000 |   3531731000 |   3532054000 |   3531724000 |   3533124000 |   3532501000 |   3530797000 |   3532087000 |   3531914000 |   3530989000 |   3530897000 |   3530693000 |   3531786000 |   3531710000 |   3531027000 |   3531835000 |   3530938000 |   3532962000 |   3531858000 |   3531941000 |   3533101000 |   3533059000 |   3530765000 |   3531737000 |   3532345000 |   3531023000 |   3531006000 |   3529856000 |   3530020000 |   3533179000 |   3532319000 |   3533157000 |   3531647000 |   3530933000 |   3531552000 |   3531623000 |   3530977000 |   3530969000 |   3531114000 |   3531635000 |   3531019000 |   3529093000 |   3530844000 |   3531515000 |   3531410000 |   3531564000 |   3531315000 |   3531341000 |   3531516000 |   3532130000 |   3531472000 |   3531876000 |   3530364000 |   3532186000 |   3532179000 |   3533081000 |   3532148000 |   3533155000 |   3533568000 |   3533297000 |   3533055000 |   3533425000 |   3533145000 |   3531308000 |   3533243000 |   3530944000 |   3529639000 |   3530367000 |   3530415000 |   3531902000 |   3530259000 |   3531330000 |   3532060000 |   3531870000 |   3533045000 |   3532286000 |   3532901000 |   3531394000 |   3531510000 |   3530233000 |   3532031000 |   3531535000 |   3531387000 |   3530815000 |   3531334000 |   3532149000 |   3531838000 |   3530955000 |   3531056000 |
|    RETIRED_INSTRUCTIONS   |   PMC0  |  9134224000 |  9135467000 |  9135331000 |  9135442000 |  9135311000 |  9135340000 |  9135213000 |  9135108000 |  9129178000 |  9129275000 |  9129050000 |  9129110000 |  9129121000 |  9129127000 |  9128933000 |  9128954000 |  9131531000 |  9131626000 |  9131548000 |  9131517000 |  9131437000 |  9131575000 |  9131375000 |  9131327000 |  9130025000 |  9130031000 |  9129935000 |  9130030000 |  9130071000 |  9130050000 |  9129614000 |  9129856000 |  9129852000 |  9129830000 |  9129751000 |  9129958000 |  9129694000 |  9129721000 |  9129468000 |  9129695000 |  9129211000 |  9129350000 |  9129213000 |  9129283000 |  9128804000 |  9128454000 |  9128653000 |  9128589000 |  9133489000 |  9133554000 |  9133563000 |  9133504000 |  9133549000 |  9133504000 |  9133275000 |  9133242000 |  9130224000 |  9130271000 |  9130169000 |  9130256000 |  9130230000 |  9130174000 |  9130070000 |  9130035000 |  9132658000 |  9132699000 |  9132601000 |  9132686000 |  9132015000 |  9132237000 |  9131967000 |  9131996000 |  9131700000 |  9131850000 |  9131748000 |  9131638000 |  9131728000 |  9131532000 |  9131507000 |  9131492000 |  9131164000 |  9130825000 |  9130963000 |  9131038000 |  9130977000 |  9131158000 |  9130886000 |  9130887000 |  9135470000 |  9135463000 |  9135449000 |  9135372000 |  9135029000 |  9135026000 |  9131476000 |  9134495000 |  9131963000 |  9131979000 |  9131894000 |  9131820000 |   9131744000 |   9131798000 |   9130621000 |   9131714000 |   9132631000 |   9132524000 |   9132566000 |   9132935000 |   9132519000 |   9132418000 |   9132377000 |   9132324000 |   9131248000 |   9131313000 |   9131202000 |   9131291000 |   9130679000 |   9130725000 |   9130564000 |   9130562000 |   9134753000 |   9134238000 |   9134404000 |   9134461000 |   9134888000 |   9134177000 |   9134205000 |   9134240000 |   9134457000 |   9134213000 |   9134362000 |   9134332000 |   9134542000 |   9134736000 |   9134634000 |   9134312000 |   9132507000 |   9132684000 |   9132690000 |   9132515000 |   9132004000 |   9132006000 |   9131821000 |   9131811000 |   9131817000 |   9131900000 |   9131816000 |   9131835000 |   9131713000 |   9131760000 |   9131680000 |   9131703000 |   9130663000 |   9130713000 |   9130646000 |   9130632000 |   9130578000 |   9130679000 |   9131428000 |   9130589000 |   9139731000 |   9140600000 |   9140153000 |   9140231000 |   9139844000 |   9139227000 |   9138036000 |   9135125000 |   9134182000 |   9134168000 |   9134118000 |   9134105000 |   9134149000 |   9134117000 |   9134056000 |   9134097000 |   9134491000 |   9134483000 |   9134319000 |   9134300000 |   9134060000 |   9134140000 |   9133865000 |   9133748000 |   9131253000 |   9131212000 |   9131073000 |   9131073000 |   9130674000 |   9130529000 |   9130290000 |   9129578000 |
|    CPU_CLOCKS_UNHALTED    |   PMC1  |  4063505000 |  4068348000 |  4067621000 |  4068255000 |  4068148000 |  4068890000 |  4068150000 |  4067569000 |  4034423000 |  4035011000 |  4034196000 |  4034643000 |  4034518000 |  4034486000 |  4034163000 |  4034826000 |  4046360000 |  4047001000 |  4046520000 |  4046409000 |  4046396000 |  4047197000 |  4046436000 |  4046072000 |  4039111000 |  4038972000 |  4038775000 |  4039108000 |  4039490000 |  4039207000 |  4038628000 |  4039624000 |  4036998000 |  4036887000 |  4037934000 |  4037771000 |  4036680000 |  4036942000 |  4037252000 |  4037340000 |  4033458000 |  4034293000 |  4033628000 |  4034210000 |  4033809000 |  4032912000 |  4033453000 |  4033171000 |  4057580000 |  4057978000 |  4058024000 |  4057686000 |  4058239000 |  4058034000 |  4057882000 |  4057571000 |  4040013000 |  4040363000 |  4039873000 |  4040300000 |  4040506000 |  4039941000 |  4040400000 |  4039906000 |  4053158000 |  4053471000 |  4053077000 |  4053583000 |  4052444000 |  4053645000 |  4052546000 |  4052792000 |  4048412000 |  4049329000 |  4048903000 |  4048331000 |  4049002000 |  4048326000 |  4049057000 |  4048372000 |  4044587000 |  4043200000 |  4043859000 |  4043923000 |  4044296000 |  4044839000 |  4044257000 |  4044217000 |  4068425000 |  4068615000 |  4068401000 |  4067950000 |  4068315000 |  4068421000 |  4068303000 |  4068129000 |  4051080000 |  4051173000 |  4050840000 |  4050505000 |   4050243000 |   4050413000 |   4044680000 |   4050385000 |   4053940000 |   4053641000 |   4053786000 |   4055961000 |   4053655000 |   4052899000 |   4053504000 |   4053142000 |   4047461000 |   4047887000 |   4047634000 |   4047903000 |   4047157000 |   4047168000 |   4047603000 |   4047721000 |   4064534000 |   4061632000 |   4062617000 |   4062939000 |   4065375000 |   4061377000 |   4061619000 |   4061839000 |   4062841000 |   4061526000 |   4062467000 |   4062305000 |   4064131000 |   4064502000 |   4064063000 |   4062219000 |   4054273000 |   4055055000 |   4055147000 |   4054323000 |   4053652000 |   4054077000 |   4054627000 |   4053294000 |   4050673000 |   4051128000 |   4051171000 |   4050953000 |   4050818000 |   4050655000 |   4050887000 |   4051089000 |   4042165000 |   4042508000 |   4042156000 |   4042303000 |   4042263000 |   4042480000 |   4047011000 |   4042328000 |   4092186000 |   4097142000 |   4094612000 |   4095057000 |   4094982000 |   4091617000 |   4089538000 |   4091672000 |   4062473000 |   4062327000 |   4062156000 |   4062237000 |   4062556000 |   4062188000 |   4062861000 |   4063056000 |   4063109000 |   4063129000 |   4062250000 |   4062147000 |   4061170000 |   4061134000 |   4061396000 |   4060610000 |   4046947000 |   4046788000 |   4046037000 |   4046210000 |   4046096000 |   4045644000 |   4045275000 |   4045985000 |
| RETIRED_SSE_AVX_FLOPS_ALL |   PMC2  | 96636760000 | 96636760000 | 96636760000 | 96636760000 | 96636760000 | 96636760000 | 96636760000 | 96636760000 | 96636760000 | 96636760000 | 96636760000 | 96636760000 | 96636760000 | 96636760000 | 96636760000 | 96636760000 | 96636760000 | 96636760000 | 96636760000 | 96636760000 | 96636760000 | 96636760000 | 96636760000 | 96636760000 | 96636760000 | 96636760000 | 96636760000 | 96636760000 | 96636760000 | 96636760000 | 96636760000 | 96636760000 | 96636760000 | 96636760000 | 96636760000 | 96636760000 | 96636760000 | 96636760000 | 96636760000 | 96636760000 | 96636760000 | 96636760000 | 96636760000 | 96636760000 | 96636760000 | 96636760000 | 96636760000 | 96636760000 | 96636760000 | 96636760000 | 96636760000 | 96636760000 | 96636760000 | 96636760000 | 96636760000 | 96636760000 | 96636760000 | 96636760000 | 96636760000 | 96636760000 | 96636760000 | 96636760000 | 96636760000 | 96636760000 | 96636760000 | 96636760000 | 96636760000 | 96636760000 | 96636760000 | 96636760000 | 96636760000 | 96636760000 | 96636760000 | 96636760000 | 96636760000 | 96636760000 | 96636760000 | 96636760000 | 96636760000 | 96636760000 | 96636760000 | 96636760000 | 96636760000 | 96636760000 | 96636760000 | 96636760000 | 96636760000 | 96636760000 | 96636760000 | 96636760000 | 96636760000 | 96636760000 | 96636760000 | 96636760000 | 96636760000 | 96636760000 | 96636760000 | 96636760000 | 96636760000 | 96636760000 |  96636760000 |  96636760000 |  96636760000 |  96636760000 |  96636760000 |  96636760000 |  96636760000 |  96636760000 |  96636760000 |  96636760000 |  96636760000 |  96636760000 |  96636760000 |  96636760000 |  96636760000 |  96636760000 |  96636760000 |  96636760000 |  96636760000 |  96636760000 |  96636760000 |  96636760000 |  96636760000 |  96636760000 |  96636760000 |  96636760000 |  96636760000 |  96636760000 |  96636760000 |  96636760000 |  96636760000 |  96636760000 |  96636760000 |  96636760000 |  96636760000 |  96636760000 |  96636760000 |  96636760000 |  96636760000 |  96636760000 |  96636760000 |  96636760000 |  96636760000 |  96636760000 |  96636760000 |  96636760000 |  96636760000 |  96636760000 |  96636760000 |  96636760000 |  96636760000 |  96636760000 |  96636760000 |  96636760000 |  96636760000 |  96636760000 |  96636760000 |  96636760000 |  96636760000 |  96636760000 |  96636760000 |  96636760000 |  96636760000 |  96636760000 |  96636760000 |  96636760000 |  96636760000 |  96636760000 |  96636760000 |  96636760000 |  96636760000 |  96636760000 |  96636760000 |  96636760000 |  96636760000 |  96636760000 |  96636760000 |  96636760000 |  96636760000 |  96636760000 |  96636760000 |  96636760000 |  96636760000 |  96636760000 |  96636760000 |  96636760000 |  96636760000 |  96636760000 |  96636760000 |  96636760000 |  96636760000 |  96636760000 |
|           MERGE           |   PMC3  |           0 |           0 |           0 |           0 |           0 |           0 |           0 |           0 |           0 |           0 |           0 |           0 |           0 |           0 |           0 |           0 |           0 |           0 |           0 |           0 |           0 |           0 |           0 |           0 |           0 |           0 |           0 |           0 |           0 |           0 |           0 |           0 |           0 |           0 |           0 |           0 |           0 |           0 |           0 |           0 |           0 |           0 |           0 |           0 |           0 |           0 |           0 |           0 |           0 |           0 |           0 |           0 |           0 |           0 |           0 |           0 |           0 |           0 |           0 |           0 |           0 |           0 |           0 |           0 |           0 |           0 |           0 |           0 |           0 |           0 |           0 |           0 |           0 |           0 |           0 |           0 |           0 |           0 |           0 |           0 |           0 |           0 |           0 |           0 |           0 |           0 |           0 |           0 |           0 |           0 |           0 |           0 |           0 |           0 |           0 |           0 |           0 |           0 |           0 |           0 |            0 |            0 |            0 |            0 |            0 |            0 |            0 |            0 |            0 |            0 |            0 |            0 |            0 |            0 |            0 |            0 |            0 |            0 |            0 |            0 |            0 |            0 |            0 |            0 |            0 |            0 |            0 |            0 |            0 |            0 |            0 |            0 |            0 |            0 |            0 |            0 |            0 |            0 |            0 |            0 |            0 |            0 |            0 |            0 |            0 |            0 |            0 |            0 |            0 |            0 |            0 |            0 |            0 |            0 |            0 |            0 |            0 |            0 |            0 |            0 |            0 |            0 |            0 |            0 |            0 |            0 |            0 |            0 |            0 |            0 |            0 |            0 |            0 |            0 |            0 |            0 |            0 |            0 |            0 |            0 |            0 |            0 |            0 |            0 |            0 |            0 |            0 |            0 |            0 |            0 |            0 |            0 |
+---------------------------+---------+-------------+-------------+-------------+-------------+-------------+-------------+-------------+-------------+-------------+-------------+-------------+-------------+-------------+-------------+-------------+-------------+-------------+-------------+-------------+-------------+-------------+-------------+-------------+-------------+-------------+-------------+-------------+-------------+-------------+-------------+-------------+-------------+-------------+-------------+-------------+-------------+-------------+-------------+-------------+-------------+-------------+-------------+-------------+-------------+-------------+-------------+-------------+-------------+-------------+-------------+-------------+-------------+-------------+-------------+-------------+-------------+-------------+-------------+-------------+-------------+-------------+-------------+-------------+-------------+-------------+-------------+-------------+-------------+-------------+-------------+-------------+-------------+-------------+-------------+-------------+-------------+-------------+-------------+-------------+-------------+-------------+-------------+-------------+-------------+-------------+-------------+-------------+-------------+-------------+-------------+-------------+-------------+-------------+-------------+-------------+-------------+-------------+-------------+-------------+-------------+--------------+--------------+--------------+--------------+--------------+--------------+--------------+--------------+--------------+--------------+--------------+--------------+--------------+--------------+--------------+--------------+--------------+--------------+--------------+--------------+--------------+--------------+--------------+--------------+--------------+--------------+--------------+--------------+--------------+--------------+--------------+--------------+--------------+--------------+--------------+--------------+--------------+--------------+--------------+--------------+--------------+--------------+--------------+--------------+--------------+--------------+--------------+--------------+--------------+--------------+--------------+--------------+--------------+--------------+--------------+--------------+--------------+--------------+--------------+--------------+--------------+--------------+--------------+--------------+--------------+--------------+--------------+--------------+--------------+--------------+--------------+--------------+--------------+--------------+--------------+--------------+--------------+--------------+--------------+--------------+--------------+--------------+--------------+--------------+--------------+--------------+--------------+--------------+--------------+--------------+--------------+--------------+
+--------------------------------+---------+----------------+-------------+-------------+--------------+
|              Event             | Counter |       Sum      |     Min     |     Max     |      Avg     |
+--------------------------------+---------+----------------+-------------+-------------+--------------+
|      ACTUAL_CPU_CLOCK STAT     |  FIXC1  |   785083943000 |  4071184000 |  4127282000 | 4.088979e+09 |
|       MAX_CPU_CLOCK STAT       |  FIXC2  |   678038678000 |  3529093000 |  3533568000 | 3.531451e+09 |
|    RETIRED_INSTRUCTIONS STAT   |   PMC0  |  1753397681000 |  9128454000 |  9140600000 | 9.132280e+09 |
|    CPU_CLOCKS_UNHALTED STAT    |   PMC1  |   778079267000 |  4032912000 |  4097142000 | 4.052496e+09 |
| RETIRED_SSE_AVX_FLOPS_ALL STAT |   PMC2  | 18554257920000 | 96636760000 | 96636760000 |  96636760000 |
|           MERGE STAT           |   PMC3  |              0 |           0 |           0 |            0 |
+--------------------------------+---------+----------------+-------------+-------------+--------------+
+----------------------+------------+------------+------------+------------+------------+------------+------------+------------+------------+------------+-------------+-------------+-------------+-------------+-------------+-------------+-------------+-------------+-------------+-------------+-------------+-------------+-------------+-------------+-------------+-------------+-------------+-------------+-------------+-------------+-------------+-------------+-------------+-------------+-------------+-------------+-------------+-------------+-------------+-------------+-------------+-------------+-------------+-------------+-------------+-------------+-------------+-------------+-------------+-------------+-------------+-------------+-------------+-------------+-------------+-------------+-------------+-------------+-------------+-------------+-------------+-------------+-------------+-------------+-------------+-------------+-------------+-------------+-------------+-------------+-------------+-------------+-------------+-------------+-------------+-------------+-------------+-------------+-------------+-------------+-------------+-------------+-------------+-------------+-------------+-------------+-------------+-------------+-------------+-------------+-------------+-------------+-------------+-------------+-------------+-------------+-------------+-------------+-------------+-------------+--------------+--------------+--------------+--------------+--------------+--------------+--------------+--------------+--------------+--------------+--------------+--------------+--------------+--------------+--------------+--------------+--------------+--------------+--------------+--------------+--------------+--------------+--------------+--------------+--------------+--------------+--------------+--------------+--------------+--------------+--------------+--------------+--------------+--------------+--------------+--------------+--------------+--------------+--------------+--------------+--------------+--------------+--------------+--------------+--------------+--------------+--------------+--------------+--------------+--------------+--------------+--------------+--------------+--------------+--------------+--------------+--------------+--------------+--------------+--------------+--------------+--------------+--------------+--------------+--------------+--------------+--------------+--------------+--------------+--------------+--------------+--------------+--------------+--------------+--------------+--------------+--------------+--------------+--------------+--------------+--------------+--------------+--------------+--------------+--------------+--------------+--------------+--------------+--------------+--------------+--------------+--------------+
|        Metric        | HWThread 0 | HWThread 1 | HWThread 2 | HWThread 3 | HWThread 4 | HWThread 5 | HWThread 6 | HWThread 7 | HWThread 8 | HWThread 9 | HWThread 10 | HWThread 11 | HWThread 12 | HWThread 13 | HWThread 14 | HWThread 15 | HWThread 16 | HWThread 17 | HWThread 18 | HWThread 19 | HWThread 20 | HWThread 21 | HWThread 22 | HWThread 23 | HWThread 24 | HWThread 25 | HWThread 26 | HWThread 27 | HWThread 28 | HWThread 29 | HWThread 30 | HWThread 31 | HWThread 32 | HWThread 33 | HWThread 34 | HWThread 35 | HWThread 36 | HWThread 37 | HWThread 38 | HWThread 39 | HWThread 40 | HWThread 41 | HWThread 42 | HWThread 43 | HWThread 44 | HWThread 45 | HWThread 46 | HWThread 47 | HWThread 48 | HWThread 49 | HWThread 50 | HWThread 51 | HWThread 52 | HWThread 53 | HWThread 54 | HWThread 55 | HWThread 56 | HWThread 57 | HWThread 58 | HWThread 59 | HWThread 60 | HWThread 61 | HWThread 62 | HWThread 63 | HWThread 64 | HWThread 65 | HWThread 66 | HWThread 67 | HWThread 68 | HWThread 69 | HWThread 70 | HWThread 71 | HWThread 72 | HWThread 73 | HWThread 74 | HWThread 75 | HWThread 76 | HWThread 77 | HWThread 78 | HWThread 79 | HWThread 80 | HWThread 81 | HWThread 82 | HWThread 83 | HWThread 84 | HWThread 85 | HWThread 86 | HWThread 87 | HWThread 88 | HWThread 89 | HWThread 90 | HWThread 91 | HWThread 92 | HWThread 93 | HWThread 94 | HWThread 95 | HWThread 96 | HWThread 97 | HWThread 98 | HWThread 99 | HWThread 100 | HWThread 101 | HWThread 102 | HWThread 103 | HWThread 104 | HWThread 105 | HWThread 106 | HWThread 107 | HWThread 108 | HWThread 109 | HWThread 110 | HWThread 111 | HWThread 112 | HWThread 113 | HWThread 114 | HWThread 115 | HWThread 116 | HWThread 117 | HWThread 118 | HWThread 119 | HWThread 120 | HWThread 121 | HWThread 122 | HWThread 123 | HWThread 124 | HWThread 125 | HWThread 126 | HWThread 127 | HWThread 128 | HWThread 129 | HWThread 130 | HWThread 131 | HWThread 132 | HWThread 133 | HWThread 134 | HWThread 135 | HWThread 136 | HWThread 137 | HWThread 138 | HWThread 139 | HWThread 140 | HWThread 141 | HWThread 142 | HWThread 143 | HWThread 144 | HWThread 145 | HWThread 146 | HWThread 147 | HWThread 148 | HWThread 149 | HWThread 150 | HWThread 151 | HWThread 152 | HWThread 153 | HWThread 154 | HWThread 155 | HWThread 156 | HWThread 157 | HWThread 158 | HWThread 159 | HWThread 160 | HWThread 161 | HWThread 162 | HWThread 163 | HWThread 164 | HWThread 165 | HWThread 166 | HWThread 167 | HWThread 168 | HWThread 169 | HWThread 170 | HWThread 171 | HWThread 172 | HWThread 173 | HWThread 174 | HWThread 175 | HWThread 176 | HWThread 177 | HWThread 178 | HWThread 179 | HWThread 180 | HWThread 181 | HWThread 182 | HWThread 183 | HWThread 184 | HWThread 185 | HWThread 186 | HWThread 187 | HWThread 188 | HWThread 189 | HWThread 190 | HWThread 191 |
+----------------------+------------+------------+------------+------------+------------+------------+------------+------------+------------+------------+-------------+-------------+-------------+-------------+-------------+-------------+-------------+-------------+-------------+-------------+-------------+-------------+-------------+-------------+-------------+-------------+-------------+-------------+-------------+-------------+-------------+-------------+-------------+-------------+-------------+-------------+-------------+-------------+-------------+-------------+-------------+-------------+-------------+-------------+-------------+-------------+-------------+-------------+-------------+-------------+-------------+-------------+-------------+-------------+-------------+-------------+-------------+-------------+-------------+-------------+-------------+-------------+-------------+-------------+-------------+-------------+-------------+-------------+-------------+-------------+-------------+-------------+-------------+-------------+-------------+-------------+-------------+-------------+-------------+-------------+-------------+-------------+-------------+-------------+-------------+-------------+-------------+-------------+-------------+-------------+-------------+-------------+-------------+-------------+-------------+-------------+-------------+-------------+-------------+-------------+--------------+--------------+--------------+--------------+--------------+--------------+--------------+--------------+--------------+--------------+--------------+--------------+--------------+--------------+--------------+--------------+--------------+--------------+--------------+--------------+--------------+--------------+--------------+--------------+--------------+--------------+--------------+--------------+--------------+--------------+--------------+--------------+--------------+--------------+--------------+--------------+--------------+--------------+--------------+--------------+--------------+--------------+--------------+--------------+--------------+--------------+--------------+--------------+--------------+--------------+--------------+--------------+--------------+--------------+--------------+--------------+--------------+--------------+--------------+--------------+--------------+--------------+--------------+--------------+--------------+--------------+--------------+--------------+--------------+--------------+--------------+--------------+--------------+--------------+--------------+--------------+--------------+--------------+--------------+--------------+--------------+--------------+--------------+--------------+--------------+--------------+--------------+--------------+--------------+--------------+--------------+--------------+
|  Runtime (RDTSC) [s] |     1.4717 |     1.4718 |     1.4716 |     1.4718 |     1.4718 |     1.4717 |     1.4718 |     1.4716 |     1.4716 |     1.4716 |      1.4715 |      1.4716 |      1.4716 |      1.4716 |      1.4716 |      1.4716 |      1.4718 |      1.4719 |      1.4718 |      1.4717 |      1.4717 |      1.4718 |      1.4718 |      1.4716 |      1.4716 |      1.4716 |      1.4716 |      1.4716 |      1.4718 |      1.4716 |      1.4716 |      1.4718 |      1.4717 |      1.4716 |      1.4718 |      1.4718 |      1.4716 |      1.4716 |      1.4717 |      1.4716 |      1.4716 |      1.4719 |      1.4716 |      1.4718 |      1.4717 |      1.4716 |      1.4718 |      1.4716 |      1.4718 |      1.4718 |      1.4718 |      1.4716 |      1.4718 |      1.4718 |      1.4718 |      1.4718 |      1.4716 |      1.4716 |      1.4716 |      1.4716 |      1.4717 |      1.4716 |      1.4717 |      1.4716 |      1.4716 |      1.4716 |      1.4717 |      1.4716 |      1.4716 |      1.4717 |      1.4716 |      1.4717 |      1.4717 |      1.4717 |      1.4716 |      1.4716 |      1.4716 |      1.4716 |      1.4716 |      1.4716 |      1.4718 |      1.4716 |      1.4718 |      1.4717 |      1.4718 |      1.4718 |      1.4718 |      1.4718 |      1.4718 |      1.4719 |      1.4719 |      1.4716 |      1.4719 |      1.4718 |      1.4717 |      1.4718 |      1.4720 |      1.4721 |      1.4721 |      1.4719 |       1.4718 |       1.4718 |       1.4717 |       1.4719 |       1.4719 |       1.4718 |       1.4719 |       1.4725 |       1.4719 |       1.4715 |       1.4719 |       1.4718 |       1.4716 |       1.4716 |       1.4716 |       1.4718 |       1.4718 |       1.4716 |       1.4718 |       1.4717 |       1.4725 |       1.4717 |       1.4718 |       1.4721 |       1.4727 |       1.4716 |       1.4719 |       1.4718 |       1.4720 |       1.4715 |       1.4719 |       1.4719 |       1.4725 |       1.4725 |       1.4725 |       1.4718 |       1.4716 |       1.4718 |       1.4718 |       1.4716 |       1.4716 |       1.4716 |       1.4718 |       1.4716 |       1.4716 |       1.4718 |       1.4718 |       1.4719 |       1.4718 |       1.4716 |       1.4718 |       1.4718 |       1.4718 |       1.4718 |       1.4718 |       1.4718 |       1.4719 |       1.4719 |       1.4732 |       1.4719 |       1.4725 |       1.4737 |       1.4731 |       1.4732 |       1.4732 |       1.4724 |       1.4718 |       1.4724 |       1.4717 |       1.4715 |       1.4716 |       1.4716 |       1.4718 |       1.4715 |       1.4719 |       1.4719 |       1.4723 |       1.4724 |       1.4721 |       1.4721 |       1.4718 |       1.4718 |       1.4718 |       1.4718 |       1.4719 |       1.4718 |       1.4716 |       1.4716 |       1.4719 |       1.4718 |       1.4715 |       1.4717 |
| Runtime unhalted [s] |     1.7131 |     1.7133 |     1.7128 |     1.7131 |     1.7130 |     1.7132 |     1.7134 |     1.7128 |     1.6996 |     1.6996 |      1.6996 |      1.6996 |      1.6998 |      1.6996 |      1.6997 |      1.6997 |      1.7051 |      1.7052 |      1.7051 |      1.7049 |      1.7046 |      1.7051 |      1.7049 |      1.7045 |      1.7011 |      1.7010 |      1.7010 |      1.7015 |      1.7017 |      1.7010 |      1.7010 |      1.7019 |      1.7007 |      1.7007 |      1.7015 |      1.7015 |      1.7007 |      1.7008 |      1.7007 |      1.7007 |      1.6989 |      1.6992 |      1.6989 |      1.6994 |      1.6989 |      1.6991 |      1.6994 |      1.6991 |      1.7097 |      1.7096 |      1.7096 |      1.7092 |      1.7097 |      1.7097 |      1.7096 |      1.7097 |      1.7020 |      1.7021 |      1.7021 |      1.7020 |      1.7021 |      1.7019 |      1.7023 |      1.7020 |      1.7075 |      1.7077 |      1.7076 |      1.7081 |      1.7076 |      1.7078 |      1.7077 |      1.7077 |      1.7061 |      1.7061 |      1.7062 |      1.7060 |      1.7062 |      1.7061 |      1.7061 |      1.7062 |      1.7038 |      1.7031 |      1.7036 |      1.7032 |      1.7034 |      1.7037 |      1.7039 |      1.7036 |      1.7143 |      1.7146 |      1.7141 |      1.7140 |      1.7146 |      1.7142 |      1.7139 |      1.7143 |      1.7042 |      1.7039 |      1.7043 |      1.7040 |       1.7040 |       1.7039 |       1.7029 |       1.7040 |       1.7056 |       1.7054 |       1.7057 |       1.7058 |       1.7061 |       1.7050 |       1.7055 |       1.7057 |       1.7028 |       1.7028 |       1.7027 |       1.7033 |       1.7033 |       1.7028 |       1.7033 |       1.7028 |       1.7102 |       1.7098 |       1.7098 |       1.7099 |       1.7104 |       1.7090 |       1.7098 |       1.7100 |       1.7095 |       1.7092 |       1.7094 |       1.7095 |       1.7099 |       1.7097 |       1.7098 |       1.7097 |       1.7058 |       1.7067 |       1.7068 |       1.7058 |       1.7058 |       1.7060 |       1.7068 |       1.7059 |       1.7043 |       1.7052 |       1.7054 |       1.7058 |       1.7054 |       1.7049 |       1.7052 |       1.7053 |       1.7015 |       1.7018 |       1.7016 |       1.7012 |       1.7016 |       1.7016 |       1.7021 |       1.7015 |       1.7218 |       1.7222 |       1.7219 |       1.7222 |       1.7223 |       1.7218 |       1.7218 |       1.7220 |       1.7103 |       1.7090 |       1.7095 |       1.7096 |       1.7102 |       1.7090 |       1.7102 |       1.7106 |       1.7095 |       1.7096 |       1.7098 |       1.7096 |       1.7094 |       1.7093 |       1.7090 |       1.7093 |       1.7039 |       1.7038 |       1.7030 |       1.7029 |       1.7036 |       1.7036 |       1.7030 |       1.7028 |
|      Clock [MHz]     |  2785.3549 |  2785.8216 |  2785.5818 |  2785.2265 |  2785.2012 |  2785.7288 |  2785.8585 |  2785.6408 |  2764.0542 |  2764.0338 |   2764.0645 |   2764.0549 |   2764.4167 |   2764.0350 |   2764.4465 |   2764.0832 |   2772.4080 |   2772.5376 |   2772.4797 |   2772.4065 |   2772.2592 |   2772.4978 |   2772.3316 |   2772.2959 |   2766.5254 |   2767.0063 |   2766.5093 |   2767.1824 |   2766.8107 |   2766.7399 |   2766.4971 |   2767.3345 |   2765.9733 |   2766.0146 |   2766.7959 |   2766.8213 |   2765.9619 |   2766.3429 |   2766.0151 |   2765.9929 |   2764.2421 |   2764.4807 |   2763.6646 |   2764.4688 |   2764.0290 |   2763.3269 |   2764.4335 |   2763.3260 |   2779.9438 |   2780.0034 |   2779.9730 |   2780.1494 |   2779.9534 |   2779.9941 |   2779.9961 |   2779.9569 |   2768.1042 |   2768.1271 |   2768.0677 |   2768.0208 |   2768.1702 |   2767.9970 |   2768.6188 |   2768.0241 |   2776.9077 |   2777.4719 |   2776.9695 |   2777.3881 |   2777.2730 |   2777.5774 |   2777.2862 |   2777.2743 |   2774.6664 |   2774.6988 |   2774.7230 |   2774.7154 |   2774.7373 |   2774.6677 |   2774.7272 |   2774.7285 |   2770.2006 |   2769.3717 |   2769.5247 |   2769.3561 |   2769.5076 |   2769.5935 |   2770.1613 |   2769.5364 |   2787.6733 |   2787.6979 |   2787.7558 |   2787.4484 |   2787.6658 |   2787.1712 |   2787.4397 |   2787.5852 |   2770.4249 |   2769.8618 |   2770.4846 |   2770.5717 |    2770.5388 |    2770.5543 |    2770.6908 |    2770.5494 |    2773.3829 |    2772.7813 |    2773.4162 |    2772.5587 |    2773.4649 |    2773.0693 |    2772.7981 |    2773.2874 |    2769.2978 |    2769.3564 |    2769.3291 |    2769.5550 |    2769.5623 |    2769.3481 |    2769.5532 |    2769.3453 |    2779.7598 |    2780.0323 |    2779.9099 |    2779.2048 |    2780.0097 |    2779.5877 |    2780.1981 |    2779.9482 |    2780.2098 |    2779.7047 |    2781.0238 |    2780.9469 |    2779.1142 |    2779.5331 |    2779.0841 |    2779.9982 |    2774.2968 |    2775.1710 |    2775.2618 |    2774.2941 |    2774.2984 |    2774.4288 |    2775.2612 |    2774.3120 |    2773.3402 |    2773.3853 |    2773.1943 |    2773.8481 |    2773.1775 |    2772.4881 |    2773.0011 |    2772.9886 |    2766.3320 |    2767.3672 |    2766.7453 |    2767.1558 |    2766.3939 |    2766.4218 |    2766.5050 |    2766.2744 |    2798.5807 |    2798.7873 |    2798.5733 |    2799.1706 |    2799.1257 |    2798.5520 |    2799.9189 |    2798.7416 |    2781.6009 |    2780.4439 |    2780.7971 |    2780.7810 |    2780.5716 |    2780.0132 |    2781.0220 |    2781.2295 |    2779.4888 |    2778.7299 |    2779.6364 |    2778.8920 |    2779.6993 |    2779.4750 |    2780.0378 |    2779.0555 |    2770.6509 |    2770.6361 |    2769.7764 |    2769.2587 |    2769.6489 |    2770.0353 |    2769.7487 |    2769.3471 |
|          CPI         |     0.4449 |     0.4453 |     0.4453 |     0.4453 |     0.4453 |     0.4454 |     0.4453 |     0.4453 |     0.4419 |     0.4420 |      0.4419 |      0.4420 |      0.4419 |      0.4419 |      0.4419 |      0.4420 |      0.4431 |      0.4432 |      0.4431 |      0.4431 |      0.4431 |      0.4432 |      0.4431 |      0.4431 |      0.4424 |      0.4424 |      0.4424 |      0.4424 |      0.4424 |      0.4424 |      0.4424 |      0.4425 |      0.4422 |      0.4422 |      0.4423 |      0.4423 |      0.4421 |      0.4422 |      0.4422 |      0.4422 |      0.4418 |      0.4419 |      0.4418 |      0.4419 |      0.4419 |      0.4418 |      0.4418 |      0.4418 |      0.4443 |      0.4443 |      0.4443 |      0.4443 |      0.4443 |      0.4443 |      0.4443 |      0.4443 |      0.4425 |      0.4425 |      0.4425 |      0.4425 |      0.4425 |      0.4425 |      0.4425 |      0.4425 |      0.4438 |      0.4438 |      0.4438 |      0.4439 |      0.4438 |      0.4439 |      0.4438 |      0.4438 |      0.4433 |      0.4434 |      0.4434 |      0.4433 |      0.4434 |      0.4433 |      0.4434 |      0.4433 |      0.4429 |      0.4428 |      0.4429 |      0.4429 |      0.4429 |      0.4430 |      0.4429 |      0.4429 |      0.4453 |      0.4454 |      0.4453 |      0.4453 |      0.4454 |      0.4454 |      0.4455 |      0.4454 |      0.4436 |      0.4436 |      0.4436 |      0.4436 |       0.4435 |       0.4436 |       0.4430 |       0.4436 |       0.4439 |       0.4439 |       0.4439 |       0.4441 |       0.4439 |       0.4438 |       0.4439 |       0.4438 |       0.4433 |       0.4433 |       0.4433 |       0.4433 |       0.4432 |       0.4432 |       0.4433 |       0.4433 |       0.4450 |       0.4447 |       0.4448 |       0.4448 |       0.4450 |       0.4446 |       0.4447 |       0.4447 |       0.4448 |       0.4446 |       0.4447 |       0.4447 |       0.4449 |       0.4450 |       0.4449 |       0.4447 |       0.4439 |       0.4440 |       0.4440 |       0.4439 |       0.4439 |       0.4439 |       0.4440 |       0.4439 |       0.4436 |       0.4436 |       0.4436 |       0.4436 |       0.4436 |       0.4436 |       0.4436 |       0.4436 |       0.4427 |       0.4427 |       0.4427 |       0.4427 |       0.4427 |       0.4427 |       0.4432 |       0.4427 |       0.4477 |       0.4482 |       0.4480 |       0.4480 |       0.4480 |       0.4477 |       0.4475 |       0.4479 |       0.4448 |       0.4447 |       0.4447 |       0.4447 |       0.4448 |       0.4447 |       0.4448 |       0.4448 |       0.4448 |       0.4448 |       0.4447 |       0.4447 |       0.4446 |       0.4446 |       0.4447 |       0.4446 |       0.4432 |       0.4432 |       0.4431 |       0.4431 |       0.4431 |       0.4431 |       0.4431 |       0.4432 |
|     DP [MFLOP/s]     | 65661.2137 | 65659.8307 | 65669.6470 | 65659.7861 | 65658.4924 | 65661.2137 | 65659.3846 | 65669.7362 | 65667.9958 | 65668.3528 |  65670.0486 |  65670.0040 |  65668.2190 |  65668.2636 |  65670.0040 |  65667.7281 |  65659.7415 |  65655.2806 |  65659.2954 |  65662.1953 |  65662.9091 |  65660.4999 |  65658.4032 |  65669.7808 |  65668.5759 |  65669.8255 |  65668.8883 |  65667.6835 |  65660.0092 |  65669.8701 |  65669.8701 |  65660.0538 |  65662.2845 |  65669.7808 |  65658.6708 |  65658.7154 |  65669.6470 |  65669.7362 |  65662.8199 |  65669.6470 |  65668.4421 |  65654.7007 |  65669.4238 |  65659.6969 |  65662.5522 |  65668.4421 |  65659.6969 |  65670.0040 |  65660.7230 |  65660.6784 |  65658.0463 |  65667.1034 |  65659.6523 |  65659.6077 |  65659.7415 |  65659.8753 |  65668.3082 |  65669.8701 |  65669.8255 |  65668.3528 |  65662.4184 |  65670.0040 |  65662.4184 |  65668.3082 |  65669.8255 |  65666.7018 |  65664.9169 |  65665.9878 |  65668.2190 |  65662.5076 |  65665.9432 |  65662.4630 |  65662.4184 |  65661.1691 |  65666.0771 |  65667.6388 |  65666.6125 |  65668.2636 |  65666.1217 |  65666.0771 |  65658.7154 |  65668.5313 |  65661.0353 |  65664.0692 |  65658.6708 |  65657.3325 |  65658.6262 |  65661.0353 |  65660.5445 |  65655.3252 |  65655.3252 |  65666.0771 |  65655.2806 |  65659.7861 |  65663.4892 |  65659.7861 |  65649.0809 |  65647.4754 |  65647.5200 |  65656.2619 |   65658.8939 |   65657.4663 |   65664.9169 |   65656.3511 |   65654.5669 |   65659.2954 |   65654.5669 |   65628.8842 |   65656.2173 |   65670.0932 |   65656.3957 |   65660.8568 |   65669.9147 |   65666.0771 |   65669.7808 |   65659.9199 |   65659.8307 |   65667.5050 |   65659.8753 |   65662.2845 |   65628.3939 |   65661.3030 |   65657.3771 |   65645.7808 |   65618.8574 |   65669.1114 |   65653.4963 |   65659.2062 |   65649.1255 |   65670.0932 |   65654.6561 |   65654.9237 |   65628.8842 |   65628.5276 |   65628.5722 |   65658.6262 |   65669.0222 |   65657.3325 |   65658.8046 |   65668.6206 |   65667.7281 |   65667.3265 |   65657.3325 |   65667.7727 |   65670.0040 |   65658.6708 |   65657.5110 |   65655.8158 |   65658.3139 |   65666.4787 |   65659.3846 |   65658.5816 |   65658.6262 |   65657.2433 |   65658.7600 |   65658.5370 |   65655.5928 |   65655.4590 |   65597.2544 |   65655.4144 |   65628.8842 |   65576.1106 |   65601.7965 |   65597.3434 |   65597.3434 |   65629.9539 |   65659.2954 |   65631.3802 |   65662.4184 |   65670.0486 |   65667.2819 |   65666.1217 |   65660.7230 |   65670.0932 |   65655.7266 |   65654.9237 |   65636.3729 |   65630.8008 |   65646.2713 |   65647.7429 |   65660.7676 |   65658.6262 |   65658.4924 |   65658.9831 |   65655.5036 |   65659.7861 |   65668.5313 |   65670.0040 |   65654.7899 |   65657.4663 |   65670.0486 |   65662.3291 |
+----------------------+------------+------------+------------+------------+------------+------------+------------+------------+------------+------------+-------------+-------------+-------------+-------------+-------------+-------------+-------------+-------------+-------------+-------------+-------------+-------------+-------------+-------------+-------------+-------------+-------------+-------------+-------------+-------------+-------------+-------------+-------------+-------------+-------------+-------------+-------------+-------------+-------------+-------------+-------------+-------------+-------------+-------------+-------------+-------------+-------------+-------------+-------------+-------------+-------------+-------------+-------------+-------------+-------------+-------------+-------------+-------------+-------------+-------------+-------------+-------------+-------------+-------------+-------------+-------------+-------------+-------------+-------------+-------------+-------------+-------------+-------------+-------------+-------------+-------------+-------------+-------------+-------------+-------------+-------------+-------------+-------------+-------------+-------------+-------------+-------------+-------------+-------------+-------------+-------------+-------------+-------------+-------------+-------------+-------------+-------------+-------------+-------------+-------------+--------------+--------------+--------------+--------------+--------------+--------------+--------------+--------------+--------------+--------------+--------------+--------------+--------------+--------------+--------------+--------------+--------------+--------------+--------------+--------------+--------------+--------------+--------------+--------------+--------------+--------------+--------------+--------------+--------------+--------------+--------------+--------------+--------------+--------------+--------------+--------------+--------------+--------------+--------------+--------------+--------------+--------------+--------------+--------------+--------------+--------------+--------------+--------------+--------------+--------------+--------------+--------------+--------------+--------------+--------------+--------------+--------------+--------------+--------------+--------------+--------------+--------------+--------------+--------------+--------------+--------------+--------------+--------------+--------------+--------------+--------------+--------------+--------------+--------------+--------------+--------------+--------------+--------------+--------------+--------------+--------------+--------------+--------------+--------------+--------------+--------------+--------------+--------------+--------------+--------------+--------------+--------------+
+---------------------------+--------------+------------+------------+------------+
|           Metric          |      Sum     |     Min    |     Max    |     Avg    |
+---------------------------+--------------+------------+------------+------------+
|  Runtime (RDTSC) [s] STAT |     282.5886 |     1.4715 |     1.4737 |     1.4718 |
| Runtime unhalted [s] STAT |     327.6139 |     1.6989 |     1.7223 |     1.7063 |
|      Clock [MHz] STAT     |  532741.9323 |  2763.3260 |  2799.9189 |  2774.6976 |
|          CPI STAT         |      85.2004 |     0.4418 |     0.4482 |     0.4438 |
|     DP [MFLOP/s] STAT     | 1.260643e+07 | 65576.1106 | 65670.0932 | 65658.4848 |
+---------------------------+--------------+------------+------------+------------+
