--------------------------------------------------------------------------------
CPU name:	AMD EPYC 9654 96-Core Processor                
CPU type:	AMD K19 (Zen4) architecture
CPU clock:	2.40 GHz
--------------------------------------------------------------------------------
Region bench, Group 1: L2
+-------------------+------------+------------+------------+------------+------------+------------+------------+------------+------------+------------+-------------+-------------+-------------+-------------+-------------+-------------+-------------+-------------+-------------+-------------+-------------+-------------+-------------+-------------+-------------+-------------+-------------+-------------+-------------+-------------+-------------+-------------+-------------+-------------+-------------+-------------+-------------+-------------+-------------+-------------+-------------+-------------+-------------+-------------+-------------+-------------+-------------+-------------+-------------+-------------+-------------+-------------+-------------+-------------+-------------+-------------+-------------+-------------+-------------+-------------+-------------+-------------+-------------+-------------+-------------+-------------+-------------+-------------+-------------+-------------+-------------+-------------+-------------+-------------+-------------+-------------+-------------+-------------+-------------+-------------+-------------+-------------+-------------+-------------+-------------+-------------+-------------+-------------+-------------+-------------+-------------+-------------+-------------+-------------+-------------+-------------+-------------+-------------+-------------+-------------+--------------+--------------+--------------+--------------+--------------+--------------+--------------+--------------+--------------+--------------+--------------+--------------+--------------+--------------+--------------+--------------+--------------+--------------+--------------+--------------+--------------+--------------+--------------+--------------+--------------+--------------+--------------+--------------+--------------+--------------+--------------+--------------+--------------+--------------+--------------+--------------+--------------+--------------+--------------+--------------+--------------+--------------+--------------+--------------+--------------+--------------+--------------+--------------+--------------+--------------+--------------+--------------+--------------+--------------+--------------+--------------+--------------+--------------+--------------+--------------+--------------+--------------+--------------+--------------+--------------+--------------+--------------+--------------+--------------+--------------+--------------+--------------+--------------+--------------+--------------+--------------+--------------+--------------+--------------+--------------+--------------+--------------+--------------+--------------+--------------+--------------+--------------+--------------+--------------+--------------+--------------+--------------+
|    Region Info    | HWThread 0 | HWThread 1 | HWThread 2 | HWThread 3 | HWThread 4 | HWThread 5 | HWThread 6 | HWThread 7 | HWThread 8 | HWThread 9 | HWThread 10 | HWThread 11 | HWThread 12 | HWThread 13 | HWThread 14 | HWThread 15 | HWThread 16 | HWThread 17 | HWThread 18 | HWThread 19 | HWThread 20 | HWThread 21 | HWThread 22 | HWThread 23 | HWThread 24 | HWThread 25 | HWThread 26 | HWThread 27 | HWThread 28 | HWThread 29 | HWThread 30 | HWThread 31 | HWThread 32 | HWThread 33 | HWThread 34 | HWThread 35 | HWThread 36 | HWThread 37 | HWThread 38 | HWThread 39 | HWThread 40 | HWThread 41 | HWThread 42 | HWThread 43 | HWThread 44 | HWThread 45 | HWThread 46 | HWThread 47 | HWThread 48 | HWThread 49 | HWThread 50 | HWThread 51 | HWThread 52 | HWThread 53 | HWThread 54 | HWThread 55 | HWThread 56 | HWThread 57 | HWThread 58 | HWThread 59 | HWThread 60 | HWThread 61 | HWThread 62 | HWThread 63 | HWThread 64 | HWThread 65 | HWThread 66 | HWThread 67 | HWThread 68 | HWThread 69 | HWThread 70 | HWThread 71 | HWThread 72 | HWThread 73 | HWThread 74 | HWThread 75 | HWThread 76 | HWThread 77 | HWThread 78 | HWThread 79 | HWThread 80 | HWThread 81 | HWThread 82 | HWThread 83 | HWThread 84 | HWThread 85 | HWThread 86 | HWThread 87 | HWThread 88 | HWThread 89 | HWThread 90 | HWThread 91 | HWThread 92 | HWThread 93 | HWThread 94 | HWThread 95 | HWThread 96 | HWThread 97 | HWThread 98 | HWThread 99 | HWThread 100 | HWThread 101 | HWThread 102 | HWThread 103 | HWThread 104 | HWThread 105 | HWThread 106 | HWThread 107 | HWThread 108 | HWThread 109 | HWThread 110 | HWThread 111 | HWThread 112 | HWThread 113 | HWThread 114 | HWThread 115 | HWThread 116 | HWThread 117 | HWThread 118 | HWThread 119 | HWThread 120 | HWThread 121 | HWThread 122 | HWThread 123 | HWThread 124 | HWThread 125 | HWThread 126 | HWThread 127 | HWThread 128 | HWThread 129 | HWThread 130 | HWThread 131 | HWThread 132 | HWThread 133 | HWThread 134 | HWThread 135 | HWThread 136 | HWThread 137 | HWThread 138 | HWThread 139 | HWThread 140 | HWThread 141 | HWThread 142 | HWThread 143 | HWThread 144 | HWThread 145 | HWThread 146 | HWThread 147 | HWThread 148 | HWThread 149 | HWThread 150 | HWThread 151 | HWThread 152 | HWThread 153 | HWThread 154 | HWThread 155 | HWThread 156 | HWThread 157 | HWThread 158 | HWThread 159 | HWThread 160 | HWThread 161 | HWThread 162 | HWThread 163 | HWThread 164 | HWThread 165 | HWThread 166 | HWThread 167 | HWThread 168 | HWThread 169 | HWThread 170 | HWThread 171 | HWThread 172 | HWThread 173 | HWThread 174 | HWThread 175 | HWThread 176 | HWThread 177 | HWThread 178 | HWThread 179 | HWThread 180 | HWThread 181 | HWThread 182 | HWThread 183 | HWThread 184 | HWThread 185 | HWThread 186 | HWThread 187 | HWThread 188 | HWThread 189 | HWThread 190 | HWThread 191 |
+-------------------+------------+------------+------------+------------+------------+------------+------------+------------+------------+------------+-------------+-------------+-------------+-------------+-------------+-------------+-------------+-------------+-------------+-------------+-------------+-------------+-------------+-------------+-------------+-------------+-------------+-------------+-------------+-------------+-------------+-------------+-------------+-------------+-------------+-------------+-------------+-------------+-------------+-------------+-------------+-------------+-------------+-------------+-------------+-------------+-------------+-------------+-------------+-------------+-------------+-------------+-------------+-------------+-------------+-------------+-------------+-------------+-------------+-------------+-------------+-------------+-------------+-------------+-------------+-------------+-------------+-------------+-------------+-------------+-------------+-------------+-------------+-------------+-------------+-------------+-------------+-------------+-------------+-------------+-------------+-------------+-------------+-------------+-------------+-------------+-------------+-------------+-------------+-------------+-------------+-------------+-------------+-------------+-------------+-------------+-------------+-------------+-------------+-------------+--------------+--------------+--------------+--------------+--------------+--------------+--------------+--------------+--------------+--------------+--------------+--------------+--------------+--------------+--------------+--------------+--------------+--------------+--------------+--------------+--------------+--------------+--------------+--------------+--------------+--------------+--------------+--------------+--------------+--------------+--------------+--------------+--------------+--------------+--------------+--------------+--------------+--------------+--------------+--------------+--------------+--------------+--------------+--------------+--------------+--------------+--------------+--------------+--------------+--------------+--------------+--------------+--------------+--------------+--------------+--------------+--------------+--------------+--------------+--------------+--------------+--------------+--------------+--------------+--------------+--------------+--------------+--------------+--------------+--------------+--------------+--------------+--------------+--------------+--------------+--------------+--------------+--------------+--------------+--------------+--------------+--------------+--------------+--------------+--------------+--------------+--------------+--------------+--------------+--------------+--------------+--------------+
| RDTSC Runtime [s] |   1.917069 |   1.917251 |   1.916779 |   1.917100 |   1.916788 |   1.917099 |   1.917094 |   1.917069 |   1.917247 |   1.917271 |    1.917268 |    1.917203 |    1.917090 |    1.917241 |    1.917272 |    1.917248 |    1.917089 |    1.917098 |    1.917092 |    1.917090 |    1.917098 |    1.917098 |    1.917098 |    1.917100 |    1.917095 |    1.917093 |    1.916978 |    1.917350 |    1.917355 |    1.916782 |    1.917137 |    1.917348 |    1.916841 |    1.916836 |    1.916835 |    1.916841 |    1.916832 |    1.916979 |    1.916919 |    1.916978 |    1.916981 |    1.916982 |    1.916979 |    1.916984 |    1.916979 |    1.916980 |    1.916984 |    1.916983 |    1.916778 |    1.916975 |    1.916980 |    1.916976 |    1.917106 |    1.916976 |    1.916973 |    1.916978 |    1.917190 |    1.917090 |    1.917185 |    1.917141 |    1.917086 |    1.917185 |    1.917086 |    1.917347 |    1.916977 |    1.916976 |    1.916976 |    1.916966 |    1.916975 |    1.916976 |    1.916976 |    1.916761 |    1.916841 |    1.916826 |    1.916938 |    1.916790 |    1.916976 |    1.916847 |    1.916841 |    1.916827 |    1.917101 |    1.917100 |    1.917094 |    1.916962 |    1.916947 |    1.916821 |    1.916820 |    1.917094 |    1.916824 |    1.916845 |    1.916841 |    1.916837 |    1.916836 |    1.916844 |    1.916841 |    1.916828 |    1.916836 |    1.916836 |    1.916927 |    1.916839 |     1.917186 |     1.917498 |     1.917492 |     1.916828 |     1.916972 |     1.917105 |     1.917495 |     1.917101 |     1.916827 |     1.917102 |     1.917102 |     1.917097 |     1.916837 |     1.916922 |     1.917495 |     1.916979 |     1.916828 |     1.916928 |     1.916863 |     1.916981 |     1.916843 |     1.917477 |     1.916842 |     1.917099 |     1.917465 |     1.916973 |     1.917353 |     1.917511 |     1.916929 |     1.916820 |     1.916820 |     1.916982 |     1.916848 |     1.916923 |     1.917494 |     1.916979 |     1.916847 |     1.917143 |     1.917249 |     1.917442 |     1.916945 |     1.917242 |     1.917093 |     1.917453 |     1.916860 |     1.917103 |     1.917231 |     1.916820 |     1.917148 |     1.917531 |     1.917103 |     1.917104 |     1.917214 |     1.917149 |     1.917145 |     1.917536 |     1.917097 |     1.917440 |     1.917148 |     1.916958 |     1.917270 |     1.917068 |     1.917384 |     1.917173 |     1.917266 |     1.917270 |     1.917188 |     1.916830 |     1.917545 |     1.917536 |     1.917062 |     1.917541 |     1.917539 |     1.917541 |     1.917548 |     1.916794 |     1.917248 |     1.917138 |     1.917242 |     1.917207 |     1.917273 |     1.917272 |     1.917248 |     1.916864 |     1.917097 |     1.917395 |     1.917393 |     1.917269 |     1.917099 |     1.917535 |     1.917143 |     1.917396 |
|     call count    |          1 |          1 |          1 |          1 |          1 |          1 |          1 |          1 |          1 |          1 |           1 |           1 |           1 |           1 |           1 |           1 |           1 |           1 |           1 |           1 |           1 |           1 |           1 |           1 |           1 |           1 |           1 |           1 |           1 |           1 |           1 |           1 |           1 |           1 |           1 |           1 |           1 |           1 |           1 |           1 |           1 |           1 |           1 |           1 |           1 |           1 |           1 |           1 |           1 |           1 |           1 |           1 |           1 |           1 |           1 |           1 |           1 |           1 |           1 |           1 |           1 |           1 |           1 |           1 |           1 |           1 |           1 |           1 |           1 |           1 |           1 |           1 |           1 |           1 |           1 |           1 |           1 |           1 |           1 |           1 |           1 |           1 |           1 |           1 |           1 |           1 |           1 |           1 |           1 |           1 |           1 |           1 |           1 |           1 |           1 |           1 |           1 |           1 |           1 |           1 |            1 |            1 |            1 |            1 |            1 |            1 |            1 |            1 |            1 |            1 |            1 |            1 |            1 |            1 |            1 |            1 |            1 |            1 |            1 |            1 |            1 |            1 |            1 |            1 |            1 |            1 |            1 |            1 |            1 |            1 |            1 |            1 |            1 |            1 |            1 |            1 |            1 |            1 |            1 |            1 |            1 |            1 |            1 |            1 |            1 |            1 |            1 |            1 |            1 |            1 |            1 |            1 |            1 |            1 |            1 |            1 |            1 |            1 |            1 |            1 |            1 |            1 |            1 |            1 |            1 |            1 |            1 |            1 |            1 |            1 |            1 |            1 |            1 |            1 |            1 |            1 |            1 |            1 |            1 |            1 |            1 |            1 |            1 |            1 |            1 |            1 |            1 |            1 |            1 |            1 |            1 |            1 |
+-------------------+------------+------------+------------+------------+------------+------------+------------+------------+------------+------------+-------------+-------------+-------------+-------------+-------------+-------------+-------------+-------------+-------------+-------------+-------------+-------------+-------------+-------------+-------------+-------------+-------------+-------------+-------------+-------------+-------------+-------------+-------------+-------------+-------------+-------------+-------------+-------------+-------------+-------------+-------------+-------------+-------------+-------------+-------------+-------------+-------------+-------------+-------------+-------------+-------------+-------------+-------------+-------------+-------------+-------------+-------------+-------------+-------------+-------------+-------------+-------------+-------------+-------------+-------------+-------------+-------------+-------------+-------------+-------------+-------------+-------------+-------------+-------------+-------------+-------------+-------------+-------------+-------------+-------------+-------------+-------------+-------------+-------------+-------------+-------------+-------------+-------------+-------------+-------------+-------------+-------------+-------------+-------------+-------------+-------------+-------------+-------------+-------------+-------------+--------------+--------------+--------------+--------------+--------------+--------------+--------------+--------------+--------------+--------------+--------------+--------------+--------------+--------------+--------------+--------------+--------------+--------------+--------------+--------------+--------------+--------------+--------------+--------------+--------------+--------------+--------------+--------------+--------------+--------------+--------------+--------------+--------------+--------------+--------------+--------------+--------------+--------------+--------------+--------------+--------------+--------------+--------------+--------------+--------------+--------------+--------------+--------------+--------------+--------------+--------------+--------------+--------------+--------------+--------------+--------------+--------------+--------------+--------------+--------------+--------------+--------------+--------------+--------------+--------------+--------------+--------------+--------------+--------------+--------------+--------------+--------------+--------------+--------------+--------------+--------------+--------------+--------------+--------------+--------------+--------------+--------------+--------------+--------------+--------------+--------------+--------------+--------------+--------------+--------------+--------------+--------------+
+-------------------------------+---------+-------------+-------------+-------------+-------------+-------------+-------------+-------------+-------------+-------------+-------------+-------------+-------------+-------------+-------------+-------------+-------------+-------------+-------------+-------------+-------------+-------------+-------------+-------------+-------------+-------------+-------------+-------------+-------------+-------------+-------------+-------------+-------------+-------------+-------------+-------------+-------------+-------------+-------------+-------------+-------------+-------------+-------------+-------------+-------------+-------------+-------------+-------------+-------------+-------------+-------------+-------------+-------------+-------------+-------------+-------------+-------------+-------------+-------------+-------------+-------------+-------------+-------------+-------------+-------------+-------------+-------------+-------------+-------------+-------------+-------------+-------------+-------------+-------------+-------------+-------------+-------------+-------------+-------------+-------------+-------------+-------------+-------------+-------------+-------------+-------------+-------------+-------------+-------------+-------------+-------------+-------------+-------------+-------------+-------------+-------------+-------------+-------------+-------------+-------------+-------------+--------------+--------------+--------------+--------------+--------------+--------------+--------------+--------------+--------------+--------------+--------------+--------------+--------------+--------------+--------------+--------------+--------------+--------------+--------------+--------------+--------------+--------------+--------------+--------------+--------------+--------------+--------------+--------------+--------------+--------------+--------------+--------------+--------------+--------------+--------------+--------------+--------------+--------------+--------------+--------------+--------------+--------------+--------------+--------------+--------------+--------------+--------------+--------------+--------------+--------------+--------------+--------------+--------------+--------------+--------------+--------------+--------------+--------------+--------------+--------------+--------------+--------------+--------------+--------------+--------------+--------------+--------------+--------------+--------------+--------------+--------------+--------------+--------------+--------------+--------------+--------------+--------------+--------------+--------------+--------------+--------------+--------------+--------------+--------------+--------------+--------------+--------------+--------------+--------------+--------------+--------------+--------------+
|             Event             | Counter |  HWThread 0 |  HWThread 1 |  HWThread 2 |  HWThread 3 |  HWThread 4 |  HWThread 5 |  HWThread 6 |  HWThread 7 |  HWThread 8 |  HWThread 9 | HWThread 10 | HWThread 11 | HWThread 12 | HWThread 13 | HWThread 14 | HWThread 15 | HWThread 16 | HWThread 17 | HWThread 18 | HWThread 19 | HWThread 20 | HWThread 21 | HWThread 22 | HWThread 23 | HWThread 24 | HWThread 25 | HWThread 26 | HWThread 27 | HWThread 28 | HWThread 29 | HWThread 30 | HWThread 31 | HWThread 32 | HWThread 33 | HWThread 34 | HWThread 35 | HWThread 36 | HWThread 37 | HWThread 38 | HWThread 39 | HWThread 40 | HWThread 41 | HWThread 42 | HWThread 43 | HWThread 44 | HWThread 45 | HWThread 46 | HWThread 47 | HWThread 48 | HWThread 49 | HWThread 50 | HWThread 51 | HWThread 52 | HWThread 53 | HWThread 54 | HWThread 55 | HWThread 56 | HWThread 57 | HWThread 58 | HWThread 59 | HWThread 60 | HWThread 61 | HWThread 62 | HWThread 63 | HWThread 64 | HWThread 65 | HWThread 66 | HWThread 67 | HWThread 68 | HWThread 69 | HWThread 70 | HWThread 71 | HWThread 72 | HWThread 73 | HWThread 74 | HWThread 75 | HWThread 76 | HWThread 77 | HWThread 78 | HWThread 79 | HWThread 80 | HWThread 81 | HWThread 82 | HWThread 83 | HWThread 84 | HWThread 85 | HWThread 86 | HWThread 87 | HWThread 88 | HWThread 89 | HWThread 90 | HWThread 91 | HWThread 92 | HWThread 93 | HWThread 94 | HWThread 95 | HWThread 96 | HWThread 97 | HWThread 98 | HWThread 99 | HWThread 100 | HWThread 101 | HWThread 102 | HWThread 103 | HWThread 104 | HWThread 105 | HWThread 106 | HWThread 107 | HWThread 108 | HWThread 109 | HWThread 110 | HWThread 111 | HWThread 112 | HWThread 113 | HWThread 114 | HWThread 115 | HWThread 116 | HWThread 117 | HWThread 118 | HWThread 119 | HWThread 120 | HWThread 121 | HWThread 122 | HWThread 123 | HWThread 124 | HWThread 125 | HWThread 126 | HWThread 127 | HWThread 128 | HWThread 129 | HWThread 130 | HWThread 131 | HWThread 132 | HWThread 133 | HWThread 134 | HWThread 135 | HWThread 136 | HWThread 137 | HWThread 138 | HWThread 139 | HWThread 140 | HWThread 141 | HWThread 142 | HWThread 143 | HWThread 144 | HWThread 145 | HWThread 146 | HWThread 147 | HWThread 148 | HWThread 149 | HWThread 150 | HWThread 151 | HWThread 152 | HWThread 153 | HWThread 154 | HWThread 155 | HWThread 156 | HWThread 157 | HWThread 158 | HWThread 159 | HWThread 160 | HWThread 161 | HWThread 162 | HWThread 163 | HWThread 164 | HWThread 165 | HWThread 166 | HWThread 167 | HWThread 168 | HWThread 169 | HWThread 170 | HWThread 171 | HWThread 172 | HWThread 173 | HWThread 174 | HWThread 175 | HWThread 176 | HWThread 177 | HWThread 178 | HWThread 179 | HWThread 180 | HWThread 181 | HWThread 182 | HWThread 183 | HWThread 184 | HWThread 185 | HWThread 186 | HWThread 187 | HWThread 188 | HWThread 189 | HWThread 190 | HWThread 191 |
+-------------------------------+---------+-------------+-------------+-------------+-------------+-------------+-------------+-------------+-------------+-------------+-------------+-------------+-------------+-------------+-------------+-------------+-------------+-------------+-------------+-------------+-------------+-------------+-------------+-------------+-------------+-------------+-------------+-------------+-------------+-------------+-------------+-------------+-------------+-------------+-------------+-------------+-------------+-------------+-------------+-------------+-------------+-------------+-------------+-------------+-------------+-------------+-------------+-------------+-------------+-------------+-------------+-------------+-------------+-------------+-------------+-------------+-------------+-------------+-------------+-------------+-------------+-------------+-------------+-------------+-------------+-------------+-------------+-------------+-------------+-------------+-------------+-------------+-------------+-------------+-------------+-------------+-------------+-------------+-------------+-------------+-------------+-------------+-------------+-------------+-------------+-------------+-------------+-------------+-------------+-------------+-------------+-------------+-------------+-------------+-------------+-------------+-------------+-------------+-------------+-------------+-------------+--------------+--------------+--------------+--------------+--------------+--------------+--------------+--------------+--------------+--------------+--------------+--------------+--------------+--------------+--------------+--------------+--------------+--------------+--------------+--------------+--------------+--------------+--------------+--------------+--------------+--------------+--------------+--------------+--------------+--------------+--------------+--------------+--------------+--------------+--------------+--------------+--------------+--------------+--------------+--------------+--------------+--------------+--------------+--------------+--------------+--------------+--------------+--------------+--------------+--------------+--------------+--------------+--------------+--------------+--------------+--------------+--------------+--------------+--------------+--------------+--------------+--------------+--------------+--------------+--------------+--------------+--------------+--------------+--------------+--------------+--------------+--------------+--------------+--------------+--------------+--------------+--------------+--------------+--------------+--------------+--------------+--------------+--------------+--------------+--------------+--------------+--------------+--------------+--------------+--------------+--------------+--------------+
|        ACTUAL_CPU_CLOCK       |  FIXC1  |  4844802000 |  4843328000 |  4842377000 |  4843978000 |  4842506000 |  4843726000 |  4843396000 |  4843473000 |  4845554000 |  4844542000 |  4845458000 |  4845509000 |  4845410000 |  4845488000 |  4845395000 |  4845491000 |  4842037000 |  4841932000 |  4842035000 |  4843812000 |  4842055000 |  4843624000 |  4843016000 |  4841971000 |  4844764000 |  4844305000 |  4843308000 |  4844061000 |  4844116000 |  4843703000 |  4844750000 |  4844133000 |  4843272000 |  4843307000 |  4843295000 |  4843904000 |  4843597000 |  4843093000 |  4843836000 |  4843722000 |  4841628000 |  4841657000 |  4841581000 |  4842774000 |  4841564000 |  4842362000 |  4842881000 |  4842099000 |  4841448000 |  4841462000 |  4841584000 |  4841468000 |  4841453000 |  4843382000 |  4841490000 |  4841490000 |  4846231000 |  4844061000 |  4844248000 |  4844424000 |  4844269000 |  4844226000 |  4844277000 |  4844271000 |  4840986000 |  4840624000 |  4840581000 |  4841914000 |  4841053000 |  4840794000 |  4840873000 |  4840587000 |  4843900000 |  4843920000 |  4842675000 |  4843939000 |  4843031000 |  4843499000 |  4842988000 |  4843842000 |  4843791000 |  4845449000 |  4843673000 |  4842358000 |  4844622000 |  4843369000 |  4843101000 |  4843927000 |  4840061000 |  4842213000 |  4841509000 |  4840836000 |  4839983000 |  4840084000 |  4840073000 |  4840432000 |  4874691000 |  4876494000 |  4874723000 |  4874782000 |   4875295000 |   4876859000 |   4876794000 |   4875503000 |   4874700000 |   4875194000 |   4875685000 |   4874863000 |   4875298000 |   4874803000 |   4874875000 |   4875904000 |   4874568000 |   4875653000 |   4876924000 |   4874927000 |   4875033000 |   4875762000 |   4875638000 |   4874402000 |   4875711000 |   4877372000 |   4877371000 |   4877236000 |   4877640000 |   4876173000 |   4877136000 |   4877312000 |   4874288000 |   4874445000 |   4874410000 |   4874220000 |   4874573000 |   4874597000 |   4875708000 |   4874385000 |   4876043000 |   4876799000 |   4877178000 |   4876857000 |   4874288000 |   4875678000 |   4876475000 |   4875919000 |   4875241000 |   4877156000 |   4876748000 |   4875900000 |   4875894000 |   4876999000 |   4877156000 |   4875998000 |   4875931000 |   4877132000 |   4877090000 |   4877578000 |   4876090000 |   4875297000 |   4874863000 |   4874590000 |   4877331000 |   4876558000 |   4877150000 |   4877175000 |   4877163000 |   4877419000 |   4876611000 |   4876298000 |   4876220000 |   4876124000 |   4875723000 |   4876752000 |   4877298000 |   4876193000 |   4875981000 |   4876028000 |   4875650000 |   4874927000 |   4875663000 |   4875596000 |   4875489000 |   4875538000 |   4875595000 |   4873905000 |   4874906000 |   4876482000 |   4876984000 |   4875229000 |   4876922000 |   4877552000 |   4875835000 |   4876379000 |
|         MAX_CPU_CLOCK         |  FIXC2  |  4599452000 |  4598756000 |  4598082000 |  4598980000 |  4598116000 |  4598836000 |  4598773000 |  4598761000 |  4599658000 |  4599562000 |  4599632000 |  4599650000 |  4599604000 |  4599628000 |  4599601000 |  4599630000 |  4598730000 |  4599131000 |  4598732000 |  4599553000 |  4598757000 |  4599423000 |  4599538000 |  4598657000 |  4599150000 |  4597586000 |  4596643000 |  4597413000 |  4597426000 |  4596903000 |  4598906000 |  4597434000 |  4598980000 |  4598985000 |  4598822000 |  4598867000 |  4599164000 |  4598642000 |  4598926000 |  4598794000 |  4598103000 |  4598138000 |  4598100000 |  4598716000 |  4598070000 |  4598942000 |  4598742000 |  4598780000 |  4598091000 |  4598170000 |  4598186000 |  4598173000 |  4598113000 |  4598685000 |  4598188000 |  4598222000 |  4599623000 |  4598765000 |  4598674000 |  4598855000 |  4598755000 |  4598667000 |  4598758000 |  4598800000 |  4597969000 |  4598232000 |  4598219000 |  4598804000 |  4597990000 |  4597914000 |  4597955000 |  4598201000 |  4598898000 |  4598950000 |  4598979000 |  4598944000 |  4598887000 |  4598979000 |  4598838000 |  4598889000 |  4598851000 |  4599706000 |  4598821000 |  4598018000 |  4598954000 |  4598925000 |  4598129000 |  4599199000 |  4598212000 |  4598903000 |  4598968000 |  4598140000 |  4597872000 |  4598211000 |  4598285000 |  4598012000 |  4596808000 |  4598945000 |  4598449000 |  4597998000 |   4597525000 |   4599562000 |   4599503000 |   4598051000 |   4598963000 |   4598653000 |   4599582000 |   4598796000 |   4598831000 |   4598778000 |   4598802000 |   4599738000 |   4598970000 |   4598872000 |   4600206000 |   4598718000 |   4598798000 |   4598920000 |   4598851000 |   4598897000 |   4598082000 |   4599474000 |   4598990000 |   4598923000 |   4599547000 |   4598419000 |   4598878000 |   4598958000 |   4598155000 |   4598911000 |   4598874000 |   4598534000 |   4598264000 |   4598288000 |   4599631000 |   4598393000 |   4598925000 |   4599379000 |   4599923000 |   4600085000 |   4598838000 |   4599552000 |   4599532000 |   4599631000 |   4598220000 |   4599604000 |   4599386000 |   4598927000 |   4598936000 |   4599495000 |   4599605000 |   4598990000 |   4599157000 |   4599644000 |   4599633000 |   4600182000 |   4599112000 |   4598531000 |   4598642000 |   4598313000 |   4599616000 |   4599640000 |   4599525000 |   4599530000 |   4599519000 |   4599657000 |   4599655000 |   4598945000 |   4599009000 |   4598976000 |   4598790000 |   4599736000 |   4599576000 |   4599004000 |   4598905000 |   4598832000 |   4599629000 |   4599671000 |   4599626000 |   4599574000 |   4599548000 |   4599580000 |   4599577000 |   4599101000 |   4598027000 |   4599812000 |   4599638000 |   4598842000 |   4599630000 |   4600512000 |   4599034000 |   4599285000 |
|      RETIRED_INSTRUCTIONS     |   PMC0  | 11843440000 | 11847520000 | 11847360000 | 11858750000 | 11847390000 | 11847510000 | 11859200000 | 11847560000 | 11846820000 | 11846900000 | 11846900000 | 11846840000 | 11846750000 | 11846850000 | 11846750000 | 11846890000 | 11845700000 | 11842840000 | 11845660000 | 11845740000 | 11845710000 | 11845720000 | 11845540000 | 11844250000 | 11850620000 | 11847780000 | 11849690000 | 11850810000 | 11850840000 | 11850480000 | 11850060000 | 11850860000 | 11850630000 | 11850730000 | 11849930000 | 11850660000 | 11850630000 | 11850750000 | 11849750000 | 11850660000 | 11845820000 | 11845850000 | 11845740000 | 11845840000 | 11845800000 | 11832310000 | 11845790000 | 11840980000 | 11852290000 | 11850160000 | 11851050000 | 11852530000 | 11852620000 | 11852330000 | 11850290000 | 11863470000 | 11847230000 | 11847130000 | 11845730000 | 11847010000 | 11847120000 | 11847300000 | 11845450000 | 11847400000 | 11841320000 | 11841300000 | 11841320000 | 11841270000 | 11841300000 | 11841320000 | 11841270000 | 11833080000 | 11838320000 | 11838680000 | 11838150000 | 11838630000 | 11838730000 | 11838630000 | 11838030000 | 11838530000 | 11839770000 | 11839620000 | 11838970000 | 11839700000 | 11839580000 | 11839690000 | 11838930000 | 11839700000 | 11830070000 | 11830070000 | 11830100000 | 11829980000 | 11830100000 | 11830070000 | 11829930000 | 11811680000 | 11862320000 | 11854830000 | 11867360000 | 11862240000 |  11862730000 |  11862850000 |  11859460000 |  11862240000 |  11861790000 |  11858900000 |  11859700000 |  11861830000 |  11861750000 |  11870480000 |  11859580000 |  11861750000 |  11852110000 |  11850520000 |  11850890000 |  11850530000 |  11850460000 |  11850420000 |  11850360000 |  11834830000 |  11861550000 |  11862090000 |  11859300000 |  11861940000 |  11859010000 |  11861660000 |  11859640000 |  11862090000 |  11861040000 |  11861190000 |  11858650000 |  11861310000 |  11861100000 |  11861260000 |  11859090000 |  11861160000 |  11852790000 |  11852800000 |  11852790000 |  11852970000 |  11852700000 |  11852840000 |  11852720000 |  11840270000 |  11861650000 |  11862110000 |  11859840000 |  11861890000 |  11861930000 |  11862450000 |  11857570000 |  11859860000 |  11858990000 |  11858900000 |  11856090000 |  11859230000 |  11858830000 |  11859210000 |  11855790000 |  11858850000 |  11854530000 |  11854650000 |  11857570000 |  11857310000 |  11857480000 |  11857550000 |  11860420000 |  11857150000 |  11859480000 |  11859700000 |  11857550000 |  11859650000 |  11859620000 |  11859610000 |  11854610000 |  11859410000 |  11859770000 |  11859700000 |  11857550000 |  11859700000 |  11859750000 |  11859770000 |  11857500000 |  11859550000 |  11854650000 |  11854810000 |  11854580000 |  11854670000 |  11854770000 |  11855070000 |  11854360000 |  11854120000 |
|      CPU_CLOCKS_UNHALTED      |   PMC1  |  4602187000 |  4606362000 |  4604558000 |  4604843000 |  4605028000 |  4605930000 |  4605069000 |  4605546000 |  4610162000 |  4611099000 |  4610873000 |  4611410000 |  4610115000 |  4610321000 |  4610539000 |  4610357000 |  4604193000 |  4604533000 |  4604463000 |  4604568000 |  4604455000 |  4604529000 |  4604439000 |  4605077000 |  4631674000 |  4631739000 |  4631535000 |  4632761000 |  4632657000 |  4631473000 |  4631828000 |  4632909000 |  4628771000 |  4629056000 |  4628654000 |  4628783000 |  4628851000 |  4629470000 |  4629032000 |  4628816000 |  4666821000 |  4667496000 |  4666651000 |  4667306000 |  4666606000 |  4666250000 |  4665812000 |  4666275000 |  4635078000 |  4635640000 |  4635710000 |  4635308000 |  4635895000 |  4635293000 |  4635216000 |  4634749000 |  4613362000 |  4613188000 |  4612611000 |  4612353000 |  4613193000 |  4613461000 |  4612624000 |  4613814000 |  4648512000 |  4649352000 |  4648647000 |  4648586000 |  4648441000 |  4648847000 |  4648252000 |  4647829000 |  4618992000 |  4620602000 |  4620234000 |  4619654000 |  4620366000 |  4620590000 |  4619790000 |  4619793000 |  4626630000 |  4626563000 |  4626642000 |  4626578000 |  4626038000 |  4626062000 |  4625442000 |  4626369000 |  4638956000 |  4639037000 |  4638976000 |  4638878000 |  4639126000 |  4638808000 |  4638252000 |  4638031000 |  4692515000 |  4691546000 |  4692791000 |  4692347000 |   4692803000 |   4694416000 |   4694333000 |   4691908000 |   4694507000 |   4693414000 |   4695362000 |   4694029000 |   4692930000 |   4694066000 |   4694290000 |   4694466000 |   4705151000 |   4706188000 |   4708999000 |   4704189000 |   4706671000 |   4707395000 |   4704888000 |   4704524000 |   4696849000 |   4698811000 |   4696810000 |   4697919000 |   4698607000 |   4697152000 |   4698419000 |   4698859000 |   4695222000 |   4695574000 |   4695948000 |   4696101000 |   4695573000 |   4696795000 |   4697058000 |   4695781000 |   4708135000 |   4710177000 |   4710324000 |   4710266000 |   4709160000 |   4710191000 |   4709537000 |   4710990000 |   4697165000 |   4698386000 |   4698453000 |   4697260000 |   4697683000 |   4699798000 |   4697907000 |   4698025000 |   4682524000 |   4682295000 |   4682427000 |   4683212000 |   4681988000 |   4683245000 |   4681620000 |   4681501000 |   4727534000 |   4727174000 |   4727514000 |   4726576000 |   4727515000 |   4727896000 |   4725008000 |   4726079000 |   4691891000 |   4691911000 |   4690209000 |   4691700000 |   4691527000 |   4691409000 |   4686954000 |   4689413000 |   4687516000 |   4687299000 |   4687299000 |   4687130000 |   4687503000 |   4688083000 |   4687632000 |   4686972000 |   4714238000 |   4713192000 |   4714794000 |   4714346000 |   4712717000 |   4714221000 |   4713252000 |   4714709000 |
| REQUESTS_TO_L2_GRP1_ALL_NO_PF |   PMC2  |  1074271000 |  1074278000 |  1074276000 |  1074086000 |  1074267000 |  1074254000 |  1074080000 |  1074269000 |  1074265000 |  1074270000 |  1074275000 |  1074282000 |  1074270000 |  1074255000 |  1074280000 |  1074284000 |  1074254000 |  1074321000 |  1074269000 |  1074273000 |  1074271000 |  1074255000 |  1074268000 |  1074300000 |  1074236000 |  1074313000 |  1074268000 |  1074269000 |  1074267000 |  1074252000 |  1074276000 |  1074280000 |  1074244000 |  1074267000 |  1074275000 |  1074268000 |  1074261000 |  1074246000 |  1074271000 |  1074258000 |  1074251000 |  1074266000 |  1074280000 |  1074263000 |  1074254000 |  1074386000 |  1074265000 |  1074192000 |  1074243000 |  1074316000 |  1074276000 |  1074263000 |  1074268000 |  1074253000 |  1074276000 |  1074087000 |  1074237000 |  1074266000 |  1074281000 |  1074253000 |  1074262000 |  1074257000 |  1074263000 |  1074258000 |  1074246000 |  1074276000 |  1074284000 |  1074268000 |  1074257000 |  1074262000 |  1074278000 |  1074195000 |  1074338000 |  1074386000 |  1074385000 |  1074366000 |  1074375000 |  1074371000 |  1074367000 |  1074362000 |  1074360000 |  1074376000 |  1074393000 |  1074373000 |  1074370000 |  1074356000 |  1074385000 |  1074373000 |  1074347000 |  1074377000 |  1074383000 |  1074373000 |  1074363000 |  1074359000 |  1074377000 |  1074266000 |  1074244000 |  1074396000 |  1074087000 |  1074266000 |   1074258000 |   1074263000 |   1074263000 |   1074265000 |   1074247000 |   1074330000 |   1074269000 |   1074270000 |   1074270000 |   1074075000 |   1074277000 |   1074261000 |   1074078000 |   1074269000 |   1074267000 |   1074264000 |   1074267000 |   1074258000 |   1074280000 |   1074173000 |   1074253000 |   1074275000 |   1074274000 |   1074260000 |   1074302000 |   1074256000 |   1074280000 |   1074260000 |   1074260000 |   1074279000 |   1074281000 |   1074259000 |   1074265000 |   1074267000 |   1074268000 |   1074259000 |   1074264000 |   1074277000 |   1074284000 |   1074260000 |   1074276000 |   1074270000 |   1074284000 |   1074174000 |   1074244000 |   1074262000 |   1074276000 |   1074266000 |   1074254000 |   1074255000 |   1074298000 |   1074291000 |   1074248000 |   1074278000 |   1074262000 |   1074266000 |   1074263000 |   1074263000 |   1074275000 |   1074271000 |   1074286000 |   1074323000 |   1074266000 |   1074272000 |   1074266000 |   1074270000 |   1074082000 |   1074131000 |   1074149000 |   1074259000 |   1074260000 |   1074251000 |   1074251000 |   1074249000 |   1074304000 |   1074251000 |   1074238000 |   1074262000 |   1074265000 |   1074254000 |   1074252000 |   1074250000 |   1074264000 |   1074252000 |   1074246000 |   1074269000 |   1074267000 |   1074274000 |   1074258000 |   1074253000 |   1074264000 |   1074173000 |
|        L2_PF_HIT_IN_L2        |   PMC3  |  1723153000 |  1736413000 |  1640549000 |  1639962000 |  1726359000 |  1721259000 |  1642885000 |  1749570000 |  1721766000 |  1718218000 |  1631552000 |  1734120000 |  1726263000 |  1728309000 |  1610159000 |  1726971000 |  1726074000 |  1732794000 |  1640326000 |  1738894000 |  1725842000 |  1735896000 |  1604775000 |  1738022000 |  1710481000 |  1737028000 |  1637124000 |  1723644000 |  1718544000 |  1728945000 |  1613226000 |  1725918000 |  1716110000 |  1716824000 |  1608360000 |  1731409000 |  1718956000 |  1734664000 |  1587944000 |  1729600000 |  1715944000 |  1705132000 |  1621908000 |  1714370000 |  1713850000 |  1762033000 |  1599449000 |  1403684000 |  1721930000 |  1729880000 |  1616927000 |  1712026000 |  1720332000 |  1734368000 |  1591337000 |  1656351000 |  1727690000 |  1715305000 |  1608007000 |  1713950000 |  1723227000 |  1736990000 |  1578841000 |  1733365000 |  1713905000 |  1715747000 |  1597190000 |  1716710000 |  1711098000 |  1714943000 |  1702037000 |  1405011000 |  1762874000 |  1755078000 |  1623295000 |  1732307000 |  1763389000 |  1778031000 |  1666847000 |  1769604000 |  1759489000 |  1776842000 |  1617560000 |  1755383000 |  1753571000 |  1776811000 |  1750901000 |  1762685000 |  1755261000 |  1741172000 |  1610836000 |  1748736000 |  1750448000 |  1758649000 |  1637711000 |  1424287000 |  1719335000 |  1766122000 |  1542505000 |  1721773000 |   1738471000 |   1730887000 |   1701125000 |   1741951000 |   1735017000 |   1748255000 |   1616670000 |   1722035000 |   1726450000 |   1659187000 |   1655033000 |   1723882000 |   1648437000 |   1712730000 |   1601945000 |   1719121000 |   1719637000 |   1716350000 |   1639339000 |   1413522000 |   1725462000 |   1731927000 |   1588048000 |   1717871000 |   1750938000 |   1735392000 |   1640409000 |   1735999000 |   1733168000 |   1718556000 |   1615785000 |   1732121000 |   1729677000 |   1746543000 |   1645083000 |   1730666000 |   1715856000 |   1716356000 |   1623587000 |   1708479000 |   1718234000 |   1729549000 |   1643710000 |   1409261000 |   1716457000 |   1723307000 |   1630048000 |   1727733000 |   1724242000 |   1732047000 |   1627117000 |   1747717000 |   1727930000 |   1720759000 |   1627004000 |   1720844000 |   1728634000 |   1732243000 |   1659045000 |   1732487000 |   1726589000 |   1724108000 |   1619011000 |   1714637000 |   1744903000 |   1717630000 |   1636319000 |   1398110000 |   1723485000 |   1734762000 |   1626872000 |   1733808000 |   1723174000 |   1738033000 |   1656812000 |   1726031000 |   1730843000 |   1717099000 |   1606302000 |   1724424000 |   1741931000 |   1732044000 |   1712091000 |   1735437000 |   1721695000 |   1721916000 |   1609532000 |   1712150000 |   1723721000 |   1726815000 |   1655866000 |   1420526000 |
+-------------------------------+---------+-------------+-------------+-------------+-------------+-------------+-------------+-------------+-------------+-------------+-------------+-------------+-------------+-------------+-------------+-------------+-------------+-------------+-------------+-------------+-------------+-------------+-------------+-------------+-------------+-------------+-------------+-------------+-------------+-------------+-------------+-------------+-------------+-------------+-------------+-------------+-------------+-------------+-------------+-------------+-------------+-------------+-------------+-------------+-------------+-------------+-------------+-------------+-------------+-------------+-------------+-------------+-------------+-------------+-------------+-------------+-------------+-------------+-------------+-------------+-------------+-------------+-------------+-------------+-------------+-------------+-------------+-------------+-------------+-------------+-------------+-------------+-------------+-------------+-------------+-------------+-------------+-------------+-------------+-------------+-------------+-------------+-------------+-------------+-------------+-------------+-------------+-------------+-------------+-------------+-------------+-------------+-------------+-------------+-------------+-------------+-------------+-------------+-------------+-------------+-------------+--------------+--------------+--------------+--------------+--------------+--------------+--------------+--------------+--------------+--------------+--------------+--------------+--------------+--------------+--------------+--------------+--------------+--------------+--------------+--------------+--------------+--------------+--------------+--------------+--------------+--------------+--------------+--------------+--------------+--------------+--------------+--------------+--------------+--------------+--------------+--------------+--------------+--------------+--------------+--------------+--------------+--------------+--------------+--------------+--------------+--------------+--------------+--------------+--------------+--------------+--------------+--------------+--------------+--------------+--------------+--------------+--------------+--------------+--------------+--------------+--------------+--------------+--------------+--------------+--------------+--------------+--------------+--------------+--------------+--------------+--------------+--------------+--------------+--------------+--------------+--------------+--------------+--------------+--------------+--------------+--------------+--------------+--------------+--------------+--------------+--------------+--------------+--------------+--------------+--------------+--------------+--------------+
+------------------------------------+---------+---------------+-------------+-------------+--------------+
|                Event               | Counter |      Sum      |     Min     |     Max     |      Avg     |
+------------------------------------+---------+---------------+-------------+-------------+--------------+
|        ACTUAL_CPU_CLOCK STAT       |  FIXC1  |  933018621000 |  4839983000 |  4877640000 | 4.859472e+09 |
|         MAX_CPU_CLOCK STAT         |  FIXC2  |  882983833000 |  4596643000 |  4600512000 | 4.598874e+09 |
|      RETIRED_INSTRUCTIONS STAT     |   PMC0  | 2275406240000 | 11811680000 | 11870480000 | 1.185107e+10 |
|      CPU_CLOCKS_UNHALTED STAT      |   PMC1  |  895406940000 |  4602187000 |  4727896000 | 4.663578e+09 |
| REQUESTS_TO_L2_GRP1_ALL_NO_PF STAT |   PMC2  |  206259954000 |  1074075000 |  1074396000 | 1.074271e+09 |
|        L2_PF_HIT_IN_L2 STAT        |   PMC3  |  324900958000 |  1398110000 |  1778031000 | 1.692192e+09 |
+------------------------------------+---------+---------------+-------------+-------------+--------------+
+-------------------------------+------------+------------+------------+------------+------------+------------+------------+------------+------------+------------+-------------+-------------+-------------+-------------+-------------+-------------+-------------+-------------+-------------+-------------+-------------+-------------+-------------+-------------+-------------+-------------+-------------+-------------+-------------+-------------+-------------+-------------+-------------+-------------+-------------+-------------+-------------+-------------+-------------+-------------+-------------+-------------+-------------+-------------+-------------+-------------+-------------+-------------+-------------+-------------+-------------+-------------+-------------+-------------+-------------+-------------+-------------+-------------+-------------+-------------+-------------+-------------+-------------+-------------+-------------+-------------+-------------+-------------+-------------+-------------+-------------+-------------+-------------+-------------+-------------+-------------+-------------+-------------+-------------+-------------+-------------+-------------+-------------+-------------+-------------+-------------+-------------+-------------+-------------+-------------+-------------+-------------+-------------+-------------+-------------+-------------+-------------+-------------+-------------+-------------+--------------+--------------+--------------+--------------+--------------+--------------+--------------+--------------+--------------+--------------+--------------+--------------+--------------+--------------+--------------+--------------+--------------+--------------+--------------+--------------+--------------+--------------+--------------+--------------+--------------+--------------+--------------+--------------+--------------+--------------+--------------+--------------+--------------+--------------+--------------+--------------+--------------+--------------+--------------+--------------+--------------+--------------+--------------+--------------+--------------+--------------+--------------+--------------+--------------+--------------+--------------+--------------+--------------+--------------+--------------+--------------+--------------+--------------+--------------+--------------+--------------+--------------+--------------+--------------+--------------+--------------+--------------+--------------+--------------+--------------+--------------+--------------+--------------+--------------+--------------+--------------+--------------+--------------+--------------+--------------+--------------+--------------+--------------+--------------+--------------+--------------+--------------+--------------+--------------+--------------+--------------+--------------+
|             Metric            | HWThread 0 | HWThread 1 | HWThread 2 | HWThread 3 | HWThread 4 | HWThread 5 | HWThread 6 | HWThread 7 | HWThread 8 | HWThread 9 | HWThread 10 | HWThread 11 | HWThread 12 | HWThread 13 | HWThread 14 | HWThread 15 | HWThread 16 | HWThread 17 | HWThread 18 | HWThread 19 | HWThread 20 | HWThread 21 | HWThread 22 | HWThread 23 | HWThread 24 | HWThread 25 | HWThread 26 | HWThread 27 | HWThread 28 | HWThread 29 | HWThread 30 | HWThread 31 | HWThread 32 | HWThread 33 | HWThread 34 | HWThread 35 | HWThread 36 | HWThread 37 | HWThread 38 | HWThread 39 | HWThread 40 | HWThread 41 | HWThread 42 | HWThread 43 | HWThread 44 | HWThread 45 | HWThread 46 | HWThread 47 | HWThread 48 | HWThread 49 | HWThread 50 | HWThread 51 | HWThread 52 | HWThread 53 | HWThread 54 | HWThread 55 | HWThread 56 | HWThread 57 | HWThread 58 | HWThread 59 | HWThread 60 | HWThread 61 | HWThread 62 | HWThread 63 | HWThread 64 | HWThread 65 | HWThread 66 | HWThread 67 | HWThread 68 | HWThread 69 | HWThread 70 | HWThread 71 | HWThread 72 | HWThread 73 | HWThread 74 | HWThread 75 | HWThread 76 | HWThread 77 | HWThread 78 | HWThread 79 | HWThread 80 | HWThread 81 | HWThread 82 | HWThread 83 | HWThread 84 | HWThread 85 | HWThread 86 | HWThread 87 | HWThread 88 | HWThread 89 | HWThread 90 | HWThread 91 | HWThread 92 | HWThread 93 | HWThread 94 | HWThread 95 | HWThread 96 | HWThread 97 | HWThread 98 | HWThread 99 | HWThread 100 | HWThread 101 | HWThread 102 | HWThread 103 | HWThread 104 | HWThread 105 | HWThread 106 | HWThread 107 | HWThread 108 | HWThread 109 | HWThread 110 | HWThread 111 | HWThread 112 | HWThread 113 | HWThread 114 | HWThread 115 | HWThread 116 | HWThread 117 | HWThread 118 | HWThread 119 | HWThread 120 | HWThread 121 | HWThread 122 | HWThread 123 | HWThread 124 | HWThread 125 | HWThread 126 | HWThread 127 | HWThread 128 | HWThread 129 | HWThread 130 | HWThread 131 | HWThread 132 | HWThread 133 | HWThread 134 | HWThread 135 | HWThread 136 | HWThread 137 | HWThread 138 | HWThread 139 | HWThread 140 | HWThread 141 | HWThread 142 | HWThread 143 | HWThread 144 | HWThread 145 | HWThread 146 | HWThread 147 | HWThread 148 | HWThread 149 | HWThread 150 | HWThread 151 | HWThread 152 | HWThread 153 | HWThread 154 | HWThread 155 | HWThread 156 | HWThread 157 | HWThread 158 | HWThread 159 | HWThread 160 | HWThread 161 | HWThread 162 | HWThread 163 | HWThread 164 | HWThread 165 | HWThread 166 | HWThread 167 | HWThread 168 | HWThread 169 | HWThread 170 | HWThread 171 | HWThread 172 | HWThread 173 | HWThread 174 | HWThread 175 | HWThread 176 | HWThread 177 | HWThread 178 | HWThread 179 | HWThread 180 | HWThread 181 | HWThread 182 | HWThread 183 | HWThread 184 | HWThread 185 | HWThread 186 | HWThread 187 | HWThread 188 | HWThread 189 | HWThread 190 | HWThread 191 |
+-------------------------------+------------+------------+------------+------------+------------+------------+------------+------------+------------+------------+-------------+-------------+-------------+-------------+-------------+-------------+-------------+-------------+-------------+-------------+-------------+-------------+-------------+-------------+-------------+-------------+-------------+-------------+-------------+-------------+-------------+-------------+-------------+-------------+-------------+-------------+-------------+-------------+-------------+-------------+-------------+-------------+-------------+-------------+-------------+-------------+-------------+-------------+-------------+-------------+-------------+-------------+-------------+-------------+-------------+-------------+-------------+-------------+-------------+-------------+-------------+-------------+-------------+-------------+-------------+-------------+-------------+-------------+-------------+-------------+-------------+-------------+-------------+-------------+-------------+-------------+-------------+-------------+-------------+-------------+-------------+-------------+-------------+-------------+-------------+-------------+-------------+-------------+-------------+-------------+-------------+-------------+-------------+-------------+-------------+-------------+-------------+-------------+-------------+-------------+--------------+--------------+--------------+--------------+--------------+--------------+--------------+--------------+--------------+--------------+--------------+--------------+--------------+--------------+--------------+--------------+--------------+--------------+--------------+--------------+--------------+--------------+--------------+--------------+--------------+--------------+--------------+--------------+--------------+--------------+--------------+--------------+--------------+--------------+--------------+--------------+--------------+--------------+--------------+--------------+--------------+--------------+--------------+--------------+--------------+--------------+--------------+--------------+--------------+--------------+--------------+--------------+--------------+--------------+--------------+--------------+--------------+--------------+--------------+--------------+--------------+--------------+--------------+--------------+--------------+--------------+--------------+--------------+--------------+--------------+--------------+--------------+--------------+--------------+--------------+--------------+--------------+--------------+--------------+--------------+--------------+--------------+--------------+--------------+--------------+--------------+--------------+--------------+--------------+--------------+--------------+--------------+
|      Runtime (RDTSC) [s]      |     1.9171 |     1.9173 |     1.9168 |     1.9171 |     1.9168 |     1.9171 |     1.9171 |     1.9171 |     1.9172 |     1.9173 |      1.9173 |      1.9172 |      1.9171 |      1.9172 |      1.9173 |      1.9172 |      1.9171 |      1.9171 |      1.9171 |      1.9171 |      1.9171 |      1.9171 |      1.9171 |      1.9171 |      1.9171 |      1.9171 |      1.9170 |      1.9174 |      1.9174 |      1.9168 |      1.9171 |      1.9173 |      1.9168 |      1.9168 |      1.9168 |      1.9168 |      1.9168 |      1.9170 |      1.9169 |      1.9170 |      1.9170 |      1.9170 |      1.9170 |      1.9170 |      1.9170 |      1.9170 |      1.9170 |      1.9170 |      1.9168 |      1.9170 |      1.9170 |      1.9170 |      1.9171 |      1.9170 |      1.9170 |      1.9170 |      1.9172 |      1.9171 |      1.9172 |      1.9171 |      1.9171 |      1.9172 |      1.9171 |      1.9173 |      1.9170 |      1.9170 |      1.9170 |      1.9170 |      1.9170 |      1.9170 |      1.9170 |      1.9168 |      1.9168 |      1.9168 |      1.9169 |      1.9168 |      1.9170 |      1.9168 |      1.9168 |      1.9168 |      1.9171 |      1.9171 |      1.9171 |      1.9170 |      1.9169 |      1.9168 |      1.9168 |      1.9171 |      1.9168 |      1.9168 |      1.9168 |      1.9168 |      1.9168 |      1.9168 |      1.9168 |      1.9168 |      1.9168 |      1.9168 |      1.9169 |      1.9168 |       1.9172 |       1.9175 |       1.9175 |       1.9168 |       1.9170 |       1.9171 |       1.9175 |       1.9171 |       1.9168 |       1.9171 |       1.9171 |       1.9171 |       1.9168 |       1.9169 |       1.9175 |       1.9170 |       1.9168 |       1.9169 |       1.9169 |       1.9170 |       1.9168 |       1.9175 |       1.9168 |       1.9171 |       1.9175 |       1.9170 |       1.9174 |       1.9175 |       1.9169 |       1.9168 |       1.9168 |       1.9170 |       1.9168 |       1.9169 |       1.9175 |       1.9170 |       1.9168 |       1.9171 |       1.9172 |       1.9174 |       1.9169 |       1.9172 |       1.9171 |       1.9175 |       1.9169 |       1.9171 |       1.9172 |       1.9168 |       1.9171 |       1.9175 |       1.9171 |       1.9171 |       1.9172 |       1.9171 |       1.9171 |       1.9175 |       1.9171 |       1.9174 |       1.9171 |       1.9170 |       1.9173 |       1.9171 |       1.9174 |       1.9172 |       1.9173 |       1.9173 |       1.9172 |       1.9168 |       1.9175 |       1.9175 |       1.9171 |       1.9175 |       1.9175 |       1.9175 |       1.9175 |       1.9168 |       1.9172 |       1.9171 |       1.9172 |       1.9172 |       1.9173 |       1.9173 |       1.9172 |       1.9169 |       1.9171 |       1.9174 |       1.9174 |       1.9173 |       1.9171 |       1.9175 |       1.9171 |       1.9174 |
|      Runtime unhalted [s]     |     2.0225 |     2.0219 |     2.0215 |     2.0222 |     2.0216 |     2.0221 |     2.0220 |     2.0220 |     2.0229 |     2.0224 |      2.0228 |      2.0228 |      2.0228 |      2.0228 |      2.0228 |      2.0228 |      2.0214 |      2.0213 |      2.0214 |      2.0221 |      2.0214 |      2.0221 |      2.0218 |      2.0214 |      2.0225 |      2.0223 |      2.0219 |      2.0222 |      2.0223 |      2.0221 |      2.0225 |      2.0223 |      2.0219 |      2.0219 |      2.0219 |      2.0222 |      2.0220 |      2.0218 |      2.0221 |      2.0221 |      2.0212 |      2.0212 |      2.0212 |      2.0217 |      2.0212 |      2.0215 |      2.0217 |      2.0214 |      2.0211 |      2.0211 |      2.0212 |      2.0212 |      2.0211 |      2.0220 |      2.0212 |      2.0212 |      2.0231 |      2.0222 |      2.0223 |      2.0224 |      2.0223 |      2.0223 |      2.0223 |      2.0223 |      2.0210 |      2.0208 |      2.0208 |      2.0213 |      2.0210 |      2.0209 |      2.0209 |      2.0208 |      2.0222 |      2.0222 |      2.0217 |      2.0222 |      2.0218 |      2.0220 |      2.0218 |      2.0221 |      2.0221 |      2.0228 |      2.0221 |      2.0215 |      2.0225 |      2.0219 |      2.0218 |      2.0222 |      2.0206 |      2.0215 |      2.0212 |      2.0209 |      2.0205 |      2.0206 |      2.0206 |      2.0207 |      2.0350 |      2.0358 |      2.0350 |      2.0351 |       2.0353 |       2.0359 |       2.0359 |       2.0354 |       2.0350 |       2.0352 |       2.0354 |       2.0351 |       2.0353 |       2.0351 |       2.0351 |       2.0355 |       2.0350 |       2.0354 |       2.0360 |       2.0351 |       2.0352 |       2.0355 |       2.0354 |       2.0349 |       2.0354 |       2.0361 |       2.0361 |       2.0361 |       2.0363 |       2.0356 |       2.0360 |       2.0361 |       2.0349 |       2.0349 |       2.0349 |       2.0348 |       2.0350 |       2.0350 |       2.0354 |       2.0349 |       2.0356 |       2.0359 |       2.0361 |       2.0359 |       2.0349 |       2.0354 |       2.0358 |       2.0355 |       2.0353 |       2.0361 |       2.0359 |       2.0355 |       2.0355 |       2.0360 |       2.0361 |       2.0356 |       2.0355 |       2.0360 |       2.0360 |       2.0362 |       2.0356 |       2.0353 |       2.0351 |       2.0350 |       2.0361 |       2.0358 |       2.0360 |       2.0361 |       2.0361 |       2.0362 |       2.0358 |       2.0357 |       2.0357 |       2.0356 |       2.0355 |       2.0359 |       2.0361 |       2.0356 |       2.0356 |       2.0356 |       2.0354 |       2.0351 |       2.0354 |       2.0354 |       2.0354 |       2.0354 |       2.0354 |       2.0347 |       2.0351 |       2.0358 |       2.0360 |       2.0352 |       2.0360 |       2.0362 |       2.0355 |       2.0357 |
|          Clock [MHz]          |  2523.1786 |  2522.7927 |  2522.6671 |  2523.0084 |  2522.7156 |  2522.9561 |  2522.8188 |  2522.8655 |  2523.4572 |  2522.9828 |   2523.4215 |   2523.4382 |   2523.4118 |   2523.4393 |   2523.4057 |   2523.4398 |   2522.1345 |   2521.8599 |   2522.1323 |   2522.6076 |   2522.1291 |   2522.5810 |   2522.2013 |   2522.1401 |   2523.3245 |   2523.9437 |   2523.9419 |   2523.9116 |   2523.9331 |   2524.0050 |   2523.4511 |   2523.9375 |   2522.6406 |   2522.6561 |   2522.7393 |   2523.0318 |   2522.7090 |   2522.7328 |   2522.9640 |   2522.9771 |   2522.2653 |   2522.2612 |   2522.2425 |   2522.5261 |   2522.2501 |   2522.1875 |   2522.5675 |   2522.1394 |   2522.1781 |   2522.1421 |   2522.1969 |   2522.1436 |   2522.1687 |   2522.8598 |   2522.1468 |   2522.1282 |   2523.8290 |   2523.1696 |   2523.3169 |   2523.3092 |   2523.2834 |   2523.3093 |   2523.2859 |   2523.2597 |   2522.0044 |   2521.6716 |   2521.6563 |   2522.0298 |   2522.0278 |   2521.9345 |   2521.9532 |   2521.6693 |   2523.0127 |   2522.9946 |   2522.3302 |   2523.0078 |   2522.5661 |   2522.7594 |   2522.5706 |   2522.9875 |   2522.9817 |   2523.3762 |   2522.9367 |   2522.6923 |   2523.3581 |   2522.7213 |   2523.0184 |   2522.8617 |   2521.3892 |   2522.1313 |   2521.7290 |   2521.8324 |   2521.5350 |   2521.4018 |   2521.3555 |   2521.6922 |   2540.2051 |   2539.9638 |   2539.3152 |   2539.5950 |    2540.1236 |    2539.8132 |    2539.8119 |    2539.9414 |    2539.0194 |    2539.4479 |    2539.1907 |    2539.1966 |    2539.4038 |    2539.1752 |    2539.1995 |    2539.2187 |    2538.9468 |    2539.5661 |    2539.4915 |    2539.2730 |    2539.2840 |    2539.5963 |    2539.5699 |    2538.9007 |    2540.0326 |    2540.1289 |    2540.3957 |    2540.3624 |    2540.2282 |    2540.0871 |    2540.3352 |    2540.3827 |    2539.2510 |    2538.9153 |    2538.9175 |    2539.0063 |    2539.3393 |    2539.3385 |    2539.1757 |    2539.1701 |    2539.7399 |    2539.8830 |    2539.7800 |    2539.5234 |    2538.8739 |    2539.2036 |    2539.6298 |    2539.2855 |    2539.7115 |    2539.9447 |    2539.8526 |    2539.6644 |    2539.6563 |    2539.9231 |    2539.9441 |    2539.6806 |    2539.5535 |    2539.9101 |    2539.8943 |    2539.8453 |    2539.6612 |    2539.5689 |    2539.2816 |    2539.3210 |    2540.0292 |    2539.6133 |    2539.9852 |    2539.9954 |    2539.9952 |    2540.0524 |    2539.6327 |    2539.8617 |    2539.7857 |    2539.7540 |    2539.6478 |    2539.6614 |    2540.0341 |    2539.7744 |    2539.7187 |    2539.7835 |    2539.1466 |    2538.7468 |    2539.1550 |    2539.1488 |    2539.1074 |    2539.1153 |    2539.1466 |    2538.5292 |    2539.6436 |    2539.4788 |    2539.8363 |    2539.3618 |    2539.8084 |    2539.6495 |    2539.5714 |    2539.7161 |
|              CPI              |     0.3886 |     0.3888 |     0.3887 |     0.3883 |     0.3887 |     0.3888 |     0.3883 |     0.3887 |     0.3891 |     0.3892 |      0.3892 |      0.3893 |      0.3891 |      0.3892 |      0.3892 |      0.3892 |      0.3887 |      0.3888 |      0.3887 |      0.3887 |      0.3887 |      0.3887 |      0.3887 |      0.3888 |      0.3908 |      0.3909 |      0.3909 |      0.3909 |      0.3909 |      0.3908 |      0.3909 |      0.3909 |      0.3906 |      0.3906 |      0.3906 |      0.3906 |      0.3906 |      0.3906 |      0.3906 |      0.3906 |      0.3940 |      0.3940 |      0.3940 |      0.3940 |      0.3939 |      0.3944 |      0.3939 |      0.3941 |      0.3911 |      0.3912 |      0.3912 |      0.3911 |      0.3911 |      0.3911 |      0.3911 |      0.3907 |      0.3894 |      0.3894 |      0.3894 |      0.3893 |      0.3894 |      0.3894 |      0.3894 |      0.3894 |      0.3926 |      0.3926 |      0.3926 |      0.3926 |      0.3926 |      0.3926 |      0.3925 |      0.3928 |      0.3902 |      0.3903 |      0.3903 |      0.3902 |      0.3903 |      0.3903 |      0.3902 |      0.3902 |      0.3908 |      0.3908 |      0.3908 |      0.3908 |      0.3907 |      0.3907 |      0.3907 |      0.3908 |      0.3921 |      0.3921 |      0.3921 |      0.3921 |      0.3921 |      0.3921 |      0.3921 |      0.3927 |      0.3956 |      0.3957 |      0.3954 |      0.3956 |       0.3956 |       0.3957 |       0.3958 |       0.3955 |       0.3958 |       0.3958 |       0.3959 |       0.3957 |       0.3956 |       0.3954 |       0.3958 |       0.3958 |       0.3970 |       0.3971 |       0.3974 |       0.3970 |       0.3972 |       0.3972 |       0.3970 |       0.3975 |       0.3960 |       0.3961 |       0.3960 |       0.3960 |       0.3962 |       0.3960 |       0.3962 |       0.3961 |       0.3959 |       0.3959 |       0.3960 |       0.3959 |       0.3959 |       0.3960 |       0.3961 |       0.3959 |       0.3972 |       0.3974 |       0.3974 |       0.3974 |       0.3973 |       0.3974 |       0.3973 |       0.3979 |       0.3960 |       0.3961 |       0.3962 |       0.3960 |       0.3960 |       0.3962 |       0.3962 |       0.3961 |       0.3949 |       0.3948 |       0.3949 |       0.3949 |       0.3948 |       0.3949 |       0.3949 |       0.3948 |       0.3988 |       0.3988 |       0.3987 |       0.3986 |       0.3987 |       0.3987 |       0.3984 |       0.3986 |       0.3956 |       0.3956 |       0.3955 |       0.3956 |       0.3956 |       0.3956 |       0.3954 |       0.3954 |       0.3952 |       0.3952 |       0.3953 |       0.3952 |       0.3952 |       0.3953 |       0.3953 |       0.3952 |       0.3977 |       0.3976 |       0.3977 |       0.3977 |       0.3975 |       0.3977 |       0.3976 |       0.3977 |
|    L2 bandwidth [MBytes/s]    | 35863.7816 | 35860.6108 | 35869.3746 | 35857.0257 | 35868.9057 | 35862.6529 | 35856.9376 | 35863.7149 | 35860.2517 | 35859.9697 |  35860.1927 |  35861.6422 |  35863.3554 |  35860.0301 |  35860.2848 |  35860.8672 |  35862.8400 |  35864.9083 |  35863.2846 |  35863.4555 |  35863.2391 |  35862.7050 |  35863.1390 |  35864.1698 |  35862.1268 |  35864.7348 |  35865.3840 |  35858.4588 |  35858.2985 |  35868.5171 |  35862.6765 |  35858.8634 |  35867.1460 |  35868.0075 |  35868.2933 |  35867.9473 |  35867.8820 |  35864.6308 |  35866.5880 |  35865.0501 |  35864.7603 |  35865.2423 |  35865.7659 |  35865.1048 |  35864.8978 |  35869.2861 |  35865.1715 |  35862.7531 |  35868.2915 |  35867.0426 |  35865.6136 |  35865.2544 |  35862.9893 |  35864.9206 |  35865.7446 |  35859.3411 |  35860.3832 |  35863.2219 |  35861.9455 |  35861.8338 |  35863.1632 |  35861.1443 |  35863.1965 |  35858.1477 |  35864.6682 |  35865.6885 |  35865.9555 |  35865.6085 |  35865.0728 |  35865.2211 |  35865.7552 |  35867.0069 |  35870.2845 |  35872.1678 |  35870.0386 |  35872.1738 |  35868.9937 |  35871.2740 |  35871.2528 |  35871.3478 |  35866.1542 |  35866.7070 |  35867.3868 |  35869.1889 |  35869.3694 |  35871.2598 |  35872.2467 |  35866.7191 |  35870.9031 |  35871.5118 |  35871.7870 |  35871.5279 |  35871.2128 |  35870.9295 |  35871.5866 |  35868.1238 |  35867.2396 |  35872.3146 |  35860.2951 |  35867.9180 |   35861.1590 |   35855.4909 |   35855.6030 |   35868.0904 |   35864.7951 |   35865.0778 |   35855.7472 |   35863.1496 |   35868.2761 |   35856.6211 |   35863.3646 |   35862.9240 |   35861.6784 |   35866.4651 |   35855.6805 |   35865.2317 |   35868.1572 |   35865.9856 |   35867.9363 |   35862.1562 |   35867.4091 |   35856.2841 |   35868.1289 |   35862.8532 |   35857.4097 |   35865.0769 |   35858.7699 |   35855.1476 |   35866.0336 |   35868.7075 |   35868.7743 |   35865.0086 |   35867.7162 |   35866.3796 |   35855.7325 |   35865.0648 |   35867.7015 |   35862.5976 |   35860.8485 |   35856.4379 |   35866.2685 |   35860.5121 |   35863.7667 |   35853.3617 |   35866.7905 |   35862.8451 |   35860.9182 |   35868.2735 |   35861.7363 |   35854.6068 |   35864.0470 |   35863.7946 |   35860.3015 |   35862.5188 |   35862.0595 |   35854.8804 |   35862.9908 |   35856.5754 |   35862.4373 |   35865.8583 |   35860.5225 |   35865.5363 |   35857.7228 |   35861.8695 |   35859.9297 |   35859.9884 |   35855.2463 |   35863.5789 |   35850.8072 |   35854.6468 |   35863.5454 |   35854.2863 |   35854.3237 |   35854.2195 |   35855.9243 |   35868.2592 |   35859.3317 |   35862.1904 |   35860.3452 |   35860.6327 |   35859.3315 |   35859.2834 |   35860.1996 |   35866.9827 |   35862.4232 |   35857.6172 |   35857.5879 |   35860.1406 |   35862.7864 |   35854.4652 |   35862.1636 |   35854.3942 |
|    L2 data volume [GBytes]    |    68.7533 |    68.7538 |    68.7537 |    68.7415 |    68.7531 |    68.7523 |    68.7411 |    68.7532 |    68.7530 |    68.7533 |     68.7536 |     68.7540 |     68.7533 |     68.7523 |     68.7539 |     68.7542 |     68.7523 |     68.7565 |     68.7532 |     68.7535 |     68.7533 |     68.7523 |     68.7532 |     68.7552 |     68.7511 |     68.7560 |     68.7532 |     68.7532 |     68.7531 |     68.7521 |     68.7537 |     68.7539 |     68.7516 |     68.7531 |     68.7536 |     68.7532 |     68.7527 |     68.7517 |     68.7533 |     68.7525 |     68.7521 |     68.7530 |     68.7539 |     68.7528 |     68.7523 |     68.7607 |     68.7530 |     68.7483 |     68.7516 |     68.7562 |     68.7537 |     68.7528 |     68.7532 |     68.7522 |     68.7537 |     68.7416 |     68.7512 |     68.7530 |     68.7540 |     68.7522 |     68.7528 |     68.7524 |     68.7528 |     68.7525 |     68.7517 |     68.7537 |     68.7542 |     68.7532 |     68.7524 |     68.7528 |     68.7538 |     68.7485 |     68.7576 |     68.7607 |     68.7606 |     68.7594 |     68.7600 |     68.7597 |     68.7595 |     68.7592 |     68.7590 |     68.7601 |     68.7612 |     68.7599 |     68.7597 |     68.7588 |     68.7606 |     68.7599 |     68.7582 |     68.7601 |     68.7605 |     68.7599 |     68.7592 |     68.7590 |     68.7601 |     68.7530 |     68.7516 |     68.7613 |     68.7416 |     68.7530 |      68.7525 |      68.7528 |      68.7528 |      68.7530 |      68.7518 |      68.7571 |      68.7532 |      68.7533 |      68.7533 |      68.7408 |      68.7537 |      68.7527 |      68.7410 |      68.7532 |      68.7531 |      68.7529 |      68.7531 |      68.7525 |      68.7539 |      68.7471 |      68.7522 |      68.7536 |      68.7535 |      68.7526 |      68.7553 |      68.7524 |      68.7539 |      68.7526 |      68.7526 |      68.7539 |      68.7540 |      68.7526 |      68.7530 |      68.7531 |      68.7532 |      68.7526 |      68.7529 |      68.7537 |      68.7542 |      68.7526 |      68.7537 |      68.7533 |      68.7542 |      68.7471 |      68.7516 |      68.7528 |      68.7537 |      68.7530 |      68.7523 |      68.7523 |      68.7551 |      68.7546 |      68.7519 |      68.7538 |      68.7528 |      68.7530 |      68.7528 |      68.7528 |      68.7536 |      68.7533 |      68.7543 |      68.7567 |      68.7530 |      68.7534 |      68.7530 |      68.7533 |      68.7412 |      68.7444 |      68.7455 |      68.7526 |      68.7526 |      68.7521 |      68.7521 |      68.7519 |      68.7555 |      68.7521 |      68.7512 |      68.7528 |      68.7530 |      68.7523 |      68.7521 |      68.7520 |      68.7529 |      68.7521 |      68.7517 |      68.7532 |      68.7531 |      68.7535 |      68.7525 |      68.7522 |      68.7529 |      68.7471 |
| Prefetch bandwidth [MBytes/s] | 57526.2508 | 57963.4237 | 54776.8606 | 54748.0924 | 57641.7298 | 57462.1217 | 54845.8448 | 58408.1637 | 57474.6102 | 57355.4557 |  54462.5624 |  57888.3300 |  57629.4446 |  57693.2039 |  53748.3341 |  57648.3293 |  57623.1651 |  57847.2337 |  54760.4726 |  58051.1171 |  57615.1496 |  57950.7902 |  53573.4741 |  58021.7036 |  57102.4305 |  57988.7319 |  54656.8276 |  57534.2092 |  57363.8246 |  57728.2550 |  53854.5049 |  57610.1741 |  57297.9397 |  57321.9284 |  53700.5220 |  57808.7468 |  57393.2322 |  57913.2562 |  53016.5416 |  57744.2203 |  57288.2131 |  56927.2158 |  54148.7998 |  57235.5742 |  57218.3629 |  58826.9632 |  53398.8474 |  46863.1052 |  57494.1490 |  57753.6588 |  53982.4766 |  57157.5565 |  57430.9652 |  57903.4646 |  53128.3268 |  55298.7379 |  57674.0751 |  57263.6235 |  53678.9345 |  57216.8662 |  57528.2110 |  57984.6807 |  52708.0287 |  57858.7809 |  57220.2588 |  57281.7855 |  53323.6514 |  57314.2351 |  57126.6042 |  57254.9432 |  56824.0646 |  46912.8410 |  58859.3086 |  58599.4723 |  54196.2651 |  57840.2684 |  58872.3573 |  59365.1888 |  55653.1335 |  59084.4432 |  58738.3221 |  59317.6611 |  54000.3985 |  58605.4977 |  58545.4600 |  59325.2599 |  58460.1914 |  58845.2314 |  58605.6435 |  58134.5951 |  53783.0232 |  58387.3871 |  58444.5785 |  58718.1513 |  54680.3329 |  47554.7978 |  57405.7666 |  58967.9075 |  51499.2590 |  57487.0774 |   58034.0895 |   57771.5168 |   56778.3334 |   58161.1204 |   57925.2530 |   58363.1674 |   53959.4002 |   57487.9675 |   57643.5954 |   55389.8374 |   55251.1614 |   57549.7474 |   55038.5703 |   57182.6710 |   53467.9256 |   57394.3397 |   57416.0895 |   57303.3520 |   54734.0608 |   47191.6039 |   57610.1267 |   57806.8618 |   53022.1437 |   57349.0174 |   58441.7614 |   57937.7425 |   54755.7888 |   57941.7464 |   57864.8202 |   57380.2360 |   53948.8528 |   57828.2655 |   57750.7074 |   58311.5503 |   54907.7661 |   57779.7795 |   57289.2797 |   57297.1260 |   54197.2211 |   57025.2743 |   57365.7439 |   57734.5666 |   54873.4151 |   47037.7652 |   57308.9574 |   57530.3716 |   54413.4077 |   57686.6435 |   57560.2343 |   57809.2391 |   54319.1931 |   58345.2374 |   57681.3647 |   57443.9316 |   54314.2308 |   57435.1751 |   57708.3872 |   57818.5247 |   55383.7680 |   57841.2088 |   57634.9163 |   57558.1628 |   54040.6637 |   57238.8449 |   58246.3737 |   57335.8578 |   54623.9680 |   46680.7385 |   57523.0516 |   57899.7046 |   54312.1756 |   57867.7129 |   57512.8516 |   58008.7268 |   55297.6864 |   57630.5978 |   57777.5812 |   57322.0791 |   53620.4235 |   57564.5384 |   58146.9535 |   57816.9482 |   57151.6173 |   57942.5395 |   57476.7370 |   57475.1806 |   53724.0138 |   57152.9608 |   57544.3125 |   57634.4943 |   55277.7878 |   47415.1735 |
| Prefetch data volume [GBytes] |   110.2818 |   111.1304 |   104.9951 |   104.9576 |   110.4870 |   110.1606 |   105.1446 |   111.9725 |   110.1930 |   109.9660 |    104.4193 |    110.9837 |    110.4808 |    110.6118 |    103.0502 |    110.5261 |    110.4687 |    110.8988 |    104.9809 |    111.2892 |    110.4539 |    111.0973 |    102.7056 |    111.2334 |    109.4708 |    111.1698 |    104.7759 |    110.3132 |    109.9868 |    110.6525 |    103.2465 |    110.4588 |    109.8310 |    109.8767 |    102.9350 |    110.8102 |    110.0132 |    111.0185 |    101.6284 |    110.6944 |    109.8204 |    109.1284 |    103.8021 |    109.7197 |    109.6864 |    112.7701 |    102.3647 |     89.8358 |    110.2035 |    110.7123 |    103.4833 |    109.5697 |    110.1012 |    110.9996 |    101.8456 |    106.0065 |    110.5722 |    109.7795 |    102.9124 |    109.6928 |    110.2865 |    111.1674 |    101.0458 |    110.9354 |    109.6899 |    109.8078 |    102.2202 |    109.8694 |    109.5103 |    109.7564 |    108.9304 |     89.9207 |    112.8239 |    112.3250 |    103.8909 |    110.8676 |    112.8569 |    113.7940 |    106.6782 |    113.2547 |    112.6073 |    113.7179 |    103.5238 |    112.3445 |    112.2285 |    113.7159 |    112.0577 |    112.8118 |    112.3367 |    111.4350 |    103.0935 |    111.9191 |    112.0287 |    112.5535 |    104.8135 |     91.1544 |    110.0374 |    113.0318 |     98.7203 |    110.1935 |     111.2621 |     110.7768 |     108.8720 |     111.4849 |     111.0411 |     111.8883 |     103.4669 |     110.2102 |     110.4928 |     106.1880 |     105.9221 |     110.3284 |     105.5000 |     109.6147 |     102.5245 |     110.0237 |     110.0568 |     109.8464 |     104.9177 |      90.4654 |     110.4296 |     110.8433 |     101.6351 |     109.9437 |     112.0600 |     111.0651 |     104.9862 |     111.1039 |     110.9228 |     109.9876 |     103.4102 |     110.8557 |     110.6993 |     111.7788 |     105.2853 |     110.7626 |     109.8148 |     109.8468 |     103.9096 |     109.3427 |     109.9670 |     110.6911 |     105.1974 |      90.1927 |     109.8532 |     110.2916 |     104.3231 |     110.5749 |     110.3515 |     110.8510 |     104.1355 |     111.8539 |     110.5875 |     110.1286 |     104.1283 |     110.1340 |     110.6326 |     110.8636 |     106.1789 |     110.8792 |     110.5017 |     110.3429 |     103.6167 |     109.7368 |     111.6738 |     109.9283 |     104.7244 |      89.4790 |     110.3030 |     111.0248 |     104.1198 |     110.9637 |     110.2831 |     111.2341 |     106.0360 |     110.4660 |     110.7740 |     109.8943 |     102.8033 |     110.3631 |     111.4836 |     110.8508 |     109.5738 |     111.0680 |     110.1885 |     110.2026 |     103.0100 |     109.5776 |     110.3181 |     110.5162 |     105.9754 |      90.9137 |
+-------------------------------+------------+------------+------------+------------+------------+------------+------------+------------+------------+------------+-------------+-------------+-------------+-------------+-------------+-------------+-------------+-------------+-------------+-------------+-------------+-------------+-------------+-------------+-------------+-------------+-------------+-------------+-------------+-------------+-------------+-------------+-------------+-------------+-------------+-------------+-------------+-------------+-------------+-------------+-------------+-------------+-------------+-------------+-------------+-------------+-------------+-------------+-------------+-------------+-------------+-------------+-------------+-------------+-------------+-------------+-------------+-------------+-------------+-------------+-------------+-------------+-------------+-------------+-------------+-------------+-------------+-------------+-------------+-------------+-------------+-------------+-------------+-------------+-------------+-------------+-------------+-------------+-------------+-------------+-------------+-------------+-------------+-------------+-------------+-------------+-------------+-------------+-------------+-------------+-------------+-------------+-------------+-------------+-------------+-------------+-------------+-------------+-------------+-------------+--------------+--------------+--------------+--------------+--------------+--------------+--------------+--------------+--------------+--------------+--------------+--------------+--------------+--------------+--------------+--------------+--------------+--------------+--------------+--------------+--------------+--------------+--------------+--------------+--------------+--------------+--------------+--------------+--------------+--------------+--------------+--------------+--------------+--------------+--------------+--------------+--------------+--------------+--------------+--------------+--------------+--------------+--------------+--------------+--------------+--------------+--------------+--------------+--------------+--------------+--------------+--------------+--------------+--------------+--------------+--------------+--------------+--------------+--------------+--------------+--------------+--------------+--------------+--------------+--------------+--------------+--------------+--------------+--------------+--------------+--------------+--------------+--------------+--------------+--------------+--------------+--------------+--------------+--------------+--------------+--------------+--------------+--------------+--------------+--------------+--------------+--------------+--------------+--------------+--------------+--------------+--------------+
+------------------------------------+--------------+------------+------------+------------+
|               Metric               |      Sum     |     Min    |     Max    |     Avg    |
+------------------------------------+--------------+------------+------------+------------+
|      Runtime (RDTSC) [s] STAT      |     368.0790 |     1.9168 |     1.9175 |     1.9171 |
|      Runtime unhalted [s] STAT     |     389.5042 |     2.0205 |     2.0363 |     2.0287 |
|          Clock [MHz] STAT          |  485978.1738 |  2521.3555 |  2540.3957 |  2531.1363 |
|              CPI STAT              |      75.5544 |     0.3883 |     0.3988 |     0.3935 |
|    L2 bandwidth [MBytes/s] STAT    | 6.885795e+06 | 35850.8072 | 35872.3146 | 35863.5133 |
|    L2 data volume [GBytes] STAT    |   13200.6371 |    68.7408 |    68.7613 |    68.7533 |
| Prefetch bandwidth [MBytes/s] STAT | 1.084651e+07 | 46680.7385 | 59365.1888 | 56492.2542 |
| Prefetch data volume [GBytes] STAT |   20793.6610 |    89.4790 |   113.7940 |   108.3003 |
+------------------------------------+--------------+------------+------------+------------+
