--------------------------------------------------------------------------------
CPU name:	AMD EPYC 9654 96-Core Processor                
CPU type:	AMD K19 (Zen4) architecture
CPU clock:	2.40 GHz
--------------------------------------------------------------------------------
Region bench, Group 1: L2
+-------------------+------------+------------+------------+------------+------------+------------+------------+------------+------------+------------+-------------+-------------+-------------+-------------+-------------+-------------+-------------+-------------+-------------+-------------+-------------+-------------+-------------+-------------+
|    Region Info    | HWThread 0 | HWThread 1 | HWThread 2 | HWThread 3 | HWThread 4 | HWThread 5 | HWThread 6 | HWThread 7 | HWThread 8 | HWThread 9 | HWThread 10 | HWThread 11 | HWThread 12 | HWThread 13 | HWThread 14 | HWThread 15 | HWThread 16 | HWThread 17 | HWThread 18 | HWThread 19 | HWThread 20 | HWThread 21 | HWThread 22 | HWThread 23 |
+-------------------+------------+------------+------------+------------+------------+------------+------------+------------+------------+------------+-------------+-------------+-------------+-------------+-------------+-------------+-------------+-------------+-------------+-------------+-------------+-------------+-------------+-------------+
| RDTSC Runtime [s] |   1.235180 |   1.235215 |   1.235214 |   1.235215 |   1.235216 |   1.235215 |   1.235215 |   1.235215 |   1.235150 |   1.235188 |    1.235214 |    1.235243 |    1.235215 |    1.235229 |    1.235226 |    1.235146 |    1.235180 |    1.235202 |    1.235214 |    1.235181 |    1.235182 |    1.235182 |    1.235204 |    1.235181 |
|     call count    |          1 |          1 |          1 |          1 |          1 |          1 |          1 |          1 |          1 |          1 |           1 |           1 |           1 |           1 |           1 |           1 |           1 |           1 |           1 |           1 |           1 |           1 |           1 |           1 |
+-------------------+------------+------------+------------+------------+------------+------------+------------+------------+------------+------------+-------------+-------------+-------------+-------------+-------------+-------------+-------------+-------------+-------------+-------------+-------------+-------------+-------------+-------------+
+-------------------------------+---------+-------------+-------------+-------------+-------------+-------------+-------------+-------------+-------------+-------------+-------------+-------------+-------------+-------------+-------------+-------------+-------------+-------------+-------------+-------------+-------------+-------------+-------------+-------------+-------------+
|             Event             | Counter |  HWThread 0 |  HWThread 1 |  HWThread 2 |  HWThread 3 |  HWThread 4 |  HWThread 5 |  HWThread 6 |  HWThread 7 |  HWThread 8 |  HWThread 9 | HWThread 10 | HWThread 11 | HWThread 12 | HWThread 13 | HWThread 14 | HWThread 15 | HWThread 16 | HWThread 17 | HWThread 18 | HWThread 19 | HWThread 20 | HWThread 21 | HWThread 22 | HWThread 23 |
+-------------------------------+---------+-------------+-------------+-------------+-------------+-------------+-------------+-------------+-------------+-------------+-------------+-------------+-------------+-------------+-------------+-------------+-------------+-------------+-------------+-------------+-------------+-------------+-------------+-------------+-------------+
|        ACTUAL_CPU_CLOCK       |  FIXC1  |  4505783000 |  4505795000 |  4505810000 |  4505785000 |  4505791000 |  4505786000 |  4505780000 |  4505785000 |  4503172000 |  4503268000 |  4503271000 |  4503246000 |  4503278000 |  4503221000 |  4503294000 |  4503266000 |  4505116000 |  4505160000 |  4505141000 |  4505114000 |  4505133000 |  4505124000 |  4505098000 |  4505124000 |
|         MAX_CPU_CLOCK         |  FIXC2  |  2960551000 |  2960613000 |  2960626000 |  2960565000 |  2960579000 |  2960581000 |  2960588000 |  2960568000 |  2960523000 |  2960572000 |  2960564000 |  2960580000 |  2960611000 |  2960558000 |  2960615000 |  2960555000 |  2960534000 |  2960563000 |  2960576000 |  2960520000 |  2960517000 |  2960512000 |  2960525000 |  2960519000 |
|      RETIRED_INSTRUCTIONS     |   PMC0  | 11818480000 | 11829190000 | 11829110000 | 11829210000 | 11818810000 | 11829130000 | 11829090000 | 11829160000 | 11815930000 | 11826340000 | 11826260000 | 11826340000 | 11815910000 | 11826380000 | 11826310000 | 11826290000 | 11819060000 | 11811680000 | 11829160000 | 11829260000 | 11819110000 | 11829260000 | 11829260000 | 11829230000 |
|      CPU_CLOCKS_UNHALTED      |   PMC1  |  4431827000 |  4433461000 |  4433045000 |  4432796000 |  4433292000 |  4433218000 |  4432390000 |  4433182000 |  4416898000 |  4416649000 |  4415894000 |  4417033000 |  4416854000 |  4416602000 |  4416874000 |  4415841000 |  4439511000 |  4440215000 |  4438825000 |  4439212000 |  4438944000 |  4439394000 |  4439885000 |  4439377000 |
| REQUESTS_TO_L2_GRP1_ALL_NO_PF |   PMC2  |  1074035000 |  1074022000 |  1074034000 |  1074050000 |  1074023000 |  1074052000 |  1074052000 |  1074035000 |  1074038000 |  1074041000 |  1074055000 |  1074040000 |  1074026000 |  1074035000 |  1074036000 |  1074054000 |  1074036000 |  1074349000 |  1074037000 |  1074034000 |  1074024000 |  1074035000 |  1074034000 |  1074035000 |
|        L2_PF_HIT_IN_L2        |   PMC3  |  1568466000 |  1638394000 |  1648806000 |  1638364000 |  1571344000 |  1650535000 |  1643961000 |  1654109000 |  1528212000 |  1638864000 |  1648597000 |  1645533000 |  1471824000 |  1657239000 |  1645909000 |  1651249000 |  1572670000 |  1814920000 |  1647989000 |  1641667000 |  1563504000 |  1661792000 |  1644985000 |  1652511000 |
+-------------------------------+---------+-------------+-------------+-------------+-------------+-------------+-------------+-------------+-------------+-------------+-------------+-------------+-------------+-------------+-------------+-------------+-------------+-------------+-------------+-------------+-------------+-------------+-------------+-------------+-------------+
+------------------------------------+---------+--------------+-------------+-------------+--------------+
|                Event               | Counter |      Sum     |     Min     |     Max     |      Avg     |
+------------------------------------+---------+--------------+-------------+-------------+--------------+
|        ACTUAL_CPU_CLOCK STAT       |  FIXC1  | 108113341000 |  4503172000 |  4505810000 | 4.504723e+09 |
|         MAX_CPU_CLOCK STAT         |  FIXC2  |  71053515000 |  2960512000 |  2960626000 |   2960563125 |
|      RETIRED_INSTRUCTIONS STAT     |   PMC0  | 283797960000 | 11811680000 | 11829260000 |  11824915000 |
|      CPU_CLOCKS_UNHALTED STAT      |   PMC1  | 106311219000 |  4415841000 |  4440215000 |   4429634125 |
| REQUESTS_TO_L2_GRP1_ALL_NO_PF STAT |   PMC2  |  25777212000 |  1074022000 |  1074349000 |   1074050500 |
|        L2_PF_HIT_IN_L2 STAT        |   PMC3  |  39101444000 |  1471824000 |  1814920000 | 1.629227e+09 |
+------------------------------------+---------+--------------+-------------+-------------+--------------+
+-------------------------------+------------+------------+------------+------------+------------+------------+------------+------------+------------+------------+-------------+-------------+-------------+-------------+-------------+-------------+-------------+-------------+-------------+-------------+-------------+-------------+-------------+-------------+
|             Metric            | HWThread 0 | HWThread 1 | HWThread 2 | HWThread 3 | HWThread 4 | HWThread 5 | HWThread 6 | HWThread 7 | HWThread 8 | HWThread 9 | HWThread 10 | HWThread 11 | HWThread 12 | HWThread 13 | HWThread 14 | HWThread 15 | HWThread 16 | HWThread 17 | HWThread 18 | HWThread 19 | HWThread 20 | HWThread 21 | HWThread 22 | HWThread 23 |
+-------------------------------+------------+------------+------------+------------+------------+------------+------------+------------+------------+------------+-------------+-------------+-------------+-------------+-------------+-------------+-------------+-------------+-------------+-------------+-------------+-------------+-------------+-------------+
|      Runtime (RDTSC) [s]      |     1.2352 |     1.2352 |     1.2352 |     1.2352 |     1.2352 |     1.2352 |     1.2352 |     1.2352 |     1.2351 |     1.2352 |      1.2352 |      1.2352 |      1.2352 |      1.2352 |      1.2352 |      1.2351 |      1.2352 |      1.2352 |      1.2352 |      1.2352 |      1.2352 |      1.2352 |      1.2352 |      1.2352 |
|      Runtime unhalted [s]     |     1.8808 |     1.8808 |     1.8809 |     1.8808 |     1.8808 |     1.8808 |     1.8808 |     1.8808 |     1.8798 |     1.8798 |      1.8798 |      1.8798 |      1.8798 |      1.8798 |      1.8798 |      1.8798 |      1.8806 |      1.8806 |      1.8806 |      1.8806 |      1.8806 |      1.8806 |      1.8806 |      1.8806 |
|          Clock [MHz]          |  3645.9951 |  3645.9285 |  3645.9246 |  3645.9795 |  3645.9671 |  3645.9606 |  3645.9471 |  3645.9758 |  3643.9168 |  3643.9342 |   3643.9465 |   3643.9066 |   3643.8943 |   3643.9134 |   3643.9023 |   3643.9535 |   3645.4763 |   3645.4762 |   3645.4449 |   3645.4920 |   3645.5110 |   3645.5099 |   3645.4729 |   3645.5013 |
|              CPI              |     0.3750 |     0.3748 |     0.3748 |     0.3747 |     0.3751 |     0.3748 |     0.3747 |     0.3748 |     0.3738 |     0.3735 |      0.3734 |      0.3735 |      0.3738 |      0.3735 |      0.3735 |      0.3734 |      0.3756 |      0.3759 |      0.3752 |      0.3753 |      0.3756 |      0.3753 |      0.3753 |      0.3753 |
|    L2 bandwidth [MBytes/s]    | 55650.3829 | 55648.1325 | 55648.7993 | 55649.5833 | 55648.1393 | 55649.6869 | 55649.6869 | 55648.8061 | 55651.8901 | 55650.3334 |  55649.8874 |  55647.8037 |  55648.3398 |  55648.1754 |  55648.3623 |  55652.8993 |  55650.4348 |  55665.6612 |  55648.9548 |  55650.2861 |  55649.7229 |  55650.2928 |  55649.2498 |  55650.3379 |
|    L2 data volume [GBytes]    |    68.7382 |    68.7374 |    68.7382 |    68.7392 |    68.7375 |    68.7393 |    68.7393 |    68.7382 |    68.7384 |    68.7386 |     68.7395 |     68.7386 |     68.7377 |     68.7382 |     68.7383 |     68.7395 |     68.7383 |     68.7583 |     68.7384 |     68.7382 |     68.7375 |     68.7382 |     68.7382 |     68.7382 |
| Prefetch bandwidth [MBytes/s] | 81268.9843 | 84889.8499 | 85429.3944 | 84888.2956 | 81415.7330 | 85518.9097 | 85178.2920 | 85704.0888 | 79185.1743 | 84916.0581 |  85418.5655 |  85257.8092 |  76259.3848 |  85865.2898 |  85278.4640 |  85560.6835 |  81486.8116 |  94037.1534 |  85387.0633 |  85061.7748 |  81011.7505 |  86104.4672 |  85232.1074 |  85623.6487 |
| Prefetch data volume [GBytes] |   100.3818 |   104.8572 |   105.5236 |   104.8553 |   100.5660 |   105.6342 |   105.2135 |   105.8630 |    97.8056 |   104.8873 |    105.5102 |    105.3141 |     94.1967 |    106.0633 |    105.3382 |    105.6799 |    100.6509 |    116.1549 |    105.4713 |    105.0667 |    100.0643 |    106.3547 |    105.2790 |    105.7607 |
+-------------------------------+------------+------------+------------+------------+------------+------------+------------+------------+------------+------------+-------------+-------------+-------------+-------------+-------------+-------------+-------------+-------------+-------------+-------------+-------------+-------------+-------------+-------------+
+------------------------------------+--------------+------------+------------+------------+
|               Metric               |      Sum     |     Min    |     Max    |     Avg    |
+------------------------------------+--------------+------------+------------+------------+
|      Runtime (RDTSC) [s] STAT      |      29.6446 |     1.2351 |     1.2352 |     1.2352 |
|      Runtime unhalted [s] STAT     |      45.1297 |     1.8798 |     1.8809 |     1.8804 |
|          Clock [MHz] STAT          |   87482.9304 |  3643.8943 |  3645.9951 |  3645.1221 |
|              CPI STAT              |       8.9906 |     0.3734 |     0.3759 |     0.3746 |
|    L2 bandwidth [MBytes/s] STAT    | 1.335606e+06 | 55647.8037 | 55665.6612 | 55650.2437 |
|    L2 data volume [GBytes] STAT    |    1649.7414 |    68.7374 |    68.7583 |    68.7392 |
| Prefetch bandwidth [MBytes/s] STAT | 2.025980e+06 | 76259.3848 | 94037.1534 | 84415.8231 |
| Prefetch data volume [GBytes] STAT |    2502.4924 |    94.1967 |   116.1549 |   104.2705 |
+------------------------------------+--------------+------------+------------+------------+
