--------------------------------------------------------------------------------
CPU name:	AMD EPYC 9654 96-Core Processor                
CPU type:	AMD K19 (Zen4) architecture
CPU clock:	2.40 GHz
--------------------------------------------------------------------------------
Region bench, Group 1: L2
+-------------------+------------+------------+------------+------------+------------+------------+------------+------------+------------+------------+-------------+-------------+-------------+-------------+-------------+-------------+-------------+-------------+-------------+-------------+-------------+-------------+-------------+-------------+
|    Region Info    | HWThread 0 | HWThread 1 | HWThread 2 | HWThread 3 | HWThread 4 | HWThread 5 | HWThread 6 | HWThread 7 | HWThread 8 | HWThread 9 | HWThread 10 | HWThread 11 | HWThread 12 | HWThread 13 | HWThread 14 | HWThread 15 | HWThread 16 | HWThread 17 | HWThread 18 | HWThread 19 | HWThread 20 | HWThread 21 | HWThread 22 | HWThread 23 |
+-------------------+------------+------------+------------+------------+------------+------------+------------+------------+------------+------------+-------------+-------------+-------------+-------------+-------------+-------------+-------------+-------------+-------------+-------------+-------------+-------------+-------------+-------------+
| RDTSC Runtime [s] |   1.230993 |   1.231069 |   1.231064 |   1.231005 |   1.231023 |   1.231085 |   1.231054 |   1.231063 |   1.231063 |   1.231086 |    1.231055 |    1.231055 |    1.231063 |    1.231055 |    1.231056 |    1.231009 |    1.231060 |    1.231006 |    1.231064 |    1.231044 |    1.231086 |    1.231023 |    1.231059 |    1.231086 |
|     call count    |          1 |          1 |          1 |          1 |          1 |          1 |          1 |          1 |          1 |          1 |           1 |           1 |           1 |           1 |           1 |           1 |           1 |           1 |           1 |           1 |           1 |           1 |           1 |           1 |
+-------------------+------------+------------+------------+------------+------------+------------+------------+------------+------------+------------+-------------+-------------+-------------+-------------+-------------+-------------+-------------+-------------+-------------+-------------+-------------+-------------+-------------+-------------+
+-------------------------------+---------+-------------+-------------+-------------+-------------+-------------+-------------+-------------+-------------+-------------+-------------+-------------+-------------+-------------+-------------+-------------+-------------+-------------+-------------+-------------+-------------+-------------+-------------+-------------+-------------+
|             Event             | Counter |  HWThread 0 |  HWThread 1 |  HWThread 2 |  HWThread 3 |  HWThread 4 |  HWThread 5 |  HWThread 6 |  HWThread 7 |  HWThread 8 |  HWThread 9 | HWThread 10 | HWThread 11 | HWThread 12 | HWThread 13 | HWThread 14 | HWThread 15 | HWThread 16 | HWThread 17 | HWThread 18 | HWThread 19 | HWThread 20 | HWThread 21 | HWThread 22 | HWThread 23 |
+-------------------------------+---------+-------------+-------------+-------------+-------------+-------------+-------------+-------------+-------------+-------------+-------------+-------------+-------------+-------------+-------------+-------------+-------------+-------------+-------------+-------------+-------------+-------------+-------------+-------------+-------------+
|        ACTUAL_CPU_CLOCK       |  FIXC1  |  4492860000 |  4493077000 |  4493046000 |  4492924000 |  4493022000 |  4493122000 |  4493067000 |  4493087000 |  4482048000 |  4482061000 |  4482045000 |  4482033000 |  4482033000 |  4482029000 |  4482046000 |  4482046000 |  4493499000 |  4493509000 |  4493590000 |  4493497000 |  4493668000 |  4493531000 |  4493502000 |  4493577000 |
|         MAX_CPU_CLOCK         |  FIXC2  |  2949730000 |  2949867000 |  2949860000 |  2949787000 |  2949832000 |  2949912000 |  2949843000 |  2949877000 |  2949902000 |  2949918000 |  2949887000 |  2949886000 |  2949881000 |  2949893000 |  2949893000 |  2949878000 |  2949819000 |  2949832000 |  2949883000 |  2949829000 |  2949944000 |  2949823000 |  2949825000 |  2949880000 |
|      RETIRED_INSTRUCTIONS     |   PMC0  | 11827290000 | 11827610000 | 11817260000 | 11827550000 | 11827530000 | 11827560000 | 11817260000 | 11827510000 | 11822950000 | 11822910000 | 11811740000 | 11822980000 | 11822810000 | 11822900000 | 11811680000 | 11822860000 | 11827540000 | 11812820000 | 11817630000 | 11827590000 | 11827550000 | 11821210000 | 11817480000 | 11827550000 |
|      CPU_CLOCKS_UNHALTED      |   PMC1  |  4424442000 |  4424833000 |  4423810000 |  4424487000 |  4424433000 |  4424570000 |  4424790000 |  4424239000 |  4398657000 |  4397682000 |  4397833000 |  4398616000 |  4398023000 |  4397228000 |  4396721000 |  4398032000 |  4427419000 |  4428174000 |  4427795000 |  4426774000 |  4427651000 |  4427796000 |  4427505000 |  4428037000 |
| REQUESTS_TO_L2_GRP1_ALL_NO_PF |   PMC2  |  1074031000 |  1074038000 |  1074040000 |  1074050000 |  1074039000 |  1074031000 |  1074038000 |  1074034000 |  1074054000 |  1074039000 |  1074056000 |  1074046000 |  1074037000 |  1074051000 |  1074058000 |  1074053000 |  1074034000 |  1074300000 |  1074037000 |  1074035000 |  1074020000 |  1074158000 |  1074037000 |  1074036000 |
|        L2_PF_HIT_IN_L2        |   PMC3  |  1639708000 |  1636913000 |  1460205000 |  1650396000 |  1645843000 |  1651667000 |  1537157000 |  1654245000 |  1641465000 |  1639561000 |  1554546000 |  1640111000 |  1652016000 |  1651149000 |  1563531000 |  1651834000 |  1642679000 |  1784634000 |  1475300000 |  1640097000 |  1647444000 |  1698466000 |  1553040000 |  1653104000 |
+-------------------------------+---------+-------------+-------------+-------------+-------------+-------------+-------------+-------------+-------------+-------------+-------------+-------------+-------------+-------------+-------------+-------------+-------------+-------------+-------------+-------------+-------------+-------------+-------------+-------------+-------------+
+------------------------------------+---------+--------------+-------------+-------------+--------------+
|                Event               | Counter |      Sum     |     Min     |     Max     |      Avg     |
+------------------------------------+---------+--------------+-------------+-------------+--------------+
|        ACTUAL_CPU_CLOCK STAT       |  FIXC1  | 107748919000 |  4482029000 |  4493668000 | 4.489538e+09 |
|         MAX_CPU_CLOCK STAT         |  FIXC2  |  70796681000 |  2949730000 |  2949944000 | 2.949862e+09 |
|      RETIRED_INSTRUCTIONS STAT     |   PMC0  | 283739770000 | 11811680000 | 11827610000 | 1.182249e+10 |
|      CPU_CLOCKS_UNHALTED STAT      |   PMC1  | 105999547000 |  4396721000 |  4428174000 | 4.416648e+09 |
| REQUESTS_TO_L2_GRP1_ALL_NO_PF STAT |   PMC2  |  25777352000 |  1074020000 |  1074300000 | 1.074056e+09 |
|        L2_PF_HIT_IN_L2 STAT        |   PMC3  |  38965111000 |  1460205000 |  1784634000 | 1.623546e+09 |
+------------------------------------+---------+--------------+-------------+-------------+--------------+
+-------------------------------+------------+------------+------------+------------+------------+------------+------------+------------+------------+------------+-------------+-------------+-------------+-------------+-------------+-------------+-------------+-------------+-------------+-------------+-------------+-------------+-------------+-------------+
|             Metric            | HWThread 0 | HWThread 1 | HWThread 2 | HWThread 3 | HWThread 4 | HWThread 5 | HWThread 6 | HWThread 7 | HWThread 8 | HWThread 9 | HWThread 10 | HWThread 11 | HWThread 12 | HWThread 13 | HWThread 14 | HWThread 15 | HWThread 16 | HWThread 17 | HWThread 18 | HWThread 19 | HWThread 20 | HWThread 21 | HWThread 22 | HWThread 23 |
+-------------------------------+------------+------------+------------+------------+------------+------------+------------+------------+------------+------------+-------------+-------------+-------------+-------------+-------------+-------------+-------------+-------------+-------------+-------------+-------------+-------------+-------------+-------------+
|      Runtime (RDTSC) [s]      |     1.2310 |     1.2311 |     1.2311 |     1.2310 |     1.2310 |     1.2311 |     1.2311 |     1.2311 |     1.2311 |     1.2311 |      1.2311 |      1.2311 |      1.2311 |      1.2311 |      1.2311 |      1.2310 |      1.2311 |      1.2310 |      1.2311 |      1.2310 |      1.2311 |      1.2310 |      1.2311 |      1.2311 |
|      Runtime unhalted [s]     |     1.8749 |     1.8749 |     1.8749 |     1.8749 |     1.8749 |     1.8750 |     1.8749 |     1.8749 |     1.8703 |     1.8703 |      1.8703 |      1.8703 |      1.8703 |      1.8703 |      1.8703 |      1.8703 |      1.8751 |      1.8751 |      1.8752 |      1.8751 |      1.8752 |      1.8751 |      1.8751 |      1.8752 |
|          Clock [MHz]          |  3650.0308 |  3650.0376 |  3650.0210 |  3650.0123 |  3650.0362 |  3650.0184 |  3650.0591 |  3650.0333 |  3641.0347 |  3641.0256 |   3641.0508 |   3641.0423 |   3641.0485 |   3641.0304 |   3641.0442 |   3641.0627 |   3650.4398 |   3650.4318 |   3650.4345 |   3650.4258 |   3650.4224 |   3650.4608 |   3650.4348 |   3650.4277 |
|              CPI              |     0.3741 |     0.3741 |     0.3744 |     0.3741 |     0.3741 |     0.3741 |     0.3744 |     0.3741 |     0.3720 |     0.3720 |      0.3723 |      0.3720 |      0.3720 |      0.3719 |      0.3722 |      0.3720 |      0.3743 |      0.3749 |      0.3747 |      0.3743 |      0.3744 |      0.3746 |      0.3747 |      0.3744 |
|    L2 bandwidth [MBytes/s]    | 55839.4597 | 55836.3764 | 55836.7071 | 55839.9032 | 55838.5148 | 55835.2868 | 55837.0567 | 55836.4405 | 55837.4803 | 55835.6573 |  55837.9471 |  55837.4272 |  55836.5965 |  55837.6872 |  55838.0057 |  55839.8777 |  55836.5766 |  55852.8553 |  55836.5511 |  55837.3543 |  55834.6696 |  55844.7015 |  55836.7779 |  55835.5013 |
|    L2 data volume [GBytes]    |    68.7380 |    68.7384 |    68.7386 |    68.7392 |    68.7385 |    68.7380 |    68.7384 |    68.7382 |    68.7395 |    68.7385 |     68.7396 |     68.7389 |     68.7384 |     68.7393 |     68.7397 |     68.7394 |     68.7382 |     68.7552 |     68.7384 |     68.7382 |     68.7373 |     68.7461 |     68.7384 |     68.7383 |
| Prefetch bandwidth [MBytes/s] | 85249.3166 | 85098.7491 | 75912.4790 | 85804.1551 | 85566.1933 | 85864.6543 | 79913.6740 | 86000.2128 | 85335.8114 | 85235.2346 |  80817.6272 |  85265.9743 |  85884.3325 |  85839.8171 |  81284.6727 |  85878.6378 |  85399.1325 |  92783.1188 |  76697.2310 |  85266.0084 |  85645.0451 |  88302.0252 |  80739.0710 |  85939.2894 |
| Prefetch data volume [GBytes] |   104.9413 |   104.7624 |    93.4531 |   105.6253 |   105.3340 |   105.7067 |    98.3780 |   105.8717 |   105.0538 |   104.9319 |     99.4909 |    104.9671 |    105.7290 |    105.6735 |    100.0660 |    105.7174 |    105.1315 |    114.2166 |     94.4192 |    104.9662 |    105.4364 |    108.7018 |     99.3946 |    105.7987 |
+-------------------------------+------------+------------+------------+------------+------------+------------+------------+------------+------------+------------+-------------+-------------+-------------+-------------+-------------+-------------+-------------+-------------+-------------+-------------+-------------+-------------+-------------+-------------+
+------------------------------------+--------------+------------+------------+------------+
|               Metric               |      Sum     |     Min    |     Max    |     Avg    |
+------------------------------------+--------------+------------+------------+------------+
|      Runtime (RDTSC) [s] STAT      |      29.5457 |     1.2310 |     1.2311 |     1.2311 |
|      Runtime unhalted [s] STAT     |      44.9628 |     1.8703 |     1.8752 |     1.8735 |
|          Clock [MHz] STAT          |   87532.0655 |  3641.0256 |  3650.4608 |  3647.1694 |
|              CPI STAT              |       8.9661 |     0.3719 |     0.3749 |     0.3736 |
|    L2 bandwidth [MBytes/s] STAT    | 1.340115e+06 | 55834.6696 | 55852.8553 | 55838.1422 |
|    L2 data volume [GBytes] STAT    |    1649.7507 |    68.7373 |    68.7552 |    68.7396 |
| Prefetch bandwidth [MBytes/s] STAT | 2.025722e+06 | 75912.4790 | 92783.1188 | 84405.1026 |
| Prefetch data volume [GBytes] STAT |    2493.7671 |    93.4531 |   114.2166 |   103.9070 |
+------------------------------------+--------------+------------+------------+------------+
