--------------------------------------------------------------------------------
CPU name:	AMD EPYC 9654 96-Core Processor                
CPU type:	AMD K19 (Zen4) architecture
CPU clock:	2.40 GHz
--------------------------------------------------------------------------------
Region bench, Group 1: L2
+-------------------+------------+------------+------------+------------+------------+------------+------------+------------+------------+------------+-------------+-------------+-------------+-------------+-------------+-------------+-------------+-------------+-------------+-------------+-------------+-------------+-------------+-------------+-------------+-------------+-------------+-------------+-------------+-------------+-------------+-------------+-------------+-------------+-------------+-------------+-------------+-------------+-------------+-------------+-------------+-------------+-------------+-------------+-------------+-------------+-------------+-------------+-------------+-------------+-------------+-------------+-------------+-------------+-------------+-------------+-------------+-------------+-------------+-------------+-------------+-------------+-------------+-------------+-------------+-------------+-------------+-------------+-------------+-------------+-------------+-------------+-------------+-------------+-------------+-------------+-------------+-------------+-------------+-------------+-------------+-------------+-------------+-------------+-------------+-------------+-------------+-------------+-------------+-------------+-------------+-------------+-------------+-------------+-------------+-------------+
|    Region Info    | HWThread 0 | HWThread 1 | HWThread 2 | HWThread 3 | HWThread 4 | HWThread 5 | HWThread 6 | HWThread 7 | HWThread 8 | HWThread 9 | HWThread 10 | HWThread 11 | HWThread 12 | HWThread 13 | HWThread 14 | HWThread 15 | HWThread 16 | HWThread 17 | HWThread 18 | HWThread 19 | HWThread 20 | HWThread 21 | HWThread 22 | HWThread 23 | HWThread 24 | HWThread 25 | HWThread 26 | HWThread 27 | HWThread 28 | HWThread 29 | HWThread 30 | HWThread 31 | HWThread 32 | HWThread 33 | HWThread 34 | HWThread 35 | HWThread 36 | HWThread 37 | HWThread 38 | HWThread 39 | HWThread 40 | HWThread 41 | HWThread 42 | HWThread 43 | HWThread 44 | HWThread 45 | HWThread 46 | HWThread 47 | HWThread 48 | HWThread 49 | HWThread 50 | HWThread 51 | HWThread 52 | HWThread 53 | HWThread 54 | HWThread 55 | HWThread 56 | HWThread 57 | HWThread 58 | HWThread 59 | HWThread 60 | HWThread 61 | HWThread 62 | HWThread 63 | HWThread 64 | HWThread 65 | HWThread 66 | HWThread 67 | HWThread 68 | HWThread 69 | HWThread 70 | HWThread 71 | HWThread 72 | HWThread 73 | HWThread 74 | HWThread 75 | HWThread 76 | HWThread 77 | HWThread 78 | HWThread 79 | HWThread 80 | HWThread 81 | HWThread 82 | HWThread 83 | HWThread 84 | HWThread 85 | HWThread 86 | HWThread 87 | HWThread 88 | HWThread 89 | HWThread 90 | HWThread 91 | HWThread 92 | HWThread 93 | HWThread 94 | HWThread 95 |
+-------------------+------------+------------+------------+------------+------------+------------+------------+------------+------------+------------+-------------+-------------+-------------+-------------+-------------+-------------+-------------+-------------+-------------+-------------+-------------+-------------+-------------+-------------+-------------+-------------+-------------+-------------+-------------+-------------+-------------+-------------+-------------+-------------+-------------+-------------+-------------+-------------+-------------+-------------+-------------+-------------+-------------+-------------+-------------+-------------+-------------+-------------+-------------+-------------+-------------+-------------+-------------+-------------+-------------+-------------+-------------+-------------+-------------+-------------+-------------+-------------+-------------+-------------+-------------+-------------+-------------+-------------+-------------+-------------+-------------+-------------+-------------+-------------+-------------+-------------+-------------+-------------+-------------+-------------+-------------+-------------+-------------+-------------+-------------+-------------+-------------+-------------+-------------+-------------+-------------+-------------+-------------+-------------+-------------+-------------+
| RDTSC Runtime [s] |   1.978758 |   1.978535 |   1.978485 |   1.978617 |   1.978601 |   1.978650 |   1.978552 |   1.978532 |   1.978816 |   1.978555 |    1.978554 |    1.978578 |    1.978398 |    1.978420 |    1.978556 |    1.978384 |    1.978382 |    1.978539 |    1.978586 |    1.978383 |    1.978586 |    1.978580 |    1.978402 |    1.978398 |    1.978539 |    1.978412 |    1.978412 |    1.978415 |    1.978415 |    1.978414 |    1.978415 |    1.978417 |    1.978393 |    1.978458 |    1.978493 |    1.978565 |    1.978557 |    1.978651 |    1.978539 |    1.978469 |    1.978420 |    1.978422 |    1.978420 |    1.978422 |    1.978421 |    1.978409 |    1.978539 |    1.978411 |    1.978556 |    1.978497 |    1.978410 |    1.978409 |    1.978409 |    1.978539 |    1.978540 |    1.978721 |    1.978412 |    1.978685 |    1.978416 |    1.978541 |    1.978726 |    1.978424 |    1.978555 |    1.978565 |    1.978385 |    1.978538 |    1.978609 |    1.978607 |    1.978610 |    1.978405 |    1.978540 |    1.978537 |    1.978501 |    1.978418 |    1.978423 |    1.978424 |    1.978419 |    1.978420 |    1.978420 |    1.978423 |    1.978557 |    1.978405 |    1.978540 |    1.978404 |    1.978541 |    1.978674 |    1.978474 |    1.978498 |    1.978588 |    1.978554 |    1.978583 |    1.978654 |    1.978537 |    1.978817 |    1.978403 |    1.978412 |
|     call count    |          1 |          1 |          1 |          1 |          1 |          1 |          1 |          1 |          1 |          1 |           1 |           1 |           1 |           1 |           1 |           1 |           1 |           1 |           1 |           1 |           1 |           1 |           1 |           1 |           1 |           1 |           1 |           1 |           1 |           1 |           1 |           1 |           1 |           1 |           1 |           1 |           1 |           1 |           1 |           1 |           1 |           1 |           1 |           1 |           1 |           1 |           1 |           1 |           1 |           1 |           1 |           1 |           1 |           1 |           1 |           1 |           1 |           1 |           1 |           1 |           1 |           1 |           1 |           1 |           1 |           1 |           1 |           1 |           1 |           1 |           1 |           1 |           1 |           1 |           1 |           1 |           1 |           1 |           1 |           1 |           1 |           1 |           1 |           1 |           1 |           1 |           1 |           1 |           1 |           1 |           1 |           1 |           1 |           1 |           1 |           1 |
+-------------------+------------+------------+------------+------------+------------+------------+------------+------------+------------+------------+-------------+-------------+-------------+-------------+-------------+-------------+-------------+-------------+-------------+-------------+-------------+-------------+-------------+-------------+-------------+-------------+-------------+-------------+-------------+-------------+-------------+-------------+-------------+-------------+-------------+-------------+-------------+-------------+-------------+-------------+-------------+-------------+-------------+-------------+-------------+-------------+-------------+-------------+-------------+-------------+-------------+-------------+-------------+-------------+-------------+-------------+-------------+-------------+-------------+-------------+-------------+-------------+-------------+-------------+-------------+-------------+-------------+-------------+-------------+-------------+-------------+-------------+-------------+-------------+-------------+-------------+-------------+-------------+-------------+-------------+-------------+-------------+-------------+-------------+-------------+-------------+-------------+-------------+-------------+-------------+-------------+-------------+-------------+-------------+-------------+-------------+
+-------------------------------+---------+-------------+-------------+-------------+-------------+-------------+-------------+-------------+-------------+-------------+-------------+-------------+-------------+-------------+-------------+-------------+-------------+-------------+-------------+-------------+-------------+-------------+-------------+-------------+-------------+-------------+-------------+-------------+-------------+-------------+-------------+-------------+-------------+-------------+-------------+-------------+-------------+-------------+-------------+-------------+-------------+-------------+-------------+-------------+-------------+-------------+-------------+-------------+-------------+-------------+-------------+-------------+-------------+-------------+-------------+-------------+-------------+-------------+-------------+-------------+-------------+-------------+-------------+-------------+-------------+-------------+-------------+-------------+-------------+-------------+-------------+-------------+-------------+-------------+-------------+-------------+-------------+-------------+-------------+-------------+-------------+-------------+-------------+-------------+-------------+-------------+-------------+-------------+-------------+-------------+-------------+-------------+-------------+-------------+-------------+-------------+-------------+
|             Event             | Counter |  HWThread 0 |  HWThread 1 |  HWThread 2 |  HWThread 3 |  HWThread 4 |  HWThread 5 |  HWThread 6 |  HWThread 7 |  HWThread 8 |  HWThread 9 | HWThread 10 | HWThread 11 | HWThread 12 | HWThread 13 | HWThread 14 | HWThread 15 | HWThread 16 | HWThread 17 | HWThread 18 | HWThread 19 | HWThread 20 | HWThread 21 | HWThread 22 | HWThread 23 | HWThread 24 | HWThread 25 | HWThread 26 | HWThread 27 | HWThread 28 | HWThread 29 | HWThread 30 | HWThread 31 | HWThread 32 | HWThread 33 | HWThread 34 | HWThread 35 | HWThread 36 | HWThread 37 | HWThread 38 | HWThread 39 | HWThread 40 | HWThread 41 | HWThread 42 | HWThread 43 | HWThread 44 | HWThread 45 | HWThread 46 | HWThread 47 | HWThread 48 | HWThread 49 | HWThread 50 | HWThread 51 | HWThread 52 | HWThread 53 | HWThread 54 | HWThread 55 | HWThread 56 | HWThread 57 | HWThread 58 | HWThread 59 | HWThread 60 | HWThread 61 | HWThread 62 | HWThread 63 | HWThread 64 | HWThread 65 | HWThread 66 | HWThread 67 | HWThread 68 | HWThread 69 | HWThread 70 | HWThread 71 | HWThread 72 | HWThread 73 | HWThread 74 | HWThread 75 | HWThread 76 | HWThread 77 | HWThread 78 | HWThread 79 | HWThread 80 | HWThread 81 | HWThread 82 | HWThread 83 | HWThread 84 | HWThread 85 | HWThread 86 | HWThread 87 | HWThread 88 | HWThread 89 | HWThread 90 | HWThread 91 | HWThread 92 | HWThread 93 | HWThread 94 | HWThread 95 |
+-------------------------------+---------+-------------+-------------+-------------+-------------+-------------+-------------+-------------+-------------+-------------+-------------+-------------+-------------+-------------+-------------+-------------+-------------+-------------+-------------+-------------+-------------+-------------+-------------+-------------+-------------+-------------+-------------+-------------+-------------+-------------+-------------+-------------+-------------+-------------+-------------+-------------+-------------+-------------+-------------+-------------+-------------+-------------+-------------+-------------+-------------+-------------+-------------+-------------+-------------+-------------+-------------+-------------+-------------+-------------+-------------+-------------+-------------+-------------+-------------+-------------+-------------+-------------+-------------+-------------+-------------+-------------+-------------+-------------+-------------+-------------+-------------+-------------+-------------+-------------+-------------+-------------+-------------+-------------+-------------+-------------+-------------+-------------+-------------+-------------+-------------+-------------+-------------+-------------+-------------+-------------+-------------+-------------+-------------+-------------+-------------+-------------+-------------+
|        ACTUAL_CPU_CLOCK       |  FIXC1  |  4628345000 |  4627245000 |  4627962000 |  4626818000 |  4628128000 |  4628229000 |  4628762000 |  4626718000 |  4628919000 |  4626812000 |  4628465000 |  4628494000 |  4628368000 |  4627986000 |  4626603000 |  4626200000 |  4627927000 |  4626706000 |  4626714000 |  4626315000 |  4626755000 |  4626711000 |  4626364000 |  4626906000 |  4626785000 |  4626847000 |  4626824000 |  4626775000 |  4626811000 |  4626830000 |  4626821000 |  4626864000 |  4626417000 |  4626412000 |  4626380000 |  4626916000 |  4626918000 |  4627139000 |  4626818000 |  4626373000 |  4626959000 |  4627159000 |  4627206000 |  4627088000 |  4627196000 |  4626846000 |  4627288000 |  4626974000 |  4626580000 |  4628128000 |  4627796000 |  4626785000 |  4626209000 |  4628623000 |  4628256000 |  4628299000 |  4626330000 |  4626817000 |  4626028000 |  4626461000 |  4626909000 |  4626563000 |  4626718000 |  4626543000 |  4627128000 |  4628011000 |  4627636000 |  4627620000 |  4627578000 |  4627592000 |  4627509000 |  4628005000 |  4627861000 |  4627870000 |  4628311000 |  4628135000 |  4627925000 |  4627933000 |  4628314000 |  4627712000 |  4627019000 |  4626655000 |  4627030000 |  4626606000 |  4627191000 |  4627360000 |  4626897000 |  4626611000 |  4627422000 |  4627500000 |  4627572000 |  4627624000 |  4627444000 |  4627788000 |  4627918000 |  4627819000 |
|         MAX_CPU_CLOCK         |  FIXC2  |  4743122000 |  4741931000 |  4742611000 |  4741632000 |  4742910000 |  4742965000 |  4743318000 |  4741233000 |  4743377000 |  4741209000 |  4743010000 |  4742623000 |  4742733000 |  4742614000 |  4740884000 |  4740662000 |  4742834000 |  4741391000 |  4741407000 |  4741181000 |  4741418000 |  4741383000 |  4741230000 |  4741451000 |  4741116000 |  4741120000 |  4741141000 |  4741056000 |  4741132000 |  4741134000 |  4741128000 |  4741148000 |  4741117000 |  4741025000 |  4741093000 |  4741433000 |  4741448000 |  4741638000 |  4741228000 |  4741012000 |  4741156000 |  4741115000 |  4741253000 |  4741060000 |  4741146000 |  4741074000 |  4741317000 |  4741078000 |  4741240000 |  4742853000 |  4742658000 |  4741230000 |  4741046000 |  4743094000 |  4743027000 |  4743000000 |  4742788000 |  4743171000 |  4742682000 |  4742906000 |  4743441000 |  4743013000 |  4743049000 |  4742897000 |  4742669000 |  4743124000 |  4743095000 |  4742959000 |  4742933000 |  4743060000 |  4742870000 |  4743120000 |  4742614000 |  4742617000 |  4742938000 |  4742811000 |  4742653000 |  4742654000 |  4742843000 |  4742359000 |  4743099000 |  4742867000 |  4743056000 |  4742720000 |  4743167000 |  4743430000 |  4742852000 |  4742814000 |  4743067000 |  4742957000 |  4743019000 |  4743321000 |  4743085000 |  4743497000 |  4743427000 |  4743344000 |
|      RETIRED_INSTRUCTIONS     |   PMC0  | 11830320000 | 11830630000 | 11830320000 | 11830330000 | 11830420000 | 11830480000 | 11846850000 | 11829990000 | 11828650000 | 11828120000 | 11828410000 | 11828360000 | 11828190000 | 11828270000 | 11828120000 | 11827880000 | 11826900000 | 11826760000 | 11826760000 | 11826560000 | 11826800000 | 11826760000 | 11826610000 | 11826560000 | 11827620000 | 11831230000 | 11827060000 | 11827360000 | 11827310000 | 11827360000 | 11827200000 | 11827410000 | 11826450000 | 11826500000 | 11826490000 | 11826540000 | 11826500000 | 11826740000 | 11826450000 | 11826450000 | 11819390000 | 11819490000 | 11819440000 | 11819340000 | 11819440000 | 11819340000 | 11819590000 | 11817290000 | 11827080000 | 11830910000 | 11826930000 | 11826750000 | 11826760000 | 11827330000 | 11826950000 | 11827600000 | 11826100000 | 11826240000 | 11825810000 | 11826170000 | 11826120000 | 11826130000 | 11825810000 | 11826140000 | 11819600000 | 11819630000 | 11819800000 | 11819920000 | 11819800000 | 11819550000 | 11819580000 | 11819090000 | 11827010000 | 11827000000 | 11826440000 | 11829430000 | 11827070000 | 11829480000 | 11826490000 | 11827010000 | 11829750000 | 11825430000 | 11828980000 | 11829850000 | 11829760000 | 11827410000 | 11828880000 | 11829730000 | 11821750000 | 11824530000 | 11824100000 | 11821560000 | 11824560000 | 11822020000 | 11821320000 | 11811680000 |
|      CPU_CLOCKS_UNHALTED      |   PMC1  |  4545814000 |  4545764000 |  4547064000 |  4545681000 |  4547459000 |  4547578000 |  4546504000 |  4545640000 |  4546280000 |  4543484000 |  4545291000 |  4545789000 |  4544581000 |  4544928000 |  4543595000 |  4542925000 |  4541699000 |  4540827000 |  4540929000 |  4540341000 |  4540917000 |  4540794000 |  4540423000 |  4540803000 |  4543437000 |  4543041000 |  4543484000 |  4542708000 |  4543055000 |  4542757000 |  4543038000 |  4543434000 |  4540751000 |  4540882000 |  4541161000 |  4541315000 |  4540796000 |  4541891000 |  4541505000 |  4541024000 |  4557391000 |  4557342000 |  4557624000 |  4556880000 |  4557460000 |  4557634000 |  4557483000 |  4557819000 |  4544467000 |  4545258000 |  4545296000 |  4543899000 |  4543673000 |  4545726000 |  4545910000 |  4546348000 |  4542270000 |  4543316000 |  4542315000 |  4542857000 |  4542358000 |  4542267000 |  4543067000 |  4543142000 |  4557243000 |  4557330000 |  4557926000 |  4557498000 |  4558010000 |  4556969000 |  4557977000 |  4557733000 |  4545355000 |  4545831000 |  4545367000 |  4545546000 |  4546128000 |  4545875000 |  4546147000 |  4545857000 |  4551005000 |  4551157000 |  4551931000 |  4551454000 |  4551667000 |  4552423000 |  4550713000 |  4551451000 |  4557771000 |  4557511000 |  4558907000 |  4557699000 |  4557587000 |  4558477000 |  4557509000 |  4558332000 |
| REQUESTS_TO_L2_GRP1_ALL_NO_PF |   PMC2  |  1074380000 |  1074366000 |  1074359000 |  1074373000 |  1074361000 |  1074390000 |  1074070000 |  1074390000 |  1074391000 |  1074362000 |  1074393000 |  1074374000 |  1074344000 |  1074360000 |  1074375000 |  1074401000 |  1074393000 |  1074387000 |  1074374000 |  1074378000 |  1074379000 |  1074377000 |  1074376000 |  1074379000 |  1074381000 |  1074299000 |  1074363000 |  1074360000 |  1074359000 |  1074395000 |  1074359000 |  1074378000 |  1074375000 |  1074377000 |  1074380000 |  1074366000 |  1074362000 |  1074375000 |  1074362000 |  1074360000 |  1074385000 |  1074367000 |  1074376000 |  1074368000 |  1074368000 |  1074380000 |  1074367000 |  1074249000 |  1074376000 |  1074309000 |  1074365000 |  1074361000 |  1074366000 |  1074363000 |  1074369000 |  1074371000 |  1074378000 |  1074365000 |  1074380000 |  1074362000 |  1074371000 |  1074382000 |  1074365000 |  1074363000 |  1074383000 |  1074369000 |  1074376000 |  1074383000 |  1074364000 |  1074381000 |  1074372000 |  1074242000 |  1074252000 |  1074382000 |  1074367000 |  1074326000 |  1074378000 |  1074353000 |  1074372000 |  1074363000 |  1074341000 |  1074393000 |  1074322000 |  1074320000 |  1074332000 |  1074381000 |  1074321000 |  1074341000 |  1074389000 |  1074322000 |  1074324000 |  1074381000 |  1074321000 |  1074381000 |  1074371000 |  1074264000 |
|        L2_PF_HIT_IN_L2        |   PMC3  |  1759711000 |  1797478000 |  1709446000 |  1747967000 |  1768252000 |  1768013000 |  1509347000 |  1799136000 |  1764270000 |  1782150000 |  1676451000 |  1776760000 |  1756777000 |  1774067000 |  1677776000 |  1772398000 |  1771554000 |  1767147000 |  1704995000 |  1782107000 |  1777569000 |  1786754000 |  1755818000 |  1766089000 |  1757972000 |  1741622000 |  1669932000 |  1779691000 |  1757001000 |  1765724000 |  1655393000 |  1774275000 |  1759007000 |  1762314000 |  1677843000 |  1787264000 |  1755748000 |  1784438000 |  1757419000 |  1769262000 |  1754641000 |  1734733000 |  1651432000 |  1760305000 |  1743653000 |  1766003000 |  1646934000 |  1415917000 |  1772770000 |  1734322000 |  1654587000 |  1747642000 |  1752848000 |  1775126000 |  1745253000 |  1774272000 |  1775315000 |  1756509000 |  1642262000 |  1754054000 |  1765094000 |  1782595000 |  1626322000 |  1772151000 |  1759954000 |  1750963000 |  1626847000 |  1753096000 |  1756704000 |  1758672000 |  1678826000 |  1427616000 |  1768665000 |  1750728000 |  1644180000 |  1745407000 |  1763715000 |  1762861000 |  1678164000 |  1767829000 |  1744716000 |  1766166000 |  1587657000 |  1753831000 |  1754324000 |  1753182000 |  1613709000 |  1752902000 |  1763284000 |  1745593000 |  1594253000 |  1747113000 |  1766704000 |  1761253000 |  1663481000 |  1423344000 |
+-------------------------------+---------+-------------+-------------+-------------+-------------+-------------+-------------+-------------+-------------+-------------+-------------+-------------+-------------+-------------+-------------+-------------+-------------+-------------+-------------+-------------+-------------+-------------+-------------+-------------+-------------+-------------+-------------+-------------+-------------+-------------+-------------+-------------+-------------+-------------+-------------+-------------+-------------+-------------+-------------+-------------+-------------+-------------+-------------+-------------+-------------+-------------+-------------+-------------+-------------+-------------+-------------+-------------+-------------+-------------+-------------+-------------+-------------+-------------+-------------+-------------+-------------+-------------+-------------+-------------+-------------+-------------+-------------+-------------+-------------+-------------+-------------+-------------+-------------+-------------+-------------+-------------+-------------+-------------+-------------+-------------+-------------+-------------+-------------+-------------+-------------+-------------+-------------+-------------+-------------+-------------+-------------+-------------+-------------+-------------+-------------+-------------+-------------+
+------------------------------------+---------+---------------+-------------+-------------+--------------+
|                Event               | Counter |      Sum      |     Min     |     Max     |      Avg     |
+------------------------------------+---------+---------------+-------------+-------------+--------------+
|        ACTUAL_CPU_CLOCK STAT       |  FIXC1  |  444217739000 |  4626028000 |  4628919000 | 4.627268e+09 |
|         MAX_CPU_CLOCK STAT         |  FIXC2  |  455254433000 |  4740662000 |  4743497000 | 4.742234e+09 |
|      RETIRED_INSTRUCTIONS STAT     |   PMC0  | 1135294080000 | 11811680000 | 11846850000 |  11825980000 |
|      CPU_CLOCKS_UNHALTED STAT      |   PMC1  |  436593577000 |  4540341000 |  4558907000 | 4.547850e+09 |
| REQUESTS_TO_L2_GRP1_ALL_NO_PF STAT |   PMC2  |  103138456000 |  1074070000 |  1074401000 | 1.074359e+09 |
|        L2_PF_HIT_IN_L2 STAT        |   PMC3  |  165797416000 |  1415917000 |  1799136000 | 1.727056e+09 |
+------------------------------------+---------+---------------+-------------+-------------+--------------+
+-------------------------------+------------+------------+------------+------------+------------+------------+------------+------------+------------+------------+-------------+-------------+-------------+-------------+-------------+-------------+-------------+-------------+-------------+-------------+-------------+-------------+-------------+-------------+-------------+-------------+-------------+-------------+-------------+-------------+-------------+-------------+-------------+-------------+-------------+-------------+-------------+-------------+-------------+-------------+-------------+-------------+-------------+-------------+-------------+-------------+-------------+-------------+-------------+-------------+-------------+-------------+-------------+-------------+-------------+-------------+-------------+-------------+-------------+-------------+-------------+-------------+-------------+-------------+-------------+-------------+-------------+-------------+-------------+-------------+-------------+-------------+-------------+-------------+-------------+-------------+-------------+-------------+-------------+-------------+-------------+-------------+-------------+-------------+-------------+-------------+-------------+-------------+-------------+-------------+-------------+-------------+-------------+-------------+-------------+-------------+
|             Metric            | HWThread 0 | HWThread 1 | HWThread 2 | HWThread 3 | HWThread 4 | HWThread 5 | HWThread 6 | HWThread 7 | HWThread 8 | HWThread 9 | HWThread 10 | HWThread 11 | HWThread 12 | HWThread 13 | HWThread 14 | HWThread 15 | HWThread 16 | HWThread 17 | HWThread 18 | HWThread 19 | HWThread 20 | HWThread 21 | HWThread 22 | HWThread 23 | HWThread 24 | HWThread 25 | HWThread 26 | HWThread 27 | HWThread 28 | HWThread 29 | HWThread 30 | HWThread 31 | HWThread 32 | HWThread 33 | HWThread 34 | HWThread 35 | HWThread 36 | HWThread 37 | HWThread 38 | HWThread 39 | HWThread 40 | HWThread 41 | HWThread 42 | HWThread 43 | HWThread 44 | HWThread 45 | HWThread 46 | HWThread 47 | HWThread 48 | HWThread 49 | HWThread 50 | HWThread 51 | HWThread 52 | HWThread 53 | HWThread 54 | HWThread 55 | HWThread 56 | HWThread 57 | HWThread 58 | HWThread 59 | HWThread 60 | HWThread 61 | HWThread 62 | HWThread 63 | HWThread 64 | HWThread 65 | HWThread 66 | HWThread 67 | HWThread 68 | HWThread 69 | HWThread 70 | HWThread 71 | HWThread 72 | HWThread 73 | HWThread 74 | HWThread 75 | HWThread 76 | HWThread 77 | HWThread 78 | HWThread 79 | HWThread 80 | HWThread 81 | HWThread 82 | HWThread 83 | HWThread 84 | HWThread 85 | HWThread 86 | HWThread 87 | HWThread 88 | HWThread 89 | HWThread 90 | HWThread 91 | HWThread 92 | HWThread 93 | HWThread 94 | HWThread 95 |
+-------------------------------+------------+------------+------------+------------+------------+------------+------------+------------+------------+------------+-------------+-------------+-------------+-------------+-------------+-------------+-------------+-------------+-------------+-------------+-------------+-------------+-------------+-------------+-------------+-------------+-------------+-------------+-------------+-------------+-------------+-------------+-------------+-------------+-------------+-------------+-------------+-------------+-------------+-------------+-------------+-------------+-------------+-------------+-------------+-------------+-------------+-------------+-------------+-------------+-------------+-------------+-------------+-------------+-------------+-------------+-------------+-------------+-------------+-------------+-------------+-------------+-------------+-------------+-------------+-------------+-------------+-------------+-------------+-------------+-------------+-------------+-------------+-------------+-------------+-------------+-------------+-------------+-------------+-------------+-------------+-------------+-------------+-------------+-------------+-------------+-------------+-------------+-------------+-------------+-------------+-------------+-------------+-------------+-------------+-------------+
|      Runtime (RDTSC) [s]      |     1.9788 |     1.9785 |     1.9785 |     1.9786 |     1.9786 |     1.9787 |     1.9786 |     1.9785 |     1.9788 |     1.9786 |      1.9786 |      1.9786 |      1.9784 |      1.9784 |      1.9786 |      1.9784 |      1.9784 |      1.9785 |      1.9786 |      1.9784 |      1.9786 |      1.9786 |      1.9784 |      1.9784 |      1.9785 |      1.9784 |      1.9784 |      1.9784 |      1.9784 |      1.9784 |      1.9784 |      1.9784 |      1.9784 |      1.9785 |      1.9785 |      1.9786 |      1.9786 |      1.9787 |      1.9785 |      1.9785 |      1.9784 |      1.9784 |      1.9784 |      1.9784 |      1.9784 |      1.9784 |      1.9785 |      1.9784 |      1.9786 |      1.9785 |      1.9784 |      1.9784 |      1.9784 |      1.9785 |      1.9785 |      1.9787 |      1.9784 |      1.9787 |      1.9784 |      1.9785 |      1.9787 |      1.9784 |      1.9786 |      1.9786 |      1.9784 |      1.9785 |      1.9786 |      1.9786 |      1.9786 |      1.9784 |      1.9785 |      1.9785 |      1.9785 |      1.9784 |      1.9784 |      1.9784 |      1.9784 |      1.9784 |      1.9784 |      1.9784 |      1.9786 |      1.9784 |      1.9785 |      1.9784 |      1.9785 |      1.9787 |      1.9785 |      1.9785 |      1.9786 |      1.9786 |      1.9786 |      1.9787 |      1.9785 |      1.9788 |      1.9784 |      1.9784 |
|      Runtime unhalted [s]     |     1.9318 |     1.9313 |     1.9316 |     1.9312 |     1.9317 |     1.9318 |     1.9320 |     1.9311 |     1.9320 |     1.9312 |      1.9318 |      1.9319 |      1.9318 |      1.9316 |      1.9311 |      1.9309 |      1.9316 |      1.9311 |      1.9311 |      1.9310 |      1.9311 |      1.9311 |      1.9310 |      1.9312 |      1.9311 |      1.9312 |      1.9312 |      1.9311 |      1.9312 |      1.9312 |      1.9312 |      1.9312 |      1.9310 |      1.9310 |      1.9310 |      1.9312 |      1.9312 |      1.9313 |      1.9312 |      1.9310 |      1.9312 |      1.9313 |      1.9313 |      1.9313 |      1.9313 |      1.9312 |      1.9314 |      1.9312 |      1.9311 |      1.9317 |      1.9316 |      1.9311 |      1.9309 |      1.9319 |      1.9318 |      1.9318 |      1.9310 |      1.9312 |      1.9308 |      1.9310 |      1.9312 |      1.9311 |      1.9311 |      1.9310 |      1.9313 |      1.9317 |      1.9315 |      1.9315 |      1.9315 |      1.9315 |      1.9314 |      1.9317 |      1.9316 |      1.9316 |      1.9318 |      1.9317 |      1.9316 |      1.9316 |      1.9318 |      1.9315 |      1.9312 |      1.9311 |      1.9313 |      1.9311 |      1.9313 |      1.9314 |      1.9312 |      1.9311 |      1.9314 |      1.9314 |      1.9315 |      1.9315 |      1.9314 |      1.9316 |      1.9316 |      1.9316 |
|          Clock [MHz]          |  2337.8963 |  2337.9277 |  2337.9547 |  2337.8594 |  2337.8912 |  2337.9151 |  2338.0103 |  2338.0056 |  2338.0605 |  2338.0649 |   2338.0121 |   2338.2176 |   2338.0997 |   2337.9654 |   2338.1196 |   2338.0254 |   2337.8271 |   2337.9216 |   2337.9178 |   2337.8276 |   2337.9331 |   2337.9281 |   2337.8282 |   2337.9931 |   2338.0972 |   2338.1265 |   2338.1045 |   2338.1217 |   2338.1024 |   2338.1110 |   2338.1094 |   2338.1213 |   2337.9107 |   2337.9535 |   2337.9038 |   2338.0070 |   2338.0006 |   2338.0186 |   2338.0586 |   2337.9402 |   2338.1654 |   2338.2866 |   2338.2423 |   2338.2779 |   2338.2900 |   2338.1487 |   2338.2522 |   2338.2114 |   2337.9324 |   2337.9193 |   2337.8477 |   2338.0409 |   2337.8406 |   2338.0505 |   2337.8982 |   2337.9332 |   2337.0430 |   2337.1003 |   2336.9427 |   2337.0511 |   2337.0138 |   2337.0499 |   2337.1104 |   2337.0969 |   2337.5048 |   2337.7266 |   2337.5515 |   2337.6104 |   2337.6020 |   2337.5465 |   2337.5982 |   2337.7255 |   2337.9022 |   2337.9053 |   2337.9698 |   2337.9435 |   2337.9153 |   2337.9189 |   2338.0182 |   2337.9526 |   2337.2378 |   2337.1683 |   2337.2646 |   2337.2160 |   2337.2912 |   2337.2470 |   2337.2979 |   2337.1722 |   2337.4572 |   2337.5508 |   2337.5566 |   2337.4340 |   2337.4594 |   2337.4301 |   2337.5303 |   2337.5212 |
|              CPI              |     0.3843 |     0.3842 |     0.3844 |     0.3842 |     0.3844 |     0.3844 |     0.3838 |     0.3842 |     0.3843 |     0.3841 |      0.3843 |      0.3843 |      0.3842 |      0.3842 |      0.3841 |      0.3841 |      0.3840 |      0.3839 |      0.3840 |      0.3839 |      0.3840 |      0.3839 |      0.3839 |      0.3839 |      0.3841 |      0.3840 |      0.3842 |      0.3841 |      0.3841 |      0.3841 |      0.3841 |      0.3841 |      0.3839 |      0.3840 |      0.3840 |      0.3840 |      0.3840 |      0.3840 |      0.3840 |      0.3840 |      0.3856 |      0.3856 |      0.3856 |      0.3855 |      0.3856 |      0.3856 |      0.3856 |      0.3857 |      0.3842 |      0.3842 |      0.3843 |      0.3842 |      0.3842 |      0.3843 |      0.3844 |      0.3844 |      0.3841 |      0.3842 |      0.3841 |      0.3841 |      0.3841 |      0.3841 |      0.3842 |      0.3842 |      0.3856 |      0.3856 |      0.3856 |      0.3856 |      0.3856 |      0.3855 |      0.3856 |      0.3856 |      0.3843 |      0.3844 |      0.3843 |      0.3843 |      0.3844 |      0.3843 |      0.3844 |      0.3844 |      0.3847 |      0.3849 |      0.3848 |      0.3847 |      0.3848 |      0.3849 |      0.3847 |      0.3847 |      0.3855 |      0.3854 |      0.3856 |      0.3855 |      0.3854 |      0.3856 |      0.3855 |      0.3859 |
|    L2 bandwidth [MBytes/s]    | 34749.2316 | 34752.6953 | 34753.3471 | 34751.4815 | 34751.3743 | 34751.4517 | 34742.8220 | 34753.5243 | 34748.5688 | 34752.2146 |  34753.2349 |  34752.1988 |  34754.3902 |  34754.5213 |  34752.6176 |  34756.4800 |  34756.2564 |  34753.3043 |  34752.0583 |  34755.7536 |  34752.2200 |  34752.2607 |  34755.3551 |  34755.5224 |  34753.1102 |  34752.6885 |  34754.7589 |  34754.6091 |  34754.5768 |  34755.7589 |  34754.5768 |  34755.1563 |  34755.4808 |  34754.4037 |  34753.8859 |  34752.1684 |  34752.1795 |  34750.9490 |  34752.4957 |  34753.6605 |  34755.3300 |  34754.7126 |  34755.0389 |  34754.7449 |  34754.7625 |  34755.3615 |  34752.6574 |  34751.0886 |  34752.6499 |  34751.5190 |  34754.8587 |  34754.7469 |  34754.9086 |  34752.5280 |  34752.7045 |  34749.5903 |  34755.2441 |  34750.0284 |  34755.2385 |  34752.4605 |  34749.5025 |  34755.1627 |  34752.3117 |  34752.0713 |  34755.8802 |  34752.7396 |  34751.7190 |  34751.9806 |  34751.3133 |  34755.4641 |  34752.8016 |  34748.6491 |  34749.6049 |  34755.2681 |  34754.6950 |  34753.3512 |  34755.1211 |  34754.2948 |  34754.9095 |  34754.5656 |  34751.5002 |  34755.8523 |  34751.1842 |  34753.5084 |  34751.4901 |  34750.7391 |  34752.3111 |  34752.5365 |  34752.5084 |  34750.9383 |  34750.4937 |  34751.0904 |  34751.2046 |  34748.2279 |  34755.1758 |  34751.5563 |
|    L2 data volume [GBytes]    |    68.7603 |    68.7594 |    68.7590 |    68.7599 |    68.7591 |    68.7610 |    68.7405 |    68.7610 |    68.7610 |    68.7592 |     68.7612 |     68.7599 |     68.7580 |     68.7590 |     68.7600 |     68.7617 |     68.7612 |     68.7608 |     68.7599 |     68.7602 |     68.7603 |     68.7601 |     68.7601 |     68.7603 |     68.7604 |     68.7551 |     68.7592 |     68.7590 |     68.7590 |     68.7613 |     68.7590 |     68.7602 |     68.7600 |     68.7601 |     68.7603 |     68.7594 |     68.7592 |     68.7600 |     68.7592 |     68.7590 |     68.7606 |     68.7595 |     68.7601 |     68.7596 |     68.7596 |     68.7603 |     68.7595 |     68.7519 |     68.7601 |     68.7558 |     68.7594 |     68.7591 |     68.7594 |     68.7592 |     68.7596 |     68.7597 |     68.7602 |     68.7594 |     68.7603 |     68.7592 |     68.7597 |     68.7604 |     68.7594 |     68.7592 |     68.7605 |     68.7596 |     68.7601 |     68.7605 |     68.7593 |     68.7604 |     68.7598 |     68.7515 |     68.7521 |     68.7604 |     68.7595 |     68.7569 |     68.7602 |     68.7586 |     68.7598 |     68.7592 |     68.7578 |     68.7612 |     68.7566 |     68.7565 |     68.7572 |     68.7604 |     68.7565 |     68.7578 |     68.7609 |     68.7566 |     68.7567 |     68.7604 |     68.7565 |     68.7604 |     68.7597 |     68.7529 |
| Prefetch bandwidth [MBytes/s] | 56915.2489 | 58143.3192 | 55297.1309 | 56539.4354 | 57196.0330 | 57186.8860 | 48822.6784 | 58197.0390 | 57061.0304 | 57646.9191 |  54227.9180 |  57471.9015 |  56830.6923 |  57389.3754 |  54270.7227 |  57336.4281 |  57309.1830 |  57162.0817 |  55150.3346 |  57650.5399 |  57497.8373 |  57795.1137 |  56799.5544 |  57131.9300 |  56865.2971 |  56340.0384 |  54020.9259 |  57571.4519 |  56837.4502 |  57119.6605 |  53550.5200 |  57396.1910 |  56902.9753 |  57008.0821 |  54274.6181 |  57812.0486 |  56792.8404 |  57718.1282 |  56847.4091 |  57232.5207 |  56760.9628 |  56116.9012 |  53422.2501 |  56944.1302 |  56405.4830 |  57128.8303 |  53273.5397 |  45803.7728 |  57343.4768 |  56101.4791 |  53524.5819 |  56534.8661 |  56703.2762 |  57420.1792 |  56453.8458 |  57387.2759 |  57429.9792 |  56813.7809 |  53125.7167 |  56738.5038 |  57090.2773 |  57665.1314 |  52606.3759 |  57323.1933 |  56933.8405 |  56638.6049 |  52621.9218 |  56705.6237 |  56822.2419 |  56891.7931 |  54305.1260 |  46179.2850 |  57212.2834 |  56634.4382 |  53187.5741 |  56462.1375 |  57054.5269 |  57026.8719 |  54287.0048 |  57187.4953 |  56435.9905 |  57134.2187 |  51356.0747 |  56735.2189 |  56747.2375 |  56706.4853 |  52200.5222 |  56702.4723 |  57035.7123 |  56464.4442 |  51568.3153 |  56510.7553 |  57147.8097 |  56963.4241 |  53812.4861 |  46044.0070 |
| Prefetch data volume [GBytes] |   112.6215 |   115.0386 |   109.4045 |   111.8699 |   113.1681 |   113.1528 |    96.5982 |   115.1447 |   112.9133 |   114.0576 |    107.2929 |    113.7126 |    112.4337 |    113.5403 |    107.3777 |    113.4335 |    113.3795 |    113.0974 |    109.1197 |    114.0548 |    113.7644 |    114.3523 |    112.3724 |    113.0297 |    112.5102 |    111.4638 |    106.8756 |    113.9002 |    112.4481 |    113.0063 |    105.9452 |    113.5536 |    112.5764 |    112.7881 |    107.3820 |    114.3849 |    112.3679 |    114.2040 |    112.4748 |    113.2328 |    112.2970 |    111.0229 |    105.6916 |    112.6595 |    111.5938 |    113.0242 |    105.4038 |     90.6187 |    113.4573 |    110.9966 |    105.8936 |    111.8491 |    112.1823 |    113.6081 |    111.6962 |    113.5534 |    113.6202 |    112.4166 |    105.1048 |    112.2595 |    112.9660 |    114.0861 |    104.0846 |    113.4177 |    112.6371 |    112.0616 |    104.1182 |    112.1981 |    112.4291 |    112.5550 |    107.4449 |     91.3674 |    113.1946 |    112.0466 |    105.2275 |    111.7060 |    112.8778 |    112.8231 |    107.4025 |    113.1411 |    111.6618 |    113.0346 |    101.6100 |    112.2452 |    112.2767 |    112.2036 |    103.2774 |    112.1857 |    112.8502 |    111.7180 |    102.0322 |    111.8152 |    113.0691 |    112.7202 |    106.4628 |     91.0940 |
+-------------------------------+------------+------------+------------+------------+------------+------------+------------+------------+------------+------------+-------------+-------------+-------------+-------------+-------------+-------------+-------------+-------------+-------------+-------------+-------------+-------------+-------------+-------------+-------------+-------------+-------------+-------------+-------------+-------------+-------------+-------------+-------------+-------------+-------------+-------------+-------------+-------------+-------------+-------------+-------------+-------------+-------------+-------------+-------------+-------------+-------------+-------------+-------------+-------------+-------------+-------------+-------------+-------------+-------------+-------------+-------------+-------------+-------------+-------------+-------------+-------------+-------------+-------------+-------------+-------------+-------------+-------------+-------------+-------------+-------------+-------------+-------------+-------------+-------------+-------------+-------------+-------------+-------------+-------------+-------------+-------------+-------------+-------------+-------------+-------------+-------------+-------------+-------------+-------------+-------------+-------------+-------------+-------------+-------------+-------------+
+------------------------------------+--------------+------------+------------+------------+
|               Metric               |      Sum     |     Min    |     Max    |     Avg    |
+------------------------------------+--------------+------------+------------+------------+
|      Runtime (RDTSC) [s] STAT      |     189.9364 |     1.9784 |     1.9788 |     1.9785 |
|      Runtime unhalted [s] STAT     |     185.4098 |     1.9308 |     1.9320 |     1.9314 |
|          Clock [MHz] STAT          |  224427.8604 |  2336.9427 |  2338.2900 |  2337.7902 |
|              CPI STAT              |      36.9179 |     0.3838 |     0.3859 |     0.3846 |
|    L2 bandwidth [MBytes/s] STAT    | 3.336285e+06 | 34742.8220 | 34756.4800 | 34752.9713 |
|    L2 data volume [GBytes] STAT    |    6600.8612 |    68.7405 |    68.7617 |    68.7590 |
| Prefetch bandwidth [MBytes/s] STAT | 5.363153e+06 | 45803.7728 | 58197.0390 | 55866.1796 |
| Prefetch data volume [GBytes] STAT |   10611.0349 |    90.6187 |   115.1447 |   110.5316 |
+------------------------------------+--------------+------------+------------+------------+
