--------------------------------------------------------------------------------
CPU name:	AMD EPYC 9654 96-Core Processor                
CPU type:	AMD K19 (Zen4) architecture
CPU clock:	2.40 GHz
--------------------------------------------------------------------------------
Region bench, Group 1: L2
+-------------------+------------+------------+------------+------------+------------+------------+------------+------------+------------+------------+-------------+-------------+-------------+-------------+-------------+-------------+-------------+-------------+-------------+-------------+-------------+-------------+-------------+-------------+-------------+-------------+-------------+-------------+-------------+-------------+-------------+-------------+-------------+-------------+-------------+-------------+-------------+-------------+-------------+-------------+-------------+-------------+-------------+-------------+-------------+-------------+-------------+-------------+-------------+-------------+-------------+-------------+-------------+-------------+-------------+-------------+-------------+-------------+-------------+-------------+-------------+-------------+-------------+-------------+-------------+-------------+-------------+-------------+-------------+-------------+-------------+-------------+-------------+-------------+-------------+-------------+-------------+-------------+-------------+-------------+-------------+-------------+-------------+-------------+-------------+-------------+-------------+-------------+-------------+-------------+-------------+-------------+-------------+-------------+-------------+-------------+
|    Region Info    | HWThread 0 | HWThread 1 | HWThread 2 | HWThread 3 | HWThread 4 | HWThread 5 | HWThread 6 | HWThread 7 | HWThread 8 | HWThread 9 | HWThread 10 | HWThread 11 | HWThread 12 | HWThread 13 | HWThread 14 | HWThread 15 | HWThread 16 | HWThread 17 | HWThread 18 | HWThread 19 | HWThread 20 | HWThread 21 | HWThread 22 | HWThread 23 | HWThread 24 | HWThread 25 | HWThread 26 | HWThread 27 | HWThread 28 | HWThread 29 | HWThread 30 | HWThread 31 | HWThread 32 | HWThread 33 | HWThread 34 | HWThread 35 | HWThread 36 | HWThread 37 | HWThread 38 | HWThread 39 | HWThread 40 | HWThread 41 | HWThread 42 | HWThread 43 | HWThread 44 | HWThread 45 | HWThread 46 | HWThread 47 | HWThread 48 | HWThread 49 | HWThread 50 | HWThread 51 | HWThread 52 | HWThread 53 | HWThread 54 | HWThread 55 | HWThread 56 | HWThread 57 | HWThread 58 | HWThread 59 | HWThread 60 | HWThread 61 | HWThread 62 | HWThread 63 | HWThread 64 | HWThread 65 | HWThread 66 | HWThread 67 | HWThread 68 | HWThread 69 | HWThread 70 | HWThread 71 | HWThread 72 | HWThread 73 | HWThread 74 | HWThread 75 | HWThread 76 | HWThread 77 | HWThread 78 | HWThread 79 | HWThread 80 | HWThread 81 | HWThread 82 | HWThread 83 | HWThread 84 | HWThread 85 | HWThread 86 | HWThread 87 | HWThread 88 | HWThread 89 | HWThread 90 | HWThread 91 | HWThread 92 | HWThread 93 | HWThread 94 | HWThread 95 |
+-------------------+------------+------------+------------+------------+------------+------------+------------+------------+------------+------------+-------------+-------------+-------------+-------------+-------------+-------------+-------------+-------------+-------------+-------------+-------------+-------------+-------------+-------------+-------------+-------------+-------------+-------------+-------------+-------------+-------------+-------------+-------------+-------------+-------------+-------------+-------------+-------------+-------------+-------------+-------------+-------------+-------------+-------------+-------------+-------------+-------------+-------------+-------------+-------------+-------------+-------------+-------------+-------------+-------------+-------------+-------------+-------------+-------------+-------------+-------------+-------------+-------------+-------------+-------------+-------------+-------------+-------------+-------------+-------------+-------------+-------------+-------------+-------------+-------------+-------------+-------------+-------------+-------------+-------------+-------------+-------------+-------------+-------------+-------------+-------------+-------------+-------------+-------------+-------------+-------------+-------------+-------------+-------------+-------------+-------------+
| RDTSC Runtime [s] |   2.864890 |   2.865028 |   2.865030 |   2.865038 |   2.864892 |   2.864891 |   2.864891 |   2.864897 |   2.864893 |   2.864891 |    2.865154 |    2.864891 |    2.865088 |    2.865154 |    2.864893 |    2.864984 |    2.865064 |    2.865063 |    2.864895 |    2.865161 |    2.864909 |    2.864980 |    2.864910 |    2.864981 |    2.865012 |    2.865012 |    2.864979 |    2.865012 |    2.865012 |    2.864896 |    2.864926 |    2.864975 |    2.865266 |    2.864891 |    2.865112 |    2.864897 |    2.864981 |    2.864980 |    2.865088 |    2.864900 |    2.865317 |    2.865177 |    2.864905 |    2.864908 |    2.865265 |    2.865335 |    2.864908 |    2.864907 |    2.865067 |    2.864911 |    2.864912 |    2.865066 |    2.864908 |    2.865067 |    2.865067 |    2.864911 |    2.864895 |    2.864913 |    2.865082 |    2.865066 |    2.864910 |    2.864907 |    2.865263 |    2.864908 |    2.864911 |    2.864893 |    2.864969 |    2.864969 |    2.865090 |    2.864908 |    2.864909 |    2.865065 |    2.864910 |    2.864909 |    2.864916 |    2.865067 |    2.864911 |    2.865016 |    2.864916 |    2.864903 |    2.864903 |    2.864899 |    2.864984 |    2.865115 |    2.864898 |    2.864984 |    2.865077 |    2.865254 |    2.864898 |    2.864982 |    2.865089 |    2.865319 |    2.865155 |    2.864906 |    2.865113 |    2.865363 |
|     call count    |          1 |          1 |          1 |          1 |          1 |          1 |          1 |          1 |          1 |          1 |           1 |           1 |           1 |           1 |           1 |           1 |           1 |           1 |           1 |           1 |           1 |           1 |           1 |           1 |           1 |           1 |           1 |           1 |           1 |           1 |           1 |           1 |           1 |           1 |           1 |           1 |           1 |           1 |           1 |           1 |           1 |           1 |           1 |           1 |           1 |           1 |           1 |           1 |           1 |           1 |           1 |           1 |           1 |           1 |           1 |           1 |           1 |           1 |           1 |           1 |           1 |           1 |           1 |           1 |           1 |           1 |           1 |           1 |           1 |           1 |           1 |           1 |           1 |           1 |           1 |           1 |           1 |           1 |           1 |           1 |           1 |           1 |           1 |           1 |           1 |           1 |           1 |           1 |           1 |           1 |           1 |           1 |           1 |           1 |           1 |           1 |
+-------------------+------------+------------+------------+------------+------------+------------+------------+------------+------------+------------+-------------+-------------+-------------+-------------+-------------+-------------+-------------+-------------+-------------+-------------+-------------+-------------+-------------+-------------+-------------+-------------+-------------+-------------+-------------+-------------+-------------+-------------+-------------+-------------+-------------+-------------+-------------+-------------+-------------+-------------+-------------+-------------+-------------+-------------+-------------+-------------+-------------+-------------+-------------+-------------+-------------+-------------+-------------+-------------+-------------+-------------+-------------+-------------+-------------+-------------+-------------+-------------+-------------+-------------+-------------+-------------+-------------+-------------+-------------+-------------+-------------+-------------+-------------+-------------+-------------+-------------+-------------+-------------+-------------+-------------+-------------+-------------+-------------+-------------+-------------+-------------+-------------+-------------+-------------+-------------+-------------+-------------+-------------+-------------+-------------+-------------+
+-------------------------------+---------+------------+------------+------------+------------+------------+------------+------------+------------+------------+------------+-------------+-------------+-------------+-------------+-------------+-------------+-------------+-------------+-------------+-------------+-------------+-------------+-------------+-------------+-------------+-------------+-------------+-------------+-------------+-------------+-------------+-------------+-------------+-------------+-------------+-------------+-------------+-------------+-------------+-------------+-------------+-------------+-------------+-------------+-------------+-------------+-------------+-------------+-------------+-------------+-------------+-------------+-------------+-------------+-------------+-------------+-------------+-------------+-------------+-------------+-------------+-------------+-------------+-------------+-------------+-------------+-------------+-------------+-------------+-------------+-------------+-------------+-------------+-------------+-------------+-------------+-------------+-------------+-------------+-------------+-------------+-------------+-------------+-------------+-------------+-------------+-------------+-------------+-------------+-------------+-------------+-------------+-------------+-------------+-------------+-------------+
|             Event             | Counter | HWThread 0 | HWThread 1 | HWThread 2 | HWThread 3 | HWThread 4 | HWThread 5 | HWThread 6 | HWThread 7 | HWThread 8 | HWThread 9 | HWThread 10 | HWThread 11 | HWThread 12 | HWThread 13 | HWThread 14 | HWThread 15 | HWThread 16 | HWThread 17 | HWThread 18 | HWThread 19 | HWThread 20 | HWThread 21 | HWThread 22 | HWThread 23 | HWThread 24 | HWThread 25 | HWThread 26 | HWThread 27 | HWThread 28 | HWThread 29 | HWThread 30 | HWThread 31 | HWThread 32 | HWThread 33 | HWThread 34 | HWThread 35 | HWThread 36 | HWThread 37 | HWThread 38 | HWThread 39 | HWThread 40 | HWThread 41 | HWThread 42 | HWThread 43 | HWThread 44 | HWThread 45 | HWThread 46 | HWThread 47 | HWThread 48 | HWThread 49 | HWThread 50 | HWThread 51 | HWThread 52 | HWThread 53 | HWThread 54 | HWThread 55 | HWThread 56 | HWThread 57 | HWThread 58 | HWThread 59 | HWThread 60 | HWThread 61 | HWThread 62 | HWThread 63 | HWThread 64 | HWThread 65 | HWThread 66 | HWThread 67 | HWThread 68 | HWThread 69 | HWThread 70 | HWThread 71 | HWThread 72 | HWThread 73 | HWThread 74 | HWThread 75 | HWThread 76 | HWThread 77 | HWThread 78 | HWThread 79 | HWThread 80 | HWThread 81 | HWThread 82 | HWThread 83 | HWThread 84 | HWThread 85 | HWThread 86 | HWThread 87 | HWThread 88 | HWThread 89 | HWThread 90 | HWThread 91 | HWThread 92 | HWThread 93 | HWThread 94 | HWThread 95 |
+-------------------------------+---------+------------+------------+------------+------------+------------+------------+------------+------------+------------+------------+-------------+-------------+-------------+-------------+-------------+-------------+-------------+-------------+-------------+-------------+-------------+-------------+-------------+-------------+-------------+-------------+-------------+-------------+-------------+-------------+-------------+-------------+-------------+-------------+-------------+-------------+-------------+-------------+-------------+-------------+-------------+-------------+-------------+-------------+-------------+-------------+-------------+-------------+-------------+-------------+-------------+-------------+-------------+-------------+-------------+-------------+-------------+-------------+-------------+-------------+-------------+-------------+-------------+-------------+-------------+-------------+-------------+-------------+-------------+-------------+-------------+-------------+-------------+-------------+-------------+-------------+-------------+-------------+-------------+-------------+-------------+-------------+-------------+-------------+-------------+-------------+-------------+-------------+-------------+-------------+-------------+-------------+-------------+-------------+-------------+-------------+
|        ACTUAL_CPU_CLOCK       |  FIXC1  | 6689695000 | 6689691000 | 6689543000 | 6689472000 | 6689513000 | 6689562000 | 6689529000 | 6689518000 | 6693556000 | 6693126000 |  6693728000 |  6693255000 |  6693638000 |  6693573000 |  6693110000 |  6693114000 |  6693881000 |  6693890000 |  6693677000 |  6693945000 |  6693919000 |  6693372000 |  6693358000 |  6693417000 |  6691253000 |  6691214000 |  6691242000 |  6691186000 |  6691190000 |  6691224000 |  6691191000 |  6691254000 |  6694480000 |  6694176000 |  6694214000 |  6693960000 |  6693799000 |  6693776000 |  6694313000 |  6694268000 |  6691507000 |  6691487000 |  6691330000 |  6691157000 |  6691483000 |  6691567000 |  6691142000 |  6690982000 |  6689947000 |  6689837000 |  6689759000 |  6690251000 |  6689864000 |  6690004000 |  6690108000 |  6690106000 |  6690784000 |  6690584000 |  6690759000 |  6690765000 |  6690574000 |  6690443000 |  6691062000 |  6690877000 |  6689507000 |  6689790000 |  6689724000 |  6689373000 |  6689776000 |  6689455000 |  6689541000 |  6689704000 |  6689328000 |  6689412000 |  6689439000 |  6689609000 |  6689320000 |  6689075000 |  6689530000 |  6689131000 |  6690017000 |  6690005000 |  6689725000 |  6690135000 |  6690363000 |  6689895000 |  6690040000 |  6690547000 |  6691057000 |  6690786000 |  6690804000 |  6691265000 |  6691120000 |  6690643000 |  6691116000 |  6691156000 |
|         MAX_CPU_CLOCK         |  FIXC2  | 6864423000 | 6864241000 | 6863856000 | 6863810000 | 6863817000 | 6864392000 | 6863996000 | 6864260000 | 6864656000 | 6864435000 |  6864864000 |  6864345000 |  6864739000 |  6864764000 |  6864480000 |  6864444000 |  6864692000 |  6864568000 |  6864395000 |  6864823000 |  6864534000 |  6864379000 |  6864388000 |  6864367000 |  6864383000 |  6864353000 |  6864384000 |  6864322000 |  6864339000 |  6864370000 |  6864315000 |  6864388000 |  6864964000 |  6864318000 |  6864443000 |  6864206000 |  6864444000 |  6864303000 |  6864548000 |  6864367000 |  6864482000 |  6864483000 |  6864184000 |  6864212000 |  6864643000 |  6864760000 |  6864083000 |  6863878000 |  6864713000 |  6864617000 |  6864539000 |  6864860000 |  6864652000 |  6864607000 |  6864806000 |  6864740000 |  6864486000 |  6864391000 |  6864591000 |  6864588000 |  6864378000 |  6864398000 |  6864947000 |  6864603000 |  6864354000 |  6864487000 |  6864568000 |  6864368000 |  6864587000 |  6864279000 |  6864364000 |  6864570000 |  6864464000 |  6864562000 |  6864456000 |  6864799000 |  6864348000 |  6864430000 |  6864567000 |  6864474000 |  6864631000 |  6864547000 |  6864491000 |  6864773000 |  6864574000 |  6864645000 |  6864651000 |  6865233000 |  6865015000 |  6864827000 |  6864873000 |  6865367000 |  6865172000 |  6864690000 |  6865089000 |  6865235000 |
|      RETIRED_INSTRUCTIONS     |   PMC0  | 3772926000 | 3789302000 | 3776148000 | 3791137000 | 3759792000 | 3789069000 | 3803087000 | 3788270000 | 3781963000 | 3785511000 |  3778247000 |  3783264000 |  3783201000 |  3783456000 |  3802397000 |  3791762000 |  3807161000 |  3788482000 |  3782589000 |  3786682000 |  3779685000 |  3784385000 |  3785844000 |  3779783000 |  3784537000 |  3790024000 |  3759123000 |  3796723000 |  3777066000 |  3785246000 |  3786058000 |  3790828000 |  3784243000 |  3785105000 |  3777948000 |  3777367000 |  3777496000 |  3784159000 |  3786613000 |  3791614000 |  3774944000 |  3777151000 |  3767917000 |  3775140000 |  3768514000 |  3774135000 |  3774814000 |  3787352000 |  3778622000 |  3778057000 |  3760702000 |  3783546000 |  3775192000 |  3801969000 |  3787753000 |  3807461000 |  3801649000 |  3783634000 |  3778243000 |  3781058000 |  3776884000 |  3780736000 |  3787324000 |  3789414000 |  3771550000 |  3772859000 |  3766706000 |  3773152000 |  3766468000 |  3771585000 |  3772014000 |  3795896000 |  3773123000 |  3774531000 |  3766650000 |  3774841000 |  3769647000 |  3778225000 |  3778558000 |  3798345000 |  3774543000 |  3771578000 |  3768093000 |  3777061000 |  3772631000 |  3779665000 |  3778575000 |  3782034000 |  3768753000 |  3770483000 |  3763240000 |  3771404000 |  3764021000 |  3768002000 |  3769041000 |  3793737000 |
|      CPU_CLOCKS_UNHALTED      |   PMC1  | 6605854000 | 6613549000 | 6613357000 | 6613707000 | 6613762000 | 6612897000 | 6613200000 | 6613200000 | 6611968000 | 6612376000 |  6613397000 |  6612525000 |  6612592000 |  6614329000 |  6612120000 |  6613000000 |  6616176000 |  6616040000 |  6615997000 |  6616397000 |  6615847000 |  6615378000 |  6616039000 |  6616291000 |  6610621000 |  6610603000 |  6611562000 |  6609974000 |  6610550000 |  6609955000 |  6610557000 |  6607222000 |  6614080000 |  6613273000 |  6613543000 |  6613143000 |  6613593000 |  6613130000 |  6614605000 |  6613673000 |  6594803000 |  6594569000 |  6593724000 |  6592762000 |  6594237000 |  6594149000 |  6593528000 |  6593504000 |  6607884000 |  6608166000 |  6608290000 |  6608309000 |  6607809000 |  6608239000 |  6607497000 |  6607571000 |  6613393000 |  6613715000 |  6613868000 |  6614098000 |  6613586000 |  6613769000 |  6613950000 |  6614156000 |  6589289000 |  6588151000 |  6588698000 |  6589014000 |  6589184000 |  6589220000 |  6588868000 |  6590105000 |  6606936000 |  6607320000 |  6607743000 |  6607960000 |  6606443000 |  6608137000 |  6608063000 |  6606185000 |  6614031000 |  6613552000 |  6614185000 |  6614675000 |  6613299000 |  6613689000 |  6614049000 |  6614523000 |  6601998000 |  6602271000 |  6601713000 |  6602010000 |  6603456000 |  6602834000 |  6602222000 |  6604736000 |
| REQUESTS_TO_L2_GRP1_ALL_NO_PF |   PMC2  | 2154252000 | 2153625000 | 2153725000 | 2153353000 | 2155525000 | 2153563000 | 2152170000 | 2154298000 | 2153889000 | 2153762000 |  2153234000 |  2153700000 |  2152756000 |  2153835000 |  2152236000 |  2153525000 |  2151429000 |  2153498000 |  2152944000 |  2153382000 |  2153588000 |  2153690000 |  2153597000 |  2154313000 |  2152743000 |  2153175000 |  2154858000 |  2152624000 |  2153290000 |  2153775000 |  2153771000 |  2153665000 |  2153338000 |  2153468000 |  2153225000 |  2153755000 |  2153605000 |  2153799000 |  2153410000 |  2153694000 |  2154174000 |  2154455000 |  2153995000 |  2154152000 |  2154013000 |  2154396000 |  2154693000 |  2155635000 |  2153111000 |  2154246000 |  2154533000 |  2153731000 |  2153357000 |  2152192000 |  2153357000 |  2152208000 |  2151340000 |  2153762000 |  2153194000 |  2153793000 |  2153650000 |  2153741000 |  2152979000 |  2153803000 |  2154194000 |  2154956000 |  2153970000 |  2154590000 |  2154333000 |  2154945000 |  2155016000 |  2155462000 |  2154544000 |  2155161000 |  2155100000 |  2154832000 |  2154601000 |  2154455000 |  2154696000 |  2153250000 |  2154364000 |  2155322000 |  2155046000 |  2154859000 |  2154525000 |  2154572000 |  2155159000 |  2154989000 |  2155167000 |  2155734000 |  2155173000 |  2155794000 |  2155257000 |  2155678000 |  2155914000 |  2156369000 |
|        L2_PF_HIT_IN_L2        |   PMC3  |  888759700 |  899092700 |  922282500 |  900838400 |  897267500 |  908009900 |  909301100 |  905559700 |  905135700 |  882105600 |   908383300 |   907198300 |   901224300 |   907187600 |   926636200 |   912332600 |   898720400 |   899025500 |   905520600 |   913283000 |   923665500 |   915160600 |   913661200 |   927571700 |   887885100 |   889908900 |   913874200 |   927187300 |   896239200 |   902554300 |   917962200 |   901043500 |   892525700 |   911885100 |   911644300 |   888545300 |   915464400 |   886210300 |   924342900 |   904274100 |   864538700 |   842106600 |   883334500 |   893372900 |   908482000 |   872598500 |   878451900 |   450233800 |   870115400 |   874802300 |   902663600 |   914431500 |   906069700 |   891834500 |   913975900 |   907601200 |   889977000 |   899758800 |   891658300 |   923807000 |   923603500 |   907586700 |   907995600 |   903468100 |   875427300 |   869513700 |   893178400 |   858764100 |   885769800 |   836371900 |   874992000 |   463997800 |   873025400 |   876191700 |   926795900 |   892658400 |   894002400 |   900076400 |   884708700 |   897862500 |   896437800 |   879330300 |   896630500 |   901128500 |   899949900 |   895915500 |   896105700 |   905819600 |   858005000 |   843926400 |   876990800 |   859146700 |   901374300 |   868480900 |   882600900 |   468340000 |
+-------------------------------+---------+------------+------------+------------+------------+------------+------------+------------+------------+------------+------------+-------------+-------------+-------------+-------------+-------------+-------------+-------------+-------------+-------------+-------------+-------------+-------------+-------------+-------------+-------------+-------------+-------------+-------------+-------------+-------------+-------------+-------------+-------------+-------------+-------------+-------------+-------------+-------------+-------------+-------------+-------------+-------------+-------------+-------------+-------------+-------------+-------------+-------------+-------------+-------------+-------------+-------------+-------------+-------------+-------------+-------------+-------------+-------------+-------------+-------------+-------------+-------------+-------------+-------------+-------------+-------------+-------------+-------------+-------------+-------------+-------------+-------------+-------------+-------------+-------------+-------------+-------------+-------------+-------------+-------------+-------------+-------------+-------------+-------------+-------------+-------------+-------------+-------------+-------------+-------------+-------------+-------------+-------------+-------------+-------------+-------------+
+------------------------------------+---------+--------------+------------+------------+--------------+
|                Event               | Counter |      Sum     |     Min    |     Max    |      Avg     |
+------------------------------------+---------+--------------+------------+------------+--------------+
|        ACTUAL_CPU_CLOCK STAT       |  FIXC1  | 642352589000 | 6689075000 | 6694480000 | 6.691173e+09 |
|         MAX_CPU_CLOCK STAT         |  FIXC2  | 658994246000 | 6863810000 | 6865367000 | 6.864523e+09 |
|      RETIRED_INSTRUCTIONS STAT     |   PMC0  | 362917515000 | 3759123000 | 3807461000 | 3.780391e+09 |
|      CPU_CLOCKS_UNHALTED STAT      |   PMC1  | 634350217000 | 6588151000 | 6616397000 | 6.607815e+09 |
| REQUESTS_TO_L2_GRP1_ALL_NO_PF STAT |   PMC2  | 206786621000 | 2151340000 | 2156369000 | 2.154027e+09 |
|        L2_PF_HIT_IN_L2 STAT        |   PMC3  |  84705457600 |  450233800 |  927571700 | 8.823485e+08 |
+------------------------------------+---------+--------------+------------+------------+--------------+
+-------------------------------+------------+------------+------------+------------+------------+------------+------------+------------+------------+------------+-------------+-------------+-------------+-------------+-------------+-------------+-------------+-------------+-------------+-------------+-------------+-------------+-------------+-------------+-------------+-------------+-------------+-------------+-------------+-------------+-------------+-------------+-------------+-------------+-------------+-------------+-------------+-------------+-------------+-------------+-------------+-------------+-------------+-------------+-------------+-------------+-------------+-------------+-------------+-------------+-------------+-------------+-------------+-------------+-------------+-------------+-------------+-------------+-------------+-------------+-------------+-------------+-------------+-------------+-------------+-------------+-------------+-------------+-------------+-------------+-------------+-------------+-------------+-------------+-------------+-------------+-------------+-------------+-------------+-------------+-------------+-------------+-------------+-------------+-------------+-------------+-------------+-------------+-------------+-------------+-------------+-------------+-------------+-------------+-------------+-------------+
|             Metric            | HWThread 0 | HWThread 1 | HWThread 2 | HWThread 3 | HWThread 4 | HWThread 5 | HWThread 6 | HWThread 7 | HWThread 8 | HWThread 9 | HWThread 10 | HWThread 11 | HWThread 12 | HWThread 13 | HWThread 14 | HWThread 15 | HWThread 16 | HWThread 17 | HWThread 18 | HWThread 19 | HWThread 20 | HWThread 21 | HWThread 22 | HWThread 23 | HWThread 24 | HWThread 25 | HWThread 26 | HWThread 27 | HWThread 28 | HWThread 29 | HWThread 30 | HWThread 31 | HWThread 32 | HWThread 33 | HWThread 34 | HWThread 35 | HWThread 36 | HWThread 37 | HWThread 38 | HWThread 39 | HWThread 40 | HWThread 41 | HWThread 42 | HWThread 43 | HWThread 44 | HWThread 45 | HWThread 46 | HWThread 47 | HWThread 48 | HWThread 49 | HWThread 50 | HWThread 51 | HWThread 52 | HWThread 53 | HWThread 54 | HWThread 55 | HWThread 56 | HWThread 57 | HWThread 58 | HWThread 59 | HWThread 60 | HWThread 61 | HWThread 62 | HWThread 63 | HWThread 64 | HWThread 65 | HWThread 66 | HWThread 67 | HWThread 68 | HWThread 69 | HWThread 70 | HWThread 71 | HWThread 72 | HWThread 73 | HWThread 74 | HWThread 75 | HWThread 76 | HWThread 77 | HWThread 78 | HWThread 79 | HWThread 80 | HWThread 81 | HWThread 82 | HWThread 83 | HWThread 84 | HWThread 85 | HWThread 86 | HWThread 87 | HWThread 88 | HWThread 89 | HWThread 90 | HWThread 91 | HWThread 92 | HWThread 93 | HWThread 94 | HWThread 95 |
+-------------------------------+------------+------------+------------+------------+------------+------------+------------+------------+------------+------------+-------------+-------------+-------------+-------------+-------------+-------------+-------------+-------------+-------------+-------------+-------------+-------------+-------------+-------------+-------------+-------------+-------------+-------------+-------------+-------------+-------------+-------------+-------------+-------------+-------------+-------------+-------------+-------------+-------------+-------------+-------------+-------------+-------------+-------------+-------------+-------------+-------------+-------------+-------------+-------------+-------------+-------------+-------------+-------------+-------------+-------------+-------------+-------------+-------------+-------------+-------------+-------------+-------------+-------------+-------------+-------------+-------------+-------------+-------------+-------------+-------------+-------------+-------------+-------------+-------------+-------------+-------------+-------------+-------------+-------------+-------------+-------------+-------------+-------------+-------------+-------------+-------------+-------------+-------------+-------------+-------------+-------------+-------------+-------------+-------------+-------------+
|      Runtime (RDTSC) [s]      |     2.8649 |     2.8650 |     2.8650 |     2.8650 |     2.8649 |     2.8649 |     2.8649 |     2.8649 |     2.8649 |     2.8649 |      2.8652 |      2.8649 |      2.8651 |      2.8652 |      2.8649 |      2.8650 |      2.8651 |      2.8651 |      2.8649 |      2.8652 |      2.8649 |      2.8650 |      2.8649 |      2.8650 |      2.8650 |      2.8650 |      2.8650 |      2.8650 |      2.8650 |      2.8649 |      2.8649 |      2.8650 |      2.8653 |      2.8649 |      2.8651 |      2.8649 |      2.8650 |      2.8650 |      2.8651 |      2.8649 |      2.8653 |      2.8652 |      2.8649 |      2.8649 |      2.8653 |      2.8653 |      2.8649 |      2.8649 |      2.8651 |      2.8649 |      2.8649 |      2.8651 |      2.8649 |      2.8651 |      2.8651 |      2.8649 |      2.8649 |      2.8649 |      2.8651 |      2.8651 |      2.8649 |      2.8649 |      2.8653 |      2.8649 |      2.8649 |      2.8649 |      2.8650 |      2.8650 |      2.8651 |      2.8649 |      2.8649 |      2.8651 |      2.8649 |      2.8649 |      2.8649 |      2.8651 |      2.8649 |      2.8650 |      2.8649 |      2.8649 |      2.8649 |      2.8649 |      2.8650 |      2.8651 |      2.8649 |      2.8650 |      2.8651 |      2.8653 |      2.8649 |      2.8650 |      2.8651 |      2.8653 |      2.8652 |      2.8649 |      2.8651 |      2.8654 |
|      Runtime unhalted [s]     |     2.7916 |     2.7916 |     2.7915 |     2.7915 |     2.7915 |     2.7915 |     2.7915 |     2.7915 |     2.7932 |     2.7930 |      2.7933 |      2.7931 |      2.7932 |      2.7932 |      2.7930 |      2.7930 |      2.7933 |      2.7933 |      2.7933 |      2.7934 |      2.7934 |      2.7931 |      2.7931 |      2.7931 |      2.7922 |      2.7922 |      2.7922 |      2.7922 |      2.7922 |      2.7922 |      2.7922 |      2.7922 |      2.7936 |      2.7935 |      2.7935 |      2.7934 |      2.7933 |      2.7933 |      2.7935 |      2.7935 |      2.7923 |      2.7923 |      2.7923 |      2.7922 |      2.7923 |      2.7924 |      2.7922 |      2.7921 |      2.7917 |      2.7917 |      2.7916 |      2.7918 |      2.7917 |      2.7917 |      2.7918 |      2.7918 |      2.7920 |      2.7920 |      2.7920 |      2.7920 |      2.7920 |      2.7919 |      2.7922 |      2.7921 |      2.7915 |      2.7916 |      2.7916 |      2.7915 |      2.7916 |      2.7915 |      2.7915 |      2.7916 |      2.7914 |      2.7915 |      2.7915 |      2.7916 |      2.7914 |      2.7913 |      2.7915 |      2.7914 |      2.7917 |      2.7917 |      2.7916 |      2.7918 |      2.7919 |      2.7917 |      2.7917 |      2.7919 |      2.7922 |      2.7920 |      2.7921 |      2.7922 |      2.7922 |      2.7920 |      2.7922 |      2.7922 |
|          Clock [MHz]          |  2335.3753 |  2335.4358 |  2335.5151 |  2335.5060 |  2335.5179 |  2335.3394 |  2335.4626 |  2335.3689 |  2336.6438 |  2336.5689 |   2336.6331 |   2336.6446 |   2336.6442 |   2336.6130 |   2336.5480 |   2336.5617 |   2336.7450 |   2336.7904 |   2336.7749 |   2336.7228 |   2336.8121 |   2336.6739 |   2336.6659 |   2336.6937 |   2335.9328 |   2335.9294 |   2335.9286 |   2335.9301 |   2335.9257 |   2335.9271 |   2335.9343 |   2335.9314 |   2336.8615 |   2336.9753 |   2336.9460 |   2336.9380 |   2336.8008 |   2336.8408 |   2336.9448 |   2336.9908 |   2335.9877 |   2335.9804 |   2336.0274 |   2335.9574 |   2335.9246 |   2335.9141 |   2335.9961 |   2336.0100 |   2335.3646 |   2335.3588 |   2335.3581 |   2335.4207 |   2335.3563 |   2335.4205 |   2335.3891 |   2335.4109 |   2335.7340 |   2335.6965 |   2335.6895 |   2335.6927 |   2335.6974 |   2335.6449 |   2335.6742 |   2335.7266 |   2335.3331 |   2335.3866 |   2335.3360 |   2335.2816 |   2335.3477 |   2335.3405 |   2335.3416 |   2335.3284 |   2335.2332 |   2335.2292 |   2335.2747 |   2335.2173 |   2335.2699 |   2335.1564 |   2335.2687 |   2335.1610 |   2335.4169 |   2335.4413 |   2335.3626 |   2335.4098 |   2335.5571 |   2335.3695 |   2335.4181 |   2335.3971 |   2335.6493 |   2335.6187 |   2335.6093 |   2335.6021 |   2335.6179 |   2335.6154 |   2335.6447 |   2335.6090 |
|              CPI              |     1.7509 |     1.7453 |     1.7514 |     1.7445 |     1.7591 |     1.7453 |     1.7389 |     1.7457 |     1.7483 |     1.7468 |      1.7504 |      1.7478 |      1.7479 |      1.7482 |      1.7389 |      1.7440 |      1.7378 |      1.7464 |      1.7491 |      1.7473 |      1.7504 |      1.7481 |      1.7476 |      1.7504 |      1.7467 |      1.7442 |      1.7588 |      1.7410 |      1.7502 |      1.7462 |      1.7460 |      1.7429 |      1.7478 |      1.7472 |      1.7506 |      1.7507 |      1.7508 |      1.7476 |      1.7468 |      1.7443 |      1.7470 |      1.7459 |      1.7500 |      1.7464 |      1.7498 |      1.7472 |      1.7467 |      1.7409 |      1.7488 |      1.7491 |      1.7572 |      1.7466 |      1.7503 |      1.7381 |      1.7444 |      1.7354 |      1.7396 |      1.7480 |      1.7505 |      1.7493 |      1.7511 |      1.7493 |      1.7463 |      1.7454 |      1.7471 |      1.7462 |      1.7492 |      1.7463 |      1.7494 |      1.7471 |      1.7468 |      1.7361 |      1.7511 |      1.7505 |      1.7543 |      1.7505 |      1.7525 |      1.7490 |      1.7488 |      1.7392 |      1.7523 |      1.7535 |      1.7553 |      1.7513 |      1.7530 |      1.7498 |      1.7504 |      1.7489 |      1.7518 |      1.7510 |      1.7543 |      1.7505 |      1.7544 |      1.7523 |      1.7517 |      1.7410 |
|    L2 bandwidth [MBytes/s]    | 48124.7545 | 48108.4304 | 48110.6306 | 48102.1864 | 48153.1590 | 48109.3459 | 48078.2271 | 48125.6646 | 48116.5949 | 48113.7914 |  48097.5808 |  48112.4064 |  48088.0113 |  48111.0056 |  48079.6679 |  48106.9353 |  48058.7715 |  48105.0057 |  48095.4506 |  48100.7692 |  48109.6021 |  48110.6884 |  48109.7863 |  48124.5886 |  48088.9965 |  48098.6467 |  48136.7968 |  48086.3382 |  48101.2156 |  48113.9979 |  48113.4047 |  48110.2139 |  48098.0237 |  48107.2236 |  48098.0848 |  48113.5343 |  48108.7728 |  48113.1233 |  48102.6202 |  48112.1212 |  48115.8406 |  48124.4684 |  48118.7614 |  48122.2182 |  48113.1176 |  48120.4969 |  48134.3038 |  48155.3642 |  48096.2937 |  48124.2677 |  48130.6623 |  48110.1601 |  48104.4585 |  48075.7651 |  48101.7889 |  48078.7403 |  48059.6182 |  48113.4219 |  48097.8960 |  48111.5451 |  48110.9703 |  48113.0536 |  48090.0553 |  48114.4218 |  48123.1061 |  48140.4311 |  48117.1280 |  48130.9780 |  48123.2045 |  48139.9333 |  48141.5026 |  48148.8441 |  48130.9416 |  48144.7418 |  48143.2614 |  48134.7375 |  48132.1982 |  48127.1728 |  48134.2364 |  48102.1521 |  48127.0382 |  48148.5065 |  48140.9125 |  48134.5342 |  48130.7188 |  48130.3239 |  48141.8740 |  48135.1029 |  48145.0607 |  48156.3151 |  48141.9851 |  48151.9915 |  48142.7525 |  48156.3416 |  48158.1341 |  48164.0951 |
|    L2 data volume [GBytes]    |   137.8721 |   137.8320 |   137.8384 |   137.8146 |   137.9536 |   137.8280 |   137.7389 |   137.8751 |   137.8489 |   137.8408 |    137.8070 |    137.8368 |    137.7764 |    137.8454 |    137.7431 |    137.8256 |    137.6915 |    137.8239 |    137.7884 |    137.8164 |    137.8296 |    137.8362 |    137.8302 |    137.8760 |    137.7756 |    137.8032 |    137.9109 |    137.7679 |    137.8106 |    137.8416 |    137.8413 |    137.8346 |    137.8136 |    137.8220 |    137.8064 |    137.8403 |    137.8307 |    137.8431 |    137.8182 |    137.8364 |    137.8671 |    137.8851 |    137.8557 |    137.8657 |    137.8568 |    137.8813 |    137.9004 |    137.9606 |    137.7991 |    137.8717 |    137.8901 |    137.8388 |    137.8148 |    137.7403 |    137.8148 |    137.7413 |    137.6858 |    137.8408 |    137.8044 |    137.8428 |    137.8336 |    137.8394 |    137.7907 |    137.8434 |    137.8684 |    137.9172 |    137.8541 |    137.8938 |    137.8773 |    137.9165 |    137.9210 |    137.9496 |    137.8908 |    137.9303 |    137.9264 |    137.9092 |    137.8945 |    137.8851 |    137.9005 |    137.8080 |    137.8793 |    137.9406 |    137.9229 |    137.9110 |    137.8896 |    137.8926 |    137.9302 |    137.9193 |    137.9307 |    137.9670 |    137.9311 |    137.9708 |    137.9364 |    137.9634 |    137.9785 |    138.0076 |
| Prefetch bandwidth [MBytes/s] | 19854.3821 | 20084.2480 | 20602.2555 | 20123.1738 | 20044.4275 | 20284.4135 | 20313.2581 | 20229.6351 | 20220.1914 | 19705.7265 |  20290.8923 |  20266.2828 |  20131.4428 |  20264.1835 |  20700.4997 |  20380.3185 |  20075.6791 |  20082.5015 |  20228.7757 |  20400.2888 |  20634.0208 |  20443.5209 |  20410.5249 |  20720.7618 |  19833.9994 |  19879.2080 |  20414.7915 |  20711.9507 |  20020.6173 |  20162.5034 |  20506.4915 |  20128.1980 |  19935.8959 |  20370.9832 |  20364.0330 |  19849.5440 |  20450.3002 |  19796.8081 |  20647.8634 |  20200.8944 |  19310.4207 |  18810.2942 |  19733.0829 |  19957.3130 |  20292.3108 |  19490.3228 |  19623.9885 |  10057.9053 |  19436.6783 |  19542.4386 |  20164.8324 |  20426.6205 |  20240.9504 |  19921.8406 |  20416.4362 |  20275.1418 |  19881.5412 |  20099.9343 |  19917.8003 |  20636.0510 |  20632.6286 |  20274.8462 |  20281.4605 |  20182.8325 |  19556.4006 |  19424.4172 |  19952.5432 |  19183.7686 |  19786.2082 |  18683.9513 |  19546.6900 |  10364.8117 |  19502.7507 |  19573.4904 |  20703.9011 |  19940.2449 |  19971.3546 |  20106.3064 |  19763.7057 |  20057.6424 |  20025.8156 |  19643.6730 |  20029.5541 |  20129.1131 |  20104.3086 |  20013.5819 |  20017.1810 |  20232.9198 |  19167.2862 |  18852.2265 |  19590.1109 |  19189.9711 |  20134.3226 |  19401.2570 |  19715.2634 |  10460.7200 |
| Prefetch data volume [GBytes] |    56.8806 |    57.5419 |    59.0261 |    57.6537 |    57.4251 |    58.1126 |    58.1953 |    57.9558 |    57.9287 |    56.4548 |     58.1365 |     58.0607 |     57.6784 |     58.0600 |     59.3047 |     58.3893 |     57.5181 |     57.5376 |     57.9533 |     58.4501 |     59.1146 |     58.5703 |     58.4743 |     59.3646 |     56.8246 |     56.9542 |     58.4879 |     59.3400 |     57.3593 |     57.7635 |     58.7496 |     57.6668 |     57.1216 |     58.3606 |     58.3452 |     56.8669 |     58.5897 |     56.7175 |     59.1579 |     57.8735 |     55.3305 |     53.8948 |     56.5334 |     57.1759 |     58.1428 |     55.8463 |     56.2209 |     28.8150 |     55.6874 |     55.9873 |     57.7705 |     58.5236 |     57.9885 |     57.0774 |     58.4945 |     58.0865 |     56.9585 |     57.5846 |     57.0661 |     59.1236 |     59.1106 |     58.0855 |     58.1117 |     57.8220 |     56.0273 |     55.6489 |     57.1634 |     54.9609 |     56.6893 |     53.5278 |     55.9995 |     29.6959 |     55.8736 |     56.0763 |     59.3149 |     57.1301 |     57.2162 |     57.6049 |     56.6214 |     57.4632 |     57.3720 |     56.2771 |     57.3844 |     57.6722 |     57.5968 |     57.3386 |     57.3508 |     57.9725 |     54.9123 |     54.0113 |     56.1274 |     54.9854 |     57.6880 |     55.5828 |     56.4865 |     29.9738 |
+-------------------------------+------------+------------+------------+------------+------------+------------+------------+------------+------------+------------+-------------+-------------+-------------+-------------+-------------+-------------+-------------+-------------+-------------+-------------+-------------+-------------+-------------+-------------+-------------+-------------+-------------+-------------+-------------+-------------+-------------+-------------+-------------+-------------+-------------+-------------+-------------+-------------+-------------+-------------+-------------+-------------+-------------+-------------+-------------+-------------+-------------+-------------+-------------+-------------+-------------+-------------+-------------+-------------+-------------+-------------+-------------+-------------+-------------+-------------+-------------+-------------+-------------+-------------+-------------+-------------+-------------+-------------+-------------+-------------+-------------+-------------+-------------+-------------+-------------+-------------+-------------+-------------+-------------+-------------+-------------+-------------+-------------+-------------+-------------+-------------+-------------+-------------+-------------+-------------+-------------+-------------+-------------+-------------+-------------+-------------+
+------------------------------------+--------------+------------+------------+------------+
|               Metric               |      Sum     |     Min    |     Max    |     Avg    |
+------------------------------------+--------------+------------+------------+------------+
|      Runtime (RDTSC) [s] STAT      |     275.0408 |     2.8649 |     2.8654 |     2.8650 |
|      Runtime unhalted [s] STAT     |     268.0516 |     2.7913 |     2.7936 |     2.7922 |
|          Clock [MHz] STAT          |  224242.2716 |  2335.1564 |  2336.9908 |  2335.8570 |
|              CPI STAT              |     167.8012 |     1.7354 |     1.7591 |     1.7479 |
|    L2 bandwidth [MBytes/s] STAT    | 4.619314e+06 | 48058.7715 | 48164.0951 | 48117.8554 |
|    L2 data volume [GBytes] STAT    |   13234.3435 |   137.6858 |   138.0076 |   137.8577 |
| Prefetch bandwidth [MBytes/s] STAT | 1.892199e+06 | 10057.9053 | 20720.7618 | 19710.4026 |
| Prefetch data volume [GBytes] STAT |    5421.1493 |    28.8150 |    59.3646 |    56.4703 |
+------------------------------------+--------------+------------+------------+------------+
