--------------------------------------------------------------------------------
CPU name:	AMD EPYC 9654 96-Core Processor                
CPU type:	AMD K19 (Zen4) architecture
CPU clock:	2.40 GHz
--------------------------------------------------------------------------------
Region bench, Group 1: L2
+-------------------+------------+------------+------------+------------+------------+------------+------------+------------+------------+------------+-------------+-------------+-------------+-------------+-------------+-------------+-------------+-------------+-------------+-------------+-------------+-------------+-------------+-------------+-------------+-------------+-------------+-------------+-------------+-------------+-------------+-------------+-------------+-------------+-------------+-------------+-------------+-------------+-------------+-------------+-------------+-------------+-------------+-------------+-------------+-------------+-------------+-------------+-------------+-------------+-------------+-------------+-------------+-------------+-------------+-------------+-------------+-------------+-------------+-------------+-------------+-------------+-------------+-------------+-------------+-------------+-------------+-------------+-------------+-------------+-------------+-------------+-------------+-------------+-------------+-------------+-------------+-------------+-------------+-------------+-------------+-------------+-------------+-------------+-------------+-------------+-------------+-------------+-------------+-------------+-------------+-------------+-------------+-------------+-------------+-------------+
|    Region Info    | HWThread 0 | HWThread 1 | HWThread 2 | HWThread 3 | HWThread 4 | HWThread 5 | HWThread 6 | HWThread 7 | HWThread 8 | HWThread 9 | HWThread 10 | HWThread 11 | HWThread 12 | HWThread 13 | HWThread 14 | HWThread 15 | HWThread 16 | HWThread 17 | HWThread 18 | HWThread 19 | HWThread 20 | HWThread 21 | HWThread 22 | HWThread 23 | HWThread 24 | HWThread 25 | HWThread 26 | HWThread 27 | HWThread 28 | HWThread 29 | HWThread 30 | HWThread 31 | HWThread 32 | HWThread 33 | HWThread 34 | HWThread 35 | HWThread 36 | HWThread 37 | HWThread 38 | HWThread 39 | HWThread 40 | HWThread 41 | HWThread 42 | HWThread 43 | HWThread 44 | HWThread 45 | HWThread 46 | HWThread 47 | HWThread 48 | HWThread 49 | HWThread 50 | HWThread 51 | HWThread 52 | HWThread 53 | HWThread 54 | HWThread 55 | HWThread 56 | HWThread 57 | HWThread 58 | HWThread 59 | HWThread 60 | HWThread 61 | HWThread 62 | HWThread 63 | HWThread 64 | HWThread 65 | HWThread 66 | HWThread 67 | HWThread 68 | HWThread 69 | HWThread 70 | HWThread 71 | HWThread 72 | HWThread 73 | HWThread 74 | HWThread 75 | HWThread 76 | HWThread 77 | HWThread 78 | HWThread 79 | HWThread 80 | HWThread 81 | HWThread 82 | HWThread 83 | HWThread 84 | HWThread 85 | HWThread 86 | HWThread 87 | HWThread 88 | HWThread 89 | HWThread 90 | HWThread 91 | HWThread 92 | HWThread 93 | HWThread 94 | HWThread 95 |
+-------------------+------------+------------+------------+------------+------------+------------+------------+------------+------------+------------+-------------+-------------+-------------+-------------+-------------+-------------+-------------+-------------+-------------+-------------+-------------+-------------+-------------+-------------+-------------+-------------+-------------+-------------+-------------+-------------+-------------+-------------+-------------+-------------+-------------+-------------+-------------+-------------+-------------+-------------+-------------+-------------+-------------+-------------+-------------+-------------+-------------+-------------+-------------+-------------+-------------+-------------+-------------+-------------+-------------+-------------+-------------+-------------+-------------+-------------+-------------+-------------+-------------+-------------+-------------+-------------+-------------+-------------+-------------+-------------+-------------+-------------+-------------+-------------+-------------+-------------+-------------+-------------+-------------+-------------+-------------+-------------+-------------+-------------+-------------+-------------+-------------+-------------+-------------+-------------+-------------+-------------+-------------+-------------+-------------+-------------+
| RDTSC Runtime [s] |   2.875559 |   2.875488 |   2.875487 |   2.875391 |   2.875377 |   2.875376 |   2.875375 |   2.875532 |   2.875525 |   2.875802 |    2.875521 |    2.875410 |    2.875492 |    2.875371 |    2.875659 |    2.875492 |    2.875389 |    2.875503 |    2.875503 |    2.875364 |    2.875365 |    2.875529 |    2.875388 |    2.875406 |    2.875415 |    2.875417 |    2.875512 |    2.875529 |    2.875436 |    2.875612 |    2.875499 |    2.875504 |    2.875531 |    2.875531 |    2.875364 |    2.875533 |    2.875498 |    2.875532 |    2.875364 |    2.875499 |    2.875694 |    2.875501 |    2.875487 |    2.875611 |    2.875463 |    2.875465 |    2.875477 |    2.875372 |    2.875526 |    2.875411 |    2.875507 |    2.875505 |    2.875377 |    2.875562 |    2.875484 |    2.875376 |    2.875495 |    2.875492 |    2.875556 |    2.875709 |    2.875504 |    2.875589 |    2.875505 |    2.875367 |    2.875429 |    2.875361 |    2.875361 |    2.875362 |    2.875470 |    2.875471 |    2.875367 |    2.875456 |    2.875378 |    2.875514 |    2.875378 |    2.875500 |    2.875630 |    2.875502 |    2.875630 |    2.875423 |    2.875638 |    2.875505 |    2.875491 |    2.875522 |    2.875478 |    2.875497 |    2.875543 |    2.875422 |    2.875377 |    2.875526 |    2.875394 |    2.875522 |    2.875436 |    2.875415 |    2.875415 |    2.875536 |
|     call count    |          1 |          1 |          1 |          1 |          1 |          1 |          1 |          1 |          1 |          1 |           1 |           1 |           1 |           1 |           1 |           1 |           1 |           1 |           1 |           1 |           1 |           1 |           1 |           1 |           1 |           1 |           1 |           1 |           1 |           1 |           1 |           1 |           1 |           1 |           1 |           1 |           1 |           1 |           1 |           1 |           1 |           1 |           1 |           1 |           1 |           1 |           1 |           1 |           1 |           1 |           1 |           1 |           1 |           1 |           1 |           1 |           1 |           1 |           1 |           1 |           1 |           1 |           1 |           1 |           1 |           1 |           1 |           1 |           1 |           1 |           1 |           1 |           1 |           1 |           1 |           1 |           1 |           1 |           1 |           1 |           1 |           1 |           1 |           1 |           1 |           1 |           1 |           1 |           1 |           1 |           1 |           1 |           1 |           1 |           1 |           1 |
+-------------------+------------+------------+------------+------------+------------+------------+------------+------------+------------+------------+-------------+-------------+-------------+-------------+-------------+-------------+-------------+-------------+-------------+-------------+-------------+-------------+-------------+-------------+-------------+-------------+-------------+-------------+-------------+-------------+-------------+-------------+-------------+-------------+-------------+-------------+-------------+-------------+-------------+-------------+-------------+-------------+-------------+-------------+-------------+-------------+-------------+-------------+-------------+-------------+-------------+-------------+-------------+-------------+-------------+-------------+-------------+-------------+-------------+-------------+-------------+-------------+-------------+-------------+-------------+-------------+-------------+-------------+-------------+-------------+-------------+-------------+-------------+-------------+-------------+-------------+-------------+-------------+-------------+-------------+-------------+-------------+-------------+-------------+-------------+-------------+-------------+-------------+-------------+-------------+-------------+-------------+-------------+-------------+-------------+-------------+
+-------------------------------+---------+------------+------------+------------+------------+------------+------------+------------+------------+------------+------------+-------------+-------------+-------------+-------------+-------------+-------------+-------------+-------------+-------------+-------------+-------------+-------------+-------------+-------------+-------------+-------------+-------------+-------------+-------------+-------------+-------------+-------------+-------------+-------------+-------------+-------------+-------------+-------------+-------------+-------------+-------------+-------------+-------------+-------------+-------------+-------------+-------------+-------------+-------------+-------------+-------------+-------------+-------------+-------------+-------------+-------------+-------------+-------------+-------------+-------------+-------------+-------------+-------------+-------------+-------------+-------------+-------------+-------------+-------------+-------------+-------------+-------------+-------------+-------------+-------------+-------------+-------------+-------------+-------------+-------------+-------------+-------------+-------------+-------------+-------------+-------------+-------------+-------------+-------------+-------------+-------------+-------------+-------------+-------------+-------------+-------------+
|             Event             | Counter | HWThread 0 | HWThread 1 | HWThread 2 | HWThread 3 | HWThread 4 | HWThread 5 | HWThread 6 | HWThread 7 | HWThread 8 | HWThread 9 | HWThread 10 | HWThread 11 | HWThread 12 | HWThread 13 | HWThread 14 | HWThread 15 | HWThread 16 | HWThread 17 | HWThread 18 | HWThread 19 | HWThread 20 | HWThread 21 | HWThread 22 | HWThread 23 | HWThread 24 | HWThread 25 | HWThread 26 | HWThread 27 | HWThread 28 | HWThread 29 | HWThread 30 | HWThread 31 | HWThread 32 | HWThread 33 | HWThread 34 | HWThread 35 | HWThread 36 | HWThread 37 | HWThread 38 | HWThread 39 | HWThread 40 | HWThread 41 | HWThread 42 | HWThread 43 | HWThread 44 | HWThread 45 | HWThread 46 | HWThread 47 | HWThread 48 | HWThread 49 | HWThread 50 | HWThread 51 | HWThread 52 | HWThread 53 | HWThread 54 | HWThread 55 | HWThread 56 | HWThread 57 | HWThread 58 | HWThread 59 | HWThread 60 | HWThread 61 | HWThread 62 | HWThread 63 | HWThread 64 | HWThread 65 | HWThread 66 | HWThread 67 | HWThread 68 | HWThread 69 | HWThread 70 | HWThread 71 | HWThread 72 | HWThread 73 | HWThread 74 | HWThread 75 | HWThread 76 | HWThread 77 | HWThread 78 | HWThread 79 | HWThread 80 | HWThread 81 | HWThread 82 | HWThread 83 | HWThread 84 | HWThread 85 | HWThread 86 | HWThread 87 | HWThread 88 | HWThread 89 | HWThread 90 | HWThread 91 | HWThread 92 | HWThread 93 | HWThread 94 | HWThread 95 |
+-------------------------------+---------+------------+------------+------------+------------+------------+------------+------------+------------+------------+------------+-------------+-------------+-------------+-------------+-------------+-------------+-------------+-------------+-------------+-------------+-------------+-------------+-------------+-------------+-------------+-------------+-------------+-------------+-------------+-------------+-------------+-------------+-------------+-------------+-------------+-------------+-------------+-------------+-------------+-------------+-------------+-------------+-------------+-------------+-------------+-------------+-------------+-------------+-------------+-------------+-------------+-------------+-------------+-------------+-------------+-------------+-------------+-------------+-------------+-------------+-------------+-------------+-------------+-------------+-------------+-------------+-------------+-------------+-------------+-------------+-------------+-------------+-------------+-------------+-------------+-------------+-------------+-------------+-------------+-------------+-------------+-------------+-------------+-------------+-------------+-------------+-------------+-------------+-------------+-------------+-------------+-------------+-------------+-------------+-------------+-------------+
|        ACTUAL_CPU_CLOCK       |  FIXC1  | 6682797000 | 6683366000 | 6683190000 | 6682005000 | 6682755000 | 6683071000 | 6682925000 | 6682068000 | 6683589000 | 6682733000 |  6683684000 |  6683282000 |  6683748000 |  6683242000 |  6682619000 |  6682291000 |  6680339000 |  6679035000 |  6679078000 |  6679105000 |  6679298000 |  6679137000 |  6679028000 |  6679102000 |  6679857000 |  6680140000 |  6679905000 |  6679714000 |  6679935000 |  6680096000 |  6679738000 |  6680063000 |  6681875000 |  6681883000 |  6681837000 |  6682025000 |  6681924000 |  6681899000 |  6681840000 |  6682514000 |  6679752000 |  6679676000 |  6679350000 |  6679730000 |  6679603000 |  6679552000 |  6679574000 |  6679192000 |  6679382000 |  6680603000 |  6680975000 |  6679470000 |  6679431000 |  6680698000 |  6680642000 |  6680617000 |  6682131000 |  6682281000 |  6682321000 |  6682599000 |  6682132000 |  6682514000 |  6682140000 |  6682022000 |  6681273000 |  6681257000 |  6681261000 |  6681396000 |  6681584000 |  6681249000 |  6681212000 |  6681365000 |  6681631000 |  6681699000 |  6682017000 |  6682323000 |  6682128000 |  6682451000 |  6682667000 |  6682298000 |  6681735000 |  6681399000 |  6681635000 |  6681557000 |  6681916000 |  6681341000 |  6681248000 |  6681324000 |  6683955000 |  6684093000 |  6683964000 |  6684082000 |  6683973000 |  6683948000 |  6683974000 |  6684424000 |
|         MAX_CPU_CLOCK         |  FIXC2  | 6892540000 | 6892710000 | 6892817000 | 6891454000 | 6892413000 | 6892514000 | 6892582000 | 6891439000 | 6893155000 | 6892318000 |  6893143000 |  6892813000 |  6893196000 |  6892604000 |  6892246000 |  6891891000 |  6892371000 |  6890889000 |  6891345000 |  6890925000 |  6891267000 |  6890933000 |  6890858000 |  6891165000 |  6891394000 |  6891339000 |  6891361000 |  6891291000 |  6891400000 |  6891589000 |  6891275000 |  6891454000 |  6891174000 |  6891216000 |  6891236000 |  6891240000 |  6891213000 |  6891201000 |  6891190000 |  6891478000 |  6891544000 |  6891409000 |  6891015000 |  6891359000 |  6891371000 |  6891331000 |  6891347000 |  6891046000 |  6891379000 |  6892662000 |  6892647000 |  6891292000 |  6891198000 |  6892498000 |  6892678000 |  6892660000 |  6893044000 |  6893148000 |  6893145000 |  6893487000 |  6893012000 |  6893188000 |  6893040000 |  6892786000 |  6892452000 |  6892461000 |  6892446000 |  6892238000 |  6892436000 |  6892442000 |  6892066000 |  6892393000 |  6892337000 |  6892593000 |  6892703000 |  6892973000 |  6892894000 |  6893200000 |  6893497000 |  6892958000 |  6892738000 |  6892668000 |  6892722000 |  6892679000 |  6892967000 |  6892592000 |  6892536000 |  6892341000 |  6892342000 |  6892589000 |  6892594000 |  6892575000 |  6892609000 |  6892590000 |  6892608000 |  6892822000 |
|      RETIRED_INSTRUCTIONS     |   PMC0  | 3773947000 | 3799320000 | 3767152000 | 3809578000 | 3770004000 | 3776533000 | 3777985000 | 3779327000 | 3772489000 | 3774496000 |  3772470000 |  3774421000 |  3773593000 |  3776499000 |  3777867000 |  3781718000 |  3775475000 |  3775476000 |  3768699000 |  3775887000 |  3771692000 |  3775678000 |  3777861000 |  3780284000 |  3776521000 |  3773357000 |  3775941000 |  3772006000 |  3767931000 |  3774658000 |  3775379000 |  3779024000 |  3775205000 |  3775340000 |  3769258000 |  3767247000 |  3770081000 |  3778038000 |  3778770000 |  3781668000 |  3763577000 |  3763101000 |  3760632000 |  3762640000 |  3760358000 |  3762138000 |  3763783000 |  3770824000 |  3772397000 |  3774639000 |  3795478000 |  3771725000 |  3768174000 |  3800204000 |  3778381000 |  3778428000 |  3803663000 |  3772632000 |  3771600000 |  3772180000 |  3772885000 |  3772497000 |  3778354000 |  3782230000 |  3762198000 |  3763207000 |  3759357000 |  3762699000 |  3759560000 |  3762273000 |  3763118000 |  3769357000 |  3767752000 |  3768707000 |  3764756000 |  3776162000 |  3764981000 |  3773791000 |  3782387000 |  3776732000 |  3769463000 |  3765276000 |  3772119000 |  3769980000 |  3767745000 |  3776086000 |  3778300000 |  3776388000 |  3763056000 |  3762653000 |  3759123000 |  3764810000 |  3760133000 |  3762133000 |  3764356000 |  3777809000 |
|      CPU_CLOCKS_UNHALTED      |   PMC1  | 6595023000 | 6601019000 | 6603869000 | 6601713000 | 6603283000 | 6603183000 | 6603440000 | 6602636000 | 6601122000 | 6599136000 |  6600124000 |  6600902000 |  6600246000 |  6600847000 |  6600477000 |  6600033000 |  6601120000 |  6600306000 |  6599948000 |  6599604000 |  6599962000 |  6600093000 |  6599960000 |  6600364000 |  6598230000 |  6598224000 |  6598325000 |  6598470000 |  6598767000 |  6598847000 |  6598506000 |  6597632000 |  6602931000 |  6603378000 |  6602924000 |  6602644000 |  6603017000 |  6603146000 |  6602603000 |  6602840000 |  6589022000 |  6589105000 |  6588736000 |  6588392000 |  6588261000 |  6589174000 |  6588617000 |  6588474000 |  6597674000 |  6598116000 |  6598133000 |  6596849000 |  6596899000 |  6598476000 |  6598608000 |  6597475000 |  6600645000 |  6600950000 |  6601387000 |  6601866000 |  6601307000 |  6600164000 |  6601255000 |  6600769000 |  6584759000 |  6584644000 |  6585197000 |  6585895000 |  6585520000 |  6586212000 |  6586057000 |  6585678000 |  6597605000 |  6599725000 |  6599615000 |  6599401000 |  6600222000 |  6599199000 |  6600691000 |  6599057000 |  6599596000 |  6600561000 |  6600223000 |  6600601000 |  6600014000 |  6600306000 |  6600580000 |  6599760000 |  6589069000 |  6589030000 |  6588476000 |  6588990000 |  6587869000 |  6589462000 |  6588414000 |  6589292000 |
| REQUESTS_TO_L2_GRP1_ALL_NO_PF |   PMC2  | 2154251000 | 2152861000 | 2154846000 | 2151384000 | 2154205000 | 2154923000 | 2154388000 | 2154854000 | 2154661000 | 2155004000 |  2154339000 |  2155089000 |  2154413000 |  2154884000 |  2154850000 |  2154530000 |  2154222000 |  2154538000 |  2154851000 |  2154381000 |  2154270000 |  2154833000 |  2154622000 |  2154699000 |  2153839000 |  2154792000 |  2153786000 |  2155022000 |  2154956000 |  2154473000 |  2155022000 |  2155086000 |  2154283000 |  2154594000 |  2154955000 |  2155064000 |  2154707000 |  2154240000 |  2154914000 |  2154944000 |  2155917000 |  2156180000 |  2155336000 |  2155693000 |  2155399000 |  2155958000 |  2156290000 |  2157349000 |  2154334000 |  2154429000 |  2151280000 |  2154751000 |  2154689000 |  2152108000 |  2154470000 |  2154916000 |  2151927000 |  2154998000 |  2154365000 |  2155099000 |  2154237000 |  2155137000 |  2154674000 |  2154348000 |  2156071000 |  2156516000 |  2155455000 |  2155966000 |  2155623000 |  2155922000 |  2156620000 |  2157935000 |  2154827000 |  2155424000 |  2155173000 |  2154387000 |  2155184000 |  2155197000 |  2154200000 |  2155068000 |  2154841000 |  2155816000 |  2154220000 |  2155415000 |  2155110000 |  2155119000 |  2155106000 |  2155377000 |  2155642000 |  2156265000 |  2155346000 |  2156308000 |  2155824000 |  2156399000 |  2156619000 |  2158310000 |
|        L2_PF_HIT_IN_L2        |   PMC3  |  913470500 |  899111400 |  902179100 |  870983200 |  920085800 |  913079000 |  889945300 |  932417700 |  929056600 |  908634300 |   878269200 |   899349400 |   894563400 |   886377600 |   885649800 |   914522700 |   895869000 |   922560700 |   907936000 |   913367500 |   913094500 |   907068100 |   884346800 |   911327400 |   883240600 |   903941600 |   897199900 |   905789300 |   907573800 |   900314600 |   886846100 |   903025500 |   887506200 |   904057700 |   901019000 |   882796600 |   924010700 |   903351200 |   888128100 |   916653600 |   814668600 |   838527400 |   833310300 |   852412100 |   866556000 |   848955700 |   814805400 |   458908200 |   883796200 |   908619400 |   917886800 |   889591200 |   895099700 |   935421000 |   881354600 |   900383300 |   893098700 |   920751400 |   882042000 |   911099200 |   895522800 |   914347300 |   873977700 |   913070100 |   844232100 |   838185800 |   849671100 |   846078500 |   872585900 |   845432300 |   803615000 |   467465700 |   873893400 |   904552000 |   882075800 |   893931900 |   890666300 |   892104200 |   878893900 |   890491800 |   886402900 |   895676300 |   894037800 |   904168700 |   902269300 |   912382000 |   896810700 |   887093500 |   840800500 |   870968300 |   876564700 |   857179700 |   888908600 |   875133100 |   828849100 |   464547900 |
+-------------------------------+---------+------------+------------+------------+------------+------------+------------+------------+------------+------------+------------+-------------+-------------+-------------+-------------+-------------+-------------+-------------+-------------+-------------+-------------+-------------+-------------+-------------+-------------+-------------+-------------+-------------+-------------+-------------+-------------+-------------+-------------+-------------+-------------+-------------+-------------+-------------+-------------+-------------+-------------+-------------+-------------+-------------+-------------+-------------+-------------+-------------+-------------+-------------+-------------+-------------+-------------+-------------+-------------+-------------+-------------+-------------+-------------+-------------+-------------+-------------+-------------+-------------+-------------+-------------+-------------+-------------+-------------+-------------+-------------+-------------+-------------+-------------+-------------+-------------+-------------+-------------+-------------+-------------+-------------+-------------+-------------+-------------+-------------+-------------+-------------+-------------+-------------+-------------+-------------+-------------+-------------+-------------+-------------+-------------+-------------+
+------------------------------------+---------+--------------+------------+------------+--------------+
|                Event               | Counter |      Sum     |     Min    |     Max    |      Avg     |
+------------------------------------+---------+--------------+------------+------------+--------------+
|        ACTUAL_CPU_CLOCK STAT       |  FIXC1  | 641425498000 | 6679028000 | 6684424000 | 6.681516e+09 |
|         MAX_CPU_CLOCK STAT         |  FIXC2  | 661646986000 | 6890858000 | 6893497000 | 6.892156e+09 |
|      RETIRED_INSTRUCTIONS STAT     |   PMC0  | 362187862000 | 3759123000 | 3809578000 | 3.772790e+09 |
|      CPU_CLOCKS_UNHALTED STAT      |   PMC1  | 633320968000 | 6584644000 | 6603869000 | 6.597093e+09 |
| REQUESTS_TO_L2_GRP1_ALL_NO_PF STAT |   PMC2  | 206875744000 | 2151280000 | 2158310000 | 2.154956e+09 |
|        L2_PF_HIT_IN_L2 STAT        |   PMC3  |  83988593400 |  458908200 |  935421000 | 8.748812e+08 |
+------------------------------------+---------+--------------+------------+------------+--------------+
+-------------------------------+------------+------------+------------+------------+------------+------------+------------+------------+------------+------------+-------------+-------------+-------------+-------------+-------------+-------------+-------------+-------------+-------------+-------------+-------------+-------------+-------------+-------------+-------------+-------------+-------------+-------------+-------------+-------------+-------------+-------------+-------------+-------------+-------------+-------------+-------------+-------------+-------------+-------------+-------------+-------------+-------------+-------------+-------------+-------------+-------------+-------------+-------------+-------------+-------------+-------------+-------------+-------------+-------------+-------------+-------------+-------------+-------------+-------------+-------------+-------------+-------------+-------------+-------------+-------------+-------------+-------------+-------------+-------------+-------------+-------------+-------------+-------------+-------------+-------------+-------------+-------------+-------------+-------------+-------------+-------------+-------------+-------------+-------------+-------------+-------------+-------------+-------------+-------------+-------------+-------------+-------------+-------------+-------------+-------------+
|             Metric            | HWThread 0 | HWThread 1 | HWThread 2 | HWThread 3 | HWThread 4 | HWThread 5 | HWThread 6 | HWThread 7 | HWThread 8 | HWThread 9 | HWThread 10 | HWThread 11 | HWThread 12 | HWThread 13 | HWThread 14 | HWThread 15 | HWThread 16 | HWThread 17 | HWThread 18 | HWThread 19 | HWThread 20 | HWThread 21 | HWThread 22 | HWThread 23 | HWThread 24 | HWThread 25 | HWThread 26 | HWThread 27 | HWThread 28 | HWThread 29 | HWThread 30 | HWThread 31 | HWThread 32 | HWThread 33 | HWThread 34 | HWThread 35 | HWThread 36 | HWThread 37 | HWThread 38 | HWThread 39 | HWThread 40 | HWThread 41 | HWThread 42 | HWThread 43 | HWThread 44 | HWThread 45 | HWThread 46 | HWThread 47 | HWThread 48 | HWThread 49 | HWThread 50 | HWThread 51 | HWThread 52 | HWThread 53 | HWThread 54 | HWThread 55 | HWThread 56 | HWThread 57 | HWThread 58 | HWThread 59 | HWThread 60 | HWThread 61 | HWThread 62 | HWThread 63 | HWThread 64 | HWThread 65 | HWThread 66 | HWThread 67 | HWThread 68 | HWThread 69 | HWThread 70 | HWThread 71 | HWThread 72 | HWThread 73 | HWThread 74 | HWThread 75 | HWThread 76 | HWThread 77 | HWThread 78 | HWThread 79 | HWThread 80 | HWThread 81 | HWThread 82 | HWThread 83 | HWThread 84 | HWThread 85 | HWThread 86 | HWThread 87 | HWThread 88 | HWThread 89 | HWThread 90 | HWThread 91 | HWThread 92 | HWThread 93 | HWThread 94 | HWThread 95 |
+-------------------------------+------------+------------+------------+------------+------------+------------+------------+------------+------------+------------+-------------+-------------+-------------+-------------+-------------+-------------+-------------+-------------+-------------+-------------+-------------+-------------+-------------+-------------+-------------+-------------+-------------+-------------+-------------+-------------+-------------+-------------+-------------+-------------+-------------+-------------+-------------+-------------+-------------+-------------+-------------+-------------+-------------+-------------+-------------+-------------+-------------+-------------+-------------+-------------+-------------+-------------+-------------+-------------+-------------+-------------+-------------+-------------+-------------+-------------+-------------+-------------+-------------+-------------+-------------+-------------+-------------+-------------+-------------+-------------+-------------+-------------+-------------+-------------+-------------+-------------+-------------+-------------+-------------+-------------+-------------+-------------+-------------+-------------+-------------+-------------+-------------+-------------+-------------+-------------+-------------+-------------+-------------+-------------+-------------+-------------+
|      Runtime (RDTSC) [s]      |     2.8756 |     2.8755 |     2.8755 |     2.8754 |     2.8754 |     2.8754 |     2.8754 |     2.8755 |     2.8755 |     2.8758 |      2.8755 |      2.8754 |      2.8755 |      2.8754 |      2.8757 |      2.8755 |      2.8754 |      2.8755 |      2.8755 |      2.8754 |      2.8754 |      2.8755 |      2.8754 |      2.8754 |      2.8754 |      2.8754 |      2.8755 |      2.8755 |      2.8754 |      2.8756 |      2.8755 |      2.8755 |      2.8755 |      2.8755 |      2.8754 |      2.8755 |      2.8755 |      2.8755 |      2.8754 |      2.8755 |      2.8757 |      2.8755 |      2.8755 |      2.8756 |      2.8755 |      2.8755 |      2.8755 |      2.8754 |      2.8755 |      2.8754 |      2.8755 |      2.8755 |      2.8754 |      2.8756 |      2.8755 |      2.8754 |      2.8755 |      2.8755 |      2.8756 |      2.8757 |      2.8755 |      2.8756 |      2.8755 |      2.8754 |      2.8754 |      2.8754 |      2.8754 |      2.8754 |      2.8755 |      2.8755 |      2.8754 |      2.8755 |      2.8754 |      2.8755 |      2.8754 |      2.8755 |      2.8756 |      2.8755 |      2.8756 |      2.8754 |      2.8756 |      2.8755 |      2.8755 |      2.8755 |      2.8755 |      2.8755 |      2.8755 |      2.8754 |      2.8754 |      2.8755 |      2.8754 |      2.8755 |      2.8754 |      2.8754 |      2.8754 |      2.8755 |
|      Runtime unhalted [s]     |     2.7887 |     2.7889 |     2.7889 |     2.7884 |     2.7887 |     2.7888 |     2.7888 |     2.7884 |     2.7890 |     2.7887 |      2.7891 |      2.7889 |      2.7891 |      2.7889 |      2.7886 |      2.7885 |      2.7877 |      2.7871 |      2.7872 |      2.7872 |      2.7872 |      2.7872 |      2.7871 |      2.7872 |      2.7875 |      2.7876 |      2.7875 |      2.7874 |      2.7875 |      2.7876 |      2.7874 |      2.7876 |      2.7883 |      2.7883 |      2.7883 |      2.7884 |      2.7883 |      2.7883 |      2.7883 |      2.7886 |      2.7874 |      2.7874 |      2.7873 |      2.7874 |      2.7874 |      2.7874 |      2.7874 |      2.7872 |      2.7873 |      2.7878 |      2.7879 |      2.7873 |      2.7873 |      2.7878 |      2.7878 |      2.7878 |      2.7884 |      2.7885 |      2.7885 |      2.7886 |      2.7884 |      2.7886 |      2.7884 |      2.7884 |      2.7881 |      2.7881 |      2.7881 |      2.7881 |      2.7882 |      2.7881 |      2.7880 |      2.7881 |      2.7882 |      2.7882 |      2.7884 |      2.7885 |      2.7884 |      2.7886 |      2.7887 |      2.7885 |      2.7883 |      2.7881 |      2.7882 |      2.7882 |      2.7883 |      2.7881 |      2.7881 |      2.7881 |      2.7892 |      2.7892 |      2.7892 |      2.7892 |      2.7892 |      2.7892 |      2.7892 |      2.7894 |
|          Clock [MHz]          |  2323.4560 |  2323.5965 |  2323.4992 |  2323.5467 |  2323.4842 |  2323.5600 |  2323.4863 |  2323.5737 |  2323.5240 |  2323.5085 |   2323.5611 |   2323.5326 |   2323.5655 |   2323.5891 |   2323.4932 |   2323.4988 |   2322.6583 |   2322.7044 |   2322.5656 |   2322.7166 |   2322.6684 |   2322.7250 |   2322.7124 |   2322.6346 |   2322.8200 |   2322.9369 |   2322.8478 |   2322.8050 |   2322.8451 |   2322.8374 |   2322.8187 |   2322.8714 |   2323.5959 |   2323.5845 |   2323.5618 |   2323.6258 |   2323.5998 |   2323.5951 |   2323.5783 |   2323.7156 |   2322.7329 |   2322.7520 |   2322.7714 |   2322.7876 |   2322.7394 |   2322.7352 |   2322.7374 |   2322.7060 |   2322.6599 |   2322.6520 |   2322.7864 |   2322.7198 |   2322.7379 |   2322.7403 |   2322.6602 |   2322.6576 |   2323.0545 |   2323.0716 |   2323.0866 |   2323.0679 |   2323.0657 |   2323.1392 |   2323.0590 |   2323.1036 |   2322.9558 |   2322.9472 |   2322.9536 |   2323.0707 |   2323.0693 |   2322.9508 |   2323.0647 |   2323.0076 |   2323.1190 |   2323.0564 |   2323.1298 |   2323.1452 |   2323.1041 |   2323.1132 |   2323.0882 |   2323.1416 |   2323.0200 |   2322.9268 |   2322.9906 |   2322.9780 |   2323.0057 |   2322.9322 |   2322.9188 |   2323.0109 |   2323.9253 |   2323.8900 |   2323.8435 |   2323.8909 |   2323.8416 |   2323.8393 |   2323.8423 |   2323.9266 |
|              CPI              |     1.7475 |     1.7374 |     1.7530 |     1.7329 |     1.7515 |     1.7485 |     1.7479 |     1.7470 |     1.7498 |     1.7483 |      1.7495 |      1.7489 |      1.7491 |      1.7479 |      1.7471 |      1.7452 |      1.7484 |      1.7482 |      1.7513 |      1.7478 |      1.7499 |      1.7481 |      1.7470 |      1.7460 |      1.7472 |      1.7486 |      1.7475 |      1.7493 |      1.7513 |      1.7482 |      1.7478 |      1.7459 |      1.7490 |      1.7491 |      1.7518 |      1.7526 |      1.7514 |      1.7478 |      1.7473 |      1.7460 |      1.7507 |      1.7510 |      1.7520 |      1.7510 |      1.7520 |      1.7514 |      1.7505 |      1.7472 |      1.7489 |      1.7480 |      1.7384 |      1.7490 |      1.7507 |      1.7363 |      1.7464 |      1.7461 |      1.7353 |      1.7497 |      1.7503 |      1.7501 |      1.7497 |      1.7495 |      1.7471 |      1.7452 |      1.7502 |      1.7497 |      1.7517 |      1.7503 |      1.7517 |      1.7506 |      1.7502 |      1.7472 |      1.7511 |      1.7512 |      1.7530 |      1.7476 |      1.7531 |      1.7487 |      1.7451 |      1.7473 |      1.7508 |      1.7530 |      1.7497 |      1.7508 |      1.7517 |      1.7479 |      1.7470 |      1.7476 |      1.7510 |      1.7512 |      1.7527 |      1.7502 |      1.7520 |      1.7515 |      1.7502 |      1.7442 |
|    L2 bandwidth [MBytes/s]    | 47946.1781 | 47916.4246 | 47960.6216 | 47885.1662 | 47948.1891 | 47964.1869 | 47952.2956 | 47960.0491 | 47955.8703 | 47958.8845 |  47948.7703 |  47967.3146 |  47950.9009 |  47963.4023 |  47957.8420 |  47953.5050 |  47948.3673 |  47953.4996 |  47960.4660 |  47952.3233 |  47949.8359 |  47959.6318 |  47957.2872 |  47958.7008 |  47939.4091 |  47960.5873 |  47936.6123 |  47963.8383 |  47963.9206 |  47950.2353 |  47964.3387 |  47965.6798 |  47947.3572 |  47954.2791 |  47965.0994 |  47964.7064 |  47957.3444 |  47946.3835 |  47964.1868 |  47962.6027 |  47981.0049 |  47990.0789 |  47971.5276 |  47977.4045 |  47973.3302 |  47985.7387 |  47992.9278 |  48018.2516 |  47948.5757 |  47952.6078 |  47880.9198 |  47958.2070 |  47958.9619 |  47898.4324 |  47952.3030 |  47964.0311 |  47895.5199 |  47963.9213 |  47948.7654 |  47962.5498 |  47946.7836 |  47965.3970 |  47956.4932 |  47951.5387 |  47988.8545 |  47999.8943 |  47976.2785 |  47987.6356 |  47978.1990 |  47984.8373 |  48002.1089 |  48029.8916 |  47962.0168 |  47973.0358 |  47969.7181 |  47950.1888 |  47965.7592 |  47968.1836 |  47943.8593 |  47966.6303 |  47957.9919 |  47981.9107 |  47946.6220 |  47972.7020 |  47966.6476 |  47966.5310 |  47965.4743 |  47973.5246 |  47980.1737 |  47991.5535 |  47973.3017 |  47992.5773 |  47983.2401 |  47996.3887 |  48001.2854 |  48036.9016 |
|    L2 data volume [GBytes]    |   137.8721 |   137.7831 |   137.9101 |   137.6886 |   137.8691 |   137.9151 |   137.8808 |   137.9107 |   137.8983 |   137.9203 |    137.8777 |    137.9257 |    137.8824 |    137.9126 |    137.9104 |    137.8899 |    137.8702 |    137.8904 |    137.9105 |    137.8804 |    137.8733 |    137.9093 |    137.8958 |    137.9007 |    137.8457 |    137.9067 |    137.8423 |    137.9214 |    137.9172 |    137.8863 |    137.9214 |    137.9255 |    137.8741 |    137.8940 |    137.9171 |    137.9241 |    137.9012 |    137.8714 |    137.9145 |    137.9164 |    137.9787 |    137.9955 |    137.9415 |    137.9644 |    137.9455 |    137.9813 |    138.0026 |    138.0703 |    137.8774 |    137.8835 |    137.6819 |    137.9041 |    137.9001 |    137.7349 |    137.8861 |    137.9146 |    137.7233 |    137.9199 |    137.8794 |    137.9263 |    137.8712 |    137.9288 |    137.8991 |    137.8783 |    137.9885 |    138.0170 |    137.9491 |    137.9818 |    137.9599 |    137.9790 |    138.0237 |    138.1078 |    137.9089 |    137.9471 |    137.9311 |    137.8808 |    137.9318 |    137.9326 |    137.8688 |    137.9244 |    137.9098 |    137.9722 |    137.8701 |    137.9466 |    137.9270 |    137.9276 |    137.9268 |    137.9441 |    137.9611 |    138.0010 |    137.9421 |    138.0037 |    137.9727 |    138.0095 |    138.0236 |    138.1318 |
| Prefetch bandwidth [MBytes/s] | 20330.6947 | 20011.6048 | 20079.8899 | 19386.2069 | 20479.2245 | 20323.2746 | 19808.3725 | 20752.5887 | 20677.8318 | 20221.3488 |  19547.4938 |  20017.4450 |  19910.3519 |  19728.9902 |  19710.8166 |  20354.5872 |  19940.1250 |  20533.4110 |  20207.9094 |  20329.7809 |  20323.6973 |  20188.4100 |  19683.6723 |  20284.0759 |  19658.8661 |  20119.6078 |  19968.8937 |  20159.9480 |  20200.3186 |  20037.5205 |  19738.5394 |  20098.6095 |  19753.0115 |  20121.3942 |  20054.9273 |  19648.1774 |  20565.7193 |  20105.6628 |  19768.0010 |  20401.9652 |  18130.8548 |  18663.0968 |  18547.0702 |  18971.4027 |  19287.1840 |  18895.4360 |  18135.2679 |  10214.3739 |  19670.4731 |  20223.7668 |  20429.3557 |  19799.5958 |  19923.0851 |  20819.2152 |  19616.4174 |  20040.6942 |  19877.7312 |  20493.2198 |  19631.2254 |  20276.8600 |  19931.6221 |  20349.9969 |  19452.0868 |  20323.1401 |  18790.5368 |  18656.4022 |  18912.0428 |  18832.0719 |  19421.3459 |  18816.9754 |  17886.8854 |  10404.5427 |  19451.0696 |  20132.5147 |  19633.1930 |  19896.2412 |  19822.6626 |  19855.5483 |  19560.6561 |  19820.2057 |  19727.7215 |  19935.0317 |  19898.6605 |  20123.9277 |  20081.9604 |  20306.9062 |  19960.0162 |  19744.5745 |  18714.4962 |  19384.9651 |  19510.4187 |  19078.1016 |  19784.8780 |  19478.4121 |  18448.2387 |  10339.3126 |
| Prefetch data volume [GBytes] |    58.4621 |    57.5431 |    57.7395 |    55.7429 |    58.8855 |    58.4371 |    56.9565 |    59.6747 |    59.4596 |    58.1526 |     56.2092 |     57.5584 |     57.2521 |     56.7282 |     56.6816 |     58.5295 |     57.3356 |     59.0439 |     58.1079 |     58.4555 |     58.4380 |     58.0524 |     56.5982 |     58.3250 |     56.5274 |     57.8523 |     57.4208 |     57.9705 |     58.0847 |     57.6201 |     56.7582 |     57.7936 |     56.8004 |     57.8597 |     57.6652 |     56.4990 |     59.1367 |     57.8145 |     56.8402 |     58.6658 |     52.1388 |     53.6658 |     53.3319 |     54.5544 |     55.4596 |     54.3332 |     52.1475 |     29.3701 |     56.5630 |     58.1516 |     58.7448 |     56.9338 |     57.2864 |     59.8669 |     56.4067 |     57.6245 |     57.1583 |     58.9281 |     56.4507 |     58.3103 |     57.3135 |     58.5182 |     55.9346 |     58.4365 |     54.0309 |     53.6439 |     54.3790 |     54.1490 |     55.8455 |     54.1077 |     51.4314 |     29.9178 |     55.9292 |     57.8913 |     56.4529 |     57.2116 |     57.0026 |     57.0947 |     56.2492 |     56.9915 |     56.7298 |     57.3233 |     57.2184 |     57.8668 |     57.7452 |     58.3924 |     57.3959 |     56.7740 |     53.8112 |     55.7420 |     56.1001 |     54.8595 |     56.8902 |     56.0085 |     53.0463 |     29.7311 |
+-------------------------------+------------+------------+------------+------------+------------+------------+------------+------------+------------+------------+-------------+-------------+-------------+-------------+-------------+-------------+-------------+-------------+-------------+-------------+-------------+-------------+-------------+-------------+-------------+-------------+-------------+-------------+-------------+-------------+-------------+-------------+-------------+-------------+-------------+-------------+-------------+-------------+-------------+-------------+-------------+-------------+-------------+-------------+-------------+-------------+-------------+-------------+-------------+-------------+-------------+-------------+-------------+-------------+-------------+-------------+-------------+-------------+-------------+-------------+-------------+-------------+-------------+-------------+-------------+-------------+-------------+-------------+-------------+-------------+-------------+-------------+-------------+-------------+-------------+-------------+-------------+-------------+-------------+-------------+-------------+-------------+-------------+-------------+-------------+-------------+-------------+-------------+-------------+-------------+-------------+-------------+-------------+-------------+-------------+-------------+
+------------------------------------+--------------+------------+------------+------------+
|               Metric               |      Sum     |     Min    |     Max    |     Avg    |
+------------------------------------+--------------+------------+------------+------------+
|      Runtime (RDTSC) [s] STAT      |     276.0463 |     2.8754 |     2.8758 |     2.8755 |
|      Runtime unhalted [s] STAT     |     267.6644 |     2.7871 |     2.7894 |     2.7882 |
|          Clock [MHz] STAT          |  223021.4236 |  2322.5656 |  2323.9266 |  2323.1398 |
|              CPI STAT              |     167.8657 |     1.7329 |     1.7531 |     1.7486 |
|    L2 bandwidth [MBytes/s] STAT    | 4.604465e+06 | 47880.9198 | 48036.9016 | 47963.1821 |
|    L2 data volume [GBytes] STAT    |   13240.0475 |   137.6819 |   138.1318 |   137.9172 |
| Prefetch bandwidth [MBytes/s] STAT | 1.869347e+06 | 10214.3739 | 20819.2152 | 19472.3610 |
| Prefetch data volume [GBytes] STAT |    5375.2703 |    29.3701 |    59.8669 |    55.9924 |
+------------------------------------+--------------+------------+------------+------------+
