--------------------------------------------------------------------------------
CPU name:	AMD EPYC 9654 96-Core Processor                
CPU type:	AMD K19 (Zen4) architecture
CPU clock:	2.40 GHz
--------------------------------------------------------------------------------
Region bench, Group 1: L2
+-------------------+------------+------------+------------+------------+------------+------------+------------+------------+------------+------------+-------------+-------------+-------------+-------------+-------------+-------------+-------------+-------------+-------------+-------------+-------------+-------------+-------------+-------------+-------------+-------------+-------------+-------------+-------------+-------------+-------------+-------------+-------------+-------------+-------------+-------------+-------------+-------------+-------------+-------------+-------------+-------------+-------------+-------------+-------------+-------------+-------------+-------------+-------------+-------------+-------------+-------------+-------------+-------------+-------------+-------------+-------------+-------------+-------------+-------------+-------------+-------------+-------------+-------------+-------------+-------------+-------------+-------------+-------------+-------------+-------------+-------------+-------------+-------------+-------------+-------------+-------------+-------------+-------------+-------------+-------------+-------------+-------------+-------------+-------------+-------------+-------------+-------------+-------------+-------------+-------------+-------------+-------------+-------------+-------------+-------------+
|    Region Info    | HWThread 0 | HWThread 1 | HWThread 2 | HWThread 3 | HWThread 4 | HWThread 5 | HWThread 6 | HWThread 7 | HWThread 8 | HWThread 9 | HWThread 10 | HWThread 11 | HWThread 12 | HWThread 13 | HWThread 14 | HWThread 15 | HWThread 16 | HWThread 17 | HWThread 18 | HWThread 19 | HWThread 20 | HWThread 21 | HWThread 22 | HWThread 23 | HWThread 24 | HWThread 25 | HWThread 26 | HWThread 27 | HWThread 28 | HWThread 29 | HWThread 30 | HWThread 31 | HWThread 32 | HWThread 33 | HWThread 34 | HWThread 35 | HWThread 36 | HWThread 37 | HWThread 38 | HWThread 39 | HWThread 40 | HWThread 41 | HWThread 42 | HWThread 43 | HWThread 44 | HWThread 45 | HWThread 46 | HWThread 47 | HWThread 48 | HWThread 49 | HWThread 50 | HWThread 51 | HWThread 52 | HWThread 53 | HWThread 54 | HWThread 55 | HWThread 56 | HWThread 57 | HWThread 58 | HWThread 59 | HWThread 60 | HWThread 61 | HWThread 62 | HWThread 63 | HWThread 64 | HWThread 65 | HWThread 66 | HWThread 67 | HWThread 68 | HWThread 69 | HWThread 70 | HWThread 71 | HWThread 72 | HWThread 73 | HWThread 74 | HWThread 75 | HWThread 76 | HWThread 77 | HWThread 78 | HWThread 79 | HWThread 80 | HWThread 81 | HWThread 82 | HWThread 83 | HWThread 84 | HWThread 85 | HWThread 86 | HWThread 87 | HWThread 88 | HWThread 89 | HWThread 90 | HWThread 91 | HWThread 92 | HWThread 93 | HWThread 94 | HWThread 95 |
+-------------------+------------+------------+------------+------------+------------+------------+------------+------------+------------+------------+-------------+-------------+-------------+-------------+-------------+-------------+-------------+-------------+-------------+-------------+-------------+-------------+-------------+-------------+-------------+-------------+-------------+-------------+-------------+-------------+-------------+-------------+-------------+-------------+-------------+-------------+-------------+-------------+-------------+-------------+-------------+-------------+-------------+-------------+-------------+-------------+-------------+-------------+-------------+-------------+-------------+-------------+-------------+-------------+-------------+-------------+-------------+-------------+-------------+-------------+-------------+-------------+-------------+-------------+-------------+-------------+-------------+-------------+-------------+-------------+-------------+-------------+-------------+-------------+-------------+-------------+-------------+-------------+-------------+-------------+-------------+-------------+-------------+-------------+-------------+-------------+-------------+-------------+-------------+-------------+-------------+-------------+-------------+-------------+-------------+-------------+
| RDTSC Runtime [s] |   2.987410 |   2.987360 |   2.987204 |   2.987210 |   2.987210 |   2.987416 |   2.987203 |   2.987420 |   2.987155 |   2.987409 |    2.987409 |    2.987247 |    2.987215 |    2.987416 |    2.987380 |    2.987207 |    2.987219 |    2.987377 |    2.987214 |    2.987300 |    2.987299 |    2.987259 |    2.987245 |    2.987376 |    2.987252 |    2.987254 |    2.987252 |    2.987210 |    2.987209 |    2.987211 |    2.987254 |    2.987209 |    2.987416 |    2.987439 |    2.987423 |    2.987407 |    2.987425 |    2.987300 |    2.987301 |    2.987554 |    2.987385 |    2.987385 |    2.987212 |    2.987383 |    2.987213 |    2.987212 |    2.987251 |    2.987206 |    2.987312 |    2.987410 |    2.987411 |    2.987265 |    2.987424 |    2.987411 |    2.987311 |    2.987421 |    2.987470 |    2.987209 |    2.987277 |    2.987414 |    2.987207 |    2.987422 |    2.987508 |    2.987380 |    2.987770 |    2.987728 |    2.987731 |    2.987312 |    2.987480 |    2.987730 |    2.987786 |    2.987306 |    2.987453 |    2.987210 |    2.987416 |    2.987263 |    2.987454 |    2.987450 |    2.987447 |    2.987664 |    2.987209 |    2.987285 |    2.987243 |    2.987254 |    2.987378 |    2.987213 |    2.987302 |    2.987281 |    2.987732 |    2.987254 |    2.987370 |    2.987370 |    2.987417 |    2.987371 |    2.987413 |    2.987560 |
|     call count    |          1 |          1 |          1 |          1 |          1 |          1 |          1 |          1 |          1 |          1 |           1 |           1 |           1 |           1 |           1 |           1 |           1 |           1 |           1 |           1 |           1 |           1 |           1 |           1 |           1 |           1 |           1 |           1 |           1 |           1 |           1 |           1 |           1 |           1 |           1 |           1 |           1 |           1 |           1 |           1 |           1 |           1 |           1 |           1 |           1 |           1 |           1 |           1 |           1 |           1 |           1 |           1 |           1 |           1 |           1 |           1 |           1 |           1 |           1 |           1 |           1 |           1 |           1 |           1 |           1 |           1 |           1 |           1 |           1 |           1 |           1 |           1 |           1 |           1 |           1 |           1 |           1 |           1 |           1 |           1 |           1 |           1 |           1 |           1 |           1 |           1 |           1 |           1 |           1 |           1 |           1 |           1 |           1 |           1 |           1 |           1 |
+-------------------+------------+------------+------------+------------+------------+------------+------------+------------+------------+------------+-------------+-------------+-------------+-------------+-------------+-------------+-------------+-------------+-------------+-------------+-------------+-------------+-------------+-------------+-------------+-------------+-------------+-------------+-------------+-------------+-------------+-------------+-------------+-------------+-------------+-------------+-------------+-------------+-------------+-------------+-------------+-------------+-------------+-------------+-------------+-------------+-------------+-------------+-------------+-------------+-------------+-------------+-------------+-------------+-------------+-------------+-------------+-------------+-------------+-------------+-------------+-------------+-------------+-------------+-------------+-------------+-------------+-------------+-------------+-------------+-------------+-------------+-------------+-------------+-------------+-------------+-------------+-------------+-------------+-------------+-------------+-------------+-------------+-------------+-------------+-------------+-------------+-------------+-------------+-------------+-------------+-------------+-------------+-------------+-------------+-------------+
+-------------------------------+---------+------------+------------+------------+------------+------------+------------+------------+------------+------------+------------+-------------+-------------+-------------+-------------+-------------+-------------+-------------+-------------+-------------+-------------+-------------+-------------+-------------+-------------+-------------+-------------+-------------+-------------+-------------+-------------+-------------+-------------+-------------+-------------+-------------+-------------+-------------+-------------+-------------+-------------+-------------+-------------+-------------+-------------+-------------+-------------+-------------+-------------+-------------+-------------+-------------+-------------+-------------+-------------+-------------+-------------+-------------+-------------+-------------+-------------+-------------+-------------+-------------+-------------+-------------+-------------+-------------+-------------+-------------+-------------+-------------+-------------+-------------+-------------+-------------+-------------+-------------+-------------+-------------+-------------+-------------+-------------+-------------+-------------+-------------+-------------+-------------+-------------+-------------+-------------+-------------+-------------+-------------+-------------+-------------+-------------+
|             Event             | Counter | HWThread 0 | HWThread 1 | HWThread 2 | HWThread 3 | HWThread 4 | HWThread 5 | HWThread 6 | HWThread 7 | HWThread 8 | HWThread 9 | HWThread 10 | HWThread 11 | HWThread 12 | HWThread 13 | HWThread 14 | HWThread 15 | HWThread 16 | HWThread 17 | HWThread 18 | HWThread 19 | HWThread 20 | HWThread 21 | HWThread 22 | HWThread 23 | HWThread 24 | HWThread 25 | HWThread 26 | HWThread 27 | HWThread 28 | HWThread 29 | HWThread 30 | HWThread 31 | HWThread 32 | HWThread 33 | HWThread 34 | HWThread 35 | HWThread 36 | HWThread 37 | HWThread 38 | HWThread 39 | HWThread 40 | HWThread 41 | HWThread 42 | HWThread 43 | HWThread 44 | HWThread 45 | HWThread 46 | HWThread 47 | HWThread 48 | HWThread 49 | HWThread 50 | HWThread 51 | HWThread 52 | HWThread 53 | HWThread 54 | HWThread 55 | HWThread 56 | HWThread 57 | HWThread 58 | HWThread 59 | HWThread 60 | HWThread 61 | HWThread 62 | HWThread 63 | HWThread 64 | HWThread 65 | HWThread 66 | HWThread 67 | HWThread 68 | HWThread 69 | HWThread 70 | HWThread 71 | HWThread 72 | HWThread 73 | HWThread 74 | HWThread 75 | HWThread 76 | HWThread 77 | HWThread 78 | HWThread 79 | HWThread 80 | HWThread 81 | HWThread 82 | HWThread 83 | HWThread 84 | HWThread 85 | HWThread 86 | HWThread 87 | HWThread 88 | HWThread 89 | HWThread 90 | HWThread 91 | HWThread 92 | HWThread 93 | HWThread 94 | HWThread 95 |
+-------------------------------+---------+------------+------------+------------+------------+------------+------------+------------+------------+------------+------------+-------------+-------------+-------------+-------------+-------------+-------------+-------------+-------------+-------------+-------------+-------------+-------------+-------------+-------------+-------------+-------------+-------------+-------------+-------------+-------------+-------------+-------------+-------------+-------------+-------------+-------------+-------------+-------------+-------------+-------------+-------------+-------------+-------------+-------------+-------------+-------------+-------------+-------------+-------------+-------------+-------------+-------------+-------------+-------------+-------------+-------------+-------------+-------------+-------------+-------------+-------------+-------------+-------------+-------------+-------------+-------------+-------------+-------------+-------------+-------------+-------------+-------------+-------------+-------------+-------------+-------------+-------------+-------------+-------------+-------------+-------------+-------------+-------------+-------------+-------------+-------------+-------------+-------------+-------------+-------------+-------------+-------------+-------------+-------------+-------------+-------------+
|        ACTUAL_CPU_CLOCK       |  FIXC1  | 6810533000 | 6810864000 | 6810637000 | 6810502000 | 6810753000 | 6810516000 | 6810655000 | 6810627000 | 6810827000 | 6811375000 |  6811559000 |  6811349000 |  6811161000 |  6811463000 |  6811325000 |  6810694000 |  6810777000 |  6810822000 |  6811133000 |  6810838000 |  6810879000 |  6810667000 |  6811184000 |  6810924000 |  6811163000 |  6811104000 |  6811064000 |  6811050000 |  6811303000 |  6811195000 |  6811296000 |  6810958000 |  6811825000 |  6811795000 |  6811897000 |  6812102000 |  6811895000 |  6811467000 |  6811444000 |  6812030000 |  6811864000 |  6811713000 |  6812077000 |  6811889000 |  6811739000 |  6811723000 |  6811722000 |  6812044000 |  6811269000 |  6811291000 |  6811294000 |  6811086000 |  6811196000 |  6811269000 |  6811230000 |  6811250000 |  6811732000 |  6811762000 |  6811589000 |  6811685000 |  6811590000 |  6811664000 |  6811677000 |  6811302000 |  6813392000 |  6813737000 |  6813393000 |  6813228000 |  6813071000 |  6813726000 |  6813438000 |  6812706000 |  6811349000 |  6811315000 |  6811262000 |  6811399000 |  6811222000 |  6811108000 |  6811013000 |  6811575000 |  6812248000 |  6812341000 |  6812421000 |  6812360000 |  6812632000 |  6812681000 |  6812273000 |  6812206000 |  6811990000 |  6811442000 |  6811147000 |  6811450000 |  6811427000 |  6811294000 |  6811379000 |  6811658000 |
|         MAX_CPU_CLOCK         |  FIXC2  | 7158370000 | 7158499000 | 7158146000 | 7158361000 | 7158440000 | 7158514000 | 7158214000 | 7158485000 | 7158241000 | 7158503000 |  7158687000 |  7158477000 |  7158444000 |  7158517000 |  7158471000 |  7158097000 |  7158270000 |  7158462000 |  7158531000 |  7158299000 |  7158471000 |  7158351000 |  7158712000 |  7158575000 |  7158496000 |  7158499000 |  7158525000 |  7158352000 |  7158524000 |  7158408000 |  7158598000 |  7158505000 |  7158710000 |  7158672000 |  7158956000 |  7158932000 |  7158939000 |  7158550000 |  7158276000 |  7159056000 |  7158509000 |  7158358000 |  7158602000 |  7158383000 |  7158425000 |  7158334000 |  7158160000 |  7158526000 |  7158712000 |  7158755000 |  7158750000 |  7158624000 |  7158659000 |  7158722000 |  7158703000 |  7158716000 |  7158974000 |  7159079000 |  7158651000 |  7158891000 |  7158670000 |  7158883000 |  7158892000 |  7158669000 |  7159223000 |  7159365000 |  7159243000 |  7159045000 |  7158816000 |  7159378000 |  7159254000 |  7158582000 |  7159148000 |  7158862000 |  7158969000 |  7158945000 |  7159072000 |  7158821000 |  7158718000 |  7159505000 |  7158720000 |  7158857000 |  7158753000 |  7158830000 |  7159099000 |  7159003000 |  7158727000 |  7158680000 |  7159540000 |  7158778000 |  7158743000 |  7159014000 |  7158904000 |  7158781000 |  7158867000 |  7159251000 |
|      RETIRED_INSTRUCTIONS     |   PMC0  | 7555408000 | 7547234000 | 7571530000 | 7576383000 | 7577558000 | 7581533000 | 7585828000 | 7587419000 | 7575698000 | 7577872000 |  7564948000 |  7572921000 |  7569244000 |  7575491000 |  7577353000 |  7582200000 |  7581164000 |  7581062000 |  7577735000 |  7573994000 |  7578854000 |  7543919000 |  7585057000 |  7551174000 |  7576630000 |  7573650000 |  7571699000 |  7542716000 |  7574651000 |  7571989000 |  7582294000 |  7583123000 |  7572286000 |  7574977000 |  7563187000 |  7567010000 |  7569788000 |  7572916000 |  7576750000 |  7580566000 |  7550031000 |  7550192000 |  7549912000 |  7550175000 |  7549891000 |  7549860000 |  7549905000 |  7549233000 |  7571864000 |  7553402000 |  7568106000 |  7573530000 |  7573171000 |  7577617000 |  7581313000 |  7584757000 |  7561624000 |  7577057000 |  7564224000 |  7575382000 |  7571670000 |  7577264000 |  7583367000 |  7584518000 |  7547917000 |  7547984000 |  7547922000 |  7547607000 |  7547903000 |  7547708000 |  7547788000 |  7545453000 |  7546853000 |  7547635000 |  7545609000 |  7546999000 |  7546405000 |  7547674000 |  7548739000 |  7548687000 |  7548092000 |  7543858000 |  7561540000 |  7548332000 |  7549114000 |  7549066000 |  7549793000 |  7550008000 |  7535980000 |  7535708000 |  7535752000 |  7535709000 |  7535744000 |  7535540000 |  7535866000 |  7517219000 |
|      CPU_CLOCKS_UNHALTED      |   PMC1  | 6724938000 | 6733419000 | 6732310000 | 6732504000 | 6732519000 | 6732938000 | 6732948000 | 6732958000 | 6727724000 | 6728748000 |  6728776000 |  6726946000 |  6728055000 |  6728814000 |  6728570000 |  6728244000 |  6726835000 |  6727130000 |  6726850000 |  6726998000 |  6727369000 |  6727521000 |  6726968000 |  6728154000 |  6726374000 |  6726329000 |  6727173000 |  6726643000 |  6726393000 |  6726164000 |  6726703000 |  6726130000 |  6723513000 |  6723483000 |  6723738000 |  6723406000 |  6722720000 |  6723032000 |  6723668000 |  6724154000 |  6697089000 |  6698824000 |  6698367000 |  6698974000 |  6698012000 |  6695897000 |  6697927000 |  6697072000 |  6731445000 |  6732234000 |  6731988000 |  6731254000 |  6731669000 |  6732001000 |  6731084000 |  6731396000 |  6737549000 |  6737182000 |  6736822000 |  6737658000 |  6735367000 |  6737431000 |  6739863000 |  6737098000 |  6686018000 |  6686281000 |  6686555000 |  6685010000 |  6684937000 |  6687052000 |  6685605000 |  6684983000 |  6692814000 |  6693255000 |  6693766000 |  6690936000 |  6692754000 |  6693278000 |  6694138000 |  6693681000 |  6697994000 |  6698288000 |  6697389000 |  6698023000 |  6698171000 |  6697554000 |  6698771000 |  6698784000 |  6714753000 |  6713881000 |  6713915000 |  6714782000 |  6714424000 |  6715152000 |  6714838000 |  6714501000 |
| REQUESTS_TO_L2_GRP1_ALL_NO_PF |   PMC2  | 2154170000 | 2156201000 | 2152077000 | 2153053000 | 2152772000 | 2152960000 | 2152310000 | 2152961000 | 2152072000 | 2152946000 |  2152758000 |  2152925000 |  2152899000 |  2152822000 |  2152244000 |  2152930000 |  2153085000 |  2152876000 |  2152294000 |  2152174000 |  2152575000 |  2156206000 |  2152326000 |  2155585000 |  2152144000 |  2153020000 |  2152575000 |  2155703000 |  2152906000 |  2152941000 |  2152711000 |  2152890000 |  2152118000 |  2152862000 |  2152561000 |  2153962000 |  2152251000 |  2152934000 |  2152197000 |  2152895000 |  2163920000 |  2164145000 |  2162896000 |  2162814000 |  2162812000 |  2163056000 |  2164654000 |  2167609000 |  2152172000 |  2155508000 |  2152481000 |  2153065000 |  2152990000 |  2152891000 |  2152113000 |  2153137000 |  2153694000 |  2152985000 |  2152781000 |  2152904000 |  2152858000 |  2152962000 |  2152105000 |  2153022000 |  2164049000 |  2165203000 |  2162722000 |  2162796000 |  2162966000 |  2162109000 |  2164469000 |  2167388000 |  2156385000 |  2158080000 |  2156667000 |  2157535000 |  2156813000 |  2159137000 |  2158814000 |  2158479000 |  2156837000 |  2158536000 |  2156049000 |  2157424000 |  2156791000 |  2157640000 |  2158273000 |  2158075000 |  2164098000 |  2164129000 |  2163243000 |  2163620000 |  2163317000 |  2164036000 |  2164924000 |  2167010000 |
|        L2_PF_HIT_IN_L2        |   PMC3  |  771856000 |  737182600 |  807210900 |  788447600 |  762786900 |  756874600 |  800967000 |  786235000 |  724670100 |  762080600 |   782606500 |   783837600 |   783166200 |   758461200 |   803851600 |   757652200 |   781898300 |   781006900 |   786344100 |   809120000 |   797170100 |   734663100 |   729117700 |   765159700 |   818129300 |   761134900 |   771634800 |   773678000 |   774186400 |   790316600 |   747815500 |   760940100 |   769410400 |   773827700 |   800976900 |   782995800 |   727935900 |   779694500 |   813071900 |   752131200 |   839183300 |   850479900 |   840061800 |   823328700 |   854714100 |   825798200 |   850928700 |   469442200 |   820695500 |   738410900 |   810214700 |   777111200 |   780331100 |   785502100 |   829723100 |   771547700 |   722920000 |   766199500 |   802344500 |   777051500 |   769035000 |   792008600 |   728495600 |   766747100 |   846446000 |   861286700 |   829005900 |   815225100 |   830873200 |   838145800 |   848619200 |   467937300 |   727877100 |   749900500 |   755470900 |   752493200 |   765103600 |   763416900 |   772474600 |   768328400 |   729633300 |   745410700 |   756016600 |   746157200 |   740853800 |   784244600 |   767080100 |   752066400 |   813128400 |   819073300 |   831319500 |   830604700 |   832703700 |   822598600 |   843122000 |   480890400 |
+-------------------------------+---------+------------+------------+------------+------------+------------+------------+------------+------------+------------+------------+-------------+-------------+-------------+-------------+-------------+-------------+-------------+-------------+-------------+-------------+-------------+-------------+-------------+-------------+-------------+-------------+-------------+-------------+-------------+-------------+-------------+-------------+-------------+-------------+-------------+-------------+-------------+-------------+-------------+-------------+-------------+-------------+-------------+-------------+-------------+-------------+-------------+-------------+-------------+-------------+-------------+-------------+-------------+-------------+-------------+-------------+-------------+-------------+-------------+-------------+-------------+-------------+-------------+-------------+-------------+-------------+-------------+-------------+-------------+-------------+-------------+-------------+-------------+-------------+-------------+-------------+-------------+-------------+-------------+-------------+-------------+-------------+-------------+-------------+-------------+-------------+-------------+-------------+-------------+-------------+-------------+-------------+-------------+-------------+-------------+-------------+
+------------------------------------+---------+--------------+------------+------------+--------------+
|                Event               | Counter |      Sum     |     Min    |     Max    |      Avg     |
+------------------------------------+---------+--------------+------------+------------+--------------+
|        ACTUAL_CPU_CLOCK STAT       |  FIXC1  | 653911192000 | 6810502000 | 6813737000 | 6.811575e+09 |
|         MAX_CPU_CLOCK STAT         |  FIXC2  | 687235275000 | 7158097000 | 7159540000 | 7.158701e+09 |
|      RETIRED_INSTRUCTIONS STAT     |   PMC0  | 725910080000 | 7517219000 | 7587419000 | 7.561563e+09 |
|      CPU_CLOCKS_UNHALTED STAT      |   PMC1  | 644764345000 | 6684937000 | 6739863000 | 6.716295e+09 |
| REQUESTS_TO_L2_GRP1_ALL_NO_PF STAT |   PMC2  | 207029079000 | 2152072000 | 2167609000 | 2.156553e+09 |
|        L2_PF_HIT_IN_L2 STAT        |   PMC3  |  74430029100 |  467937300 |  861286700 | 7.753128e+08 |
+------------------------------------+---------+--------------+------------+------------+--------------+
+-------------------------------+------------+------------+------------+------------+------------+------------+------------+------------+------------+------------+-------------+-------------+-------------+-------------+-------------+-------------+-------------+-------------+-------------+-------------+-------------+-------------+-------------+-------------+-------------+-------------+-------------+-------------+-------------+-------------+-------------+-------------+-------------+-------------+-------------+-------------+-------------+-------------+-------------+-------------+-------------+-------------+-------------+-------------+-------------+-------------+-------------+-------------+-------------+-------------+-------------+-------------+-------------+-------------+-------------+-------------+-------------+-------------+-------------+-------------+-------------+-------------+-------------+-------------+-------------+-------------+-------------+-------------+-------------+-------------+-------------+-------------+-------------+-------------+-------------+-------------+-------------+-------------+-------------+-------------+-------------+-------------+-------------+-------------+-------------+-------------+-------------+-------------+-------------+-------------+-------------+-------------+-------------+-------------+-------------+-------------+
|             Metric            | HWThread 0 | HWThread 1 | HWThread 2 | HWThread 3 | HWThread 4 | HWThread 5 | HWThread 6 | HWThread 7 | HWThread 8 | HWThread 9 | HWThread 10 | HWThread 11 | HWThread 12 | HWThread 13 | HWThread 14 | HWThread 15 | HWThread 16 | HWThread 17 | HWThread 18 | HWThread 19 | HWThread 20 | HWThread 21 | HWThread 22 | HWThread 23 | HWThread 24 | HWThread 25 | HWThread 26 | HWThread 27 | HWThread 28 | HWThread 29 | HWThread 30 | HWThread 31 | HWThread 32 | HWThread 33 | HWThread 34 | HWThread 35 | HWThread 36 | HWThread 37 | HWThread 38 | HWThread 39 | HWThread 40 | HWThread 41 | HWThread 42 | HWThread 43 | HWThread 44 | HWThread 45 | HWThread 46 | HWThread 47 | HWThread 48 | HWThread 49 | HWThread 50 | HWThread 51 | HWThread 52 | HWThread 53 | HWThread 54 | HWThread 55 | HWThread 56 | HWThread 57 | HWThread 58 | HWThread 59 | HWThread 60 | HWThread 61 | HWThread 62 | HWThread 63 | HWThread 64 | HWThread 65 | HWThread 66 | HWThread 67 | HWThread 68 | HWThread 69 | HWThread 70 | HWThread 71 | HWThread 72 | HWThread 73 | HWThread 74 | HWThread 75 | HWThread 76 | HWThread 77 | HWThread 78 | HWThread 79 | HWThread 80 | HWThread 81 | HWThread 82 | HWThread 83 | HWThread 84 | HWThread 85 | HWThread 86 | HWThread 87 | HWThread 88 | HWThread 89 | HWThread 90 | HWThread 91 | HWThread 92 | HWThread 93 | HWThread 94 | HWThread 95 |
+-------------------------------+------------+------------+------------+------------+------------+------------+------------+------------+------------+------------+-------------+-------------+-------------+-------------+-------------+-------------+-------------+-------------+-------------+-------------+-------------+-------------+-------------+-------------+-------------+-------------+-------------+-------------+-------------+-------------+-------------+-------------+-------------+-------------+-------------+-------------+-------------+-------------+-------------+-------------+-------------+-------------+-------------+-------------+-------------+-------------+-------------+-------------+-------------+-------------+-------------+-------------+-------------+-------------+-------------+-------------+-------------+-------------+-------------+-------------+-------------+-------------+-------------+-------------+-------------+-------------+-------------+-------------+-------------+-------------+-------------+-------------+-------------+-------------+-------------+-------------+-------------+-------------+-------------+-------------+-------------+-------------+-------------+-------------+-------------+-------------+-------------+-------------+-------------+-------------+-------------+-------------+-------------+-------------+-------------+-------------+
|      Runtime (RDTSC) [s]      |     2.9874 |     2.9874 |     2.9872 |     2.9872 |     2.9872 |     2.9874 |     2.9872 |     2.9874 |     2.9872 |     2.9874 |      2.9874 |      2.9872 |      2.9872 |      2.9874 |      2.9874 |      2.9872 |      2.9872 |      2.9874 |      2.9872 |      2.9873 |      2.9873 |      2.9873 |      2.9872 |      2.9874 |      2.9873 |      2.9873 |      2.9873 |      2.9872 |      2.9872 |      2.9872 |      2.9873 |      2.9872 |      2.9874 |      2.9874 |      2.9874 |      2.9874 |      2.9874 |      2.9873 |      2.9873 |      2.9876 |      2.9874 |      2.9874 |      2.9872 |      2.9874 |      2.9872 |      2.9872 |      2.9873 |      2.9872 |      2.9873 |      2.9874 |      2.9874 |      2.9873 |      2.9874 |      2.9874 |      2.9873 |      2.9874 |      2.9875 |      2.9872 |      2.9873 |      2.9874 |      2.9872 |      2.9874 |      2.9875 |      2.9874 |      2.9878 |      2.9877 |      2.9877 |      2.9873 |      2.9875 |      2.9877 |      2.9878 |      2.9873 |      2.9875 |      2.9872 |      2.9874 |      2.9873 |      2.9875 |      2.9874 |      2.9874 |      2.9877 |      2.9872 |      2.9873 |      2.9872 |      2.9873 |      2.9874 |      2.9872 |      2.9873 |      2.9873 |      2.9877 |      2.9873 |      2.9874 |      2.9874 |      2.9874 |      2.9874 |      2.9874 |      2.9876 |
|      Runtime unhalted [s]     |     2.8423 |     2.8424 |     2.8423 |     2.8423 |     2.8424 |     2.8423 |     2.8423 |     2.8423 |     2.8424 |     2.8426 |      2.8427 |      2.8426 |      2.8425 |      2.8427 |      2.8426 |      2.8423 |      2.8424 |      2.8424 |      2.8425 |      2.8424 |      2.8424 |      2.8423 |      2.8426 |      2.8424 |      2.8425 |      2.8425 |      2.8425 |      2.8425 |      2.8426 |      2.8426 |      2.8426 |      2.8425 |      2.8428 |      2.8428 |      2.8428 |      2.8429 |      2.8428 |      2.8427 |      2.8427 |      2.8429 |      2.8428 |      2.8428 |      2.8429 |      2.8428 |      2.8428 |      2.8428 |      2.8428 |      2.8429 |      2.8426 |      2.8426 |      2.8426 |      2.8425 |      2.8426 |      2.8426 |      2.8426 |      2.8426 |      2.8428 |      2.8428 |      2.8427 |      2.8428 |      2.8427 |      2.8428 |      2.8428 |      2.8426 |      2.8435 |      2.8436 |      2.8435 |      2.8434 |      2.8433 |      2.8436 |      2.8435 |      2.8432 |      2.8426 |      2.8426 |      2.8426 |      2.8426 |      2.8426 |      2.8425 |      2.8425 |      2.8427 |      2.8430 |      2.8430 |      2.8431 |      2.8430 |      2.8432 |      2.8432 |      2.8430 |      2.8430 |      2.8429 |      2.8427 |      2.8425 |      2.8427 |      2.8427 |      2.8426 |      2.8426 |      2.8427 |
|          Clock [MHz]          |  2279.7181 |  2279.7878 |  2279.8243 |  2279.7106 |  2279.7695 |  2279.6666 |  2279.8086 |  2279.7130 |  2279.8576 |  2279.9576 |   2279.9606 |   2279.9572 |   2279.9048 |   2279.9826 |   2279.9511 |   2279.8590 |   2279.8317 |   2279.7856 |   2279.8677 |   2279.8428 |   2279.8018 |   2279.7690 |   2279.8271 |   2279.7837 |   2279.8889 |   2279.8682 |   2279.8465 |   2279.8969 |   2279.9268 |   2279.9276 |   2279.9009 |   2279.8174 |   2280.0423 |   2280.0444 |   2279.9881 |   2280.0643 |   2279.9928 |   2279.9734 |   2280.0530 |   2280.0007 |   2280.1194 |   2280.1169 |   2280.1611 |   2280.1679 |   2280.1043 |   2280.1279 |   2280.1830 |   2280.1742 |   2279.8556 |   2279.8492 |   2279.8518 |   2279.8223 |   2279.8480 |   2279.8524 |   2279.8454 |   2279.8479 |   2279.9271 |   2279.9037 |   2279.9821 |   2279.9378 |   2279.9764 |   2279.9333 |   2279.9348 |   2279.8803 |   2280.4034 |   2280.4736 |   2280.3974 |   2280.4052 |   2280.4256 |   2280.4658 |   2280.4089 |   2280.3780 |   2279.7435 |   2279.8232 |   2279.7714 |   2279.8249 |   2279.7252 |   2279.7670 |   2279.7680 |   2279.7055 |   2280.1807 |   2280.1682 |   2280.2281 |   2280.1832 |   2280.1885 |   2280.2355 |   2280.1868 |   2280.1794 |   2279.8332 |   2279.8925 |   2279.8049 |   2279.8200 |   2279.8473 |   2279.8420 |   2279.8430 |   2279.8141 |
|              CPI              |     0.8901 |     0.8922 |     0.8892 |     0.8886 |     0.8885 |     0.8881 |     0.8876 |     0.8874 |     0.8881 |     0.8879 |      0.8895 |      0.8883 |      0.8889 |      0.8882 |      0.8880 |      0.8874 |      0.8873 |      0.8874 |      0.8877 |      0.8882 |      0.8876 |      0.8918 |      0.8869 |      0.8910 |      0.8878 |      0.8881 |      0.8885 |      0.8918 |      0.8880 |      0.8883 |      0.8872 |      0.8870 |      0.8879 |      0.8876 |      0.8890 |      0.8885 |      0.8881 |      0.8878 |      0.8874 |      0.8870 |      0.8870 |      0.8872 |      0.8872 |      0.8873 |      0.8872 |      0.8869 |      0.8872 |      0.8871 |      0.8890 |      0.8913 |      0.8895 |      0.8888 |      0.8889 |      0.8884 |      0.8879 |      0.8875 |      0.8910 |      0.8892 |      0.8906 |      0.8894 |      0.8895 |      0.8892 |      0.8888 |      0.8883 |      0.8858 |      0.8858 |      0.8859 |      0.8857 |      0.8857 |      0.8860 |      0.8858 |      0.8860 |      0.8868 |      0.8868 |      0.8871 |      0.8866 |      0.8869 |      0.8868 |      0.8868 |      0.8867 |      0.8874 |      0.8879 |      0.8857 |      0.8874 |      0.8873 |      0.8872 |      0.8873 |      0.8873 |      0.8910 |      0.8909 |      0.8909 |      0.8911 |      0.8910 |      0.8911 |      0.8911 |      0.8932 |
|    L2 bandwidth [MBytes/s]    | 46149.2999 | 46193.5836 | 46107.6405 | 46128.4583 | 46122.4380 | 46123.2851 | 46112.6479 | 46123.2448 | 46108.2897 | 46123.0933 |  46119.0657 |  46125.1447 |  46125.0817 |  46120.3287 |  46108.5018 |  46125.8694 |  46129.0049 |  46122.0877 |  46112.1353 |  46108.2369 |  46116.8433 |  46195.2526 |  46112.3423 |  46180.1394 |  46108.3350 |  46127.0719 |  46117.5689 |  46185.2337 |  46125.3243 |  46126.0433 |  46120.4518 |  46124.9815 |  46105.2468 |  46120.8306 |  46114.6292 |  46144.8902 |  46107.9572 |  46124.5191 |  46108.7142 |  46119.7622 |  46358.5644 |  46363.3847 |  46339.3104 |  46334.9011 |  46337.4952 |  46342.7383 |  46376.3694 |  46440.3781 |  46108.0088 |  46177.9642 |  46113.1006 |  46127.8661 |  46123.8043 |  46121.8841 |  46106.7602 |  46126.9998 |  46138.1758 |  46127.0169 |  46121.5964 |  46122.1163 |  46124.3268 |  46123.2354 |  46103.5485 |  46125.1692 |  46355.3540 |  46380.7254 |  46327.5335 |  46335.6168 |  46336.6530 |  46314.4180 |  46364.1024 |  46434.0888 |  46196.0874 |  46236.1602 |  46202.7009 |  46223.6636 |  46205.2410 |  46255.0898 |  46248.2166 |  46237.6813 |  46209.5448 |  46244.7687 |  46192.1364 |  46221.4248 |  46205.9451 |  46226.6869 |  46238.8711 |  46234.9541 |  46356.9932 |  46365.0751 |  46344.2935 |  46352.3701 |  46345.1497 |  46361.2668 |  46379.6388 |  46422.0434 |
|    L2 data volume [GBytes]    |   137.8669 |   137.9969 |   137.7329 |   137.7954 |   137.7774 |   137.7894 |   137.7478 |   137.7895 |   137.7326 |   137.7885 |    137.7765 |    137.7872 |    137.7855 |    137.7806 |    137.7436 |    137.7875 |    137.7974 |    137.7841 |    137.7468 |    137.7391 |    137.7648 |    137.9972 |    137.7489 |    137.9574 |    137.7372 |    137.7933 |    137.7648 |    137.9650 |    137.7860 |    137.7882 |    137.7735 |    137.7850 |    137.7356 |    137.7832 |    137.7639 |    137.8536 |    137.7441 |    137.7878 |    137.7406 |    137.7853 |    138.4909 |    138.5053 |    138.4253 |    138.4201 |    138.4200 |    138.4356 |    138.5379 |    138.7270 |    137.7390 |    137.9525 |    137.7588 |    137.7962 |    137.7914 |    137.7850 |    137.7352 |    137.8008 |    137.8364 |    137.7910 |    137.7780 |    137.7859 |    137.7829 |    137.7896 |    137.7347 |    137.7934 |    138.4991 |    138.5730 |    138.4142 |    138.4189 |    138.4298 |    138.3750 |    138.5260 |    138.7128 |    138.0086 |    138.1171 |    138.0267 |    138.0822 |    138.0360 |    138.1848 |    138.1641 |    138.1427 |    138.0376 |    138.1463 |    137.9871 |    138.0751 |    138.0346 |    138.0890 |    138.1295 |    138.1168 |    138.5023 |    138.5043 |    138.4476 |    138.4717 |    138.4523 |    138.4983 |    138.5551 |    138.6886 |
| Prefetch bandwidth [MBytes/s] | 16535.6560 | 15793.1037 | 17294.2650 | 16892.2327 | 16342.4606 | 16214.6733 | 17160.4970 | 16843.6443 | 15526.1064 | 16326.2407 |  16765.9721 |  16793.2569 |  16779.0523 |  16248.6633 |  17221.2783 |  16232.4676 |  16751.8656 |  16731.8827 |  16847.1433 |  17334.6098 |  17078.6006 |  15739.6591 |  15620.9259 |  16392.3861 |  17527.9070 |  16306.8268 |  16531.7915 |  16575.7988 |  16586.6967 |  16932.2697 |  16021.4672 |  16302.8989 |  16483.2302 |  16577.7352 |  17159.4453 |  16774.3234 |  15594.6668 |  16704.1971 |  17419.2696 |  16112.3102 |  17978.1753 |  18220.1871 |  17998.0380 |  17638.5274 |  18311.9524 |  17692.4453 |  18230.6197 |  10057.6595 |  17582.5331 |  15819.1536 |  17357.4178 |  16649.0475 |  16717.1417 |  16827.9940 |  17775.9458 |  16528.9903 |  15486.9773 |  16415.5799 |  17189.5837 |  16646.9381 |  16476.3406 |  16967.3218 |  15606.2238 |  16426.3717 |  18131.4305 |  18449.5874 |  17758.0838 |  17465.3355 |  17799.5785 |  17953.8751 |  18177.8845 |  10025.0819 |  15593.2610 |  16066.3736 |  16184.6015 |  16121.6354 |  16390.7563 |  16354.6441 |  16548.7034 |  16458.6840 |  15632.1607 |  15969.7802 |  16197.2302 |  15985.9392 |  15871.6584 |  16802.1679 |  16433.9348 |  16112.3944 |  17417.9671 |  17548.1198 |  17809.7952 |  17794.4817 |  17839.1690 |  17622.9569 |  18062.3864 |  10301.7130 |
| Prefetch data volume [GBytes] |    49.3988 |    47.1797 |    51.6615 |    50.4606 |    48.8184 |    48.4400 |    51.2619 |    50.3190 |    46.3789 |    48.7732 |     50.0868 |     50.1656 |     50.1226 |     48.5415 |     51.4465 |     48.4897 |     50.0415 |     49.9844 |     50.3260 |     51.7837 |     51.0189 |     47.0184 |     46.6635 |     48.9702 |     52.3603 |     48.7126 |     49.3846 |     49.5154 |     49.5479 |     50.5803 |     47.8602 |     48.7002 |     49.2423 |     49.5250 |     51.2625 |     50.1117 |     46.5879 |     49.9004 |     52.0366 |     48.1364 |     53.7077 |     54.4307 |     53.7640 |     52.6930 |     54.7017 |     52.8511 |     54.4594 |     30.0443 |     52.5245 |     47.2583 |     51.8537 |     49.7351 |     49.9412 |     50.2721 |     53.1023 |     49.3791 |     46.2669 |     49.0368 |     51.3500 |     49.7313 |     49.2182 |     50.6886 |     46.6237 |     49.0718 |     54.1725 |     55.1223 |     53.0564 |     52.1744 |     53.1759 |     53.6413 |     54.3116 |     29.9480 |     46.5841 |     47.9936 |     48.3501 |     48.1596 |     48.9666 |     48.8587 |     49.4384 |     49.1730 |     46.6965 |     47.7063 |     48.3851 |     47.7541 |     47.4146 |     50.1917 |     49.0931 |     48.1322 |     52.0402 |     52.4207 |     53.2044 |     53.1587 |     53.2930 |     52.6463 |     53.9598 |     30.7770 |
+-------------------------------+------------+------------+------------+------------+------------+------------+------------+------------+------------+------------+-------------+-------------+-------------+-------------+-------------+-------------+-------------+-------------+-------------+-------------+-------------+-------------+-------------+-------------+-------------+-------------+-------------+-------------+-------------+-------------+-------------+-------------+-------------+-------------+-------------+-------------+-------------+-------------+-------------+-------------+-------------+-------------+-------------+-------------+-------------+-------------+-------------+-------------+-------------+-------------+-------------+-------------+-------------+-------------+-------------+-------------+-------------+-------------+-------------+-------------+-------------+-------------+-------------+-------------+-------------+-------------+-------------+-------------+-------------+-------------+-------------+-------------+-------------+-------------+-------------+-------------+-------------+-------------+-------------+-------------+-------------+-------------+-------------+-------------+-------------+-------------+-------------+-------------+-------------+-------------+-------------+-------------+-------------+-------------+-------------+-------------+
+------------------------------------+--------------+------------+------------+------------+
|               Metric               |      Sum     |     Min    |     Max    |     Avg    |
+------------------------------------+--------------+------------+------------+------------+
|      Runtime (RDTSC) [s] STAT      |     286.7864 |     2.9872 |     2.9878 |     2.9874 |
|      Runtime unhalted [s] STAT     |     272.9006 |     2.8423 |     2.8436 |     2.8427 |
|          Clock [MHz] STAT          |  218876.3074 |  2279.6666 |  2280.4736 |  2279.9615 |
|              CPI STAT              |      85.2693 |     0.8857 |     0.8932 |     0.8882 |
|    L2 bandwidth [MBytes/s] STAT    | 4.435313e+06 | 46103.5485 | 46440.3781 | 46201.1749 |
|    L2 data volume [GBytes] STAT    |   13249.8611 |   137.7326 |   138.7270 |   138.0194 |
| Prefetch bandwidth [MBytes/s] STAT | 1.594560e+06 | 10025.0819 | 18449.5874 | 16610.0002 |
| Prefetch data volume [GBytes] STAT |    4763.5213 |    29.9480 |    55.1223 |    49.6200 |
+------------------------------------+--------------+------------+------------+------------+
