--------------------------------------------------------------------------------
CPU name:	AMD EPYC 9654 96-Core Processor                
CPU type:	AMD K19 (Zen4) architecture
CPU clock:	2.40 GHz
--------------------------------------------------------------------------------
Region bench, Group 1: L2
+-------------------+------------+------------+------------+------------+------------+------------+------------+------------+------------+------------+-------------+-------------+-------------+-------------+-------------+-------------+-------------+-------------+-------------+-------------+-------------+-------------+-------------+-------------+
|    Region Info    | HWThread 0 | HWThread 1 | HWThread 2 | HWThread 3 | HWThread 4 | HWThread 5 | HWThread 6 | HWThread 7 | HWThread 8 | HWThread 9 | HWThread 10 | HWThread 11 | HWThread 12 | HWThread 13 | HWThread 14 | HWThread 15 | HWThread 16 | HWThread 17 | HWThread 18 | HWThread 19 | HWThread 20 | HWThread 21 | HWThread 22 | HWThread 23 |
+-------------------+------------+------------+------------+------------+------------+------------+------------+------------+------------+------------+-------------+-------------+-------------+-------------+-------------+-------------+-------------+-------------+-------------+-------------+-------------+-------------+-------------+-------------+
| RDTSC Runtime [s] |   1.914526 |   1.914525 |   1.914525 |   1.914511 |   1.914526 |   1.914528 |   1.914525 |   1.914522 |   1.914553 |   1.914524 |    1.914491 |    1.914549 |    1.914549 |    1.914551 |    1.914550 |    1.914551 |    1.914525 |    1.914527 |    1.914525 |    1.914527 |    1.914526 |    1.914544 |    1.914524 |    1.914524 |
|     call count    |          1 |          1 |          1 |          1 |          1 |          1 |          1 |          1 |          1 |          1 |           1 |           1 |           1 |           1 |           1 |           1 |           1 |           1 |           1 |           1 |           1 |           1 |           1 |           1 |
+-------------------+------------+------------+------------+------------+------------+------------+------------+------------+------------+------------+-------------+-------------+-------------+-------------+-------------+-------------+-------------+-------------+-------------+-------------+-------------+-------------+-------------+-------------+
+-------------------------------+---------+------------+------------+------------+------------+------------+------------+------------+------------+------------+------------+-------------+-------------+-------------+-------------+-------------+-------------+-------------+-------------+-------------+-------------+-------------+-------------+-------------+-------------+
|             Event             | Counter | HWThread 0 | HWThread 1 | HWThread 2 | HWThread 3 | HWThread 4 | HWThread 5 | HWThread 6 | HWThread 7 | HWThread 8 | HWThread 9 | HWThread 10 | HWThread 11 | HWThread 12 | HWThread 13 | HWThread 14 | HWThread 15 | HWThread 16 | HWThread 17 | HWThread 18 | HWThread 19 | HWThread 20 | HWThread 21 | HWThread 22 | HWThread 23 |
+-------------------------------+---------+------------+------------+------------+------------+------------+------------+------------+------------+------------+------------+-------------+-------------+-------------+-------------+-------------+-------------+-------------+-------------+-------------+-------------+-------------+-------------+-------------+-------------+
|        ACTUAL_CPU_CLOCK       |  FIXC1  | 6527734000 | 6527738000 | 6527730000 | 6527711000 | 6527723000 | 6527738000 | 6527721000 | 6527724000 | 6528335000 | 6526932000 |  6526623000 |  6528432000 |  6527556000 |  6529526000 |  6529286000 |  6528208000 |  6535857000 |  6535892000 |  6535818000 |  6535893000 |  6535889000 |  6535893000 |  6535858000 |  6535882000 |
|         MAX_CPU_CLOCK         |  FIXC2  | 4588455000 | 4588457000 | 4588455000 | 4588438000 | 4588449000 | 4588455000 | 4588442000 | 4588444000 | 4588445000 | 4588416000 |  4588398000 |  4588446000 |  4588426000 |  4588426000 |  4588438000 |  4588426000 |  4588457000 |  4588461000 |  4588432000 |  4588467000 |  4588462000 |  4588462000 |  4588458000 |  4588458000 |
|      RETIRED_INSTRUCTIONS     |   PMC0  | 7521424000 | 7521658000 | 7521067000 | 7530068000 | 7521298000 | 7521343000 | 7521691000 | 7522021000 | 7518027000 | 7518154000 |  7517217000 |  7517537000 |  7517462000 |  7517927000 |  7518222000 |  7518768000 |  7552800000 |  7524407000 |  7522888000 |  7523936000 |  7523165000 |  7524818000 |  7525292000 |  7541201000 |
|      CPU_CLOCKS_UNHALTED      |   PMC1  | 6428796000 | 6430274000 | 6430492000 | 6430705000 | 6430504000 | 6430401000 | 6430592000 | 6430811000 | 6430186000 | 6428348000 |  6427776000 |  6429696000 |  6428983000 |  6431174000 |  6430763000 |  6429691000 |  6447530000 |  6447518000 |  6447226000 |  6447620000 |  6448178000 |  6447528000 |  6448456000 |  6447871000 |
| REQUESTS_TO_L2_GRP1_ALL_NO_PF |   PMC2  | 2158322000 | 2158945000 | 2158215000 | 2160477000 | 2158031000 | 2159796000 | 2158624000 | 2159892000 | 2160171000 | 2160548000 |  2159241000 |  2160237000 |  2159459000 |  2161132000 |  2159791000 |  2160636000 |  2155660000 |  2157884000 |  2157253000 |  2157858000 |  2157267000 |  2158661000 |  2157728000 |  2157019000 |
|        L2_PF_HIT_IN_L2        |   PMC3  |  760456400 |  745584200 |  737546400 |  824437100 |  737856900 |  739814800 |  778114300 |  762333500 |  754673900 |  759351700 |   771211000 |   766333100 |   755428200 |   740114100 |   754658100 |   773948800 |   797474600 |   747101700 |   737224800 |   736736100 |   750085100 |   729639800 |   752958200 |   768942200 |
+-------------------------------+---------+------------+------------+------------+------------+------------+------------+------------+------------+------------+------------+-------------+-------------+-------------+-------------+-------------+-------------+-------------+-------------+-------------+-------------+-------------+-------------+-------------+-------------+
+------------------------------------+---------+--------------+------------+------------+--------------+
|                Event               | Counter |      Sum     |     Min    |     Max    |      Avg     |
+------------------------------------+---------+--------------+------------+------------+--------------+
|        ACTUAL_CPU_CLOCK STAT       |  FIXC1  | 156733699000 | 6526623000 | 6535893000 | 6.530571e+09 |
|         MAX_CPU_CLOCK STAT         |  FIXC2  | 110122673000 | 4588398000 | 4588467000 | 4.588445e+09 |
|      RETIRED_INSTRUCTIONS STAT     |   PMC0  | 180562391000 | 7517217000 | 7552800000 | 7.523433e+09 |
|      CPU_CLOCKS_UNHALTED STAT      |   PMC1  | 154461119000 | 6427776000 | 6448456000 | 6.435880e+09 |
| REQUESTS_TO_L2_GRP1_ALL_NO_PF STAT |   PMC2  |  51812847000 | 2155660000 | 2161132000 |   2158868625 |
|        L2_PF_HIT_IN_L2 STAT        |   PMC3  |  18182025000 |  729639800 |  824437100 |    757584375 |
+------------------------------------+---------+--------------+------------+------------+--------------+
+-------------------------------+------------+------------+------------+------------+------------+------------+------------+------------+------------+------------+-------------+-------------+-------------+-------------+-------------+-------------+-------------+-------------+-------------+-------------+-------------+-------------+-------------+-------------+
|             Metric            | HWThread 0 | HWThread 1 | HWThread 2 | HWThread 3 | HWThread 4 | HWThread 5 | HWThread 6 | HWThread 7 | HWThread 8 | HWThread 9 | HWThread 10 | HWThread 11 | HWThread 12 | HWThread 13 | HWThread 14 | HWThread 15 | HWThread 16 | HWThread 17 | HWThread 18 | HWThread 19 | HWThread 20 | HWThread 21 | HWThread 22 | HWThread 23 |
+-------------------------------+------------+------------+------------+------------+------------+------------+------------+------------+------------+------------+-------------+-------------+-------------+-------------+-------------+-------------+-------------+-------------+-------------+-------------+-------------+-------------+-------------+-------------+
|      Runtime (RDTSC) [s]      |     1.9145 |     1.9145 |     1.9145 |     1.9145 |     1.9145 |     1.9145 |     1.9145 |     1.9145 |     1.9146 |     1.9145 |      1.9145 |      1.9145 |      1.9145 |      1.9146 |      1.9145 |      1.9146 |      1.9145 |      1.9145 |      1.9145 |      1.9145 |      1.9145 |      1.9145 |      1.9145 |      1.9145 |
|      Runtime unhalted [s]     |     2.7240 |     2.7240 |     2.7240 |     2.7240 |     2.7240 |     2.7240 |     2.7240 |     2.7240 |     2.7242 |     2.7237 |      2.7235 |      2.7243 |      2.7239 |      2.7247 |      2.7246 |      2.7242 |      2.7274 |      2.7274 |      2.7274 |      2.7274 |      2.7274 |      2.7274 |      2.7274 |      2.7274 |
|          Clock [MHz]          |  3409.1919 |  3409.1926 |  3409.1899 |  3409.1926 |  3409.1907 |  3409.1940 |  3409.1948 |  3409.1949 |  3409.5133 |  3408.8021 |   3408.6541 |   3409.5632 |   3409.1205 |   3410.1494 |   3410.0151 |   3409.4611 |   3413.4328 |   3413.4481 |   3413.4310 |   3413.4442 |   3413.4458 |   3413.4479 |   3413.4326 |   3413.4451 |
|              CPI              |     0.8547 |     0.8549 |     0.8550 |     0.8540 |     0.8550 |     0.8550 |     0.8549 |     0.8549 |     0.8553 |     0.8550 |      0.8551 |      0.8553 |      0.8552 |      0.8554 |      0.8554 |      0.8552 |      0.8537 |      0.8569 |      0.8570 |      0.8569 |      0.8571 |      0.8568 |      0.8569 |      0.8550 |
|    L2 bandwidth [MBytes/s]    | 72149.7687 | 72170.6324 | 72146.2295 | 72222.3732 | 72140.0409 | 72198.9671 | 72159.9018 | 72202.4025 | 72210.5599 | 72224.2563 |  72181.8092 |  72212.9170 |  72186.9098 |  72242.7598 |  72197.9703 |  72226.1794 |  72060.8193 |  72135.0892 |  72114.0711 |  72134.2201 |  72114.5014 |  72160.4225 |  72129.9874 |  72106.2865 |
|    L2 data volume [GBytes]    |   138.1326 |   138.1725 |   138.1258 |   138.2705 |   138.1140 |   138.2269 |   138.1519 |   138.2331 |   138.2509 |   138.2751 |    138.1914 |    138.2552 |    138.2054 |    138.3124 |    138.2266 |    138.2807 |    137.9622 |    138.1046 |    138.0642 |    138.1029 |    138.0651 |    138.1543 |    138.0946 |    138.0492 |
| Prefetch bandwidth [MBytes/s] | 25421.0231 | 24923.8787 | 24655.1858 | 27560.0268 | 24665.5525 | 24730.9766 | 26011.3162 | 25483.8252 | 25227.3662 | 25384.1210 |  25781.0060 |  25617.1654 |  25252.6338 |  24740.6846 |  25226.8775 |  25871.7178 |  26658.5051 |  24974.5806 |  24644.4351 |  24628.0728 |  25074.3246 |  24390.6367 |  25170.3947 |  25704.7187 |
| Prefetch data volume [GBytes] |    48.6692 |    47.7174 |    47.2030 |    52.7640 |    47.2228 |    47.3481 |    49.7993 |    48.7893 |    48.2991 |    48.5985 |     49.3575 |     49.0453 |     48.3474 |     47.3673 |     48.2981 |     49.5327 |     51.0384 |     47.8145 |     47.1824 |     47.1511 |     48.0054 |     46.6969 |     48.1893 |     49.2123 |
+-------------------------------+------------+------------+------------+------------+------------+------------+------------+------------+------------+------------+-------------+-------------+-------------+-------------+-------------+-------------+-------------+-------------+-------------+-------------+-------------+-------------+-------------+-------------+
+------------------------------------+--------------+------------+------------+------------+
|               Metric               |      Sum     |     Min    |     Max    |     Avg    |
+------------------------------------+--------------+------------+------------+------------+
|      Runtime (RDTSC) [s] STAT      |      45.9483 |     1.9145 |     1.9146 |     1.9145 |
|      Runtime unhalted [s] STAT     |      65.4043 |     2.7235 |     2.7274 |     2.7252 |
|          Clock [MHz] STAT          |   81856.3477 |  3408.6541 |  3413.4481 |  3410.6812 |
|              CPI STAT              |      20.5306 |     0.8537 |     0.8571 |     0.8554 |
|    L2 bandwidth [MBytes/s] STAT    | 1.732029e+06 | 72060.8193 | 72242.7598 | 72167.8781 |
|    L2 data volume [GBytes] STAT    |    3316.0221 |   137.9622 |   138.3124 |   138.1676 |
| Prefetch bandwidth [MBytes/s] STAT |  607799.0255 | 24390.6367 | 27560.0268 | 25324.9594 |
| Prefetch data volume [GBytes] STAT |    1163.6493 |    46.6969 |    52.7640 |    48.4854 |
+------------------------------------+--------------+------------+------------+------------+
