--------------------------------------------------------------------------------
CPU name:	AMD EPYC 9654 96-Core Processor                
CPU type:	AMD K19 (Zen4) architecture
CPU clock:	2.40 GHz
--------------------------------------------------------------------------------
Region bench, Group 1: L2
+-------------------+------------+------------+------------+------------+------------+------------+------------+------------+------------+------------+-------------+-------------+-------------+-------------+-------------+-------------+-------------+-------------+-------------+-------------+-------------+-------------+-------------+-------------+-------------+-------------+-------------+-------------+-------------+-------------+-------------+-------------+-------------+-------------+-------------+-------------+-------------+-------------+-------------+-------------+-------------+-------------+-------------+-------------+-------------+-------------+-------------+-------------+-------------+-------------+-------------+-------------+-------------+-------------+-------------+-------------+-------------+-------------+-------------+-------------+-------------+-------------+-------------+-------------+-------------+-------------+-------------+-------------+-------------+-------------+-------------+-------------+-------------+-------------+-------------+-------------+-------------+-------------+-------------+-------------+-------------+-------------+-------------+-------------+-------------+-------------+-------------+-------------+-------------+-------------+-------------+-------------+-------------+-------------+-------------+-------------+-------------+-------------+-------------+-------------+--------------+--------------+--------------+--------------+--------------+--------------+--------------+--------------+--------------+--------------+--------------+--------------+--------------+--------------+--------------+--------------+--------------+--------------+--------------+--------------+--------------+--------------+--------------+--------------+--------------+--------------+--------------+--------------+--------------+--------------+--------------+--------------+--------------+--------------+--------------+--------------+--------------+--------------+--------------+--------------+--------------+--------------+--------------+--------------+--------------+--------------+--------------+--------------+--------------+--------------+--------------+--------------+--------------+--------------+--------------+--------------+--------------+--------------+--------------+--------------+--------------+--------------+--------------+--------------+--------------+--------------+--------------+--------------+--------------+--------------+--------------+--------------+--------------+--------------+--------------+--------------+--------------+--------------+--------------+--------------+--------------+--------------+--------------+--------------+--------------+--------------+--------------+--------------+--------------+--------------+--------------+--------------+
|    Region Info    | HWThread 0 | HWThread 1 | HWThread 2 | HWThread 3 | HWThread 4 | HWThread 5 | HWThread 6 | HWThread 7 | HWThread 8 | HWThread 9 | HWThread 10 | HWThread 11 | HWThread 12 | HWThread 13 | HWThread 14 | HWThread 15 | HWThread 16 | HWThread 17 | HWThread 18 | HWThread 19 | HWThread 20 | HWThread 21 | HWThread 22 | HWThread 23 | HWThread 24 | HWThread 25 | HWThread 26 | HWThread 27 | HWThread 28 | HWThread 29 | HWThread 30 | HWThread 31 | HWThread 32 | HWThread 33 | HWThread 34 | HWThread 35 | HWThread 36 | HWThread 37 | HWThread 38 | HWThread 39 | HWThread 40 | HWThread 41 | HWThread 42 | HWThread 43 | HWThread 44 | HWThread 45 | HWThread 46 | HWThread 47 | HWThread 48 | HWThread 49 | HWThread 50 | HWThread 51 | HWThread 52 | HWThread 53 | HWThread 54 | HWThread 55 | HWThread 56 | HWThread 57 | HWThread 58 | HWThread 59 | HWThread 60 | HWThread 61 | HWThread 62 | HWThread 63 | HWThread 64 | HWThread 65 | HWThread 66 | HWThread 67 | HWThread 68 | HWThread 69 | HWThread 70 | HWThread 71 | HWThread 72 | HWThread 73 | HWThread 74 | HWThread 75 | HWThread 76 | HWThread 77 | HWThread 78 | HWThread 79 | HWThread 80 | HWThread 81 | HWThread 82 | HWThread 83 | HWThread 84 | HWThread 85 | HWThread 86 | HWThread 87 | HWThread 88 | HWThread 89 | HWThread 90 | HWThread 91 | HWThread 92 | HWThread 93 | HWThread 94 | HWThread 95 | HWThread 96 | HWThread 97 | HWThread 98 | HWThread 99 | HWThread 100 | HWThread 101 | HWThread 102 | HWThread 103 | HWThread 104 | HWThread 105 | HWThread 106 | HWThread 107 | HWThread 108 | HWThread 109 | HWThread 110 | HWThread 111 | HWThread 112 | HWThread 113 | HWThread 114 | HWThread 115 | HWThread 116 | HWThread 117 | HWThread 118 | HWThread 119 | HWThread 120 | HWThread 121 | HWThread 122 | HWThread 123 | HWThread 124 | HWThread 125 | HWThread 126 | HWThread 127 | HWThread 128 | HWThread 129 | HWThread 130 | HWThread 131 | HWThread 132 | HWThread 133 | HWThread 134 | HWThread 135 | HWThread 136 | HWThread 137 | HWThread 138 | HWThread 139 | HWThread 140 | HWThread 141 | HWThread 142 | HWThread 143 | HWThread 144 | HWThread 145 | HWThread 146 | HWThread 147 | HWThread 148 | HWThread 149 | HWThread 150 | HWThread 151 | HWThread 152 | HWThread 153 | HWThread 154 | HWThread 155 | HWThread 156 | HWThread 157 | HWThread 158 | HWThread 159 | HWThread 160 | HWThread 161 | HWThread 162 | HWThread 163 | HWThread 164 | HWThread 165 | HWThread 166 | HWThread 167 | HWThread 168 | HWThread 169 | HWThread 170 | HWThread 171 | HWThread 172 | HWThread 173 | HWThread 174 | HWThread 175 | HWThread 176 | HWThread 177 | HWThread 178 | HWThread 179 | HWThread 180 | HWThread 181 | HWThread 182 | HWThread 183 | HWThread 184 | HWThread 185 | HWThread 186 | HWThread 187 | HWThread 188 | HWThread 189 | HWThread 190 | HWThread 191 |
+-------------------+------------+------------+------------+------------+------------+------------+------------+------------+------------+------------+-------------+-------------+-------------+-------------+-------------+-------------+-------------+-------------+-------------+-------------+-------------+-------------+-------------+-------------+-------------+-------------+-------------+-------------+-------------+-------------+-------------+-------------+-------------+-------------+-------------+-------------+-------------+-------------+-------------+-------------+-------------+-------------+-------------+-------------+-------------+-------------+-------------+-------------+-------------+-------------+-------------+-------------+-------------+-------------+-------------+-------------+-------------+-------------+-------------+-------------+-------------+-------------+-------------+-------------+-------------+-------------+-------------+-------------+-------------+-------------+-------------+-------------+-------------+-------------+-------------+-------------+-------------+-------------+-------------+-------------+-------------+-------------+-------------+-------------+-------------+-------------+-------------+-------------+-------------+-------------+-------------+-------------+-------------+-------------+-------------+-------------+-------------+-------------+-------------+-------------+--------------+--------------+--------------+--------------+--------------+--------------+--------------+--------------+--------------+--------------+--------------+--------------+--------------+--------------+--------------+--------------+--------------+--------------+--------------+--------------+--------------+--------------+--------------+--------------+--------------+--------------+--------------+--------------+--------------+--------------+--------------+--------------+--------------+--------------+--------------+--------------+--------------+--------------+--------------+--------------+--------------+--------------+--------------+--------------+--------------+--------------+--------------+--------------+--------------+--------------+--------------+--------------+--------------+--------------+--------------+--------------+--------------+--------------+--------------+--------------+--------------+--------------+--------------+--------------+--------------+--------------+--------------+--------------+--------------+--------------+--------------+--------------+--------------+--------------+--------------+--------------+--------------+--------------+--------------+--------------+--------------+--------------+--------------+--------------+--------------+--------------+--------------+--------------+--------------+--------------+--------------+--------------+
| RDTSC Runtime [s] |   2.877581 |   2.877557 |   2.877557 |   2.877179 |   2.877614 |   2.877574 |   2.877203 |   2.877184 |   2.877229 |   2.877335 |    2.877685 |    2.877239 |    2.877812 |    2.877213 |    2.877579 |    2.877562 |    2.877215 |    2.877228 |    2.877233 |    2.877230 |    2.877229 |    2.877226 |    2.877218 |    2.877227 |    2.877880 |    2.877231 |    2.877229 |    2.877684 |    2.877880 |    2.877647 |    2.877564 |    2.877675 |    2.877628 |    2.877333 |    2.877213 |    2.877201 |    2.877361 |    2.877226 |    2.877228 |    2.877202 |    2.877228 |    2.877223 |    2.877364 |    2.877220 |    2.877234 |    2.877228 |    2.877336 |    2.877208 |    2.877570 |    2.877986 |    2.877362 |    2.877590 |    2.877630 |    2.877426 |    2.877227 |    2.877797 |    2.877201 |    2.877405 |    2.877361 |    2.877202 |    2.877202 |    2.877425 |    2.877204 |    2.877199 |    2.877577 |    2.877615 |    2.877551 |    2.879400 |    2.877526 |    2.877879 |    2.877880 |    2.878338 |    2.877229 |    2.877295 |    2.877402 |    2.877399 |    2.877296 |    2.877296 |    2.877193 |    2.877199 |    2.877655 |    2.877640 |    2.877540 |    2.877629 |    2.877542 |    2.877421 |    2.877264 |    2.878293 |    2.877191 |    2.877210 |    2.877231 |    2.877217 |    2.877232 |    2.877233 |    2.877208 |    2.877234 |    2.877672 |    2.878283 |    2.878170 |    2.877839 |     2.877698 |     2.877593 |     2.877848 |     2.878263 |     2.877562 |     2.877212 |     2.877365 |     2.877212 |     2.877810 |     2.877365 |     2.877411 |     2.877470 |     2.877596 |     2.878872 |     2.878267 |     2.878216 |     2.878886 |     2.879406 |     2.877231 |     2.877365 |     2.877913 |     2.877568 |     2.877871 |     2.877365 |     2.877365 |     2.877914 |     2.877221 |     2.877405 |     2.877401 |     2.877229 |     2.877976 |     2.877276 |     2.877976 |     2.877962 |     2.877995 |     2.877226 |     2.877686 |     2.877220 |     2.877596 |     2.877220 |     2.877229 |     2.877365 |     2.877216 |     2.877536 |     2.877430 |     2.877305 |     2.879383 |     2.877465 |     2.877360 |     2.878159 |     2.877233 |     2.877212 |     2.877416 |     2.877986 |     2.877908 |     2.877414 |     2.877401 |     2.878000 |     2.877221 |     2.877987 |     2.877564 |     2.877558 |     2.877558 |     2.877914 |     2.877575 |     2.877325 |     2.877893 |     2.877911 |     2.877669 |     2.877978 |     2.877232 |     2.877978 |     2.877592 |     2.877221 |     2.877215 |     2.877209 |     2.877359 |     2.877664 |     2.877567 |     2.877948 |     2.877193 |     2.877614 |     2.877357 |     2.877578 |     2.877970 |     2.877618 |     2.878229 |     2.877305 |     2.877229 |     2.877228 |     2.877839 |     2.877211 |
|     call count    |          1 |          1 |          1 |          1 |          1 |          1 |          1 |          1 |          1 |          1 |           1 |           1 |           1 |           1 |           1 |           1 |           1 |           1 |           1 |           1 |           1 |           1 |           1 |           1 |           1 |           1 |           1 |           1 |           1 |           1 |           1 |           1 |           1 |           1 |           1 |           1 |           1 |           1 |           1 |           1 |           1 |           1 |           1 |           1 |           1 |           1 |           1 |           1 |           1 |           1 |           1 |           1 |           1 |           1 |           1 |           1 |           1 |           1 |           1 |           1 |           1 |           1 |           1 |           1 |           1 |           1 |           1 |           1 |           1 |           1 |           1 |           1 |           1 |           1 |           1 |           1 |           1 |           1 |           1 |           1 |           1 |           1 |           1 |           1 |           1 |           1 |           1 |           1 |           1 |           1 |           1 |           1 |           1 |           1 |           1 |           1 |           1 |           1 |           1 |           1 |            1 |            1 |            1 |            1 |            1 |            1 |            1 |            1 |            1 |            1 |            1 |            1 |            1 |            1 |            1 |            1 |            1 |            1 |            1 |            1 |            1 |            1 |            1 |            1 |            1 |            1 |            1 |            1 |            1 |            1 |            1 |            1 |            1 |            1 |            1 |            1 |            1 |            1 |            1 |            1 |            1 |            1 |            1 |            1 |            1 |            1 |            1 |            1 |            1 |            1 |            1 |            1 |            1 |            1 |            1 |            1 |            1 |            1 |            1 |            1 |            1 |            1 |            1 |            1 |            1 |            1 |            1 |            1 |            1 |            1 |            1 |            1 |            1 |            1 |            1 |            1 |            1 |            1 |            1 |            1 |            1 |            1 |            1 |            1 |            1 |            1 |            1 |            1 |            1 |            1 |            1 |            1 |
+-------------------+------------+------------+------------+------------+------------+------------+------------+------------+------------+------------+-------------+-------------+-------------+-------------+-------------+-------------+-------------+-------------+-------------+-------------+-------------+-------------+-------------+-------------+-------------+-------------+-------------+-------------+-------------+-------------+-------------+-------------+-------------+-------------+-------------+-------------+-------------+-------------+-------------+-------------+-------------+-------------+-------------+-------------+-------------+-------------+-------------+-------------+-------------+-------------+-------------+-------------+-------------+-------------+-------------+-------------+-------------+-------------+-------------+-------------+-------------+-------------+-------------+-------------+-------------+-------------+-------------+-------------+-------------+-------------+-------------+-------------+-------------+-------------+-------------+-------------+-------------+-------------+-------------+-------------+-------------+-------------+-------------+-------------+-------------+-------------+-------------+-------------+-------------+-------------+-------------+-------------+-------------+-------------+-------------+-------------+-------------+-------------+-------------+-------------+--------------+--------------+--------------+--------------+--------------+--------------+--------------+--------------+--------------+--------------+--------------+--------------+--------------+--------------+--------------+--------------+--------------+--------------+--------------+--------------+--------------+--------------+--------------+--------------+--------------+--------------+--------------+--------------+--------------+--------------+--------------+--------------+--------------+--------------+--------------+--------------+--------------+--------------+--------------+--------------+--------------+--------------+--------------+--------------+--------------+--------------+--------------+--------------+--------------+--------------+--------------+--------------+--------------+--------------+--------------+--------------+--------------+--------------+--------------+--------------+--------------+--------------+--------------+--------------+--------------+--------------+--------------+--------------+--------------+--------------+--------------+--------------+--------------+--------------+--------------+--------------+--------------+--------------+--------------+--------------+--------------+--------------+--------------+--------------+--------------+--------------+--------------+--------------+--------------+--------------+--------------+--------------+
+-------------------------------+---------+------------+------------+------------+------------+------------+------------+------------+------------+------------+------------+-------------+-------------+-------------+-------------+-------------+-------------+-------------+-------------+-------------+-------------+-------------+-------------+-------------+-------------+-------------+-------------+-------------+-------------+-------------+-------------+-------------+-------------+-------------+-------------+-------------+-------------+-------------+-------------+-------------+-------------+-------------+-------------+-------------+-------------+-------------+-------------+-------------+-------------+-------------+-------------+-------------+-------------+-------------+-------------+-------------+-------------+-------------+-------------+-------------+-------------+-------------+-------------+-------------+-------------+-------------+-------------+-------------+-------------+-------------+-------------+-------------+-------------+-------------+-------------+-------------+-------------+-------------+-------------+-------------+-------------+-------------+-------------+-------------+-------------+-------------+-------------+-------------+-------------+-------------+-------------+-------------+-------------+-------------+-------------+-------------+-------------+-------------+-------------+-------------+-------------+--------------+--------------+--------------+--------------+--------------+--------------+--------------+--------------+--------------+--------------+--------------+--------------+--------------+--------------+--------------+--------------+--------------+--------------+--------------+--------------+--------------+--------------+--------------+--------------+--------------+--------------+--------------+--------------+--------------+--------------+--------------+--------------+--------------+--------------+--------------+--------------+--------------+--------------+--------------+--------------+--------------+--------------+--------------+--------------+--------------+--------------+--------------+--------------+--------------+--------------+--------------+--------------+--------------+--------------+--------------+--------------+--------------+--------------+--------------+--------------+--------------+--------------+--------------+--------------+--------------+--------------+--------------+--------------+--------------+--------------+--------------+--------------+--------------+--------------+--------------+--------------+--------------+--------------+--------------+--------------+--------------+--------------+--------------+--------------+--------------+--------------+--------------+--------------+--------------+--------------+--------------+--------------+
|             Event             | Counter | HWThread 0 | HWThread 1 | HWThread 2 | HWThread 3 | HWThread 4 | HWThread 5 | HWThread 6 | HWThread 7 | HWThread 8 | HWThread 9 | HWThread 10 | HWThread 11 | HWThread 12 | HWThread 13 | HWThread 14 | HWThread 15 | HWThread 16 | HWThread 17 | HWThread 18 | HWThread 19 | HWThread 20 | HWThread 21 | HWThread 22 | HWThread 23 | HWThread 24 | HWThread 25 | HWThread 26 | HWThread 27 | HWThread 28 | HWThread 29 | HWThread 30 | HWThread 31 | HWThread 32 | HWThread 33 | HWThread 34 | HWThread 35 | HWThread 36 | HWThread 37 | HWThread 38 | HWThread 39 | HWThread 40 | HWThread 41 | HWThread 42 | HWThread 43 | HWThread 44 | HWThread 45 | HWThread 46 | HWThread 47 | HWThread 48 | HWThread 49 | HWThread 50 | HWThread 51 | HWThread 52 | HWThread 53 | HWThread 54 | HWThread 55 | HWThread 56 | HWThread 57 | HWThread 58 | HWThread 59 | HWThread 60 | HWThread 61 | HWThread 62 | HWThread 63 | HWThread 64 | HWThread 65 | HWThread 66 | HWThread 67 | HWThread 68 | HWThread 69 | HWThread 70 | HWThread 71 | HWThread 72 | HWThread 73 | HWThread 74 | HWThread 75 | HWThread 76 | HWThread 77 | HWThread 78 | HWThread 79 | HWThread 80 | HWThread 81 | HWThread 82 | HWThread 83 | HWThread 84 | HWThread 85 | HWThread 86 | HWThread 87 | HWThread 88 | HWThread 89 | HWThread 90 | HWThread 91 | HWThread 92 | HWThread 93 | HWThread 94 | HWThread 95 | HWThread 96 | HWThread 97 | HWThread 98 | HWThread 99 | HWThread 100 | HWThread 101 | HWThread 102 | HWThread 103 | HWThread 104 | HWThread 105 | HWThread 106 | HWThread 107 | HWThread 108 | HWThread 109 | HWThread 110 | HWThread 111 | HWThread 112 | HWThread 113 | HWThread 114 | HWThread 115 | HWThread 116 | HWThread 117 | HWThread 118 | HWThread 119 | HWThread 120 | HWThread 121 | HWThread 122 | HWThread 123 | HWThread 124 | HWThread 125 | HWThread 126 | HWThread 127 | HWThread 128 | HWThread 129 | HWThread 130 | HWThread 131 | HWThread 132 | HWThread 133 | HWThread 134 | HWThread 135 | HWThread 136 | HWThread 137 | HWThread 138 | HWThread 139 | HWThread 140 | HWThread 141 | HWThread 142 | HWThread 143 | HWThread 144 | HWThread 145 | HWThread 146 | HWThread 147 | HWThread 148 | HWThread 149 | HWThread 150 | HWThread 151 | HWThread 152 | HWThread 153 | HWThread 154 | HWThread 155 | HWThread 156 | HWThread 157 | HWThread 158 | HWThread 159 | HWThread 160 | HWThread 161 | HWThread 162 | HWThread 163 | HWThread 164 | HWThread 165 | HWThread 166 | HWThread 167 | HWThread 168 | HWThread 169 | HWThread 170 | HWThread 171 | HWThread 172 | HWThread 173 | HWThread 174 | HWThread 175 | HWThread 176 | HWThread 177 | HWThread 178 | HWThread 179 | HWThread 180 | HWThread 181 | HWThread 182 | HWThread 183 | HWThread 184 | HWThread 185 | HWThread 186 | HWThread 187 | HWThread 188 | HWThread 189 | HWThread 190 | HWThread 191 |
+-------------------------------+---------+------------+------------+------------+------------+------------+------------+------------+------------+------------+------------+-------------+-------------+-------------+-------------+-------------+-------------+-------------+-------------+-------------+-------------+-------------+-------------+-------------+-------------+-------------+-------------+-------------+-------------+-------------+-------------+-------------+-------------+-------------+-------------+-------------+-------------+-------------+-------------+-------------+-------------+-------------+-------------+-------------+-------------+-------------+-------------+-------------+-------------+-------------+-------------+-------------+-------------+-------------+-------------+-------------+-------------+-------------+-------------+-------------+-------------+-------------+-------------+-------------+-------------+-------------+-------------+-------------+-------------+-------------+-------------+-------------+-------------+-------------+-------------+-------------+-------------+-------------+-------------+-------------+-------------+-------------+-------------+-------------+-------------+-------------+-------------+-------------+-------------+-------------+-------------+-------------+-------------+-------------+-------------+-------------+-------------+-------------+-------------+-------------+-------------+--------------+--------------+--------------+--------------+--------------+--------------+--------------+--------------+--------------+--------------+--------------+--------------+--------------+--------------+--------------+--------------+--------------+--------------+--------------+--------------+--------------+--------------+--------------+--------------+--------------+--------------+--------------+--------------+--------------+--------------+--------------+--------------+--------------+--------------+--------------+--------------+--------------+--------------+--------------+--------------+--------------+--------------+--------------+--------------+--------------+--------------+--------------+--------------+--------------+--------------+--------------+--------------+--------------+--------------+--------------+--------------+--------------+--------------+--------------+--------------+--------------+--------------+--------------+--------------+--------------+--------------+--------------+--------------+--------------+--------------+--------------+--------------+--------------+--------------+--------------+--------------+--------------+--------------+--------------+--------------+--------------+--------------+--------------+--------------+--------------+--------------+--------------+--------------+--------------+--------------+--------------+--------------+
|        ACTUAL_CPU_CLOCK       |  FIXC1  | 6992691000 | 6995137000 | 6994181000 | 6993689000 | 6994875000 | 6995016000 | 6993359000 | 6993186000 | 6995707000 | 6995896000 |  6997491000 |  6995679000 |  6997147000 |  6994687000 |  6996437000 |  6996832000 |  6993447000 |  6994459000 |  6994467000 |  6993498000 |  6993572000 |  6993354000 |  6994318000 |  6993478000 |  6999653000 |  6999225000 |  6997841000 |  6998948000 |  6999866000 |  6999310000 |  6999017000 |  6999978000 |  6995793000 |  6994695000 |  6994494000 |  6993277000 |  6994408000 |  6994575000 |  6994536000 |  6994617000 |  6992601000 |  6994055000 |  6992157000 |  6992557000 |  6992589000 |  6993152000 |  6992822000 |  6993941000 |  6995466000 |  6995638000 |  6994476000 |  6997347000 |  6995765000 |  6994512000 |  6994695000 |  6996653000 |  6992319000 |  6991056000 |  6992409000 |  6991100000 |  6991141000 |  6991066000 |  6991129000 |  6992351000 |  6999419000 |  6998147000 |  6999200000 |  7000501000 |  6997927000 |  6998716000 |  6999783000 |  6999943000 |  6995201000 |  6995148000 |  6994889000 |  6994887000 |  6995080000 |  6995211000 |  6994933000 |  6995038000 |  6997029000 |  6996968000 |  6996767000 |  6996967000 |  6996564000 |  6995525000 |  6996043000 |  6997280000 |  6993275000 |  6993448000 |  6993036000 |  6992682000 |  6993466000 |  6992988000 |  6992831000 |  6993573000 |  7052755000 |  7053575000 |  7054307000 |  7053593000 |   7051772000 |   7051916000 |   7053642000 |   7053548000 |   7051823000 |   7050926000 |   7050067000 |   7050644000 |   7050989000 |   7049867000 |   7049806000 |   7050584000 |   7057842000 |   7058080000 |   7058161000 |   7057791000 |   7058132000 |   7058580000 |   7056450000 |   7056369000 |   7052488000 |   7052555000 |   7052809000 |   7052349000 |   7051302000 |   7052494000 |   7051635000 |   7051325000 |   7052672000 |   7052057000 |   7052171000 |   7051087000 |   7053051000 |   7053861000 |   7052532000 |   7051400000 |   7051320000 |   7050190000 |   7051773000 |   7050668000 |   7050870000 |   7051483000 |   7050176000 |   7051520000 |   7053050000 |   7052819000 |   7055184000 |   7052785000 |   7054297000 |   7054920000 |   7052766000 |   7054566000 |   7050618000 |   7051375000 |   7051617000 |   7050319000 |   7049890000 |   7051707000 |   7050184000 |   7051571000 |   7050910000 |   7050893000 |   7049317000 |   7051321000 |   7050896000 |   7049768000 |   7051391000 |   7050845000 |   7053038000 |   7053345000 |   7052626000 |   7054166000 |   7054180000 |   7053168000 |   7052220000 |   7052977000 |   7050864000 |   7052436000 |   7051892000 |   7052138000 |   7050752000 |   7050791000 |   7050849000 |   7052107000 |   7055801000 |   7054930000 |   7055789000 |   7054922000 |   7054423000 |   7054550000 |   7055971000 |   7055624000 |
|         MAX_CPU_CLOCK         |  FIXC2  | 6898377000 | 6900571000 | 6899965000 | 6898769000 | 6899892000 | 6900113000 | 6899026000 | 6899364000 | 6898864000 | 6899125000 |  6900983000 |  6898851000 |  6900643000 |  6898159000 |  6899753000 |  6899934000 |  6898998000 |  6899624000 |  6899585000 |  6899015000 |  6899038000 |  6898934000 |  6899547000 |  6899000000 |  6900292000 |  6899158000 |  6898422000 |  6899924000 |  6900444000 |  6900122000 |  6899981000 |  6900379000 |  6899913000 |  6898953000 |  6898815000 |  6898090000 |  6898710000 |  6898891000 |  6898834000 |  6899496000 |  6899035000 |  6899531000 |  6897926000 |  6898955000 |  6898840000 |  6898931000 |  6899270000 |  6899920000 |  6898909000 |  6898967000 |  6897833000 |  6900439000 |  6899378000 |  6897863000 |  6898009000 |  6899882000 |  6898993000 |  6897180000 |  6898606000 |  6897251000 |  6897308000 |  6897178000 |  6897298000 |  6899043000 |  6899807000 |  6898588000 |  6899729000 |  6901157000 |  6898371000 |  6899254000 |  6900407000 |  6900739000 |  6898933000 |  6898887000 |  6898683000 |  6898685000 |  6898884000 |  6898935000 |  6898742000 |  6898865000 |  6901142000 |  6901116000 |  6900539000 |  6901098000 |  6900901000 |  6900125000 |  6900143000 |  6901915000 |  6900438000 |  6899550000 |  6900127000 |  6900089000 |  6900098000 |  6900099000 |  6900062000 |  6899683000 |  6899770000 |  6900825000 |  6901804000 |  6900788000 |   6899186000 |   6899291000 |   6900851000 |   6900826000 |   6899920000 |   6898934000 |   6898845000 |   6898734000 |   6899851000 |   6898806000 |   6899321000 |   6899191000 |   6899816000 |   6901228000 |   6900745000 |   6900951000 |   6901236000 |   6901761000 |   6899100000 |   6899005000 |   6900621000 |   6899818000 |   6900431000 |   6899818000 |   6899122000 |   6900604000 |   6898872000 |   6899197000 |   6899267000 |   6898883000 |   6899371000 |   6897946000 |   6900355000 |   6901376000 |   6900487000 |   6898767000 |   6899692000 |   6899001000 |   6899890000 |   6898806000 |   6898945000 |   6899320000 |   6898974000 |   6899818000 |   6898918000 |   6899130000 |   6901410000 |   6899128000 |   6899897000 |   6900719000 |   6899122000 |   6899618000 |   6898905000 |   6899709000 |   6900279000 |   6899153000 |   6899355000 |   6900332000 |   6898937000 |   6899712000 |   6899829000 |   6899823000 |   6898253000 |   6900441000 |   6899825000 |   6899074000 |   6900482000 |   6900577000 |   6899247000 |   6899319000 |   6898789000 |   6899807000 |   6899885000 |   6898854000 |   6898221000 |   6898715000 |   6898633000 |   6899784000 |   6899751000 |   6900685000 |   6898996000 |   6899124000 |   6898599000 |   6899709000 |   6900899000 |   6899263000 |   6900892000 |   6898898000 |   6899060000 |   6899099000 |   6900961000 |   6899350000 |
|      RETIRED_INSTRUCTIONS     |   PMC0  | 7548574000 | 7577019000 | 7571388000 | 7581223000 | 7576668000 | 7583595000 | 7583147000 | 7586593000 | 7577805000 | 7579524000 |  7570655000 |  7577049000 |  7573848000 |  7578864000 |  7582024000 |  7583045000 |  7591090000 |  7580963000 |  7574726000 |  7577586000 |  7576117000 |  7576852000 |  7580672000 |  7564096000 |  7578517000 |  7574998000 |  7575077000 |  7556736000 |  7577781000 |  7574750000 |  7580595000 |  7581507000 |  7576293000 |  7576439000 |  7569581000 |  7564404000 |  7572014000 |  7574996000 |  7579079000 |  7581212000 |  7544272000 |  7544288000 |  7544307000 |  7544153000 |  7544260000 |  7543860000 |  7544292000 |  7535923000 |  7579870000 |  7567420000 |  7585786000 |  7577256000 |  7588581000 |  7581815000 |  7587750000 |  7587395000 |  7585888000 |  7577139000 |  7568474000 |  7574423000 |  7571837000 |  7576167000 |  7578699000 |  7581037000 |  7550230000 |  7550287000 |  7550210000 |  7551227000 |  7550201000 |  7550288000 |  7550413000 |  7517220000 |  7558083000 |  7559760000 |  7555919000 |  7559005000 |  7557291000 |  7559460000 |  7559432000 |  7561399000 |  7561453000 |  7549915000 |  7560045000 |  7560800000 |  7561908000 |  7562413000 |  7563979000 |  7563312000 |  7530090000 |  7529969000 |  7530057000 |  7530040000 |  7530137000 |  7530121000 |  7530155000 |  7525722000 |  7594528000 |  7594890000 |  7599703000 |  7587952000 |   7592270000 |   7572566000 |   7597598000 |   7596153000 |   7590805000 |   7593558000 |   7583897000 |   7590651000 |   7586273000 |   7592502000 |   7592572000 |   7596033000 |   7570979000 |   7571882000 |   7571232000 |   7570929000 |   7571874000 |   7572123000 |   7574591000 |   7549599000 |   7593659000 |   7595262000 |   7587241000 |   7592012000 |   7599090000 |   7593650000 |   7594894000 |   7597511000 |   7593936000 |   7594494000 |   7588995000 |   7592029000 |   7591721000 |   7594460000 |   7596866000 |   7598579000 |   7582377000 |   7525985000 |   7582226000 |   7581547000 |   7582050000 |   7581549000 |   7582031000 |   7564770000 |   7591556000 |   7594255000 |   7586449000 |   7591773000 |   7588477000 |   7593098000 |   7593786000 |   7596747000 |   7593342000 |   7594277000 |   7585026000 |   7590721000 |   7589159000 |   7592904000 |   7595033000 |   7597094000 |   7578950000 |   7578804000 |   7557263000 |   7556568000 |   7578981000 |   7577146000 |   7579263000 |   7554222000 |   7593299000 |   7597136000 |   7589008000 |   7594125000 |   7574844000 |   7583319000 |   7593737000 |   7579243000 |   7592309000 |   7594990000 |   7587200000 |   7593604000 |   7590943000 |   7595146000 |   7597574000 |   7599774000 |   7577384000 |   7577130000 |   7577609000 |   7576416000 |   7576846000 |   7576673000 |   7577288000 |   7538233000 |
|      CPU_CLOCKS_UNHALTED      |   PMC1  | 6759604000 | 6780833000 | 6781582000 | 6780510000 | 6782934000 | 6780884000 | 6780817000 | 6779458000 | 6778446000 | 6778501000 |  6779940000 |  6778986000 |  6780460000 |  6779249000 |  6779344000 |  6780043000 |  6776679000 |  6777141000 |  6776490000 |  6776462000 |  6777487000 |  6775318000 |  6778252000 |  6776479000 |  6775038000 |  6772762000 |  6773746000 |  6774630000 |  6774841000 |  6774110000 |  6774508000 |  6774006000 |  6769877000 |  6769729000 |  6768994000 |  6769192000 |  6769856000 |  6769292000 |  6769753000 |  6769999000 |  6746411000 |  6746753000 |  6748140000 |  6747089000 |  6746804000 |  6747024000 |  6747443000 |  6746201000 |  6801395000 |  6802815000 |  6799701000 |  6800694000 |  6801226000 |  6800031000 |  6800088000 |  6801611000 |  6773594000 |  6774161000 |  6773997000 |  6773527000 |  6773376000 |  6774262000 |  6774004000 |  6775181000 |  6728586000 |  6729074000 |  6728963000 |  6734711000 |  6728882000 |  6730044000 |  6729947000 |  6731721000 |  6738056000 |  6738791000 |  6739442000 |  6738886000 |  6739087000 |  6739364000 |  6737612000 |  6738888000 |  6748548000 |  6748634000 |  6748475000 |  6748245000 |  6747357000 |  6748378000 |  6746958000 |  6749879000 |  6738211000 |  6738300000 |  6739021000 |  6738073000 |  6737907000 |  6738385000 |  6738909000 |  6739335000 |  6866696000 |  6868404000 |  6869027000 |  6867479000 |   6865963000 |   6863642000 |   6867691000 |   6869346000 |   6867187000 |   6865129000 |   6865288000 |   6865501000 |   6864184000 |   6865163000 |   6863761000 |   6863789000 |   6874746000 |   6871803000 |   6869968000 |   6873237000 |   6876503000 |   6875145000 |   6866420000 |   6876017000 |   6874210000 |   6872209000 |   6875266000 |   6873331000 |   6872256000 |   6875023000 |   6872777000 |   6871604000 |   6875238000 |   6870963000 |   6878504000 |   6876492000 |   6878770000 |   6878643000 |   6875926000 |   6875364000 |   6855640000 |   6851857000 |   6853423000 |   6854497000 |   6854487000 |   6849447000 |   6853575000 |   6853966000 |   6866900000 |   6868705000 |   6874338000 |   6868108000 |   6867721000 |   6869852000 |   6867973000 |   6867348000 |   6866675000 |   6867471000 |   6867713000 |   6866422000 |   6865996000 |   6868323000 |   6864594000 |   6867849000 |   6860725000 |   6860812000 |   6861454000 |   6858256000 |   6861865000 |   6857842000 |   6862207000 |   6862564000 |   6856941000 |   6859178000 |   6855812000 |   6858101000 |   6855315000 |   6856615000 |   6856329000 |   6856054000 |   6873248000 |   6874656000 |   6874902000 |   6876180000 |   6873474000 |   6874089000 |   6873986000 |   6872677000 |   6864763000 |   6862632000 |   6866080000 |   6858815000 |   6853753000 |   6861654000 |   6862364000 |   6858966000 |
| REQUESTS_TO_L2_GRP1_ALL_NO_PF |   PMC2  | 2156207000 | 2154868000 | 2153969000 | 2154186000 | 2153887000 | 2154213000 | 2154860000 | 2154947000 | 2153479000 | 2154303000 |  2154075000 |  2153811000 |  2154233000 |  2154504000 |  2153904000 |  2154657000 |  2152555000 |  2154234000 |  2153737000 |  2154101000 |  2153898000 |  2154285000 |  2154421000 |  2156117000 |  2153959000 |  2154696000 |  2153726000 |  2156208000 |  2153896000 |  2154771000 |  2155008000 |  2154988000 |  2153370000 |  2154474000 |  2154053000 |  2155889000 |  2154273000 |  2154607000 |  2154261000 |  2154827000 |  2165990000 |  2166794000 |  2165306000 |  2165431000 |  2166234000 |  2165181000 |  2166074000 |  2167216000 |  2153272000 |  2155630000 |  2152740000 |  2154004000 |  2153027000 |  2153652000 |  2153389000 |  2154261000 |  2152594000 |  2154368000 |  2153723000 |  2154253000 |  2154210000 |  2154285000 |  2154096000 |  2154474000 |  2163409000 |  2164079000 |  2162947000 |  2162181000 |  2162897000 |  2162292000 |  2164442000 |  2166599000 |  2156280000 |  2156846000 |  2156623000 |  2157011000 |  2156716000 |  2158126000 |  2157941000 |  2158002000 |  2156153000 |  2158227000 |  2156686000 |  2156756000 |  2156179000 |  2157488000 |  2157283000 |  2157511000 |  2165276000 |  2166633000 |  2165316000 |  2165117000 |  2165534000 |  2165570000 |  2165467000 |  2166507000 |  2153757000 |  2154483000 |  2153209000 |  2154484000 |   2154577000 |   2156431000 |   2154216000 |   2155075000 |   2153688000 |   2154675000 |   2154285000 |   2154575000 |   2154343000 |   2154814000 |   2154523000 |   2155055000 |   2164255000 |   2164985000 |   2163553000 |   2163621000 |   2163686000 |   2163514000 |   2165057000 |   2167017000 |   2153579000 |   2154783000 |   2153907000 |   2154535000 |   2153520000 |   2154903000 |   2154891000 |   2155444000 |   2153830000 |   2154485000 |   2153744000 |   2154569000 |   2153769000 |   2154778000 |   2154132000 |   2154708000 |   2162280000 |   2167251000 |   2161496000 |   2161416000 |   2161843000 |   2161638000 |   2163130000 |   2165967000 |   2153997000 |   2155186000 |   2154586000 |   2155001000 |   2154730000 |   2155021000 |   2155399000 |   2155700000 |   2153656000 |   2154304000 |   2154249000 |   2154666000 |   2154419000 |   2154838000 |   2154721000 |   2154872000 |   2163133000 |   2163179000 |   2164595000 |   2164380000 |   2162623000 |   2162609000 |   2163698000 |   2167127000 |   2154087000 |   2155203000 |   2154117000 |   2154942000 |   2156077000 |   2156034000 |   2155231000 |   2157166000 |   2153586000 |   2154242000 |   2153493000 |   2154214000 |   2153510000 |   2154009000 |   2154008000 |   2154606000 |   2163198000 |   2163191000 |   2163512000 |   2161382000 |   2163009000 |   2162484000 |   2163706000 |   2167132000 |
|        L2_PF_HIT_IN_L2        |   PMC3  |  740481500 |  759969800 |  781264700 |  773478800 |  819145200 |  752780400 |  758302800 |  775207700 |  747022300 |  762313400 |   778188100 |   764941800 |   779418900 |   781985200 |   735501100 |   778634100 |   752745100 |   774167900 |   751266800 |   776049900 |   787736600 |   773894400 |   760612900 |   747497300 |   778739400 |   777473700 |   750609000 |   760677700 |   735973700 |   765303400 |   774258000 |   776231700 |   776156000 |   766369100 |   783138900 |   763579500 |   782589100 |   783413500 |   784005800 |   767429700 |   884619100 |   866153000 |   854092100 |   873816300 |   876890600 |   854649200 |   877365700 |   495067300 |   731919200 |   758254100 |   739065100 |   778164300 |   779714200 |   786090300 |   786973900 |   762814200 |   747198200 |   779052200 |   768510100 |   753668400 |   760082800 |   764963000 |   751318800 |   783353200 |   815463300 |   823577000 |   830484700 |   793616200 |   808957900 |   807424300 |   829963700 |   480022800 |   768354300 |   785933600 |   756650700 |   792690400 |   770133300 |   782718700 |   777502100 |   764950000 |   747557500 |   737654600 |   777446600 |   772017900 |   777676000 |   770433700 |   770062300 |   768081000 |   862133900 |   882338700 |   877501600 |   855084500 |   874671300 |   876728300 |   878011100 |   461831600 |   792040400 |   779690100 |   795076100 |   787900400 |    774834100 |    757907200 |    797026200 |    767553800 |    780008400 |    783123100 |    769061900 |    772141200 |    780585600 |    765588200 |    766068400 |    773717700 |    855019200 |    860734200 |    847285300 |    815977200 |    834177800 |    822717600 |    871509100 |    477317200 |    778866400 |    775489000 |    806840400 |    780883600 |    805652800 |    795393200 |    784023400 |    771412000 |    758075000 |    772712400 |    764774400 |    773220400 |    782040800 |    766176900 |    792317300 |    768068400 |    820846500 |    915188300 |    830573200 |    789952300 |    846447200 |    831448900 |    826122700 |    464029600 |    774721900 |    767477200 |    778695500 |    755887600 |    761149600 |    773939700 |    787656300 |    759600000 |    725306700 |    774791300 |    781359800 |    781646600 |    766495900 |    791286900 |    756294600 |    785963400 |    832023400 |    844580200 |    855795500 |    846685100 |    834482300 |    851105100 |    842742600 |    474816800 |    786402400 |    759595000 |    744119400 |    750959000 |    772130700 |    770845800 |    776115500 |    750798100 |    770365800 |    780624800 |    773504500 |    759944700 |    780039900 |    776327300 |    754241100 |    767368900 |    836673200 |    888090200 |    830224200 |    817307900 |    846078600 |    807954900 |    845660000 |    512522100 |
+-------------------------------+---------+------------+------------+------------+------------+------------+------------+------------+------------+------------+------------+-------------+-------------+-------------+-------------+-------------+-------------+-------------+-------------+-------------+-------------+-------------+-------------+-------------+-------------+-------------+-------------+-------------+-------------+-------------+-------------+-------------+-------------+-------------+-------------+-------------+-------------+-------------+-------------+-------------+-------------+-------------+-------------+-------------+-------------+-------------+-------------+-------------+-------------+-------------+-------------+-------------+-------------+-------------+-------------+-------------+-------------+-------------+-------------+-------------+-------------+-------------+-------------+-------------+-------------+-------------+-------------+-------------+-------------+-------------+-------------+-------------+-------------+-------------+-------------+-------------+-------------+-------------+-------------+-------------+-------------+-------------+-------------+-------------+-------------+-------------+-------------+-------------+-------------+-------------+-------------+-------------+-------------+-------------+-------------+-------------+-------------+-------------+-------------+-------------+-------------+--------------+--------------+--------------+--------------+--------------+--------------+--------------+--------------+--------------+--------------+--------------+--------------+--------------+--------------+--------------+--------------+--------------+--------------+--------------+--------------+--------------+--------------+--------------+--------------+--------------+--------------+--------------+--------------+--------------+--------------+--------------+--------------+--------------+--------------+--------------+--------------+--------------+--------------+--------------+--------------+--------------+--------------+--------------+--------------+--------------+--------------+--------------+--------------+--------------+--------------+--------------+--------------+--------------+--------------+--------------+--------------+--------------+--------------+--------------+--------------+--------------+--------------+--------------+--------------+--------------+--------------+--------------+--------------+--------------+--------------+--------------+--------------+--------------+--------------+--------------+--------------+--------------+--------------+--------------+--------------+--------------+--------------+--------------+--------------+--------------+--------------+--------------+--------------+--------------+--------------+--------------+--------------+
+------------------------------------+---------+---------------+------------+------------+--------------+
|                Event               | Counter |      Sum      |     Min    |     Max    |      Avg     |
+------------------------------------+---------+---------------+------------+------------+--------------+
|        ACTUAL_CPU_CLOCK STAT       |  FIXC1  | 1348593873000 | 6991056000 | 7058580000 | 7.023926e+09 |
|         MAX_CPU_CLOCK STAT         |  FIXC2  | 1324708224000 | 6897178000 | 6901915000 |   6899522000 |
|      RETIRED_INSTRUCTIONS STAT     |   PMC0  | 1454393353000 | 7517220000 | 7599774000 | 7.574965e+09 |
|      CPU_CLOCKS_UNHALTED STAT      |   PMC1  | 1308422283000 | 6728586000 | 6878770000 | 6.814699e+09 |
| REQUESTS_TO_L2_GRP1_ALL_NO_PF STAT |   PMC2  |  414246059000 | 2152555000 | 2167251000 | 2.157532e+09 |
|        L2_PF_HIT_IN_L2 STAT        |   PMC3  |  149620037300 |  461831600 |  915188300 | 7.792710e+08 |
+------------------------------------+---------+---------------+------------+------------+--------------+
+-------------------------------+------------+------------+------------+------------+------------+------------+------------+------------+------------+------------+-------------+-------------+-------------+-------------+-------------+-------------+-------------+-------------+-------------+-------------+-------------+-------------+-------------+-------------+-------------+-------------+-------------+-------------+-------------+-------------+-------------+-------------+-------------+-------------+-------------+-------------+-------------+-------------+-------------+-------------+-------------+-------------+-------------+-------------+-------------+-------------+-------------+-------------+-------------+-------------+-------------+-------------+-------------+-------------+-------------+-------------+-------------+-------------+-------------+-------------+-------------+-------------+-------------+-------------+-------------+-------------+-------------+-------------+-------------+-------------+-------------+-------------+-------------+-------------+-------------+-------------+-------------+-------------+-------------+-------------+-------------+-------------+-------------+-------------+-------------+-------------+-------------+-------------+-------------+-------------+-------------+-------------+-------------+-------------+-------------+-------------+-------------+-------------+-------------+-------------+--------------+--------------+--------------+--------------+--------------+--------------+--------------+--------------+--------------+--------------+--------------+--------------+--------------+--------------+--------------+--------------+--------------+--------------+--------------+--------------+--------------+--------------+--------------+--------------+--------------+--------------+--------------+--------------+--------------+--------------+--------------+--------------+--------------+--------------+--------------+--------------+--------------+--------------+--------------+--------------+--------------+--------------+--------------+--------------+--------------+--------------+--------------+--------------+--------------+--------------+--------------+--------------+--------------+--------------+--------------+--------------+--------------+--------------+--------------+--------------+--------------+--------------+--------------+--------------+--------------+--------------+--------------+--------------+--------------+--------------+--------------+--------------+--------------+--------------+--------------+--------------+--------------+--------------+--------------+--------------+--------------+--------------+--------------+--------------+--------------+--------------+--------------+--------------+--------------+--------------+--------------+--------------+
|             Metric            | HWThread 0 | HWThread 1 | HWThread 2 | HWThread 3 | HWThread 4 | HWThread 5 | HWThread 6 | HWThread 7 | HWThread 8 | HWThread 9 | HWThread 10 | HWThread 11 | HWThread 12 | HWThread 13 | HWThread 14 | HWThread 15 | HWThread 16 | HWThread 17 | HWThread 18 | HWThread 19 | HWThread 20 | HWThread 21 | HWThread 22 | HWThread 23 | HWThread 24 | HWThread 25 | HWThread 26 | HWThread 27 | HWThread 28 | HWThread 29 | HWThread 30 | HWThread 31 | HWThread 32 | HWThread 33 | HWThread 34 | HWThread 35 | HWThread 36 | HWThread 37 | HWThread 38 | HWThread 39 | HWThread 40 | HWThread 41 | HWThread 42 | HWThread 43 | HWThread 44 | HWThread 45 | HWThread 46 | HWThread 47 | HWThread 48 | HWThread 49 | HWThread 50 | HWThread 51 | HWThread 52 | HWThread 53 | HWThread 54 | HWThread 55 | HWThread 56 | HWThread 57 | HWThread 58 | HWThread 59 | HWThread 60 | HWThread 61 | HWThread 62 | HWThread 63 | HWThread 64 | HWThread 65 | HWThread 66 | HWThread 67 | HWThread 68 | HWThread 69 | HWThread 70 | HWThread 71 | HWThread 72 | HWThread 73 | HWThread 74 | HWThread 75 | HWThread 76 | HWThread 77 | HWThread 78 | HWThread 79 | HWThread 80 | HWThread 81 | HWThread 82 | HWThread 83 | HWThread 84 | HWThread 85 | HWThread 86 | HWThread 87 | HWThread 88 | HWThread 89 | HWThread 90 | HWThread 91 | HWThread 92 | HWThread 93 | HWThread 94 | HWThread 95 | HWThread 96 | HWThread 97 | HWThread 98 | HWThread 99 | HWThread 100 | HWThread 101 | HWThread 102 | HWThread 103 | HWThread 104 | HWThread 105 | HWThread 106 | HWThread 107 | HWThread 108 | HWThread 109 | HWThread 110 | HWThread 111 | HWThread 112 | HWThread 113 | HWThread 114 | HWThread 115 | HWThread 116 | HWThread 117 | HWThread 118 | HWThread 119 | HWThread 120 | HWThread 121 | HWThread 122 | HWThread 123 | HWThread 124 | HWThread 125 | HWThread 126 | HWThread 127 | HWThread 128 | HWThread 129 | HWThread 130 | HWThread 131 | HWThread 132 | HWThread 133 | HWThread 134 | HWThread 135 | HWThread 136 | HWThread 137 | HWThread 138 | HWThread 139 | HWThread 140 | HWThread 141 | HWThread 142 | HWThread 143 | HWThread 144 | HWThread 145 | HWThread 146 | HWThread 147 | HWThread 148 | HWThread 149 | HWThread 150 | HWThread 151 | HWThread 152 | HWThread 153 | HWThread 154 | HWThread 155 | HWThread 156 | HWThread 157 | HWThread 158 | HWThread 159 | HWThread 160 | HWThread 161 | HWThread 162 | HWThread 163 | HWThread 164 | HWThread 165 | HWThread 166 | HWThread 167 | HWThread 168 | HWThread 169 | HWThread 170 | HWThread 171 | HWThread 172 | HWThread 173 | HWThread 174 | HWThread 175 | HWThread 176 | HWThread 177 | HWThread 178 | HWThread 179 | HWThread 180 | HWThread 181 | HWThread 182 | HWThread 183 | HWThread 184 | HWThread 185 | HWThread 186 | HWThread 187 | HWThread 188 | HWThread 189 | HWThread 190 | HWThread 191 |
+-------------------------------+------------+------------+------------+------------+------------+------------+------------+------------+------------+------------+-------------+-------------+-------------+-------------+-------------+-------------+-------------+-------------+-------------+-------------+-------------+-------------+-------------+-------------+-------------+-------------+-------------+-------------+-------------+-------------+-------------+-------------+-------------+-------------+-------------+-------------+-------------+-------------+-------------+-------------+-------------+-------------+-------------+-------------+-------------+-------------+-------------+-------------+-------------+-------------+-------------+-------------+-------------+-------------+-------------+-------------+-------------+-------------+-------------+-------------+-------------+-------------+-------------+-------------+-------------+-------------+-------------+-------------+-------------+-------------+-------------+-------------+-------------+-------------+-------------+-------------+-------------+-------------+-------------+-------------+-------------+-------------+-------------+-------------+-------------+-------------+-------------+-------------+-------------+-------------+-------------+-------------+-------------+-------------+-------------+-------------+-------------+-------------+-------------+-------------+--------------+--------------+--------------+--------------+--------------+--------------+--------------+--------------+--------------+--------------+--------------+--------------+--------------+--------------+--------------+--------------+--------------+--------------+--------------+--------------+--------------+--------------+--------------+--------------+--------------+--------------+--------------+--------------+--------------+--------------+--------------+--------------+--------------+--------------+--------------+--------------+--------------+--------------+--------------+--------------+--------------+--------------+--------------+--------------+--------------+--------------+--------------+--------------+--------------+--------------+--------------+--------------+--------------+--------------+--------------+--------------+--------------+--------------+--------------+--------------+--------------+--------------+--------------+--------------+--------------+--------------+--------------+--------------+--------------+--------------+--------------+--------------+--------------+--------------+--------------+--------------+--------------+--------------+--------------+--------------+--------------+--------------+--------------+--------------+--------------+--------------+--------------+--------------+--------------+--------------+--------------+--------------+
|      Runtime (RDTSC) [s]      |     2.8776 |     2.8776 |     2.8776 |     2.8772 |     2.8776 |     2.8776 |     2.8772 |     2.8772 |     2.8772 |     2.8773 |      2.8777 |      2.8772 |      2.8778 |      2.8772 |      2.8776 |      2.8776 |      2.8772 |      2.8772 |      2.8772 |      2.8772 |      2.8772 |      2.8772 |      2.8772 |      2.8772 |      2.8779 |      2.8772 |      2.8772 |      2.8777 |      2.8779 |      2.8776 |      2.8776 |      2.8777 |      2.8776 |      2.8773 |      2.8772 |      2.8772 |      2.8774 |      2.8772 |      2.8772 |      2.8772 |      2.8772 |      2.8772 |      2.8774 |      2.8772 |      2.8772 |      2.8772 |      2.8773 |      2.8772 |      2.8776 |      2.8780 |      2.8774 |      2.8776 |      2.8776 |      2.8774 |      2.8772 |      2.8778 |      2.8772 |      2.8774 |      2.8774 |      2.8772 |      2.8772 |      2.8774 |      2.8772 |      2.8772 |      2.8776 |      2.8776 |      2.8776 |      2.8794 |      2.8775 |      2.8779 |      2.8779 |      2.8783 |      2.8772 |      2.8773 |      2.8774 |      2.8774 |      2.8773 |      2.8773 |      2.8772 |      2.8772 |      2.8777 |      2.8776 |      2.8775 |      2.8776 |      2.8775 |      2.8774 |      2.8773 |      2.8783 |      2.8772 |      2.8772 |      2.8772 |      2.8772 |      2.8772 |      2.8772 |      2.8772 |      2.8772 |      2.8777 |      2.8783 |      2.8782 |      2.8778 |       2.8777 |       2.8776 |       2.8778 |       2.8783 |       2.8776 |       2.8772 |       2.8774 |       2.8772 |       2.8778 |       2.8774 |       2.8774 |       2.8775 |       2.8776 |       2.8789 |       2.8783 |       2.8782 |       2.8789 |       2.8794 |       2.8772 |       2.8774 |       2.8779 |       2.8776 |       2.8779 |       2.8774 |       2.8774 |       2.8779 |       2.8772 |       2.8774 |       2.8774 |       2.8772 |       2.8780 |       2.8773 |       2.8780 |       2.8780 |       2.8780 |       2.8772 |       2.8777 |       2.8772 |       2.8776 |       2.8772 |       2.8772 |       2.8774 |       2.8772 |       2.8775 |       2.8774 |       2.8773 |       2.8794 |       2.8775 |       2.8774 |       2.8782 |       2.8772 |       2.8772 |       2.8774 |       2.8780 |       2.8779 |       2.8774 |       2.8774 |       2.8780 |       2.8772 |       2.8780 |       2.8776 |       2.8776 |       2.8776 |       2.8779 |       2.8776 |       2.8773 |       2.8779 |       2.8779 |       2.8777 |       2.8780 |       2.8772 |       2.8780 |       2.8776 |       2.8772 |       2.8772 |       2.8772 |       2.8774 |       2.8777 |       2.8776 |       2.8779 |       2.8772 |       2.8776 |       2.8774 |       2.8776 |       2.8780 |       2.8776 |       2.8782 |       2.8773 |       2.8772 |       2.8772 |       2.8778 |       2.8772 |
|      Runtime unhalted [s]     |     2.9181 |     2.9191 |     2.9187 |     2.9185 |     2.9190 |     2.9190 |     2.9183 |     2.9183 |     2.9193 |     2.9194 |      2.9201 |      2.9193 |      2.9199 |      2.9189 |      2.9196 |      2.9198 |      2.9184 |      2.9188 |      2.9188 |      2.9184 |      2.9184 |      2.9183 |      2.9187 |      2.9184 |      2.9210 |      2.9208 |      2.9202 |      2.9207 |      2.9210 |      2.9208 |      2.9207 |      2.9211 |      2.9193 |      2.9189 |      2.9188 |      2.9183 |      2.9188 |      2.9188 |      2.9188 |      2.9189 |      2.9180 |      2.9186 |      2.9178 |      2.9180 |      2.9180 |      2.9182 |      2.9181 |      2.9186 |      2.9192 |      2.9193 |      2.9188 |      2.9200 |      2.9193 |      2.9188 |      2.9189 |      2.9197 |      2.9179 |      2.9174 |      2.9179 |      2.9174 |      2.9174 |      2.9174 |      2.9174 |      2.9179 |      2.9209 |      2.9203 |      2.9208 |      2.9213 |      2.9202 |      2.9206 |      2.9210 |      2.9211 |      2.9191 |      2.9191 |      2.9190 |      2.9190 |      2.9191 |      2.9191 |      2.9190 |      2.9190 |      2.9199 |      2.9198 |      2.9198 |      2.9198 |      2.9197 |      2.9192 |      2.9195 |      2.9200 |      2.9183 |      2.9184 |      2.9182 |      2.9181 |      2.9184 |      2.9182 |      2.9181 |      2.9184 |      2.9431 |      2.9435 |      2.9438 |      2.9435 |       2.9427 |       2.9428 |       2.9435 |       2.9434 |       2.9427 |       2.9424 |       2.9420 |       2.9422 |       2.9424 |       2.9419 |       2.9419 |       2.9422 |       2.9452 |       2.9453 |       2.9454 |       2.9452 |       2.9454 |       2.9455 |       2.9447 |       2.9446 |       2.9430 |       2.9430 |       2.9431 |       2.9429 |       2.9425 |       2.9430 |       2.9427 |       2.9425 |       2.9431 |       2.9428 |       2.9429 |       2.9424 |       2.9432 |       2.9436 |       2.9430 |       2.9426 |       2.9425 |       2.9420 |       2.9427 |       2.9422 |       2.9423 |       2.9426 |       2.9420 |       2.9426 |       2.9432 |       2.9431 |       2.9441 |       2.9431 |       2.9438 |       2.9440 |       2.9431 |       2.9439 |       2.9422 |       2.9425 |       2.9426 |       2.9421 |       2.9419 |       2.9427 |       2.9420 |       2.9426 |       2.9423 |       2.9423 |       2.9417 |       2.9425 |       2.9423 |       2.9419 |       2.9425 |       2.9423 |       2.9432 |       2.9434 |       2.9431 |       2.9437 |       2.9437 |       2.9433 |       2.9429 |       2.9432 |       2.9423 |       2.9430 |       2.9428 |       2.9429 |       2.9423 |       2.9423 |       2.9423 |       2.9428 |       2.9444 |       2.9440 |       2.9444 |       2.9440 |       2.9438 |       2.9439 |       2.9445 |       2.9443 |
|          Clock [MHz]          |  2429.1170 |  2429.1941 |  2429.0754 |  2429.3256 |  2429.3421 |  2429.3133 |  2429.1205 |  2428.9414 |  2429.9931 |  2429.9668 |   2429.8665 |   2429.9880 |   2429.8667 |   2429.8871 |   2429.9336 |   2430.0070 |   2429.1609 |   2429.2920 |   2429.3085 |   2429.1726 |   2429.1902 |   2429.1511 |   2429.2701 |   2429.1710 |   2430.8606 |   2431.1115 |   2430.8901 |   2430.7454 |   2430.8810 |   2430.8014 |   2430.7493 |   2430.9428 |   2429.6535 |   2429.6102 |   2429.5890 |   2429.4216 |   2429.5961 |   2429.5904 |   2429.5969 |   2429.3919 |   2428.8540 |   2429.1844 |   2429.0903 |   2428.8669 |   2428.9185 |   2429.0820 |   2428.8481 |   2429.0079 |   2429.8935 |   2429.9329 |   2429.9287 |   2430.0080 |   2429.8322 |   2429.9306 |   2429.9427 |   2429.9631 |   2428.7709 |   2428.9705 |   2428.9384 |   2428.9608 |   2428.9549 |   2428.9746 |   2428.9543 |   2428.7644 |   2430.9502 |   2430.9379 |   2430.9016 |   2430.8504 |   2430.9380 |   2430.9009 |   2430.8652 |   2430.8039 |   2429.7930 |   2429.7908 |   2429.7727 |   2429.7713 |   2429.7683 |   2429.7958 |   2429.7672 |   2429.7604 |   2429.6500 |   2429.6380 |   2429.7714 |   2429.6440 |   2429.5734 |   2429.4858 |   2429.6594 |   2429.4651 |   2428.5943 |   2428.9669 |   2428.6207 |   2428.5111 |   2428.7803 |   2428.6139 |   2428.5724 |   2428.9635 |   2449.4873 |   2449.3976 |   2449.3043 |   2449.4170 |    2449.3532 |    2449.3660 |    2449.4116 |    2449.3879 |    2449.1104 |    2449.1488 |    2448.8821 |    2449.1219 |    2448.8452 |    2448.8264 |    2448.6225 |    2448.9388 |    2451.2378 |    2450.8189 |    2451.0185 |    2450.8169 |    2450.8341 |    2450.8032 |    2451.0086 |    2451.0143 |    2449.0925 |    2449.4008 |    2449.2714 |    2449.3293 |    2449.2127 |    2449.1007 |    2449.4171 |    2449.1941 |    2449.6371 |    2449.5598 |    2449.4261 |    2449.5556 |    2449.3825 |    2449.3014 |    2449.1554 |    2449.3728 |    2449.0166 |    2448.8694 |    2449.1037 |    2449.1047 |    2449.1255 |    2449.2053 |    2448.8741 |    2449.0414 |    2449.8923 |    2449.7368 |    2449.7487 |    2449.7257 |    2449.9778 |    2449.9023 |    2449.7212 |    2450.1703 |    2449.0522 |    2449.0297 |    2448.9114 |    2448.8603 |    2448.6396 |    2448.9239 |    2448.8900 |    2449.0967 |    2448.8256 |    2448.8218 |    2448.8317 |    2448.7511 |    2448.8222 |    2448.6969 |    2448.7609 |    2448.5376 |    2449.7713 |    2449.8524 |    2449.7908 |    2449.9642 |    2449.9414 |    2449.9560 |    2449.8515 |    2449.9390 |    2449.2342 |    2449.3716 |    2449.1943 |    2448.9483 |    2449.0664 |    2449.0345 |    2449.2410 |    2449.2839 |    2450.1443 |    2450.4228 |    2450.1426 |    2450.5497 |    2450.3188 |    2450.3490 |    2450.1813 |    2450.6329 |
|              CPI              |     0.8955 |     0.8949 |     0.8957 |     0.8944 |     0.8952 |     0.8942 |     0.8942 |     0.8936 |     0.8945 |     0.8943 |      0.8956 |      0.8947 |      0.8952 |      0.8945 |      0.8941 |      0.8941 |      0.8927 |      0.8940 |      0.8946 |      0.8943 |      0.8946 |      0.8942 |      0.8941 |      0.8959 |      0.8940 |      0.8941 |      0.8942 |      0.8965 |      0.8940 |      0.8943 |      0.8937 |      0.8935 |      0.8936 |      0.8935 |      0.8942 |      0.8949 |      0.8941 |      0.8936 |      0.8932 |      0.8930 |      0.8942 |      0.8943 |      0.8945 |      0.8943 |      0.8943 |      0.8944 |      0.8944 |      0.8952 |      0.8973 |      0.8990 |      0.8964 |      0.8975 |      0.8962 |      0.8969 |      0.8962 |      0.8964 |      0.8929 |      0.8940 |      0.8950 |      0.8943 |      0.8945 |      0.8942 |      0.8938 |      0.8937 |      0.8912 |      0.8912 |      0.8912 |      0.8919 |      0.8912 |      0.8914 |      0.8913 |      0.8955 |      0.8915 |      0.8914 |      0.8919 |      0.8915 |      0.8917 |      0.8915 |      0.8913 |      0.8912 |      0.8925 |      0.8939 |      0.8927 |      0.8925 |      0.8923 |      0.8924 |      0.8920 |      0.8925 |      0.8948 |      0.8949 |      0.8949 |      0.8948 |      0.8948 |      0.8949 |      0.8949 |      0.8955 |      0.9042 |      0.9043 |      0.9039 |      0.9051 |       0.9043 |       0.9064 |       0.9039 |       0.9043 |       0.9047 |       0.9041 |       0.9052 |       0.9045 |       0.9048 |       0.9042 |       0.9040 |       0.9036 |       0.9080 |       0.9075 |       0.9074 |       0.9078 |       0.9082 |       0.9080 |       0.9065 |       0.9108 |       0.9053 |       0.9048 |       0.9062 |       0.9053 |       0.9044 |       0.9054 |       0.9049 |       0.9045 |       0.9054 |       0.9047 |       0.9064 |       0.9058 |       0.9061 |       0.9057 |       0.9051 |       0.9048 |       0.9042 |       0.9104 |       0.9039 |       0.9041 |       0.9040 |       0.9034 |       0.9039 |       0.9060 |       0.9045 |       0.9045 |       0.9061 |       0.9047 |       0.9050 |       0.9047 |       0.9044 |       0.9040 |       0.9043 |       0.9043 |       0.9054 |       0.9046 |       0.9047 |       0.9046 |       0.9038 |       0.9040 |       0.9052 |       0.9053 |       0.9079 |       0.9076 |       0.9054 |       0.9051 |       0.9054 |       0.9084 |       0.9030 |       0.9029 |       0.9034 |       0.9031 |       0.9050 |       0.9042 |       0.9029 |       0.9046 |       0.9053 |       0.9052 |       0.9061 |       0.9055 |       0.9055 |       0.9051 |       0.9048 |       0.9043 |       0.9060 |       0.9057 |       0.9061 |       0.9053 |       0.9046 |       0.9056 |       0.9056 |       0.9099 |
|    L2 bandwidth [MBytes/s]    | 47955.9908 | 47926.6100 | 47906.6152 | 47917.7361 | 47903.8426 | 47911.7590 | 47932.3287 | 47934.5805 | 47901.1771 | 47917.7405 |  47906.8418 |  47908.3955 |  47908.2414 |  47924.2434 |  47904.8033 |  47921.8338 |  47880.8570 |  47917.9877 |  47906.8494 |  47914.9960 |  47910.4972 |  47919.1555 |  47922.3138 |  47959.8892 |  47901.0160 |  47928.2143 |  47906.6713 |  47954.2966 |  47899.6150 |  47922.9537 |  47929.6071 |  47927.3135 |  47892.1111 |  47921.5774 |  47914.2114 |  47955.2510 |  47916.6403 |  47926.3179 |  47918.5883 |  47931.6113 |  48179.4839 |  48197.4515 |  48161.9927 |  48167.1836 |  48184.8108 |  48161.4888 |  48179.5439 |  48207.0897 |  47890.8968 |  47936.4111 |  47882.5257 |  47906.8443 |  47884.4494 |  47901.7455 |  47899.2085 |  47909.1138 |  47881.9575 |  47918.0206 |  47904.4069 |  47918.8434 |  47917.8869 |  47915.8414 |  47915.3178 |  47923.8092 |  48116.2367 |  48130.5025 |  48106.3960 |  48058.4788 |  48105.7019 |  48086.3469 |  48134.1432 |  48174.4451 |  47963.4815 |  47974.9709 |  47968.2269 |  47976.9069 |  47972.0627 |  48003.4254 |  48001.0288 |  48002.2856 |  47953.5566 |  47999.9333 |  47967.3276 |  47967.4009 |  47956.0180 |  47987.1496 |  47985.2082 |  47973.1230 |  48164.2213 |  48194.0880 |  48164.4414 |  48160.2493 |  48169.2738 |  48170.0578 |  48168.1853 |  48190.8833 |  47899.9858 |  47905.9606 |  47879.5123 |  47913.3739 |   47917.7898 |   47960.7728 |   47907.2640 |   47919.4570 |   47900.2823 |   47928.0637 |   47916.8406 |   47925.8393 |   47910.7210 |   47928.6069 |   47921.3682 |   47932.2182 |   48134.7347 |   48129.6285 |   48107.9038 |   48110.2683 |   48100.5167 |   48088.0070 |   48158.6803 |   48200.0330 |   47892.0162 |   47924.5363 |   47900.0094 |   47922.4012 |   47899.8250 |   47921.4431 |   47932.7184 |   47941.9533 |   47906.1208 |   47923.5542 |   47894.6371 |   47924.6398 |   47895.1930 |   47917.8641 |   47902.9491 |   47928.5645 |   48089.3051 |   48207.6671 |   48073.3724 |   48077.8752 |   48087.2228 |   48080.3902 |   48116.0678 |   48173.8154 |   47909.3524 |   47937.8808 |   47889.9486 |   47931.1005 |   47926.8218 |   47919.9877 |   47943.8182 |   47950.8635 |   47902.0010 |   47906.9238 |   47906.9991 |   47924.4989 |   47919.2215 |   47918.5657 |   47928.9370 |   47919.5382 |   48110.3155 |   48111.4389 |   48142.9323 |   48132.1958 |   48098.7887 |   48102.6565 |   48117.3803 |   48193.3347 |   47907.3750 |   47927.0488 |   47915.3186 |   47921.2447 |   47952.9162 |   47958.1429 |   47940.3812 |   47983.5229 |   47901.3929 |   47910.9055 |   47895.8620 |   47905.5549 |   47902.4660 |   47906.5559 |   47910.8126 |   47920.4331 |   48104.9740 |   48110.7027 |   48107.6273 |   48075.6986 |   48113.1589 |   48101.4977 |   48118.4611 |   48205.1709 |
|    L2 data volume [GBytes]    |   137.9972 |   137.9116 |   137.8540 |   137.8679 |   137.8488 |   137.8696 |   137.9110 |   137.9166 |   137.8227 |   137.8754 |    137.8608 |    137.8439 |    137.8709 |    137.8883 |    137.8499 |    137.8980 |    137.7635 |    137.8710 |    137.8392 |    137.8625 |    137.8495 |    137.8742 |    137.8829 |    137.9915 |    137.8534 |    137.9005 |    137.8385 |    137.9973 |    137.8493 |    137.9053 |    137.9205 |    137.9192 |    137.8157 |    137.8863 |    137.8594 |    137.9769 |    137.8735 |    137.8948 |    137.8727 |    137.9089 |    138.6234 |    138.6748 |    138.5796 |    138.5876 |    138.6390 |    138.5716 |    138.6287 |    138.7018 |    137.8094 |    137.9603 |    137.7754 |    137.8563 |    137.7937 |    137.8337 |    137.8169 |    137.8727 |    137.7660 |    137.8796 |    137.8383 |    137.8722 |    137.8694 |    137.8742 |    137.8621 |    137.8863 |    138.4582 |    138.5011 |    138.4286 |    138.3796 |    138.4254 |    138.3867 |    138.5243 |    138.6623 |    138.0019 |    138.0381 |    138.0239 |    138.0487 |    138.0298 |    138.1201 |    138.1082 |    138.1121 |    137.9938 |    138.1265 |    138.0279 |    138.0324 |    137.9955 |    138.0792 |    138.0661 |    138.0807 |    138.5777 |    138.6645 |    138.5802 |    138.5675 |    138.5942 |    138.5965 |    138.5899 |    138.6564 |    137.8404 |    137.8869 |    137.8054 |    137.8870 |     137.8929 |     138.0116 |     137.8698 |     137.9248 |     137.8360 |     137.8992 |     137.8742 |     137.8928 |     137.8780 |     137.9081 |     137.8895 |     137.9235 |     138.5123 |     138.5590 |     138.4674 |     138.4717 |     138.4759 |     138.4649 |     138.5636 |     138.6891 |     137.8291 |     137.9061 |     137.8500 |     137.8902 |     137.8253 |     137.9138 |     137.9130 |     137.9484 |     137.8451 |     137.8870 |     137.8396 |     137.8924 |     137.8412 |     137.9058 |     137.8644 |     137.9013 |     138.3859 |     138.7041 |     138.3357 |     138.3306 |     138.3580 |     138.3448 |     138.4403 |     138.6219 |     137.8558 |     137.9319 |     137.8935 |     137.9201 |     137.9027 |     137.9213 |     137.9455 |     137.9648 |     137.8340 |     137.8755 |     137.8719 |     137.8986 |     137.8828 |     137.9096 |     137.9021 |     137.9118 |     138.4405 |     138.4435 |     138.5341 |     138.5203 |     138.4079 |     138.4070 |     138.4767 |     138.6961 |     137.8616 |     137.9330 |     137.8635 |     137.9163 |     137.9889 |     137.9862 |     137.9348 |     138.0586 |     137.8295 |     137.8715 |     137.8236 |     137.8697 |     137.8246 |     137.8566 |     137.8565 |     137.8948 |     138.4447 |     138.4442 |     138.4648 |     138.3284 |     138.4326 |     138.3990 |     138.4772 |     138.6964 |
| Prefetch bandwidth [MBytes/s] | 16468.9772 | 16902.5556 | 17376.1774 | 17205.2706 | 18218.3200 | 16742.5566 | 16867.5548 | 17243.6983 | 16616.4832 | 16955.9880 |  17306.9806 |  17015.0186 |  17333.5887 |  17394.2815 |  16358.2200 |  17317.6399 |  16743.8604 |  17220.3057 |  16710.8730 |  17262.1562 |  17522.1167 |  17214.2340 |  16918.8520 |  16627.0604 |  17318.0680 |  17293.8206 |  16696.2644 |  16917.5534 |  16367.0191 |  17020.6483 |  17220.2988 |  17263.5300 |  17262.1284 |  17046.2099 |  17419.9441 |  16984.9406 |  17406.8191 |  17425.9735 |  17439.1363 |  17070.5779 |  19677.1415 |  19266.4218 |  18997.2122 |  19436.9020 |  19505.1909 |  19010.5021 |  19515.0670 |  11012.1712 |  16278.6062 |  16861.8827 |  16438.7263 |  17307.0226 |  17341.2526 |  17484.2999 |  17505.1637 |  16964.4033 |  16620.5575 |  17327.8843 |  17093.6655 |  16764.4738 |  16907.1547 |  17014.3903 |  16712.1981 |  17424.7957 |  18136.6654 |  18316.8798 |  18470.9223 |  17639.5905 |  17992.2981 |  17955.9861 |  18457.2243 |  10673.3327 |  17090.9841 |  17481.6105 |  16829.6417 |  17631.2655 |  17130.1566 |  17410.0950 |  17294.6808 |  17015.4376 |  16625.9263 |  16405.7681 |  17291.3608 |  17170.0888 |  17296.4509 |  17136.0940 |  17128.7679 |  17078.5893 |  19177.2356 |  19626.5399 |  19518.8021 |  19020.2574 |  19455.8392 |  19501.5875 |  19530.2913 |  10272.7906 |  17615.1367 |  17336.7825 |  17679.5917 |  17522.0454 |   17232.3094 |   16856.4703 |   17724.9378 |   17067.0447 |   17348.2057 |   17419.5987 |   17105.9152 |   17175.3200 |   17359.5472 |   17028.6511 |   17039.0596 |   17208.8442 |   19016.3000 |   19134.9212 |   18839.8989 |   18144.0659 |   18544.4575 |   18286.3849 |   19385.5072 |   10616.7625 |   17320.6937 |   17247.6536 |   17943.0508 |   17368.8602 |   17919.7909 |   17688.2161 |   17439.5702 |   17157.9489 |   16861.3273 |   17187.9241 |   17006.9388 |   17198.9429 |   17390.9064 |   17038.2102 |   17619.3173 |   17084.6425 |   18255.7013 |   20357.1681 |   18472.6017 |   17571.4569 |   18828.0532 |   18493.5625 |   18376.0457 |   10320.5987 |   17231.4189 |   17071.0233 |   17308.0525 |   16812.3005 |   16929.9547 |   17209.6610 |   17520.3062 |   16896.3566 |   16132.4010 |   17229.6332 |   17376.1730 |   17385.5352 |   17048.6274 |   17596.3730 |   16822.7795 |   17478.0698 |   18505.0611 |   18784.3765 |   19033.8169 |   18828.8623 |   18559.6786 |   18931.0302 |   18741.3244 |   10559.1435 |   17489.7647 |   16891.7483 |   16551.8949 |   16699.7024 |   17172.8184 |   17146.4518 |   17263.7054 |   16700.5867 |   17134.9530 |   17361.2997 |   17203.5223 |   16899.7010 |   17351.1313 |   17266.0222 |   16776.3091 |   17066.9951 |   18605.8523 |   19751.6741 |   18460.7788 |   18179.4094 |   18819.8542 |   17971.8512 |   18806.5559 |   11400.4202 |
| Prefetch data volume [GBytes] |    47.3908 |    48.6381 |    50.0009 |    49.5026 |    52.4253 |    48.1779 |    48.5314 |    49.6133 |    47.8094 |    48.7881 |     49.8040 |     48.9563 |     49.8828 |     50.0471 |     47.0721 |     49.8326 |     48.1757 |     49.5467 |     48.0811 |     49.6672 |     50.4151 |     49.5292 |     48.6792 |     47.8398 |     49.8393 |     49.7583 |     48.0390 |     48.6834 |     47.1023 |     48.9794 |     49.5525 |     49.6788 |     49.6740 |     49.0476 |     50.1209 |     48.8691 |     50.0857 |     50.1385 |     50.1764 |     49.1155 |     56.6156 |     55.4338 |     54.6619 |     55.9242 |     56.1210 |     54.6975 |     56.1514 |     31.6843 |     46.8428 |     48.5283 |     47.3002 |     49.8025 |     49.9017 |     50.3098 |     50.3663 |     48.8201 |     47.8207 |     49.8593 |     49.1846 |     48.2348 |     48.6453 |     48.9576 |     48.0844 |     50.1346 |     52.1897 |     52.7089 |     53.1510 |     50.7914 |     51.7733 |     51.6752 |     53.1177 |     30.7215 |     49.1747 |     50.2998 |     48.4256 |     50.7322 |     49.2885 |     50.0940 |     49.7601 |     48.9568 |     47.8437 |     47.2099 |     49.7566 |     49.4091 |     49.7713 |     49.3078 |     49.2840 |     49.1572 |     55.1766 |     56.4697 |     56.1601 |     54.7254 |     55.9790 |     56.1106 |     56.1927 |     29.5572 |     50.6906 |     49.9002 |     50.8849 |     50.4256 |      49.5894 |      48.5061 |      51.0097 |      49.1234 |      49.9205 |      50.1199 |      49.2200 |      49.4170 |      49.9575 |      48.9976 |      49.0284 |      49.5179 |      54.7212 |      55.0870 |      54.2263 |      52.2225 |      53.3874 |      52.6539 |      55.7766 |      30.5483 |      49.8474 |      49.6313 |      51.6378 |      49.9766 |      51.5618 |      50.9052 |      50.1775 |      49.3704 |      48.5168 |      49.4536 |      48.9456 |      49.4861 |      50.0506 |      49.0353 |      50.7083 |      49.1564 |      52.5342 |      58.5721 |      53.1567 |      50.5569 |      54.1726 |      53.2127 |      52.8719 |      29.6979 |      49.5822 |      49.1185 |      49.8365 |      48.3768 |      48.7136 |      49.5321 |      50.4100 |      48.6144 |      46.4196 |      49.5866 |      50.0070 |      50.0254 |      49.0557 |      50.6424 |      48.4029 |      50.3017 |      53.2495 |      54.0531 |      54.7709 |      54.1878 |      53.4069 |      54.4707 |      53.9355 |      30.3883 |      50.3298 |      48.6141 |      47.6236 |      48.0614 |      49.4164 |      49.3341 |      49.6714 |      48.0511 |      49.3034 |      49.9600 |      49.5043 |      48.6365 |      49.9226 |      49.6849 |      48.2714 |      49.1116 |      53.5471 |      56.8378 |      53.1343 |      52.3077 |      54.1490 |      51.7091 |      54.1222 |      32.8014 |
+-------------------------------+------------+------------+------------+------------+------------+------------+------------+------------+------------+------------+-------------+-------------+-------------+-------------+-------------+-------------+-------------+-------------+-------------+-------------+-------------+-------------+-------------+-------------+-------------+-------------+-------------+-------------+-------------+-------------+-------------+-------------+-------------+-------------+-------------+-------------+-------------+-------------+-------------+-------------+-------------+-------------+-------------+-------------+-------------+-------------+-------------+-------------+-------------+-------------+-------------+-------------+-------------+-------------+-------------+-------------+-------------+-------------+-------------+-------------+-------------+-------------+-------------+-------------+-------------+-------------+-------------+-------------+-------------+-------------+-------------+-------------+-------------+-------------+-------------+-------------+-------------+-------------+-------------+-------------+-------------+-------------+-------------+-------------+-------------+-------------+-------------+-------------+-------------+-------------+-------------+-------------+-------------+-------------+-------------+-------------+-------------+-------------+-------------+-------------+--------------+--------------+--------------+--------------+--------------+--------------+--------------+--------------+--------------+--------------+--------------+--------------+--------------+--------------+--------------+--------------+--------------+--------------+--------------+--------------+--------------+--------------+--------------+--------------+--------------+--------------+--------------+--------------+--------------+--------------+--------------+--------------+--------------+--------------+--------------+--------------+--------------+--------------+--------------+--------------+--------------+--------------+--------------+--------------+--------------+--------------+--------------+--------------+--------------+--------------+--------------+--------------+--------------+--------------+--------------+--------------+--------------+--------------+--------------+--------------+--------------+--------------+--------------+--------------+--------------+--------------+--------------+--------------+--------------+--------------+--------------+--------------+--------------+--------------+--------------+--------------+--------------+--------------+--------------+--------------+--------------+--------------+--------------+--------------+--------------+--------------+--------------+--------------+--------------+--------------+--------------+--------------+
+------------------------------------+--------------+------------+------------+------------+
|               Metric               |      Sum     |     Min    |     Max    |     Avg    |
+------------------------------------+--------------+------------+------------+------------+
|      Runtime (RDTSC) [s] STAT      |     552.4881 |     2.8772 |     2.8794 |     2.8775 |
|      Runtime unhalted [s] STAT     |     562.7685 |     2.9174 |     2.9455 |     2.9311 |
|          Clock [MHz] STAT          |  468395.9689 |  2428.5111 |  2451.2378 |  2439.5623 |
|              CPI STAT              |     172.7286 |     0.8912 |     0.9108 |     0.8996 |
|    L2 bandwidth [MBytes/s] STAT    | 9.213328e+06 | 47879.5123 | 48207.6671 | 47986.0836 |
|    L2 data volume [GBytes] STAT    |   26511.7471 |   137.7635 |   138.7041 |   138.0820 |
| Prefetch bandwidth [MBytes/s] STAT | 3.327728e+06 | 10272.7906 | 20357.1681 | 17331.9159 |
| Prefetch data volume [GBytes] STAT |    9575.6823 |    29.5572 |    58.5721 |    49.8733 |
+------------------------------------+--------------+------------+------------+------------+
