--------------------------------------------------------------------------------
CPU name:	AMD EPYC 9654 96-Core Processor                
CPU type:	AMD K19 (Zen4) architecture
CPU clock:	2.40 GHz
--------------------------------------------------------------------------------
Region bench, Group 1: L2
+-------------------+------------+------------+------------+------------+------------+------------+------------+------------+------------+------------+-------------+-------------+-------------+-------------+-------------+-------------+-------------+-------------+-------------+-------------+-------------+-------------+-------------+-------------+-------------+-------------+-------------+-------------+-------------+-------------+-------------+-------------+-------------+-------------+-------------+-------------+-------------+-------------+-------------+-------------+-------------+-------------+-------------+-------------+-------------+-------------+-------------+-------------+-------------+-------------+-------------+-------------+-------------+-------------+-------------+-------------+-------------+-------------+-------------+-------------+-------------+-------------+-------------+-------------+-------------+-------------+-------------+-------------+-------------+-------------+-------------+-------------+-------------+-------------+-------------+-------------+-------------+-------------+-------------+-------------+-------------+-------------+-------------+-------------+-------------+-------------+-------------+-------------+-------------+-------------+-------------+-------------+-------------+-------------+-------------+-------------+-------------+-------------+-------------+-------------+--------------+--------------+--------------+--------------+--------------+--------------+--------------+--------------+--------------+--------------+--------------+--------------+--------------+--------------+--------------+--------------+--------------+--------------+--------------+--------------+--------------+--------------+--------------+--------------+--------------+--------------+--------------+--------------+--------------+--------------+--------------+--------------+--------------+--------------+--------------+--------------+--------------+--------------+--------------+--------------+--------------+--------------+--------------+--------------+--------------+--------------+--------------+--------------+--------------+--------------+--------------+--------------+--------------+--------------+--------------+--------------+--------------+--------------+--------------+--------------+--------------+--------------+--------------+--------------+--------------+--------------+--------------+--------------+--------------+--------------+--------------+--------------+--------------+--------------+--------------+--------------+--------------+--------------+--------------+--------------+--------------+--------------+--------------+--------------+--------------+--------------+--------------+--------------+--------------+--------------+--------------+--------------+
|    Region Info    | HWThread 0 | HWThread 1 | HWThread 2 | HWThread 3 | HWThread 4 | HWThread 5 | HWThread 6 | HWThread 7 | HWThread 8 | HWThread 9 | HWThread 10 | HWThread 11 | HWThread 12 | HWThread 13 | HWThread 14 | HWThread 15 | HWThread 16 | HWThread 17 | HWThread 18 | HWThread 19 | HWThread 20 | HWThread 21 | HWThread 22 | HWThread 23 | HWThread 24 | HWThread 25 | HWThread 26 | HWThread 27 | HWThread 28 | HWThread 29 | HWThread 30 | HWThread 31 | HWThread 32 | HWThread 33 | HWThread 34 | HWThread 35 | HWThread 36 | HWThread 37 | HWThread 38 | HWThread 39 | HWThread 40 | HWThread 41 | HWThread 42 | HWThread 43 | HWThread 44 | HWThread 45 | HWThread 46 | HWThread 47 | HWThread 48 | HWThread 49 | HWThread 50 | HWThread 51 | HWThread 52 | HWThread 53 | HWThread 54 | HWThread 55 | HWThread 56 | HWThread 57 | HWThread 58 | HWThread 59 | HWThread 60 | HWThread 61 | HWThread 62 | HWThread 63 | HWThread 64 | HWThread 65 | HWThread 66 | HWThread 67 | HWThread 68 | HWThread 69 | HWThread 70 | HWThread 71 | HWThread 72 | HWThread 73 | HWThread 74 | HWThread 75 | HWThread 76 | HWThread 77 | HWThread 78 | HWThread 79 | HWThread 80 | HWThread 81 | HWThread 82 | HWThread 83 | HWThread 84 | HWThread 85 | HWThread 86 | HWThread 87 | HWThread 88 | HWThread 89 | HWThread 90 | HWThread 91 | HWThread 92 | HWThread 93 | HWThread 94 | HWThread 95 | HWThread 96 | HWThread 97 | HWThread 98 | HWThread 99 | HWThread 100 | HWThread 101 | HWThread 102 | HWThread 103 | HWThread 104 | HWThread 105 | HWThread 106 | HWThread 107 | HWThread 108 | HWThread 109 | HWThread 110 | HWThread 111 | HWThread 112 | HWThread 113 | HWThread 114 | HWThread 115 | HWThread 116 | HWThread 117 | HWThread 118 | HWThread 119 | HWThread 120 | HWThread 121 | HWThread 122 | HWThread 123 | HWThread 124 | HWThread 125 | HWThread 126 | HWThread 127 | HWThread 128 | HWThread 129 | HWThread 130 | HWThread 131 | HWThread 132 | HWThread 133 | HWThread 134 | HWThread 135 | HWThread 136 | HWThread 137 | HWThread 138 | HWThread 139 | HWThread 140 | HWThread 141 | HWThread 142 | HWThread 143 | HWThread 144 | HWThread 145 | HWThread 146 | HWThread 147 | HWThread 148 | HWThread 149 | HWThread 150 | HWThread 151 | HWThread 152 | HWThread 153 | HWThread 154 | HWThread 155 | HWThread 156 | HWThread 157 | HWThread 158 | HWThread 159 | HWThread 160 | HWThread 161 | HWThread 162 | HWThread 163 | HWThread 164 | HWThread 165 | HWThread 166 | HWThread 167 | HWThread 168 | HWThread 169 | HWThread 170 | HWThread 171 | HWThread 172 | HWThread 173 | HWThread 174 | HWThread 175 | HWThread 176 | HWThread 177 | HWThread 178 | HWThread 179 | HWThread 180 | HWThread 181 | HWThread 182 | HWThread 183 | HWThread 184 | HWThread 185 | HWThread 186 | HWThread 187 | HWThread 188 | HWThread 189 | HWThread 190 | HWThread 191 |
+-------------------+------------+------------+------------+------------+------------+------------+------------+------------+------------+------------+-------------+-------------+-------------+-------------+-------------+-------------+-------------+-------------+-------------+-------------+-------------+-------------+-------------+-------------+-------------+-------------+-------------+-------------+-------------+-------------+-------------+-------------+-------------+-------------+-------------+-------------+-------------+-------------+-------------+-------------+-------------+-------------+-------------+-------------+-------------+-------------+-------------+-------------+-------------+-------------+-------------+-------------+-------------+-------------+-------------+-------------+-------------+-------------+-------------+-------------+-------------+-------------+-------------+-------------+-------------+-------------+-------------+-------------+-------------+-------------+-------------+-------------+-------------+-------------+-------------+-------------+-------------+-------------+-------------+-------------+-------------+-------------+-------------+-------------+-------------+-------------+-------------+-------------+-------------+-------------+-------------+-------------+-------------+-------------+-------------+-------------+-------------+-------------+-------------+-------------+--------------+--------------+--------------+--------------+--------------+--------------+--------------+--------------+--------------+--------------+--------------+--------------+--------------+--------------+--------------+--------------+--------------+--------------+--------------+--------------+--------------+--------------+--------------+--------------+--------------+--------------+--------------+--------------+--------------+--------------+--------------+--------------+--------------+--------------+--------------+--------------+--------------+--------------+--------------+--------------+--------------+--------------+--------------+--------------+--------------+--------------+--------------+--------------+--------------+--------------+--------------+--------------+--------------+--------------+--------------+--------------+--------------+--------------+--------------+--------------+--------------+--------------+--------------+--------------+--------------+--------------+--------------+--------------+--------------+--------------+--------------+--------------+--------------+--------------+--------------+--------------+--------------+--------------+--------------+--------------+--------------+--------------+--------------+--------------+--------------+--------------+--------------+--------------+--------------+--------------+--------------+--------------+
| RDTSC Runtime [s] |   2.746286 |   2.745903 |   2.746298 |   2.746190 |   2.746307 |   2.746297 |   2.746190 |   2.745906 |   2.746945 |   2.746800 |    2.746986 |    2.748125 |    2.748125 |    2.746586 |    2.746647 |    2.746075 |    2.746790 |    2.748125 |    2.746990 |    2.746878 |    2.746068 |    2.746068 |    2.746288 |    2.746374 |    2.746163 |    2.746284 |    2.746008 |    2.746278 |    2.746013 |    2.746286 |    2.746263 |    2.745899 |    2.746181 |    2.746213 |    2.746891 |    2.745901 |    2.746303 |    2.746991 |    2.746187 |    2.745900 |    2.746211 |    2.746592 |    2.745892 |    2.746012 |    2.746047 |    2.746007 |    2.745910 |    2.746212 |    2.746371 |    2.746220 |    2.746218 |    2.746219 |    2.746219 |    2.746073 |    2.746219 |    2.746263 |    2.746356 |    2.746266 |    2.746211 |    2.746173 |    2.745991 |    2.746355 |    2.746275 |    2.746172 |    2.746181 |    2.746284 |    2.745889 |    2.746182 |    2.746183 |    2.746182 |    2.746060 |    2.746284 |    2.746058 |    2.746203 |    2.746209 |    2.746281 |    2.746079 |    2.746013 |    2.746077 |    2.745884 |    2.746070 |    2.746015 |    2.746014 |    2.746013 |    2.746070 |    2.746070 |    2.746019 |    2.746011 |    2.745880 |    2.746279 |    2.746281 |    2.745884 |    2.746197 |    2.746281 |    2.746165 |    2.746281 |    2.745886 |    2.746177 |    2.745995 |    2.746221 |     2.745996 |     2.746186 |     2.746273 |     2.746177 |     2.745893 |     2.745909 |     2.746009 |     2.745906 |     2.745906 |     2.746172 |     2.745905 |     2.746281 |     2.746282 |     2.746267 |     2.746334 |     2.745973 |     2.746181 |     2.745879 |     2.746155 |     2.746173 |     2.745896 |     2.746355 |     2.745899 |     2.746293 |     2.746348 |     2.746283 |     2.746342 |     2.745898 |     2.746056 |     2.745905 |     2.746354 |     2.746003 |     2.746341 |     2.746627 |     2.746353 |     2.747994 |     2.745883 |     2.746281 |     2.746259 |     2.745884 |     2.746344 |     2.746177 |     2.746344 |     2.746345 |     2.746074 |     2.745896 |     2.746304 |     2.746353 |     2.746304 |     2.746073 |     2.745906 |     2.746353 |     2.746065 |     2.746210 |     2.746182 |     2.746184 |     2.746349 |     2.746283 |     2.746283 |     2.746375 |     2.746277 |     2.746304 |     2.746304 |     2.746087 |     2.746183 |     2.746224 |     2.746224 |     2.746544 |     2.746075 |     2.746010 |     2.746188 |     2.746189 |     2.746187 |     2.746011 |     2.745896 |     2.745887 |     2.746183 |     2.746195 |     2.746278 |     2.746185 |     2.746043 |     2.746358 |     2.746355 |     2.746278 |     2.746565 |     2.746565 |     2.746302 |     2.746009 |     2.746352 |     2.746279 |     2.746565 |     2.746565 |
|     call count    |          1 |          1 |          1 |          1 |          1 |          1 |          1 |          1 |          1 |          1 |           1 |           1 |           1 |           1 |           1 |           1 |           1 |           1 |           1 |           1 |           1 |           1 |           1 |           1 |           1 |           1 |           1 |           1 |           1 |           1 |           1 |           1 |           1 |           1 |           1 |           1 |           1 |           1 |           1 |           1 |           1 |           1 |           1 |           1 |           1 |           1 |           1 |           1 |           1 |           1 |           1 |           1 |           1 |           1 |           1 |           1 |           1 |           1 |           1 |           1 |           1 |           1 |           1 |           1 |           1 |           1 |           1 |           1 |           1 |           1 |           1 |           1 |           1 |           1 |           1 |           1 |           1 |           1 |           1 |           1 |           1 |           1 |           1 |           1 |           1 |           1 |           1 |           1 |           1 |           1 |           1 |           1 |           1 |           1 |           1 |           1 |           1 |           1 |           1 |           1 |            1 |            1 |            1 |            1 |            1 |            1 |            1 |            1 |            1 |            1 |            1 |            1 |            1 |            1 |            1 |            1 |            1 |            1 |            1 |            1 |            1 |            1 |            1 |            1 |            1 |            1 |            1 |            1 |            1 |            1 |            1 |            1 |            1 |            1 |            1 |            1 |            1 |            1 |            1 |            1 |            1 |            1 |            1 |            1 |            1 |            1 |            1 |            1 |            1 |            1 |            1 |            1 |            1 |            1 |            1 |            1 |            1 |            1 |            1 |            1 |            1 |            1 |            1 |            1 |            1 |            1 |            1 |            1 |            1 |            1 |            1 |            1 |            1 |            1 |            1 |            1 |            1 |            1 |            1 |            1 |            1 |            1 |            1 |            1 |            1 |            1 |            1 |            1 |            1 |            1 |            1 |            1 |
+-------------------+------------+------------+------------+------------+------------+------------+------------+------------+------------+------------+-------------+-------------+-------------+-------------+-------------+-------------+-------------+-------------+-------------+-------------+-------------+-------------+-------------+-------------+-------------+-------------+-------------+-------------+-------------+-------------+-------------+-------------+-------------+-------------+-------------+-------------+-------------+-------------+-------------+-------------+-------------+-------------+-------------+-------------+-------------+-------------+-------------+-------------+-------------+-------------+-------------+-------------+-------------+-------------+-------------+-------------+-------------+-------------+-------------+-------------+-------------+-------------+-------------+-------------+-------------+-------------+-------------+-------------+-------------+-------------+-------------+-------------+-------------+-------------+-------------+-------------+-------------+-------------+-------------+-------------+-------------+-------------+-------------+-------------+-------------+-------------+-------------+-------------+-------------+-------------+-------------+-------------+-------------+-------------+-------------+-------------+-------------+-------------+-------------+-------------+--------------+--------------+--------------+--------------+--------------+--------------+--------------+--------------+--------------+--------------+--------------+--------------+--------------+--------------+--------------+--------------+--------------+--------------+--------------+--------------+--------------+--------------+--------------+--------------+--------------+--------------+--------------+--------------+--------------+--------------+--------------+--------------+--------------+--------------+--------------+--------------+--------------+--------------+--------------+--------------+--------------+--------------+--------------+--------------+--------------+--------------+--------------+--------------+--------------+--------------+--------------+--------------+--------------+--------------+--------------+--------------+--------------+--------------+--------------+--------------+--------------+--------------+--------------+--------------+--------------+--------------+--------------+--------------+--------------+--------------+--------------+--------------+--------------+--------------+--------------+--------------+--------------+--------------+--------------+--------------+--------------+--------------+--------------+--------------+--------------+--------------+--------------+--------------+--------------+--------------+--------------+--------------+
+-------------------------------+---------+------------+------------+------------+------------+------------+------------+------------+------------+------------+------------+-------------+-------------+-------------+-------------+-------------+-------------+-------------+-------------+-------------+-------------+-------------+-------------+-------------+-------------+-------------+-------------+-------------+-------------+-------------+-------------+-------------+-------------+-------------+-------------+-------------+-------------+-------------+-------------+-------------+-------------+-------------+-------------+-------------+-------------+-------------+-------------+-------------+-------------+-------------+-------------+-------------+-------------+-------------+-------------+-------------+-------------+-------------+-------------+-------------+-------------+-------------+-------------+-------------+-------------+-------------+-------------+-------------+-------------+-------------+-------------+-------------+-------------+-------------+-------------+-------------+-------------+-------------+-------------+-------------+-------------+-------------+-------------+-------------+-------------+-------------+-------------+-------------+-------------+-------------+-------------+-------------+-------------+-------------+-------------+-------------+-------------+-------------+-------------+-------------+-------------+--------------+--------------+--------------+--------------+--------------+--------------+--------------+--------------+--------------+--------------+--------------+--------------+--------------+--------------+--------------+--------------+--------------+--------------+--------------+--------------+--------------+--------------+--------------+--------------+--------------+--------------+--------------+--------------+--------------+--------------+--------------+--------------+--------------+--------------+--------------+--------------+--------------+--------------+--------------+--------------+--------------+--------------+--------------+--------------+--------------+--------------+--------------+--------------+--------------+--------------+--------------+--------------+--------------+--------------+--------------+--------------+--------------+--------------+--------------+--------------+--------------+--------------+--------------+--------------+--------------+--------------+--------------+--------------+--------------+--------------+--------------+--------------+--------------+--------------+--------------+--------------+--------------+--------------+--------------+--------------+--------------+--------------+--------------+--------------+--------------+--------------+--------------+--------------+--------------+--------------+--------------+--------------+
|             Event             | Counter | HWThread 0 | HWThread 1 | HWThread 2 | HWThread 3 | HWThread 4 | HWThread 5 | HWThread 6 | HWThread 7 | HWThread 8 | HWThread 9 | HWThread 10 | HWThread 11 | HWThread 12 | HWThread 13 | HWThread 14 | HWThread 15 | HWThread 16 | HWThread 17 | HWThread 18 | HWThread 19 | HWThread 20 | HWThread 21 | HWThread 22 | HWThread 23 | HWThread 24 | HWThread 25 | HWThread 26 | HWThread 27 | HWThread 28 | HWThread 29 | HWThread 30 | HWThread 31 | HWThread 32 | HWThread 33 | HWThread 34 | HWThread 35 | HWThread 36 | HWThread 37 | HWThread 38 | HWThread 39 | HWThread 40 | HWThread 41 | HWThread 42 | HWThread 43 | HWThread 44 | HWThread 45 | HWThread 46 | HWThread 47 | HWThread 48 | HWThread 49 | HWThread 50 | HWThread 51 | HWThread 52 | HWThread 53 | HWThread 54 | HWThread 55 | HWThread 56 | HWThread 57 | HWThread 58 | HWThread 59 | HWThread 60 | HWThread 61 | HWThread 62 | HWThread 63 | HWThread 64 | HWThread 65 | HWThread 66 | HWThread 67 | HWThread 68 | HWThread 69 | HWThread 70 | HWThread 71 | HWThread 72 | HWThread 73 | HWThread 74 | HWThread 75 | HWThread 76 | HWThread 77 | HWThread 78 | HWThread 79 | HWThread 80 | HWThread 81 | HWThread 82 | HWThread 83 | HWThread 84 | HWThread 85 | HWThread 86 | HWThread 87 | HWThread 88 | HWThread 89 | HWThread 90 | HWThread 91 | HWThread 92 | HWThread 93 | HWThread 94 | HWThread 95 | HWThread 96 | HWThread 97 | HWThread 98 | HWThread 99 | HWThread 100 | HWThread 101 | HWThread 102 | HWThread 103 | HWThread 104 | HWThread 105 | HWThread 106 | HWThread 107 | HWThread 108 | HWThread 109 | HWThread 110 | HWThread 111 | HWThread 112 | HWThread 113 | HWThread 114 | HWThread 115 | HWThread 116 | HWThread 117 | HWThread 118 | HWThread 119 | HWThread 120 | HWThread 121 | HWThread 122 | HWThread 123 | HWThread 124 | HWThread 125 | HWThread 126 | HWThread 127 | HWThread 128 | HWThread 129 | HWThread 130 | HWThread 131 | HWThread 132 | HWThread 133 | HWThread 134 | HWThread 135 | HWThread 136 | HWThread 137 | HWThread 138 | HWThread 139 | HWThread 140 | HWThread 141 | HWThread 142 | HWThread 143 | HWThread 144 | HWThread 145 | HWThread 146 | HWThread 147 | HWThread 148 | HWThread 149 | HWThread 150 | HWThread 151 | HWThread 152 | HWThread 153 | HWThread 154 | HWThread 155 | HWThread 156 | HWThread 157 | HWThread 158 | HWThread 159 | HWThread 160 | HWThread 161 | HWThread 162 | HWThread 163 | HWThread 164 | HWThread 165 | HWThread 166 | HWThread 167 | HWThread 168 | HWThread 169 | HWThread 170 | HWThread 171 | HWThread 172 | HWThread 173 | HWThread 174 | HWThread 175 | HWThread 176 | HWThread 177 | HWThread 178 | HWThread 179 | HWThread 180 | HWThread 181 | HWThread 182 | HWThread 183 | HWThread 184 | HWThread 185 | HWThread 186 | HWThread 187 | HWThread 188 | HWThread 189 | HWThread 190 | HWThread 191 |
+-------------------------------+---------+------------+------------+------------+------------+------------+------------+------------+------------+------------+------------+-------------+-------------+-------------+-------------+-------------+-------------+-------------+-------------+-------------+-------------+-------------+-------------+-------------+-------------+-------------+-------------+-------------+-------------+-------------+-------------+-------------+-------------+-------------+-------------+-------------+-------------+-------------+-------------+-------------+-------------+-------------+-------------+-------------+-------------+-------------+-------------+-------------+-------------+-------------+-------------+-------------+-------------+-------------+-------------+-------------+-------------+-------------+-------------+-------------+-------------+-------------+-------------+-------------+-------------+-------------+-------------+-------------+-------------+-------------+-------------+-------------+-------------+-------------+-------------+-------------+-------------+-------------+-------------+-------------+-------------+-------------+-------------+-------------+-------------+-------------+-------------+-------------+-------------+-------------+-------------+-------------+-------------+-------------+-------------+-------------+-------------+-------------+-------------+-------------+-------------+--------------+--------------+--------------+--------------+--------------+--------------+--------------+--------------+--------------+--------------+--------------+--------------+--------------+--------------+--------------+--------------+--------------+--------------+--------------+--------------+--------------+--------------+--------------+--------------+--------------+--------------+--------------+--------------+--------------+--------------+--------------+--------------+--------------+--------------+--------------+--------------+--------------+--------------+--------------+--------------+--------------+--------------+--------------+--------------+--------------+--------------+--------------+--------------+--------------+--------------+--------------+--------------+--------------+--------------+--------------+--------------+--------------+--------------+--------------+--------------+--------------+--------------+--------------+--------------+--------------+--------------+--------------+--------------+--------------+--------------+--------------+--------------+--------------+--------------+--------------+--------------+--------------+--------------+--------------+--------------+--------------+--------------+--------------+--------------+--------------+--------------+--------------+--------------+--------------+--------------+--------------+--------------+
|        ACTUAL_CPU_CLOCK       |  FIXC1  | 6814310000 | 6813653000 | 6814716000 | 6814518000 | 6814685000 | 6814407000 | 6814697000 | 6813478000 | 6824396000 | 6824379000 |  6825701000 |  6826347000 |  6826363000 |  6825515000 |  6824347000 |  6823415000 |  6823982000 |  6824516000 |  6823917000 |  6823833000 |  6821632000 |  6821539000 |  6823132000 |  6822927000 |  6816878000 |  6817167000 |  6815555000 |  6817055000 |  6815842000 |  6816741000 |  6817091000 |  6815838000 |  6824112000 |  6822960000 |  6824314000 |  6821855000 |  6824309000 |  6824484000 |  6823621000 |  6822549000 |  6819304000 |  6819830000 |  6817894000 |  6817762000 |  6817133000 |  6817152000 |  6817094000 |  6819011000 |  6814340000 |  6813656000 |  6814521000 |  6813641000 |  6814620000 |  6812733000 |  6814601000 |  6813755000 |  6816202000 |  6814795000 |  6815295000 |  6816301000 |  6814157000 |  6816191000 |  6815541000 |  6815643000 |  6813742000 |  6814393000 |  6812780000 |  6814148000 |  6813742000 |  6813743000 |  6813526000 |  6815208000 |  6815848000 |  6816776000 |  6816776000 |  6817180000 |  6815853000 |  6815698000 |  6815900000 |  6815654000 |  6815017000 |  6814023000 |  6814052000 |  6814631000 |  6815397000 |  6814921000 |  6815646000 |  6814975000 |  6817407000 |  6816924000 |  6816741000 |  6815644000 |  6816773000 |  6817167000 |  6817179000 |  6817258000 |  6883336000 |  6886443000 |  6884251000 |  6884736000 |   6883911000 |   6884854000 |   6884914000 |   6886244000 |   6883896000 |   6883124000 |   6883216000 |   6883594000 |   6883525000 |   6885657000 |   6883480000 |   6885206000 |   6885463000 |   6885681000 |   6885843000 |   6884067000 |   6885284000 |   6885038000 |   6883951000 |   6886065000 |   6883381000 |   6885562000 |   6883396000 |   6884704000 |   6884906000 |   6884984000 |   6885304000 |   6882974000 |   6890138000 |   6890114000 |   6892265000 |   6890665000 |   6891780000 |   6892694000 |   6891778000 |   6892559000 |   6882688000 |   6885359000 |   6884222000 |   6882620000 |   6884624000 |   6883746000 |   6884963000 |   6884622000 |   6884749000 |   6884208000 |   6886306000 |   6886141000 |   6886707000 |   6884307000 |   6884106000 |   6886151000 |   6886069000 |   6888044000 |   6888056000 |   6887933000 |   6887293000 |   6887180000 |   6887930000 |   6887470000 |   6887803000 |   6888379000 |   6887090000 |   6887109000 |   6887711000 |   6887243000 |   6887293000 |   6889074000 |   6883969000 |   6883180000 |   6884246000 |   6884232000 |   6884876000 |   6883347000 |   6883383000 |   6883260000 |   6884750000 |   6885013000 |   6883626000 |   6884699000 |   6882522000 |   6884079000 |   6885648000 |   6884995000 |   6887556000 |   6886340000 |   6884870000 |   6884042000 |   6885929000 |   6886167000 |   6886332000 |   6887556000 |
|         MAX_CPU_CLOCK         |  FIXC2  | 6584735000 | 6584335000 | 6585359000 | 6585482000 | 6584340000 | 6584745000 | 6584902000 | 6584193000 | 6584846000 | 6584915000 |  6586649000 |  6587178000 |  6587191000 |  6586384000 |  6584910000 |  6584782000 |  6586742000 |  6587136000 |  6586716000 |  6586643000 |  6584794000 |  6584731000 |  6585039000 |  6585509000 |  6584816000 |  6585010000 |  6584589000 |  6584931000 |  6584282000 |  6585204000 |  6584947000 |  6584280000 |  6585397000 |  6585106000 |  6586455000 |  6584514000 |  6584878000 |  6586118000 |  6585034000 |  6584465000 |  6584985000 |  6585702000 |  6584728000 |  6584629000 |  6583868000 |  6583878000 |  6583827000 |  6585317000 |  6585144000 |  6584396000 |  6585352000 |  6584388000 |  6584900000 |  6583957000 |  6584894000 |  6584418000 |  6584929000 |  6585216000 |  6585053000 |  6585028000 |  6584458000 |  6584928000 |  6585235000 |  6585103000 |  6584397000 |  6584240000 |  6583881000 |  6585003000 |  6584397000 |  6584405000 |  6584277000 |  6585115000 |  6584382000 |  6584892000 |  6584886000 |  6585115000 |  6584432000 |  6584288000 |  6584467000 |  6584260000 |  6583970000 |  6582724000 |  6582737000 |  6583715000 |  6584547000 |  6583924000 |  6584757000 |  6583932000 |  6584576000 |  6584986000 |  6584877000 |  6584307000 |  6584920000 |  6585119000 |  6585195000 |  6585181000 |  6583712000 |  6585230000 |  6584655000 |  6584496000 |   6584423000 |   6584548000 |   6584613000 |   6584602000 |   6583793000 |   6582671000 |   6582705000 |   6583226000 |   6583468000 |   6583786000 |   6582935000 |   6583428000 |   6584586000 |   6584530000 |   6584706000 |   6583257000 |   6584355000 |   6584648000 |   6583178000 |   6584249000 |   6584279000 |   6585625000 |   6584284000 |   6584958000 |   6585058000 |   6584679000 |   6584792000 |   6584487000 |   6583811000 |   6583795000 |   6584351000 |   6583884000 |   6584399000 |   6585814000 |   6584397000 |   6586196000 |   6583823000 |   6584677000 |   6584701000 |   6583751000 |   6584202000 |   6584364000 |   6584906000 |   6584202000 |   6584606000 |   6583925000 |   6584660000 |   6584339000 |   6584695000 |   6583970000 |   6583857000 |   6584339000 |   6584809000 |   6585252000 |   6585508000 |   6585121000 |   6585398000 |   6585321000 |   6585325000 |   6585564000 |   6585157000 |   6585589000 |   6583933000 |   6584433000 |   6585082000 |   6584495000 |   6584525000 |   6586213000 |   6584588000 |   6584520000 |   6585104000 |   6585094000 |   6585039000 |   6584641000 |   6584718000 |   6584627000 |   6585179000 |   6584881000 |   6583446000 |   6585090000 |   6582902000 |   6583041000 |   6585015000 |   6585291000 |   6586299000 |   6585696000 |   6583033000 |   6582780000 |   6584265000 |   6584961000 |   6585656000 |   6586312000 |
|      RETIRED_INSTRUCTIONS     |   PMC0  | 3769766000 | 3779916000 | 3798500000 | 3796273000 | 3793036000 | 3795743000 | 3803065000 | 3802827000 | 3795579000 | 3795525000 |  3790304000 |  3797068000 |  3791853000 |  3796214000 |  3796936000 |  3801660000 |  3812965000 |  3798637000 |  3795470000 |  3795321000 |  3794405000 |  3792371000 |  3801879000 |  3782877000 |  3797134000 |  3794710000 |  3766730000 |  3773344000 |  3789877000 |  3796128000 |  3803493000 |  3808239000 |  3793906000 |  3794745000 |  3788658000 |  3790944000 |  3787036000 |  3790731000 |  3795070000 |  3799328000 |  3782236000 |  3783322000 |  3775598000 |  3781847000 |  3774980000 |  3781471000 |  3782030000 |  3801448000 |  3791025000 |  3779855000 |  3796286000 |  3803197000 |  3787014000 |  3792040000 |  3796716000 |  3812171000 |  3808986000 |  3792283000 |  3800121000 |  3775424000 |  3787935000 |  3790001000 |  3795691000 |  3800084000 |  3779946000 |  3781246000 |  3788428000 |  3780543000 |  3774805000 |  3779347000 |  3781241000 |  3797174000 |  3777572000 |  3780137000 |  3775163000 |  3804117000 |  3775767000 |  3785719000 |  3785152000 |  3786326000 |  3780749000 |  3778150000 |  3784253000 |  3781672000 |  3779358000 |  3779028000 |  3784850000 |  3786442000 |  3761364000 |  3762374000 |  3759124000 |  3762941000 |  3760922000 |  3760774000 |  3761150000 |  3770677000 |  3813300000 |  3811195000 |  3805556000 |  3806835000 |   3808103000 |   3788783000 |   3814323000 |   3817748000 |   3809042000 |   3809781000 |   3805208000 |   3810961000 |   3806173000 |   3809304000 |   3813951000 |   3816396000 |   3803620000 |   3803050000 |   3800141000 |   3801132000 |   3799086000 |   3798759000 |   3801326000 |   3788446000 |   3809634000 |   3813623000 |   3801919000 |   3809730000 |   3815933000 |   3810924000 |   3812517000 |   3818086000 |   3811131000 |   3813519000 |   3802992000 |   3812670000 |   3805244000 |   3815777000 |   3817200000 |   3824693000 |   3802604000 |   3776276000 |   3800532000 |   3802887000 |   3798461000 |   3802279000 |   3803951000 |   3816654000 |   3811244000 |   3810899000 |   3802380000 |   3809934000 |   3803366000 |   3810209000 |   3812562000 |   3818843000 |   3812868000 |   3813534000 |   3804546000 |   3813171000 |   3805613000 |   3812718000 |   3816165000 |   3821349000 |   3821176000 |   3810425000 |   3781985000 |   3786054000 |   3807241000 |   3806001000 |   3814608000 |   3807917000 |   3812860000 |   3816655000 |   3805652000 |   3812607000 |   3786179000 |   3789531000 |   3815965000 |   3834265000 |   3811018000 |   3812322000 |   3802143000 |   3810667000 |   3804907000 |   3812879000 |   3815059000 |   3818869000 |   3797652000 |   3798449000 |   3793302000 |   3797866000 |   3792784000 |   3797850000 |   3797504000 |   3811436000 |
|      CPU_CLOCKS_UNHALTED      |   PMC1  | 6646210000 | 6651802000 | 6650527000 | 6651476000 | 6651000000 | 6651806000 | 6651696000 | 6650757000 | 6661071000 | 6661293000 |  6661597000 |  6665346000 |  6664759000 |  6661002000 |  6660905000 |  6659480000 |  6663273000 |  6666634000 |  6663513000 |  6663572000 |  6661414000 |  6657469000 |  6662579000 |  6661049000 |  6655179000 |  6653909000 |  6656285000 |  6656335000 |  6654972000 |  6655659000 |  6655905000 |  6654152000 |  6648438000 |  6648610000 |  6650988000 |  6647744000 |  6648974000 |  6651254000 |  6649443000 |  6648096000 |  6621660000 |  6622686000 |  6620545000 |  6620472000 |  6620251000 |  6619961000 |  6619449000 |  6621312000 |  6648690000 |  6648598000 |  6647833000 |  6647953000 |  6648209000 |  6647796000 |  6647893000 |  6647840000 |  6650178000 |  6649686000 |  6650075000 |  6650360000 |  6649214000 |  6649749000 |  6650487000 |  6649114000 |  6619864000 |  6620807000 |  6618808000 |  6619960000 |  6619413000 |  6620762000 |  6620004000 |  6620738000 |  6652161000 |  6653428000 |  6652818000 |  6653057000 |  6652926000 |  6652405000 |  6651844000 |  6651960000 |  6658206000 |  6658231000 |  6657743000 |  6657513000 |  6657450000 |  6640956000 |  6657284000 |  6657985000 |  6605390000 |  6607481000 |  6607176000 |  6605097000 |  6607227000 |  6606600000 |  6605570000 |  6606420000 |  6741315000 |  6740268000 |  6741630000 |  6741782000 |   6736926000 |   6738972000 |   6742345000 |   6739378000 |   6748565000 |   6747500000 |   6746782000 |   6742645000 |   6747768000 |   6744145000 |   6746336000 |   6744802000 |   6738599000 |   6737507000 |   6736099000 |   6736091000 |   6737083000 |   6734439000 |   6735624000 |   6737594000 |   6749826000 |   6751924000 |   6749917000 |   6750878000 |   6751595000 |   6751340000 |   6750243000 |   6749797000 |   6760275000 |   6759122000 |   6760630000 |   6758135000 |   6760969000 |   6761348000 |   6760328000 |   6765774000 |   6731324000 |   6733465000 |   6736853000 |   6732121000 |   6733912000 |   6734928000 |   6736593000 |   6736787000 |   6746295000 |   6743601000 |   6745316000 |   6746519000 |   6745569000 |   6744090000 |   6744131000 |   6746809000 |   6760537000 |   6759094000 |   6762890000 |   6760701000 |   6761771000 |   6760983000 |   6761551000 |   6760532000 |   6748907000 |   6747475000 |   6742636000 |   6744785000 |   6745938000 |   6745830000 |   6744284000 |   6746118000 |   6742846000 |   6743359000 |   6743144000 |   6744938000 |   6743952000 |   6743494000 |   6743263000 |   6743877000 |   6751426000 |   6751209000 |   6751312000 |   6749501000 |   6750600000 |   6751952000 |   6751954000 |   6750609000 |   6714535000 |   6714259000 |   6713749000 |   6713644000 |   6713600000 |   6714370000 |   6714495000 |   6713747000 |
| REQUESTS_TO_L2_GRP1_ALL_NO_PF |   PMC2  | 2154670000 | 2154481000 | 2152162000 | 2153069000 | 2152586000 | 2153280000 | 2152857000 | 2153262000 | 2152498000 | 2153180000 |  2153117000 |  2152725000 |  2152192000 |  2152548000 |  2153311000 |  2153151000 |  2151383000 |  2153174000 |  2152871000 |  2153179000 |  2152616000 |  2153141000 |  2152635000 |  2154831000 |  2152359000 |  2153431000 |  2155465000 |  2155378000 |  2153279000 |  2153268000 |  2153318000 |  2152490000 |  2152470000 |  2152625000 |  2152742000 |  2153212000 |  2152553000 |  2153290000 |  2153575000 |  2153284000 |  2154407000 |  2155109000 |  2154414000 |  2154604000 |  2154311000 |  2154867000 |  2155341000 |  2156235000 |  2152585000 |  2153992000 |  2152106000 |  2152048000 |  2153047000 |  2153072000 |  2153155000 |  2151817000 |  2151184000 |  2153267000 |  2152348000 |  2154819000 |  2153244000 |  2153193000 |  2153463000 |  2153373000 |  2154575000 |  2155338000 |  2153125000 |  2154742000 |  2154213000 |  2154693000 |  2155252000 |  2156598000 |  2154760000 |  2155449000 |  2155238000 |  2153219000 |  2155004000 |  2155062000 |  2155155000 |  2155371000 |  2154878000 |  2155541000 |  2154547000 |  2155579000 |  2155079000 |  2155690000 |  2155443000 |  2155573000 |  2157546000 |  2157670000 |  2156995000 |  2157829000 |  2156709000 |  2157524000 |  2158303000 |  2160627000 |  2152707000 |  2152768000 |  2153496000 |  2153275000 |   2152656000 |   2155061000 |   2153371000 |   2153047000 |   2153091000 |   2153402000 |   2152801000 |   2152906000 |   2152808000 |   2153010000 |   2153119000 |   2153407000 |   2155067000 |   2155491000 |   2154541000 |   2154966000 |   2154721000 |   2154951000 |   2155706000 |   2159640000 |   2153008000 |   2152739000 |   2153484000 |   2153367000 |   2151941000 |   2153176000 |   2153322000 |   2153298000 |   2152745000 |   2153340000 |   2153363000 |   2153289000 |   2153170000 |   2152708000 |   2152798000 |   2152608000 |   2154428000 |   2157704000 |   2154092000 |   2154151000 |   2154403000 |   2154525000 |   2155294000 |   2156900000 |   2152708000 |   2153337000 |   2153370000 |   2153234000 |   2153430000 |   2153093000 |   2153265000 |   2153064000 |   2152653000 |   2153120000 |   2153371000 |   2153174000 |   2153188000 |   2153254000 |   2152958000 |   2152956000 |   2152876000 |   2154305000 |   2156252000 |   2156193000 |   2153668000 |   2154207000 |   2154251000 |   2157949000 |   2152602000 |   2152843000 |   2152887000 |   2152801000 |   2154841000 |   2155246000 |   2152842000 |   2151502000 |   2152463000 |   2153160000 |   2153061000 |   2153219000 |   2152779000 |   2152642000 |   2152855000 |   2153088000 |   2154311000 |   2155024000 |   2154155000 |   2154664000 |   2154062000 |   2154815000 |   2155009000 |   2156069000 |
|        L2_PF_HIT_IN_L2        |   PMC3  |  868769100 |  902602800 |  817384400 |  884842900 |  889391800 |  892978300 |  818609200 |  899520200 |  906200200 |  919238800 |   799098700 |   887286300 |   899353400 |   887918400 |   860164500 |   916004700 |   886022000 |   894147300 |   810131900 |   918156200 |   896637700 |   912205000 |   834645900 |   908394100 |   874226800 |   914320900 |   846739600 |   906291200 |   915635400 |   918312700 |   849786900 |   879589500 |   885022300 |   905779100 |   826427800 |   894365000 |   927812500 |   921142100 |   867575700 |   909589500 |   825093100 |   846377100 |   810637100 |   865678100 |   875114000 |   843002600 |   815598300 |   439319800 |   880822600 |   891775700 |   865756800 |   898521300 |   905045700 |   913704700 |   904981500 |   934007600 |   884866600 |   891371300 |   868137600 |   912663900 |   918903600 |   917082400 |   905169200 |   917337800 |   849797500 |   845725800 |   817547400 |   860248600 |   866262800 |   873851700 |   808601300 |   453604600 |   883586400 |   891743900 |   863916800 |   910082600 |   910408500 |   895748500 |   863664900 |   884997800 |   894830000 |   933741300 |   853740500 |   882743800 |   896373800 |   904951500 |   880493300 |   893644500 |   798007100 |   822061900 |   807865700 |   789477300 |   848285600 |   837954000 |   784165800 |   438892100 |   831370000 |   880540000 |   849372500 |   872419100 |    872747600 |    893405100 |    854675200 |    864262000 |    872192400 |    901824000 |    842758500 |    865325400 |    884189600 |    884457800 |    862823100 |    906366700 |    826624800 |    844904600 |    813678000 |    848686300 |    849772200 |    843216600 |    831763700 |    443337600 |    877290300 |    900965200 |    898193900 |    907509300 |    902110200 |    911762300 |    892087300 |    895983900 |    910329500 |    920504600 |    902625000 |    932199000 |    908265000 |    883337400 |    879087100 |    888448800 |    822219900 |    831661800 |    800565100 |    831671600 |    875207800 |    857017200 |    831216200 |    465603600 |    858512400 |    912953700 |    867267600 |    913402800 |    908775200 |    927581200 |    900966700 |    896893900 |    880374100 |    913861600 |    887042900 |    899508700 |    911757000 |    906987500 |    886036400 |    887926000 |    890418600 |    854852700 |    851334900 |    864828500 |    869040300 |    893600800 |    843815400 |    461659200 |    873060000 |    887127000 |    866856600 |    886348600 |    888641800 |    887612100 |    880351500 |    862662700 |    891773300 |    900120400 |    900707300 |    897166200 |    898539400 |    873201400 |    879599700 |    913163700 |    843642300 |    845434900 |    807820200 |    846175200 |    874276400 |    835667700 |    828738400 |    484419000 |
+-------------------------------+---------+------------+------------+------------+------------+------------+------------+------------+------------+------------+------------+-------------+-------------+-------------+-------------+-------------+-------------+-------------+-------------+-------------+-------------+-------------+-------------+-------------+-------------+-------------+-------------+-------------+-------------+-------------+-------------+-------------+-------------+-------------+-------------+-------------+-------------+-------------+-------------+-------------+-------------+-------------+-------------+-------------+-------------+-------------+-------------+-------------+-------------+-------------+-------------+-------------+-------------+-------------+-------------+-------------+-------------+-------------+-------------+-------------+-------------+-------------+-------------+-------------+-------------+-------------+-------------+-------------+-------------+-------------+-------------+-------------+-------------+-------------+-------------+-------------+-------------+-------------+-------------+-------------+-------------+-------------+-------------+-------------+-------------+-------------+-------------+-------------+-------------+-------------+-------------+-------------+-------------+-------------+-------------+-------------+-------------+-------------+-------------+-------------+-------------+--------------+--------------+--------------+--------------+--------------+--------------+--------------+--------------+--------------+--------------+--------------+--------------+--------------+--------------+--------------+--------------+--------------+--------------+--------------+--------------+--------------+--------------+--------------+--------------+--------------+--------------+--------------+--------------+--------------+--------------+--------------+--------------+--------------+--------------+--------------+--------------+--------------+--------------+--------------+--------------+--------------+--------------+--------------+--------------+--------------+--------------+--------------+--------------+--------------+--------------+--------------+--------------+--------------+--------------+--------------+--------------+--------------+--------------+--------------+--------------+--------------+--------------+--------------+--------------+--------------+--------------+--------------+--------------+--------------+--------------+--------------+--------------+--------------+--------------+--------------+--------------+--------------+--------------+--------------+--------------+--------------+--------------+--------------+--------------+--------------+--------------+--------------+--------------+--------------+--------------+--------------+--------------+
+------------------------------------+---------+---------------+------------+------------+--------------+
|                Event               | Counter |      Sum      |     Min    |     Max    |      Avg     |
+------------------------------------+---------+---------------+------------+------------+--------------+
|        ACTUAL_CPU_CLOCK STAT       |  FIXC1  | 1315527466000 | 6812733000 | 6892694000 | 6.851706e+09 |
|         MAX_CPU_CLOCK STAT         |  FIXC2  | 1264262048000 | 6582671000 | 6587191000 | 6.584698e+09 |
|      RETIRED_INSTRUCTIONS STAT     |   PMC0  |  729111219000 | 3759124000 | 3834265000 | 3.797454e+09 |
|      CPU_CLOCKS_UNHALTED STAT      |   PMC1  | 1285301944000 | 6605097000 | 6765774000 | 6.694281e+09 |
| REQUESTS_TO_L2_GRP1_ALL_NO_PF STAT |   PMC2  |  413557663000 | 2151184000 | 2160627000 | 2.153946e+09 |
|        L2_PF_HIT_IN_L2 STAT        |   PMC3  |  165239385200 |  438892100 |  934007600 | 8.606218e+08 |
+------------------------------------+---------+---------------+------------+------------+--------------+
+-------------------------------+------------+------------+------------+------------+------------+------------+------------+------------+------------+------------+-------------+-------------+-------------+-------------+-------------+-------------+-------------+-------------+-------------+-------------+-------------+-------------+-------------+-------------+-------------+-------------+-------------+-------------+-------------+-------------+-------------+-------------+-------------+-------------+-------------+-------------+-------------+-------------+-------------+-------------+-------------+-------------+-------------+-------------+-------------+-------------+-------------+-------------+-------------+-------------+-------------+-------------+-------------+-------------+-------------+-------------+-------------+-------------+-------------+-------------+-------------+-------------+-------------+-------------+-------------+-------------+-------------+-------------+-------------+-------------+-------------+-------------+-------------+-------------+-------------+-------------+-------------+-------------+-------------+-------------+-------------+-------------+-------------+-------------+-------------+-------------+-------------+-------------+-------------+-------------+-------------+-------------+-------------+-------------+-------------+-------------+-------------+-------------+-------------+-------------+--------------+--------------+--------------+--------------+--------------+--------------+--------------+--------------+--------------+--------------+--------------+--------------+--------------+--------------+--------------+--------------+--------------+--------------+--------------+--------------+--------------+--------------+--------------+--------------+--------------+--------------+--------------+--------------+--------------+--------------+--------------+--------------+--------------+--------------+--------------+--------------+--------------+--------------+--------------+--------------+--------------+--------------+--------------+--------------+--------------+--------------+--------------+--------------+--------------+--------------+--------------+--------------+--------------+--------------+--------------+--------------+--------------+--------------+--------------+--------------+--------------+--------------+--------------+--------------+--------------+--------------+--------------+--------------+--------------+--------------+--------------+--------------+--------------+--------------+--------------+--------------+--------------+--------------+--------------+--------------+--------------+--------------+--------------+--------------+--------------+--------------+--------------+--------------+--------------+--------------+--------------+--------------+
|             Metric            | HWThread 0 | HWThread 1 | HWThread 2 | HWThread 3 | HWThread 4 | HWThread 5 | HWThread 6 | HWThread 7 | HWThread 8 | HWThread 9 | HWThread 10 | HWThread 11 | HWThread 12 | HWThread 13 | HWThread 14 | HWThread 15 | HWThread 16 | HWThread 17 | HWThread 18 | HWThread 19 | HWThread 20 | HWThread 21 | HWThread 22 | HWThread 23 | HWThread 24 | HWThread 25 | HWThread 26 | HWThread 27 | HWThread 28 | HWThread 29 | HWThread 30 | HWThread 31 | HWThread 32 | HWThread 33 | HWThread 34 | HWThread 35 | HWThread 36 | HWThread 37 | HWThread 38 | HWThread 39 | HWThread 40 | HWThread 41 | HWThread 42 | HWThread 43 | HWThread 44 | HWThread 45 | HWThread 46 | HWThread 47 | HWThread 48 | HWThread 49 | HWThread 50 | HWThread 51 | HWThread 52 | HWThread 53 | HWThread 54 | HWThread 55 | HWThread 56 | HWThread 57 | HWThread 58 | HWThread 59 | HWThread 60 | HWThread 61 | HWThread 62 | HWThread 63 | HWThread 64 | HWThread 65 | HWThread 66 | HWThread 67 | HWThread 68 | HWThread 69 | HWThread 70 | HWThread 71 | HWThread 72 | HWThread 73 | HWThread 74 | HWThread 75 | HWThread 76 | HWThread 77 | HWThread 78 | HWThread 79 | HWThread 80 | HWThread 81 | HWThread 82 | HWThread 83 | HWThread 84 | HWThread 85 | HWThread 86 | HWThread 87 | HWThread 88 | HWThread 89 | HWThread 90 | HWThread 91 | HWThread 92 | HWThread 93 | HWThread 94 | HWThread 95 | HWThread 96 | HWThread 97 | HWThread 98 | HWThread 99 | HWThread 100 | HWThread 101 | HWThread 102 | HWThread 103 | HWThread 104 | HWThread 105 | HWThread 106 | HWThread 107 | HWThread 108 | HWThread 109 | HWThread 110 | HWThread 111 | HWThread 112 | HWThread 113 | HWThread 114 | HWThread 115 | HWThread 116 | HWThread 117 | HWThread 118 | HWThread 119 | HWThread 120 | HWThread 121 | HWThread 122 | HWThread 123 | HWThread 124 | HWThread 125 | HWThread 126 | HWThread 127 | HWThread 128 | HWThread 129 | HWThread 130 | HWThread 131 | HWThread 132 | HWThread 133 | HWThread 134 | HWThread 135 | HWThread 136 | HWThread 137 | HWThread 138 | HWThread 139 | HWThread 140 | HWThread 141 | HWThread 142 | HWThread 143 | HWThread 144 | HWThread 145 | HWThread 146 | HWThread 147 | HWThread 148 | HWThread 149 | HWThread 150 | HWThread 151 | HWThread 152 | HWThread 153 | HWThread 154 | HWThread 155 | HWThread 156 | HWThread 157 | HWThread 158 | HWThread 159 | HWThread 160 | HWThread 161 | HWThread 162 | HWThread 163 | HWThread 164 | HWThread 165 | HWThread 166 | HWThread 167 | HWThread 168 | HWThread 169 | HWThread 170 | HWThread 171 | HWThread 172 | HWThread 173 | HWThread 174 | HWThread 175 | HWThread 176 | HWThread 177 | HWThread 178 | HWThread 179 | HWThread 180 | HWThread 181 | HWThread 182 | HWThread 183 | HWThread 184 | HWThread 185 | HWThread 186 | HWThread 187 | HWThread 188 | HWThread 189 | HWThread 190 | HWThread 191 |
+-------------------------------+------------+------------+------------+------------+------------+------------+------------+------------+------------+------------+-------------+-------------+-------------+-------------+-------------+-------------+-------------+-------------+-------------+-------------+-------------+-------------+-------------+-------------+-------------+-------------+-------------+-------------+-------------+-------------+-------------+-------------+-------------+-------------+-------------+-------------+-------------+-------------+-------------+-------------+-------------+-------------+-------------+-------------+-------------+-------------+-------------+-------------+-------------+-------------+-------------+-------------+-------------+-------------+-------------+-------------+-------------+-------------+-------------+-------------+-------------+-------------+-------------+-------------+-------------+-------------+-------------+-------------+-------------+-------------+-------------+-------------+-------------+-------------+-------------+-------------+-------------+-------------+-------------+-------------+-------------+-------------+-------------+-------------+-------------+-------------+-------------+-------------+-------------+-------------+-------------+-------------+-------------+-------------+-------------+-------------+-------------+-------------+-------------+-------------+--------------+--------------+--------------+--------------+--------------+--------------+--------------+--------------+--------------+--------------+--------------+--------------+--------------+--------------+--------------+--------------+--------------+--------------+--------------+--------------+--------------+--------------+--------------+--------------+--------------+--------------+--------------+--------------+--------------+--------------+--------------+--------------+--------------+--------------+--------------+--------------+--------------+--------------+--------------+--------------+--------------+--------------+--------------+--------------+--------------+--------------+--------------+--------------+--------------+--------------+--------------+--------------+--------------+--------------+--------------+--------------+--------------+--------------+--------------+--------------+--------------+--------------+--------------+--------------+--------------+--------------+--------------+--------------+--------------+--------------+--------------+--------------+--------------+--------------+--------------+--------------+--------------+--------------+--------------+--------------+--------------+--------------+--------------+--------------+--------------+--------------+--------------+--------------+--------------+--------------+--------------+--------------+
|      Runtime (RDTSC) [s]      |     2.7463 |     2.7459 |     2.7463 |     2.7462 |     2.7463 |     2.7463 |     2.7462 |     2.7459 |     2.7469 |     2.7468 |      2.7470 |      2.7481 |      2.7481 |      2.7466 |      2.7466 |      2.7461 |      2.7468 |      2.7481 |      2.7470 |      2.7469 |      2.7461 |      2.7461 |      2.7463 |      2.7464 |      2.7462 |      2.7463 |      2.7460 |      2.7463 |      2.7460 |      2.7463 |      2.7463 |      2.7459 |      2.7462 |      2.7462 |      2.7469 |      2.7459 |      2.7463 |      2.7470 |      2.7462 |      2.7459 |      2.7462 |      2.7466 |      2.7459 |      2.7460 |      2.7460 |      2.7460 |      2.7459 |      2.7462 |      2.7464 |      2.7462 |      2.7462 |      2.7462 |      2.7462 |      2.7461 |      2.7462 |      2.7463 |      2.7464 |      2.7463 |      2.7462 |      2.7462 |      2.7460 |      2.7464 |      2.7463 |      2.7462 |      2.7462 |      2.7463 |      2.7459 |      2.7462 |      2.7462 |      2.7462 |      2.7461 |      2.7463 |      2.7461 |      2.7462 |      2.7462 |      2.7463 |      2.7461 |      2.7460 |      2.7461 |      2.7459 |      2.7461 |      2.7460 |      2.7460 |      2.7460 |      2.7461 |      2.7461 |      2.7460 |      2.7460 |      2.7459 |      2.7463 |      2.7463 |      2.7459 |      2.7462 |      2.7463 |      2.7462 |      2.7463 |      2.7459 |      2.7462 |      2.7460 |      2.7462 |       2.7460 |       2.7462 |       2.7463 |       2.7462 |       2.7459 |       2.7459 |       2.7460 |       2.7459 |       2.7459 |       2.7462 |       2.7459 |       2.7463 |       2.7463 |       2.7463 |       2.7463 |       2.7460 |       2.7462 |       2.7459 |       2.7462 |       2.7462 |       2.7459 |       2.7464 |       2.7459 |       2.7463 |       2.7463 |       2.7463 |       2.7463 |       2.7459 |       2.7461 |       2.7459 |       2.7464 |       2.7460 |       2.7463 |       2.7466 |       2.7464 |       2.7480 |       2.7459 |       2.7463 |       2.7463 |       2.7459 |       2.7463 |       2.7462 |       2.7463 |       2.7463 |       2.7461 |       2.7459 |       2.7463 |       2.7464 |       2.7463 |       2.7461 |       2.7459 |       2.7464 |       2.7461 |       2.7462 |       2.7462 |       2.7462 |       2.7463 |       2.7463 |       2.7463 |       2.7464 |       2.7463 |       2.7463 |       2.7463 |       2.7461 |       2.7462 |       2.7462 |       2.7462 |       2.7465 |       2.7461 |       2.7460 |       2.7462 |       2.7462 |       2.7462 |       2.7460 |       2.7459 |       2.7459 |       2.7462 |       2.7462 |       2.7463 |       2.7462 |       2.7460 |       2.7464 |       2.7464 |       2.7463 |       2.7466 |       2.7466 |       2.7463 |       2.7460 |       2.7464 |       2.7463 |       2.7466 |       2.7466 |
|      Runtime unhalted [s]     |     2.8446 |     2.8443 |     2.8448 |     2.8447 |     2.8448 |     2.8447 |     2.8448 |     2.8443 |     2.8488 |     2.8488 |      2.8494 |      2.8496 |      2.8496 |      2.8493 |      2.8488 |      2.8484 |      2.8487 |      2.8489 |      2.8486 |      2.8486 |      2.8477 |      2.8476 |      2.8483 |      2.8482 |      2.8457 |      2.8458 |      2.8451 |      2.8458 |      2.8453 |      2.8456 |      2.8458 |      2.8453 |      2.8487 |      2.8482 |      2.8488 |      2.8478 |      2.8488 |      2.8489 |      2.8485 |      2.8481 |      2.8467 |      2.8469 |      2.8461 |      2.8461 |      2.8458 |      2.8458 |      2.8458 |      2.8466 |      2.8446 |      2.8443 |      2.8447 |      2.8443 |      2.8447 |      2.8440 |      2.8447 |      2.8444 |      2.8454 |      2.8448 |      2.8450 |      2.8454 |      2.8446 |      2.8454 |      2.8451 |      2.8452 |      2.8444 |      2.8446 |      2.8440 |      2.8445 |      2.8444 |      2.8444 |      2.8443 |      2.8450 |      2.8453 |      2.8456 |      2.8456 |      2.8458 |      2.8453 |      2.8452 |      2.8453 |      2.8452 |      2.8449 |      2.8445 |      2.8445 |      2.8447 |      2.8451 |      2.8449 |      2.8452 |      2.8449 |      2.8459 |      2.8457 |      2.8456 |      2.8452 |      2.8456 |      2.8458 |      2.8458 |      2.8458 |      2.8734 |      2.8747 |      2.8738 |      2.8740 |       2.8737 |       2.8741 |       2.8741 |       2.8746 |       2.8737 |       2.8733 |       2.8734 |       2.8735 |       2.8735 |       2.8744 |       2.8735 |       2.8742 |       2.8743 |       2.8744 |       2.8745 |       2.8737 |       2.8742 |       2.8741 |       2.8737 |       2.8746 |       2.8734 |       2.8744 |       2.8735 |       2.8740 |       2.8741 |       2.8741 |       2.8743 |       2.8733 |       2.8763 |       2.8763 |       2.8772 |       2.8765 |       2.8770 |       2.8773 |       2.8770 |       2.8773 |       2.8732 |       2.8743 |       2.8738 |       2.8731 |       2.8740 |       2.8736 |       2.8741 |       2.8740 |       2.8740 |       2.8738 |       2.8747 |       2.8746 |       2.8748 |       2.8738 |       2.8738 |       2.8746 |       2.8746 |       2.8754 |       2.8754 |       2.8753 |       2.8751 |       2.8750 |       2.8753 |       2.8752 |       2.8753 |       2.8755 |       2.8750 |       2.8750 |       2.8753 |       2.8751 |       2.8751 |       2.8758 |       2.8737 |       2.8734 |       2.8738 |       2.8738 |       2.8741 |       2.8734 |       2.8734 |       2.8734 |       2.8740 |       2.8741 |       2.8736 |       2.8740 |       2.8731 |       2.8737 |       2.8744 |       2.8741 |       2.8752 |       2.8747 |       2.8741 |       2.8737 |       2.8745 |       2.8746 |       2.8747 |       2.8752 |
|          Clock [MHz]          |  2479.0317 |  2478.9432 |  2478.9444 |  2478.8261 |  2479.3168 |  2479.0632 |  2479.1096 |  2478.9330 |  2482.6591 |  2482.6269 |   2482.4541 |   2482.4897 |   2482.4906 |   2482.4863 |   2482.6171 |   2482.3263 |   2481.7939 |   2481.8396 |   2481.7800 |   2481.7770 |   2481.6731 |   2481.6631 |   2482.1265 |   2481.8748 |   2479.9354 |   2479.9675 |   2479.5396 |   2479.9565 |   2479.7596 |   2479.7394 |   2479.9635 |   2479.7589 |   2482.3480 |   2482.0387 |   2482.0228 |   2481.8598 |   2482.6154 |   2482.2116 |   2482.3063 |   2482.1308 |   2480.7543 |   2480.6755 |   2480.3381 |   2480.3274 |   2480.3852 |   2480.3884 |   2480.3865 |   2480.5226 |   2478.8886 |   2478.9214 |   2478.8761 |   2478.9189 |   2479.0823 |   2478.7508 |   2479.0777 |   2478.9491 |   2479.6469 |   2479.0270 |   2479.2703 |   2479.6456 |   2479.0803 |   2479.6433 |   2479.2912 |   2479.3780 |   2478.9523 |   2479.2482 |   2478.7965 |   2478.8718 |   2478.9523 |   2478.9496 |   2478.9189 |   2479.2153 |   2479.7241 |   2479.8697 |   2479.8719 |   2479.9326 |   2479.7071 |   2479.7049 |   2479.7110 |   2479.6995 |   2479.5769 |   2479.6845 |   2479.6902 |   2479.5325 |   2479.4979 |   2479.5593 |   2479.5094 |   2479.5760 |   2480.2182 |   2479.8881 |   2479.8626 |   2479.6781 |   2479.8580 |   2479.9264 |   2479.9021 |   2479.9362 |   2504.5323 |   2505.0852 |   2504.5065 |   2504.7434 |    2504.4710 |    2504.7665 |    2504.7636 |    2505.2517 |    2504.7052 |    2504.8512 |    2504.8717 |    2504.8110 |    2504.6939 |    2505.3486 |    2504.8803 |    2505.3207 |    2504.9736 |    2505.0743 |    2505.0662 |    2504.9714 |    2504.9964 |    2504.7954 |    2504.9592 |    2505.3209 |    2504.3330 |    2504.6145 |    2504.3365 |    2504.5560 |    2504.5915 |    2504.7640 |    2504.8374 |    2504.1058 |    2506.9695 |    2506.9669 |    2507.5377 |    2507.1335 |    2507.3430 |    2507.1368 |    2507.3431 |    2506.9422 |    2504.2543 |    2504.9012 |    2504.4784 |    2504.2569 |    2504.8145 |    2504.4334 |    2504.6700 |    2504.8138 |    2504.7063 |    2504.7685 |    2505.2522 |    2505.3143 |    2505.3847 |    2504.7874 |    2504.7573 |    2505.3179 |    2505.1093 |    2505.6592 |    2505.5662 |    2505.6687 |    2505.3305 |    2505.3186 |    2505.5899 |    2505.3317 |    2505.6077 |    2505.6528 |    2505.8141 |    2505.6307 |    2505.6027 |    2505.6559 |    2505.6626 |    2505.6682 |    2504.4294 |    2504.1682 |    2504.3339 |    2504.3326 |    2504.5878 |    2504.1829 |    2504.1667 |    2504.1566 |    2504.4887 |    2504.6977 |    2504.7390 |    2504.5040 |    2504.5442 |    2505.0579 |    2504.8778 |    2504.5352 |    2505.0834 |    2504.8704 |    2505.3488 |    2505.1438 |    2505.2653 |    2505.0871 |    2504.8827 |    2505.0784 |
|              CPI              |     1.7630 |     1.7598 |     1.7508 |     1.7521 |     1.7535 |     1.7524 |     1.7490 |     1.7489 |     1.7550 |     1.7550 |      1.7575 |      1.7554 |      1.7577 |      1.7546 |      1.7543 |      1.7517 |      1.7475 |      1.7550 |      1.7556 |      1.7557 |      1.7556 |      1.7555 |      1.7524 |      1.7608 |      1.7527 |      1.7535 |      1.7671 |      1.7640 |      1.7560 |      1.7533 |      1.7499 |      1.7473 |      1.7524 |      1.7521 |      1.7555 |      1.7536 |      1.7557 |      1.7546 |      1.7521 |      1.7498 |      1.7507 |      1.7505 |      1.7535 |      1.7506 |      1.7537 |      1.7506 |      1.7502 |      1.7418 |      1.7538 |      1.7590 |      1.7511 |      1.7480 |      1.7555 |      1.7531 |      1.7510 |      1.7438 |      1.7459 |      1.7535 |      1.7500 |      1.7615 |      1.7554 |      1.7546 |      1.7521 |      1.7497 |      1.7513 |      1.7510 |      1.7471 |      1.7511 |      1.7536 |      1.7518 |      1.7507 |      1.7436 |      1.7610 |      1.7601 |      1.7623 |      1.7489 |      1.7620 |      1.7572 |      1.7574 |      1.7568 |      1.7611 |      1.7623 |      1.7593 |      1.7605 |      1.7615 |      1.7573 |      1.7589 |      1.7584 |      1.7561 |      1.7562 |      1.7576 |      1.7553 |      1.7568 |      1.7567 |      1.7563 |      1.7521 |      1.7678 |      1.7685 |      1.7715 |      1.7710 |       1.7691 |       1.7787 |       1.7676 |       1.7653 |       1.7717 |       1.7711 |       1.7730 |       1.7693 |       1.7728 |       1.7704 |       1.7689 |       1.7673 |       1.7716 |       1.7716 |       1.7726 |       1.7721 |       1.7733 |       1.7728 |       1.7719 |       1.7785 |       1.7718 |       1.7705 |       1.7754 |       1.7720 |       1.7693 |       1.7716 |       1.7705 |       1.7678 |       1.7738 |       1.7724 |       1.7777 |       1.7725 |       1.7768 |       1.7719 |       1.7710 |       1.7690 |       1.7702 |       1.7831 |       1.7726 |       1.7703 |       1.7728 |       1.7713 |       1.7709 |       1.7651 |       1.7701 |       1.7696 |       1.7740 |       1.7708 |       1.7736 |       1.7700 |       1.7689 |       1.7667 |       1.7731 |       1.7724 |       1.7776 |       1.7730 |       1.7768 |       1.7733 |       1.7718 |       1.7691 |       1.7662 |       1.7708 |       1.7828 |       1.7815 |       1.7719 |       1.7724 |       1.7680 |       1.7716 |       1.7684 |       1.7668 |       1.7719 |       1.7691 |       1.7812 |       1.7795 |       1.7671 |       1.7588 |       1.7716 |       1.7709 |       1.7757 |       1.7712 |       1.7742 |       1.7708 |       1.7698 |       1.7677 |       1.7681 |       1.7676 |       1.7699 |       1.7677 |       1.7701 |       1.7679 |       1.7681 |       1.7615 |
|    L2 bandwidth [MBytes/s]    | 50212.8620 | 50215.4606 | 50154.1959 | 50177.3060 | 50163.9125 | 50180.2682 | 50172.3653 | 50186.9940 | 50150.2112 | 50168.7491 |  50163.8843 |  50133.9641 |  50121.5512 |  50157.9313 |  50174.5962 |  50181.3184 |  50127.0618 |  50144.4207 |  50158.0799 |  50167.3012 |  50168.9776 |  50181.2133 |  50165.4014 |  50215.0049 |  50161.2526 |  50184.0247 |  50236.4742 |  50229.5077 |  50185.4347 |  50180.1895 |  50181.7750 |  50169.1286 |  50163.5107 |  50166.5384 |  50156.8821 |  50185.9200 |  50163.2165 |  50167.8236 |  50189.1532 |  50187.6164 |  50208.1042 |  50217.4972 |  50214.1002 |  50216.3341 |  50208.8653 |  50222.5552 |  50235.3770 |  50250.6871 |  50162.7202 |  50198.2682 |  50154.3519 |  50152.9820 |  50176.2634 |  50179.5138 |  50178.7804 |  50146.7951 |  50130.3458 |  50180.5317 |  50160.1195 |  50218.4007 |  50185.0210 |  50177.1810 |  50184.9349 |  50184.7197 |  50212.5679 |  50228.4658 |  50184.1116 |  50216.4416 |  50204.0949 |  50215.2996 |  50230.5587 |  50257.8291 |  50219.1287 |  50232.5342 |  50227.5071 |  50179.1390 |  50224.4313 |  50226.9902 |  50227.9871 |  50236.5519 |  50221.6593 |  50238.1174 |  50214.9690 |  50239.0397 |  50226.3438 |  50240.5838 |  50235.7602 |  50238.9364 |  50287.3192 |  50282.9028 |  50267.1358 |  50293.8420 |  50262.0082 |  50279.4638 |  50299.7424 |  50351.7768 |  50174.4238 |  50170.5287 |  50190.8212 |  50181.5404 |   50171.2253 |   50223.8028 |   50182.8274 |   50177.0308 |   50183.2460 |   50190.2022 |   50174.3672 |   50178.6966 |   50176.4124 |   50176.2599 |   50183.6793 |   50183.5202 |   50222.1869 |   50232.3423 |   50208.9782 |   50225.4844 |   50215.9705 |   50226.8541 |   50239.4016 |   50330.7548 |   50181.2567 |   50166.6012 |   50192.2962 |   50182.3687 |   50148.1327 |   50178.1004 |   50180.4247 |   50187.9793 |   50172.2033 |   50188.8303 |   50181.1609 |   50185.8505 |   50176.9008 |   50160.9108 |   50168.0126 |   50133.6291 |   50214.5911 |   50283.6585 |   50199.8857 |   50208.1166 |   50205.5795 |   50211.4758 |   50226.3431 |   50263.7505 |   50171.0121 |   50188.9249 |   50182.2377 |   50178.1730 |   50183.6359 |   50180.0032 |   50187.0639 |   50174.2114 |   50169.8947 |   50178.1291 |   50184.4903 |   50179.8627 |   50177.1741 |   50179.9181 |   50173.0200 |   50171.2927 |   50171.2187 |   50204.0269 |   50249.3999 |   50251.9957 |   50191.3937 |   50203.2056 |   50204.2310 |   50284.5525 |   50168.5234 |   50175.3278 |   50173.1010 |   50171.0785 |   50218.6574 |   50231.3152 |   50177.3876 |   50146.3199 |   50163.3110 |   50179.3354 |   50175.5117 |   50180.8931 |   50173.2333 |   50164.2859 |   50169.3044 |   50176.1409 |   50199.3960 |   50216.0102 |   50200.5679 |   50217.7873 |   50197.4867 |   50216.3691 |   50215.6607 |   50240.3606 |
|    L2 data volume [GBytes]    |   137.8989 |   137.8868 |   137.7384 |   137.7964 |   137.7655 |   137.8099 |   137.7828 |   137.8088 |   137.7599 |   137.8035 |    137.7995 |    137.7744 |    137.7403 |    137.7631 |    137.8119 |    137.8017 |    137.6885 |    137.8031 |    137.7837 |    137.8035 |    137.7674 |    137.8010 |    137.7686 |    137.9092 |    137.7510 |    137.8196 |    137.9498 |    137.9442 |    137.8099 |    137.8092 |    137.8124 |    137.7594 |    137.7581 |    137.7680 |    137.7755 |    137.8056 |    137.7634 |    137.8106 |    137.8288 |    137.8102 |    137.8820 |    137.9270 |    137.8825 |    137.8947 |    137.8759 |    137.9115 |    137.9418 |    137.9990 |    137.7654 |    137.8555 |    137.7348 |    137.7311 |    137.7950 |    137.7966 |    137.8019 |    137.7163 |    137.6758 |    137.8091 |    137.7503 |    137.9084 |    137.8076 |    137.8044 |    137.8216 |    137.8159 |    137.8928 |    137.9416 |    137.8000 |    137.9035 |    137.8696 |    137.9004 |    137.9361 |    138.0223 |    137.9046 |    137.9487 |    137.9352 |    137.8060 |    137.9203 |    137.9240 |    137.9299 |    137.9437 |    137.9122 |    137.9546 |    137.8910 |    137.9571 |    137.9251 |    137.9642 |    137.9484 |    137.9567 |    138.0829 |    138.0909 |    138.0477 |    138.1011 |    138.0294 |    138.0815 |    138.1314 |    138.2801 |    137.7732 |    137.7772 |    137.8237 |    137.8096 |     137.7700 |     137.9239 |     137.8157 |     137.7950 |     137.7978 |     137.8177 |     137.7793 |     137.7860 |     137.7797 |     137.7926 |     137.7996 |     137.8180 |     137.9243 |     137.9514 |     137.8906 |     137.9178 |     137.9021 |     137.9169 |     137.9652 |     138.2170 |     137.7925 |     137.7753 |     137.8230 |     137.8155 |     137.7242 |     137.8033 |     137.8126 |     137.8111 |     137.7757 |     137.8138 |     137.8152 |     137.8105 |     137.8029 |     137.7733 |     137.7791 |     137.7669 |     137.8834 |     138.0931 |     137.8619 |     137.8657 |     137.8818 |     137.8896 |     137.9388 |     138.0416 |     137.7733 |     137.8136 |     137.8157 |     137.8070 |     137.8195 |     137.7980 |     137.8090 |     137.7961 |     137.7698 |     137.7997 |     137.8157 |     137.8031 |     137.8040 |     137.8083 |     137.7893 |     137.7892 |     137.7841 |     137.8755 |     138.0001 |     137.9964 |     137.8348 |     137.8692 |     137.8721 |     138.1087 |     137.7665 |     137.7820 |     137.7848 |     137.7793 |     137.9098 |     137.9357 |     137.7819 |     137.6961 |     137.7576 |     137.8022 |     137.7959 |     137.8060 |     137.7779 |     137.7691 |     137.7827 |     137.7976 |     137.8759 |     137.9215 |     137.8659 |     137.8985 |     137.8600 |     137.9082 |     137.9206 |     137.9884 |
| Prefetch bandwidth [MBytes/s] | 20245.9694 | 21037.3707 | 19048.4068 | 20621.2773 | 20726.4065 | 20810.0621 | 19077.6999 | 20965.5002 | 21113.2050 | 21418.1168 |  18617.6110 |  20663.6609 |  20944.6869 |  20689.9684 |  20042.8115 |  21348.3975 |  20644.2458 |  20823.4441 |  18874.6379 |  21392.2849 |  20897.0837 |  21259.8960 |  19450.7414 |  21168.7201 |  20374.0693 |  21307.5332 |  19734.5872 |  21120.4535 |  21340.2725 |  21400.5434 |  19803.7703 |  20501.0192 |  20625.5258 |  21109.0190 |  19254.9974 |  20845.3837 |  21621.7948 |  21460.9711 |  20218.8871 |  21200.2360 |  19228.6603 |  19721.9443 |  18893.9603 |  20175.9491 |  20395.6072 |  19647.4978 |  19009.4691 |  10238.2726 |  20526.2313 |  20782.6193 |  20176.2698 |  20939.8315 |  21091.8812 |  21294.8093 |  21090.3850 |  21766.4828 |  20620.5832 |  20772.8469 |  20231.8053 |  21269.7778 |  21416.6144 |  21371.3353 |  21094.3292 |  21378.7116 |  19804.6087 |  19708.9781 |  19055.0432 |  20048.1652 |  20188.3193 |  20365.1866 |  18845.3578 |  10570.9003 |  20592.9844 |  20782.0069 |  20133.4550 |  21208.7861 |  21217.9417 |  20876.7781 |  20128.5520 |  20627.1857 |  20854.9381 |  21762.2421 |  19897.7106 |  20573.6838 |  20890.9180 |  21090.8302 |  20521.1877 |  20827.7563 |  18599.6673 |  19157.5443 |  18826.6987 |  18400.8309 |  19769.2585 |  19527.8837 |  18275.1623 |  10228.0482 |  19377.2356 |  20521.0953 |  19796.0448 |  20331.5110 |   20340.8331 |   20820.8499 |   19917.6166 |   20141.7345 |   20328.6558 |   21019.1729 |   19641.7943 |   20168.5074 |   20608.1834 |   20612.4377 |   20110.1926 |   21122.1899 |   19263.8583 |   19689.9626 |   18961.7840 |   19780.2102 |   19804.0190 |   19653.4015 |   19384.5128 |   10332.0535 |   20447.4529 |   20995.7463 |   20934.6409 |   21148.7249 |   21022.4825 |   21247.9148 |   20788.9575 |   20883.1390 |   21216.2782 |   21454.6004 |   21034.4333 |   21726.3914 |   21165.9659 |   20582.9163 |   20485.9224 |   20691.7203 |   19163.9897 |   19381.2488 |   18656.7132 |   19384.2793 |   20395.5874 |   19972.8935 |   19370.4200 |   10850.2866 |   20008.4898 |   21278.6780 |   20210.8457 |   21285.6028 |   21178.1408 |   21618.2151 |   20999.2144 |   20900.8855 |   20518.0658 |   21297.4035 |   20672.6086 |   20963.1098 |   21247.2807 |   21136.6418 |   20648.3926 |   20691.7351 |   20750.5617 |   19921.5283 |   19839.5493 |   20155.5974 |   20253.0491 |   20825.1225 |   19664.8874 |   10757.5880 |   20347.5287 |   20675.8635 |   20202.1210 |   20656.3752 |   20709.8334 |   20687.1620 |   20518.8019 |   20106.5859 |   20782.8434 |   20977.2815 |   20990.3248 |   20908.5101 |   20941.5955 |   20348.7272 |   20497.8529 |   21280.6121 |   19658.4123 |   19700.1832 |   18825.4944 |   19721.4258 |   20373.8230 |   19474.6174 |   19311.1241 |   11287.8508 |
| Prefetch data volume [GBytes] |    55.6012 |    57.7666 |    52.3126 |    56.6299 |    56.9211 |    57.1506 |    52.3910 |    57.5693 |    57.9968 |    58.8313 |     51.1423 |     56.7863 |     57.5586 |     56.8268 |     55.0505 |     58.6243 |     56.7054 |     57.2254 |     51.8484 |     58.7620 |     57.3848 |     58.3811 |     53.4173 |     58.1372 |     55.9505 |     58.5165 |     54.1913 |     58.0026 |     58.6007 |     58.7720 |     54.3864 |     56.2937 |     56.6414 |     57.9699 |     52.8914 |     57.2394 |     59.3800 |     58.9531 |     55.5248 |     58.2137 |     52.8060 |     54.1681 |     51.8808 |     55.4034 |     56.0073 |     53.9522 |     52.1983 |     28.1165 |     56.3726 |     57.0736 |     55.4084 |     57.5054 |     57.9229 |     58.4771 |     57.9188 |     59.7765 |     56.6315 |     57.0478 |     55.5608 |     58.4105 |     58.8098 |     58.6933 |     57.9308 |     58.7096 |     54.3870 |     54.1265 |     52.3230 |     55.0559 |     55.4408 |     55.9265 |     51.7505 |     29.0307 |     56.5495 |     57.0716 |     55.2907 |     58.2453 |     58.2661 |     57.3279 |     55.2746 |     56.6399 |     57.2691 |     59.7594 |     54.6394 |     56.4956 |     57.3679 |     57.9169 |     56.3516 |     57.1932 |     51.0725 |     52.6120 |     51.7034 |     50.5265 |     54.2903 |     53.6291 |     50.1866 |     28.0891 |     53.2077 |     56.3546 |     54.3598 |     55.8348 |      55.8558 |      57.1779 |      54.6992 |      55.3128 |      55.8203 |      57.7167 |      53.9365 |      55.3808 |      56.5881 |      56.6053 |      55.2207 |      58.0075 |      52.9040 |      54.0739 |      52.0754 |      54.3159 |      54.3854 |      53.9659 |      53.2329 |      28.3736 |      56.1466 |      57.6618 |      57.4844 |      58.0806 |      57.7351 |      58.3528 |      57.0936 |      57.3430 |      58.2611 |      58.9123 |      57.7680 |      59.6607 |      58.1290 |      56.5336 |      56.2616 |      56.8607 |      52.6221 |      53.2264 |      51.2362 |      53.2270 |      56.0133 |      54.8491 |      53.1978 |      29.7986 |      54.9448 |      58.4290 |      55.5051 |      58.4578 |      58.1616 |      59.3652 |      57.6619 |      57.4012 |      56.3439 |      58.4871 |      56.7707 |      57.5686 |      58.3524 |      58.0472 |      56.7063 |      56.8273 |      56.9868 |      54.7106 |      54.4854 |      55.3490 |      55.6186 |      57.1905 |      54.0042 |      29.5462 |      55.8758 |      56.7761 |      55.4788 |      56.7263 |      56.8731 |      56.8072 |      56.3425 |      55.2104 |      57.0735 |      57.6077 |      57.6453 |      57.4186 |      57.5065 |      55.8849 |      56.2944 |      58.4425 |      53.9931 |      54.1078 |      51.7005 |      54.1552 |      55.9537 |      53.4827 |      53.0393 |      31.0028 |
+-------------------------------+------------+------------+------------+------------+------------+------------+------------+------------+------------+------------+-------------+-------------+-------------+-------------+-------------+-------------+-------------+-------------+-------------+-------------+-------------+-------------+-------------+-------------+-------------+-------------+-------------+-------------+-------------+-------------+-------------+-------------+-------------+-------------+-------------+-------------+-------------+-------------+-------------+-------------+-------------+-------------+-------------+-------------+-------------+-------------+-------------+-------------+-------------+-------------+-------------+-------------+-------------+-------------+-------------+-------------+-------------+-------------+-------------+-------------+-------------+-------------+-------------+-------------+-------------+-------------+-------------+-------------+-------------+-------------+-------------+-------------+-------------+-------------+-------------+-------------+-------------+-------------+-------------+-------------+-------------+-------------+-------------+-------------+-------------+-------------+-------------+-------------+-------------+-------------+-------------+-------------+-------------+-------------+-------------+-------------+-------------+-------------+-------------+-------------+--------------+--------------+--------------+--------------+--------------+--------------+--------------+--------------+--------------+--------------+--------------+--------------+--------------+--------------+--------------+--------------+--------------+--------------+--------------+--------------+--------------+--------------+--------------+--------------+--------------+--------------+--------------+--------------+--------------+--------------+--------------+--------------+--------------+--------------+--------------+--------------+--------------+--------------+--------------+--------------+--------------+--------------+--------------+--------------+--------------+--------------+--------------+--------------+--------------+--------------+--------------+--------------+--------------+--------------+--------------+--------------+--------------+--------------+--------------+--------------+--------------+--------------+--------------+--------------+--------------+--------------+--------------+--------------+--------------+--------------+--------------+--------------+--------------+--------------+--------------+--------------+--------------+--------------+--------------+--------------+--------------+--------------+--------------+--------------+--------------+--------------+--------------+--------------+--------------+--------------+--------------+--------------+
+------------------------------------+--------------+------------+------------+------------+
|               Metric               |      Sum     |     Min    |     Max    |     Avg    |
+------------------------------------+--------------+------------+------------+------------+
|      Runtime (RDTSC) [s] STAT      |     527.2801 |     2.7459 |     2.7481 |     2.7463 |
|      Runtime unhalted [s] STAT     |     549.1636 |     2.8440 |     2.8773 |     2.8602 |
|          Clock [MHz] STAT          |  478588.8615 |  2478.7508 |  2507.5377 |  2492.6503 |
|              CPI STAT              |     338.4606 |     1.7418 |     1.7831 |     1.7628 |
|    L2 bandwidth [MBytes/s] STAT    | 9.637784e+06 | 50121.5512 | 50351.7768 | 50196.7928 |
|    L2 data volume [GBytes] STAT    |   26467.6910 |   137.6758 |   138.2801 |   137.8526 |
| Prefetch bandwidth [MBytes/s] STAT | 3.850834e+06 | 10228.0482 | 21766.4828 | 20056.4295 |
| Prefetch data volume [GBytes] STAT |   10575.3203 |    28.0891 |    59.7765 |    55.0798 |
+------------------------------------+--------------+------------+------------+------------+
