--------------------------------------------------------------------------------
CPU name:	AMD EPYC 9654 96-Core Processor                
CPU type:	AMD K19 (Zen4) architecture
CPU clock:	2.40 GHz
--------------------------------------------------------------------------------
Region bench, Group 1: L2
+-------------------+------------+------------+------------+------------+------------+------------+------------+------------+------------+------------+-------------+-------------+-------------+-------------+-------------+-------------+-------------+-------------+-------------+-------------+-------------+-------------+-------------+-------------+-------------+-------------+-------------+-------------+-------------+-------------+-------------+-------------+-------------+-------------+-------------+-------------+-------------+-------------+-------------+-------------+-------------+-------------+-------------+-------------+-------------+-------------+-------------+-------------+-------------+-------------+-------------+-------------+-------------+-------------+-------------+-------------+-------------+-------------+-------------+-------------+-------------+-------------+-------------+-------------+-------------+-------------+-------------+-------------+-------------+-------------+-------------+-------------+-------------+-------------+-------------+-------------+-------------+-------------+-------------+-------------+-------------+-------------+-------------+-------------+-------------+-------------+-------------+-------------+-------------+-------------+-------------+-------------+-------------+-------------+-------------+-------------+
|    Region Info    | HWThread 0 | HWThread 1 | HWThread 2 | HWThread 3 | HWThread 4 | HWThread 5 | HWThread 6 | HWThread 7 | HWThread 8 | HWThread 9 | HWThread 10 | HWThread 11 | HWThread 12 | HWThread 13 | HWThread 14 | HWThread 15 | HWThread 16 | HWThread 17 | HWThread 18 | HWThread 19 | HWThread 20 | HWThread 21 | HWThread 22 | HWThread 23 | HWThread 24 | HWThread 25 | HWThread 26 | HWThread 27 | HWThread 28 | HWThread 29 | HWThread 30 | HWThread 31 | HWThread 32 | HWThread 33 | HWThread 34 | HWThread 35 | HWThread 36 | HWThread 37 | HWThread 38 | HWThread 39 | HWThread 40 | HWThread 41 | HWThread 42 | HWThread 43 | HWThread 44 | HWThread 45 | HWThread 46 | HWThread 47 | HWThread 48 | HWThread 49 | HWThread 50 | HWThread 51 | HWThread 52 | HWThread 53 | HWThread 54 | HWThread 55 | HWThread 56 | HWThread 57 | HWThread 58 | HWThread 59 | HWThread 60 | HWThread 61 | HWThread 62 | HWThread 63 | HWThread 64 | HWThread 65 | HWThread 66 | HWThread 67 | HWThread 68 | HWThread 69 | HWThread 70 | HWThread 71 | HWThread 72 | HWThread 73 | HWThread 74 | HWThread 75 | HWThread 76 | HWThread 77 | HWThread 78 | HWThread 79 | HWThread 80 | HWThread 81 | HWThread 82 | HWThread 83 | HWThread 84 | HWThread 85 | HWThread 86 | HWThread 87 | HWThread 88 | HWThread 89 | HWThread 90 | HWThread 91 | HWThread 92 | HWThread 93 | HWThread 94 | HWThread 95 |
+-------------------+------------+------------+------------+------------+------------+------------+------------+------------+------------+------------+-------------+-------------+-------------+-------------+-------------+-------------+-------------+-------------+-------------+-------------+-------------+-------------+-------------+-------------+-------------+-------------+-------------+-------------+-------------+-------------+-------------+-------------+-------------+-------------+-------------+-------------+-------------+-------------+-------------+-------------+-------------+-------------+-------------+-------------+-------------+-------------+-------------+-------------+-------------+-------------+-------------+-------------+-------------+-------------+-------------+-------------+-------------+-------------+-------------+-------------+-------------+-------------+-------------+-------------+-------------+-------------+-------------+-------------+-------------+-------------+-------------+-------------+-------------+-------------+-------------+-------------+-------------+-------------+-------------+-------------+-------------+-------------+-------------+-------------+-------------+-------------+-------------+-------------+-------------+-------------+-------------+-------------+-------------+-------------+-------------+-------------+
| RDTSC Runtime [s] |   2.985518 |   2.985523 |   2.985516 |   2.985681 |   2.985681 |   2.985783 |   2.985813 |   2.985498 |   2.985500 |   2.985618 |    2.985617 |    2.985621 |    2.985759 |    2.985760 |    2.985686 |    2.985619 |    2.985673 |    2.985666 |    2.985748 |    2.985682 |    2.985801 |    2.985786 |    2.985674 |    2.985469 |    2.985761 |    2.985509 |    2.985509 |    2.985510 |    2.985511 |    2.985674 |    2.985510 |    2.985720 |    2.985684 |    2.985507 |    2.986003 |    2.985687 |    2.985677 |    2.985674 |    2.985858 |    2.985506 |    2.985512 |    2.985615 |    2.985513 |    2.985693 |    2.985509 |    2.985568 |    2.985511 |    2.985511 |    2.985519 |    2.985521 |    2.985570 |    2.985503 |    2.985501 |    2.985511 |    2.985521 |    2.985642 |    2.985509 |    2.985785 |    2.985511 |    2.986020 |    2.985778 |    2.986020 |    2.986088 |    2.985610 |    2.985519 |    2.985514 |    2.985520 |    2.985517 |    2.985520 |    2.985520 |    2.985512 |    2.985505 |    2.985508 |    2.985733 |    2.985676 |    2.985744 |    2.985517 |    2.985822 |    2.985600 |    2.985693 |    2.985522 |    2.985523 |    2.985524 |    2.985522 |    2.985523 |    2.985510 |    2.985522 |    2.985523 |    2.985601 |    2.985602 |    2.985760 |    2.985685 |    2.985509 |    2.985504 |    2.985602 |    2.985850 |
|     call count    |          1 |          1 |          1 |          1 |          1 |          1 |          1 |          1 |          1 |          1 |           1 |           1 |           1 |           1 |           1 |           1 |           1 |           1 |           1 |           1 |           1 |           1 |           1 |           1 |           1 |           1 |           1 |           1 |           1 |           1 |           1 |           1 |           1 |           1 |           1 |           1 |           1 |           1 |           1 |           1 |           1 |           1 |           1 |           1 |           1 |           1 |           1 |           1 |           1 |           1 |           1 |           1 |           1 |           1 |           1 |           1 |           1 |           1 |           1 |           1 |           1 |           1 |           1 |           1 |           1 |           1 |           1 |           1 |           1 |           1 |           1 |           1 |           1 |           1 |           1 |           1 |           1 |           1 |           1 |           1 |           1 |           1 |           1 |           1 |           1 |           1 |           1 |           1 |           1 |           1 |           1 |           1 |           1 |           1 |           1 |           1 |
+-------------------+------------+------------+------------+------------+------------+------------+------------+------------+------------+------------+-------------+-------------+-------------+-------------+-------------+-------------+-------------+-------------+-------------+-------------+-------------+-------------+-------------+-------------+-------------+-------------+-------------+-------------+-------------+-------------+-------------+-------------+-------------+-------------+-------------+-------------+-------------+-------------+-------------+-------------+-------------+-------------+-------------+-------------+-------------+-------------+-------------+-------------+-------------+-------------+-------------+-------------+-------------+-------------+-------------+-------------+-------------+-------------+-------------+-------------+-------------+-------------+-------------+-------------+-------------+-------------+-------------+-------------+-------------+-------------+-------------+-------------+-------------+-------------+-------------+-------------+-------------+-------------+-------------+-------------+-------------+-------------+-------------+-------------+-------------+-------------+-------------+-------------+-------------+-------------+-------------+-------------+-------------+-------------+-------------+-------------+
+-------------------------------+---------+------------+------------+------------+------------+------------+------------+------------+------------+------------+------------+-------------+-------------+-------------+-------------+-------------+-------------+-------------+-------------+-------------+-------------+-------------+-------------+-------------+-------------+-------------+-------------+-------------+-------------+-------------+-------------+-------------+-------------+-------------+-------------+-------------+-------------+-------------+-------------+-------------+-------------+-------------+-------------+-------------+-------------+-------------+-------------+-------------+-------------+-------------+-------------+-------------+-------------+-------------+-------------+-------------+-------------+-------------+-------------+-------------+-------------+-------------+-------------+-------------+-------------+-------------+-------------+-------------+-------------+-------------+-------------+-------------+-------------+-------------+-------------+-------------+-------------+-------------+-------------+-------------+-------------+-------------+-------------+-------------+-------------+-------------+-------------+-------------+-------------+-------------+-------------+-------------+-------------+-------------+-------------+-------------+-------------+
|             Event             | Counter | HWThread 0 | HWThread 1 | HWThread 2 | HWThread 3 | HWThread 4 | HWThread 5 | HWThread 6 | HWThread 7 | HWThread 8 | HWThread 9 | HWThread 10 | HWThread 11 | HWThread 12 | HWThread 13 | HWThread 14 | HWThread 15 | HWThread 16 | HWThread 17 | HWThread 18 | HWThread 19 | HWThread 20 | HWThread 21 | HWThread 22 | HWThread 23 | HWThread 24 | HWThread 25 | HWThread 26 | HWThread 27 | HWThread 28 | HWThread 29 | HWThread 30 | HWThread 31 | HWThread 32 | HWThread 33 | HWThread 34 | HWThread 35 | HWThread 36 | HWThread 37 | HWThread 38 | HWThread 39 | HWThread 40 | HWThread 41 | HWThread 42 | HWThread 43 | HWThread 44 | HWThread 45 | HWThread 46 | HWThread 47 | HWThread 48 | HWThread 49 | HWThread 50 | HWThread 51 | HWThread 52 | HWThread 53 | HWThread 54 | HWThread 55 | HWThread 56 | HWThread 57 | HWThread 58 | HWThread 59 | HWThread 60 | HWThread 61 | HWThread 62 | HWThread 63 | HWThread 64 | HWThread 65 | HWThread 66 | HWThread 67 | HWThread 68 | HWThread 69 | HWThread 70 | HWThread 71 | HWThread 72 | HWThread 73 | HWThread 74 | HWThread 75 | HWThread 76 | HWThread 77 | HWThread 78 | HWThread 79 | HWThread 80 | HWThread 81 | HWThread 82 | HWThread 83 | HWThread 84 | HWThread 85 | HWThread 86 | HWThread 87 | HWThread 88 | HWThread 89 | HWThread 90 | HWThread 91 | HWThread 92 | HWThread 93 | HWThread 94 | HWThread 95 |
+-------------------------------+---------+------------+------------+------------+------------+------------+------------+------------+------------+------------+------------+-------------+-------------+-------------+-------------+-------------+-------------+-------------+-------------+-------------+-------------+-------------+-------------+-------------+-------------+-------------+-------------+-------------+-------------+-------------+-------------+-------------+-------------+-------------+-------------+-------------+-------------+-------------+-------------+-------------+-------------+-------------+-------------+-------------+-------------+-------------+-------------+-------------+-------------+-------------+-------------+-------------+-------------+-------------+-------------+-------------+-------------+-------------+-------------+-------------+-------------+-------------+-------------+-------------+-------------+-------------+-------------+-------------+-------------+-------------+-------------+-------------+-------------+-------------+-------------+-------------+-------------+-------------+-------------+-------------+-------------+-------------+-------------+-------------+-------------+-------------+-------------+-------------+-------------+-------------+-------------+-------------+-------------+-------------+-------------+-------------+-------------+
|        ACTUAL_CPU_CLOCK       |  FIXC1  | 6791327000 | 6790423000 | 6791329000 | 6790648000 | 6792149000 | 6792099000 | 6791829000 | 6789967000 | 6792012000 | 6790315000 |  6791585000 |  6791766000 |  6792299000 |  6792162000 |  6792084000 |  6790560000 |  6792335000 |  6791155000 |  6791290000 |  6791379000 |  6791252000 |  6791064000 |  6791002000 |  6791091000 |  6793766000 |  6793436000 |  6793508000 |  6793293000 |  6793268000 |  6793163000 |  6792820000 |  6794001000 |  6794542000 |  6793898000 |  6794486000 |  6794419000 |  6794265000 |  6795353000 |  6794584000 |  6794037000 |  6792809000 |  6792111000 |  6792815000 |  6793171000 |  6792820000 |  6792659000 |  6792095000 |  6792746000 |  6791516000 |  6793687000 |  6792836000 |  6791329000 |  6791131000 |  6792765000 |  6792894000 |  6793589000 |  6797370000 |  6797799000 |  6797449000 |  6798293000 |  6797974000 |  6798274000 |  6798439000 |  6797554000 |  6794354000 |  6794411000 |  6794423000 |  6794389000 |  6794344000 |  6794472000 |  6794383000 |  6794324000 |  6793624000 |  6794065000 |  6794057000 |  6794187000 |  6793618000 |  6794300000 |  6793626000 |  6794037000 |  6792872000 |  6792805000 |  6792881000 |  6792205000 |  6792722000 |  6792689000 |  6792783000 |  6792867000 |  6792675000 |  6792667000 |  6793175000 |  6793131000 |  6792862000 |  6792685000 |  6792706000 |  6793318000 |
|         MAX_CPU_CLOCK         |  FIXC2  | 7156033000 | 7155295000 | 7156091000 | 7155311000 | 7156778000 | 7156867000 | 7156325000 | 7154573000 | 7156551000 | 7154438000 |  7155781000 |  7156443000 |  7156264000 |  7156222000 |  7155935000 |  7155056000 |  7156223000 |  7154715000 |  7155325000 |  7155296000 |  7155316000 |  7154783000 |  7154746000 |  7155295000 |  7155526000 |  7155411000 |  7155483000 |  7155246000 |  7155190000 |  7155500000 |  7155278000 |  7155843000 |  7155466000 |  7155017000 |  7155218000 |  7155314000 |  7155283000 |  7155451000 |  7155626000 |  7155064000 |  7155406000 |  7155268000 |  7155285000 |  7155538000 |  7155360000 |  7155153000 |  7155282000 |  7155311000 |  7155149000 |  7156778000 |  7156691000 |  7154997000 |  7154927000 |  7156528000 |  7156628000 |  7156678000 |  7156466000 |  7156796000 |  7156517000 |  7157307000 |  7156833000 |  7157301000 |  7157444000 |  7156627000 |  7156774000 |  7156780000 |  7156910000 |  7156775000 |  7156782000 |  7156825000 |  7156780000 |  7156733000 |  7156690000 |  7156989000 |  7156966000 |  7157046000 |  7156686000 |  7157358000 |  7156700000 |  7156959000 |  7156791000 |  7156810000 |  7156856000 |  7156803000 |  7156819000 |  7156614000 |  7156787000 |  7156771000 |  7156650000 |  7156634000 |  7156946000 |  7156942000 |  7156706000 |  7156665000 |  7156679000 |  7157221000 |
|      RETIRED_INSTRUCTIONS     |   PMC0  | 7561612000 | 7570919000 | 7539497000 | 7568982000 | 7560497000 | 7571228000 | 7569390000 | 7574656000 | 7564913000 | 7568858000 |  7557422000 |  7565374000 |  7561236000 |  7567436000 |  7567156000 |  7572260000 |  7577420000 |  7571465000 |  7564193000 |  7567021000 |  7568613000 |  7568472000 |  7572579000 |  7554029000 |  7580636000 |  7567528000 |  7573658000 |  7541267000 |  7570660000 |  7565654000 |  7574733000 |  7555915000 |  7566427000 |  7566425000 |  7567376000 |  7553807000 |  7563707000 |  7564998000 |  7570440000 |  7571675000 |  7539579000 |  7539752000 |  7539640000 |  7539784000 |  7539615000 |  7539651000 |  7539633000 |  7537837000 |  7565532000 |  7547477000 |  7569321000 |  7564610000 |  7565850000 |  7575041000 |  7571476000 |  7575046000 |  7565560000 |  7567913000 |  7558473000 |  7565436000 |  7563791000 |  7567867000 |  7570097000 |  7574238000 |  7538344000 |  7538383000 |  7538334000 |  7538345000 |  7538452000 |  7538318000 |  7538265000 |  7538123000 |  7537885000 |  7554119000 |  7547908000 |  7555076000 |  7536095000 |  7556097000 |  7541304000 |  7556230000 |  7553846000 |  7540035000 |  7542417000 |  7540433000 |  7554011000 |  7554152000 |  7556941000 |  7551026000 |  7518059000 |  7517219000 |  7535547000 |  7535342000 |  7535717000 |  7535623000 |  7535738000 |  7535704000 |
|      CPU_CLOCKS_UNHALTED      |   PMC1  | 6695909000 | 6702907000 | 6704539000 | 6702687000 | 6704018000 | 6704893000 | 6705079000 | 6703096000 | 6702561000 | 6701957000 |  6703335000 |  6703225000 |  6703839000 |  6703155000 |  6701876000 |  6702567000 |  6718269000 |  6715899000 |  6717218000 |  6715993000 |  6716775000 |  6717037000 |  6716070000 |  6716754000 |  6708906000 |  6708675000 |  6709124000 |  6708711000 |  6708614000 |  6708818000 |  6709011000 |  6709515000 |  6704721000 |  6704280000 |  6705839000 |  6704743000 |  6705487000 |  6704847000 |  6706196000 |  6705098000 |  6668394000 |  6669291000 |  6668556000 |  6669578000 |  6668034000 |  6669078000 |  6668320000 |  6668968000 |  6711346000 |  6713659000 |  6712732000 |  6711222000 |  6710849000 |  6712327000 |  6711689000 |  6713074000 |  6708364000 |  6709412000 |  6708027000 |  6710166000 |  6709486000 |  6710132000 |  6709633000 |  6708367000 |  6670464000 |  6669691000 |  6669696000 |  6669893000 |  6671270000 |  6670842000 |  6670090000 |  6670534000 |  6681480000 |  6683255000 |  6682849000 |  6682869000 |  6682524000 |  6683159000 |  6682769000 |  6683173000 |  6689031000 |  6688767000 |  6689111000 |  6689355000 |  6688839000 |  6689595000 |  6688023000 |  6690331000 |  6696994000 |  6696483000 |  6698048000 |  6697202000 |  6696690000 |  6695660000 |  6697308000 |  6697898000 |
| REQUESTS_TO_L2_GRP1_ALL_NO_PF |   PMC2  | 2153086000 | 2153917000 | 2155210000 | 2153873000 | 2153045000 | 2153720000 | 2153850000 | 2154202000 | 2153166000 | 2153737000 |  2153669000 |  2153548000 |  2153579000 |  2153820000 |  2153865000 |  2153928000 |  2152313000 |  2153548000 |  2152960000 |  2153665000 |  2153109000 |  2153631000 |  2153208000 |  2155100000 |  2152321000 |  2153721000 |  2152225000 |  2155889000 |  2153054000 |  2152879000 |  2153155000 |  2155627000 |  2152845000 |  2153591000 |  2152445000 |  2155038000 |  2152981000 |  2153782000 |  2153563000 |  2153824000 |  2163608000 |  2164624000 |  2163162000 |  2161953000 |  2163497000 |  2162884000 |  2164458000 |  2165986000 |  2152851000 |  2155904000 |  2152476000 |  2153654000 |  2152984000 |  2153199000 |  2153661000 |  2153696000 |  2152972000 |  2153952000 |  2153544000 |  2153887000 |  2153378000 |  2154024000 |  2153971000 |  2154015000 |  2165026000 |  2164733000 |  2163571000 |  2162877000 |  2164007000 |  2164131000 |  2164624000 |  2167631000 |  2156729000 |  2156614000 |  2155799000 |  2156945000 |  2157224000 |  2157696000 |  2158576000 |  2157469000 |  2155312000 |  2157651000 |  2157173000 |  2158004000 |  2155704000 |  2157449000 |  2156993000 |  2157699000 |  2165632000 |  2165545000 |  2163132000 |  2163503000 |  2163741000 |  2163974000 |  2164532000 |  2167371000 |
|        L2_PF_HIT_IN_L2        |   PMC3  |  806224100 |  768160300 |  768476600 |  784375300 |  771210000 |  765421200 |  791873500 |  785972700 |  784157600 |  766402100 |   772410600 |   801543600 |   762916300 |   758425700 |   780819000 |   775171300 |   801404400 |   768658600 |   783019200 |   790777300 |   734888000 |   765225600 |   751339800 |   714489100 |   727554500 |   765560100 |   804881300 |   758492300 |   785061500 |   793066500 |   793457700 |   743189400 |   746517600 |   750099200 |   767242100 |   778110100 |   789793600 |   774234000 |   751030700 |   779940200 |   849063700 |   844731500 |   819758800 |   801607800 |   840518700 |   826027300 |   856337000 |   442894400 |   727965100 |   740955100 |   741345700 |   768532900 |   784435000 |   784521500 |   785059100 |   779468700 |   784345700 |   806563000 |   792514200 |   806942900 |   776633000 |   777771000 |   793723100 |   763292700 |   852321600 |   877499700 |   858768400 |   844863400 |   838352200 |   838255700 |   877888900 |   480156100 |   723913700 |   765192300 |   747185200 |   753348900 |   762259300 |   777874200 |   742334500 |   764141300 |   750549800 |   743595800 |   726791700 |   734251400 |   756100600 |   768505000 |   773554400 |   775053100 |   870406500 |   849246900 |   830864600 |   864772400 |   835808400 |   833074400 |   852950100 |   475203900 |
+-------------------------------+---------+------------+------------+------------+------------+------------+------------+------------+------------+------------+------------+-------------+-------------+-------------+-------------+-------------+-------------+-------------+-------------+-------------+-------------+-------------+-------------+-------------+-------------+-------------+-------------+-------------+-------------+-------------+-------------+-------------+-------------+-------------+-------------+-------------+-------------+-------------+-------------+-------------+-------------+-------------+-------------+-------------+-------------+-------------+-------------+-------------+-------------+-------------+-------------+-------------+-------------+-------------+-------------+-------------+-------------+-------------+-------------+-------------+-------------+-------------+-------------+-------------+-------------+-------------+-------------+-------------+-------------+-------------+-------------+-------------+-------------+-------------+-------------+-------------+-------------+-------------+-------------+-------------+-------------+-------------+-------------+-------------+-------------+-------------+-------------+-------------+-------------+-------------+-------------+-------------+-------------+-------------+-------------+-------------+-------------+
+------------------------------------+---------+--------------+------------+------------+--------------+
|                Event               | Counter |      Sum     |     Min    |     Max    |      Avg     |
+------------------------------------+---------+--------------+------------+------------+--------------+
|        ACTUAL_CPU_CLOCK STAT       |  FIXC1  | 652151743000 | 6789967000 | 6798439000 | 6.793247e+09 |
|         MAX_CPU_CLOCK STAT         |  FIXC2  | 686986295000 | 7154438000 | 7157444000 | 7.156107e+09 |
|      RETIRED_INSTRUCTIONS STAT     |   PMC0  | 725356441000 | 7517219000 | 7580636000 | 7.555796e+09 |
|      CPU_CLOCKS_UNHALTED STAT      |   PMC1  | 642926840000 | 6668034000 | 6718269000 | 6.697155e+09 |
| REQUESTS_TO_L2_GRP1_ALL_NO_PF STAT |   PMC2  | 207060096000 | 2152225000 | 2167631000 |   2156876000 |
|        L2_PF_HIT_IN_L2 STAT        |   PMC3  |  74501685000 |  442894400 |  877888900 | 7.760592e+08 |
+------------------------------------+---------+--------------+------------+------------+--------------+
+-------------------------------+------------+------------+------------+------------+------------+------------+------------+------------+------------+------------+-------------+-------------+-------------+-------------+-------------+-------------+-------------+-------------+-------------+-------------+-------------+-------------+-------------+-------------+-------------+-------------+-------------+-------------+-------------+-------------+-------------+-------------+-------------+-------------+-------------+-------------+-------------+-------------+-------------+-------------+-------------+-------------+-------------+-------------+-------------+-------------+-------------+-------------+-------------+-------------+-------------+-------------+-------------+-------------+-------------+-------------+-------------+-------------+-------------+-------------+-------------+-------------+-------------+-------------+-------------+-------------+-------------+-------------+-------------+-------------+-------------+-------------+-------------+-------------+-------------+-------------+-------------+-------------+-------------+-------------+-------------+-------------+-------------+-------------+-------------+-------------+-------------+-------------+-------------+-------------+-------------+-------------+-------------+-------------+-------------+-------------+
|             Metric            | HWThread 0 | HWThread 1 | HWThread 2 | HWThread 3 | HWThread 4 | HWThread 5 | HWThread 6 | HWThread 7 | HWThread 8 | HWThread 9 | HWThread 10 | HWThread 11 | HWThread 12 | HWThread 13 | HWThread 14 | HWThread 15 | HWThread 16 | HWThread 17 | HWThread 18 | HWThread 19 | HWThread 20 | HWThread 21 | HWThread 22 | HWThread 23 | HWThread 24 | HWThread 25 | HWThread 26 | HWThread 27 | HWThread 28 | HWThread 29 | HWThread 30 | HWThread 31 | HWThread 32 | HWThread 33 | HWThread 34 | HWThread 35 | HWThread 36 | HWThread 37 | HWThread 38 | HWThread 39 | HWThread 40 | HWThread 41 | HWThread 42 | HWThread 43 | HWThread 44 | HWThread 45 | HWThread 46 | HWThread 47 | HWThread 48 | HWThread 49 | HWThread 50 | HWThread 51 | HWThread 52 | HWThread 53 | HWThread 54 | HWThread 55 | HWThread 56 | HWThread 57 | HWThread 58 | HWThread 59 | HWThread 60 | HWThread 61 | HWThread 62 | HWThread 63 | HWThread 64 | HWThread 65 | HWThread 66 | HWThread 67 | HWThread 68 | HWThread 69 | HWThread 70 | HWThread 71 | HWThread 72 | HWThread 73 | HWThread 74 | HWThread 75 | HWThread 76 | HWThread 77 | HWThread 78 | HWThread 79 | HWThread 80 | HWThread 81 | HWThread 82 | HWThread 83 | HWThread 84 | HWThread 85 | HWThread 86 | HWThread 87 | HWThread 88 | HWThread 89 | HWThread 90 | HWThread 91 | HWThread 92 | HWThread 93 | HWThread 94 | HWThread 95 |
+-------------------------------+------------+------------+------------+------------+------------+------------+------------+------------+------------+------------+-------------+-------------+-------------+-------------+-------------+-------------+-------------+-------------+-------------+-------------+-------------+-------------+-------------+-------------+-------------+-------------+-------------+-------------+-------------+-------------+-------------+-------------+-------------+-------------+-------------+-------------+-------------+-------------+-------------+-------------+-------------+-------------+-------------+-------------+-------------+-------------+-------------+-------------+-------------+-------------+-------------+-------------+-------------+-------------+-------------+-------------+-------------+-------------+-------------+-------------+-------------+-------------+-------------+-------------+-------------+-------------+-------------+-------------+-------------+-------------+-------------+-------------+-------------+-------------+-------------+-------------+-------------+-------------+-------------+-------------+-------------+-------------+-------------+-------------+-------------+-------------+-------------+-------------+-------------+-------------+-------------+-------------+-------------+-------------+-------------+-------------+
|      Runtime (RDTSC) [s]      |     2.9855 |     2.9855 |     2.9855 |     2.9857 |     2.9857 |     2.9858 |     2.9858 |     2.9855 |     2.9855 |     2.9856 |      2.9856 |      2.9856 |      2.9858 |      2.9858 |      2.9857 |      2.9856 |      2.9857 |      2.9857 |      2.9857 |      2.9857 |      2.9858 |      2.9858 |      2.9857 |      2.9855 |      2.9858 |      2.9855 |      2.9855 |      2.9855 |      2.9855 |      2.9857 |      2.9855 |      2.9857 |      2.9857 |      2.9855 |      2.9860 |      2.9857 |      2.9857 |      2.9857 |      2.9859 |      2.9855 |      2.9855 |      2.9856 |      2.9855 |      2.9857 |      2.9855 |      2.9856 |      2.9855 |      2.9855 |      2.9855 |      2.9855 |      2.9856 |      2.9855 |      2.9855 |      2.9855 |      2.9855 |      2.9856 |      2.9855 |      2.9858 |      2.9855 |      2.9860 |      2.9858 |      2.9860 |      2.9861 |      2.9856 |      2.9855 |      2.9855 |      2.9855 |      2.9855 |      2.9855 |      2.9855 |      2.9855 |      2.9855 |      2.9855 |      2.9857 |      2.9857 |      2.9857 |      2.9855 |      2.9858 |      2.9856 |      2.9857 |      2.9855 |      2.9855 |      2.9855 |      2.9855 |      2.9855 |      2.9855 |      2.9855 |      2.9855 |      2.9856 |      2.9856 |      2.9858 |      2.9857 |      2.9855 |      2.9855 |      2.9856 |      2.9859 |
|      Runtime unhalted [s]     |     2.8340 |     2.8336 |     2.8340 |     2.8337 |     2.8343 |     2.8343 |     2.8342 |     2.8334 |     2.8343 |     2.8336 |      2.8341 |      2.8342 |      2.8344 |      2.8344 |      2.8343 |      2.8337 |      2.8344 |      2.8339 |      2.8340 |      2.8340 |      2.8340 |      2.8339 |      2.8339 |      2.8339 |      2.8350 |      2.8349 |      2.8349 |      2.8348 |      2.8348 |      2.8348 |      2.8346 |      2.8351 |      2.8353 |      2.8351 |      2.8353 |      2.8353 |      2.8352 |      2.8357 |      2.8354 |      2.8351 |      2.8346 |      2.8343 |      2.8346 |      2.8348 |      2.8346 |      2.8346 |      2.8343 |      2.8346 |      2.8341 |      2.8350 |      2.8346 |      2.8340 |      2.8339 |      2.8346 |      2.8347 |      2.8349 |      2.8365 |      2.8367 |      2.8366 |      2.8369 |      2.8368 |      2.8369 |      2.8370 |      2.8366 |      2.8353 |      2.8353 |      2.8353 |      2.8353 |      2.8353 |      2.8353 |      2.8353 |      2.8353 |      2.8350 |      2.8351 |      2.8351 |      2.8352 |      2.8350 |      2.8352 |      2.8350 |      2.8351 |      2.8346 |      2.8346 |      2.8347 |      2.8344 |      2.8346 |      2.8346 |      2.8346 |      2.8346 |      2.8346 |      2.8346 |      2.8348 |      2.8348 |      2.8346 |      2.8346 |      2.8346 |      2.8348 |
|          Clock [MHz]          |  2274.2419 |  2274.1737 |  2274.2241 |  2274.2440 |  2274.2804 |  2274.2354 |  2274.3172 |  2274.2505 |  2274.3066 |  2274.4099 |   2274.4084 |   2274.2586 |   2274.4940 |   2274.4614 |   2274.5265 |   2274.2955 |   2274.5190 |   2274.6032 |   2274.4545 |   2274.4935 |   2274.4447 |   2274.5511 |   2274.5421 |   2274.3974 |   2275.2198 |   2275.1459 |   2275.1471 |   2275.1505 |   2275.1599 |   2275.0262 |   2274.9819 |   2275.1977 |   2275.4988 |   2275.4259 |   2275.5589 |   2275.5059 |   2275.4642 |   2275.7752 |   2275.4620 |   2275.4575 |   2274.9375 |   2274.7476 |   2274.9780 |   2275.0168 |   2274.9558 |   2274.9677 |   2274.7378 |   2274.9466 |   2274.5862 |   2274.7954 |   2274.5381 |   2274.5718 |   2274.5278 |   2274.5661 |   2274.5775 |   2274.7943 |   2276.1278 |   2276.1665 |   2276.1380 |   2276.1694 |   2276.2133 |   2276.1649 |   2276.1747 |   2276.1382 |   2275.0200 |   2275.0371 |   2274.9998 |   2275.0314 |   2275.0141 |   2275.0433 |   2275.0278 |   2275.0230 |   2274.8022 |   2274.8549 |   2274.8595 |   2274.8776 |   2274.8015 |   2274.8163 |   2274.7997 |   2274.8550 |   2274.5183 |   2274.4899 |   2274.5007 |   2274.2912 |   2274.4592 |   2274.5133 |   2274.4898 |   2274.5230 |   2274.4972 |   2274.4996 |   2274.5705 |   2274.5571 |   2274.5420 |   2274.4958 |   2274.4983 |   2274.5310 |
|              CPI              |     0.8855 |     0.8853 |     0.8893 |     0.8855 |     0.8867 |     0.8856 |     0.8858 |     0.8849 |     0.8860 |     0.8855 |      0.8870 |      0.8860 |      0.8866 |      0.8858 |      0.8857 |      0.8851 |      0.8866 |      0.8870 |      0.8880 |      0.8875 |      0.8875 |      0.8875 |      0.8869 |      0.8892 |      0.8850 |      0.8865 |      0.8858 |      0.8896 |      0.8861 |      0.8867 |      0.8857 |      0.8880 |      0.8861 |      0.8861 |      0.8862 |      0.8876 |      0.8865 |      0.8863 |      0.8858 |      0.8856 |      0.8845 |      0.8846 |      0.8845 |      0.8846 |      0.8844 |      0.8845 |      0.8844 |      0.8847 |      0.8871 |      0.8895 |      0.8868 |      0.8872 |      0.8870 |      0.8861 |      0.8864 |      0.8862 |      0.8867 |      0.8866 |      0.8875 |      0.8870 |      0.8871 |      0.8867 |      0.8863 |      0.8857 |      0.8849 |      0.8848 |      0.8848 |      0.8848 |      0.8850 |      0.8849 |      0.8848 |      0.8849 |      0.8864 |      0.8847 |      0.8854 |      0.8846 |      0.8867 |      0.8845 |      0.8862 |      0.8845 |      0.8855 |      0.8871 |      0.8869 |      0.8871 |      0.8855 |      0.8856 |      0.8850 |      0.8860 |      0.8908 |      0.8908 |      0.8889 |      0.8888 |      0.8887 |      0.8885 |      0.8887 |      0.8888 |
|    L2 bandwidth [MBytes/s]    | 46155.3084 | 46173.0451 | 46200.8711 | 46169.6584 | 46151.9097 | 46164.8017 | 46167.1243 | 46179.5412 | 46157.3016 | 46167.7174 |  46166.2752 |  46163.6196 |  46162.1504 |  46167.3008 |  46169.4096 |  46171.7962 |  46136.3425 |  46162.9238 |  46149.0521 |  46165.1844 |  46151.4267 |  46162.8476 |  46155.5120 |  46199.2404 |  46135.1542 |  46169.0599 |  46136.9904 |  46215.5196 |  46154.7306 |  46148.4596 |  46156.9112 |  46206.6530 |  46147.5762 |  46166.3041 |  46134.0729 |  46194.5381 |  46150.5997 |  46167.8160 |  46160.2769 |  46171.3143 |  46380.9598 |  46401.1388 |  46371.3834 |  46342.6722 |  46378.6269 |  46364.5698 |  46399.1967 |  46431.9522 |  46150.2553 |  46215.6709 |  46141.4283 |  46167.7165 |  46153.3846 |  46157.8390 |  46167.5882 |  46166.4674 |  46153.0037 |  46169.7436 |  46165.2347 |  46164.7169 |  46157.5482 |  46167.6533 |  46165.4660 |  46173.8003 |  46411.2484 |  46405.0452 |  46380.0423 |  46365.2118 |  46389.3888 |  46392.0469 |  46402.7396 |  46467.3092 |  46233.5576 |  46227.6084 |  46211.0209 |  46234.5332 |  46244.0294 |  46249.4228 |  46271.7256 |  46246.5552 |  46202.9648 |  46253.0900 |  46242.8277 |  46260.6727 |  46211.3526 |  46248.9611 |  46239.0001 |  46254.1190 |  46422.9641 |  46421.0836 |  46366.9042 |  46376.0216 |  46383.8575 |  46388.9300 |  46399.3687 |  46456.3672 |
|    L2 data volume [GBytes]    |   137.7975 |   137.8507 |   137.9334 |   137.8479 |   137.7949 |   137.8381 |   137.8464 |   137.8689 |   137.8026 |   137.8392 |    137.8348 |    137.8271 |    137.8291 |    137.8445 |    137.8474 |    137.8514 |    137.7480 |    137.8271 |    137.7894 |    137.8346 |    137.7990 |    137.8324 |    137.8053 |    137.9264 |    137.7485 |    137.8381 |    137.7424 |    137.9769 |    137.7955 |    137.7843 |    137.8019 |    137.9601 |    137.7821 |    137.8298 |    137.7565 |    137.9224 |    137.7908 |    137.8420 |    137.8280 |    137.8447 |    138.4709 |    138.5359 |    138.4424 |    138.3650 |    138.4638 |    138.4246 |    138.5253 |    138.6231 |    137.7825 |    137.9779 |    137.7585 |    137.8339 |    137.7910 |    137.8047 |    137.8343 |    137.8365 |    137.7902 |    137.8529 |    137.8268 |    137.8488 |    137.8162 |    137.8575 |    137.8541 |    137.8570 |    138.5617 |    138.5429 |    138.4685 |    138.4241 |    138.4964 |    138.5044 |    138.5359 |    138.7284 |    138.0307 |    138.0233 |    137.9711 |    138.0445 |    138.0623 |    138.0925 |    138.1489 |    138.0780 |    137.9400 |    138.0897 |    138.0591 |    138.1123 |    137.9651 |    138.0767 |    138.0476 |    138.0927 |    138.6004 |    138.5949 |    138.4404 |    138.4642 |    138.4794 |    138.4943 |    138.5300 |    138.7117 |
| Prefetch bandwidth [MBytes/s] | 17282.8777 | 16466.8834 | 16473.7025 | 16813.5910 | 16531.3843 | 16406.7371 | 16973.5693 | 16848.8650 | 16809.9435 | 16428.6705 |  16557.4749 |  17181.9499 |  16353.1763 |  16256.9144 |  16737.3314 |  16616.6424 |  17178.6668 |  16476.7762 |  16784.1455 |  16950.8163 |  15752.1657 |  16402.5280 |  16105.4915 |  15316.6227 |  15595.1826 |  16411.2205 |  17254.1443 |  16259.7034 |  16829.2584 |  16999.9323 |  17009.2523 |  15930.5366 |  16002.0707 |  16079.7978 |  16444.5563 |  16679.2589 |  16929.7584 |  16596.2446 |  16097.8736 |  16719.5018 |  18201.2589 |  18107.7654 |  17573.0480 |  17182.9117 |  18018.0990 |  17707.0987 |  18357.1817 |   9494.2680 |  15605.2487 |  15883.7022 |  15891.8146 |  16474.9811 |  16815.8845 |  16817.6825 |  16829.1506 |  16708.6331 |  16813.9251 |  17288.5965 |  16989.0209 |  17295.3783 |  16647.0890 |  16670.1308 |  17011.6481 |  16362.0610 |  18271.0552 |  18810.8248 |  18409.2478 |  18111.1873 |  17971.5898 |  17969.5212 |  18819.1806 |  10293.0628 |  15518.4568 |  16402.1053 |  16016.4240 |  16148.1793 |  16340.4178 |  16673.4483 |  15912.8510 |  16379.7963 |  16089.3764 |  15940.2996 |  15580.0686 |  15739.9911 |  16208.3623 |  16474.3444 |  16582.5211 |  16614.6429 |  18658.2253 |  18204.6373 |  17809.6479 |  18536.9299 |  17917.1249 |  17858.5464 |  18284.0199 |  10185.7259 |
| Prefetch data volume [GBytes] |    51.5983 |    49.1623 |    49.1825 |    50.2000 |    49.3574 |    48.9870 |    50.6799 |    50.3023 |    50.1861 |    49.0497 |     49.4343 |     51.2988 |     48.8266 |     48.5392 |     49.9724 |     49.6110 |     51.2899 |     49.1942 |     50.1132 |     50.6097 |     47.0328 |     48.9744 |     48.0857 |     45.7273 |     46.5635 |     48.9958 |     51.5124 |     48.5435 |     50.2439 |     50.7563 |     50.7813 |     47.5641 |     47.7771 |     48.0063 |     49.1035 |     49.7990 |     50.5468 |     49.5510 |     48.0660 |     49.9162 |     54.3401 |     54.0628 |     52.4646 |     51.3029 |     53.7932 |     52.8657 |     54.8056 |     28.3452 |     46.5898 |     47.4211 |     47.4461 |     49.1861 |     50.2038 |     50.2094 |     50.2438 |     49.8860 |     50.1981 |     51.6200 |     50.7209 |     51.6443 |     49.7045 |     49.7773 |     50.7983 |     48.8507 |     54.5486 |     56.1600 |     54.9612 |     54.0713 |     53.6545 |     53.6484 |     56.1849 |     30.7300 |     46.3305 |     48.9723 |     47.8199 |     48.2143 |     48.7846 |     49.7839 |     47.5094 |     48.9050 |     48.0352 |     47.5901 |     46.5147 |     46.9921 |     48.3904 |     49.1843 |     49.5075 |     49.6034 |     55.7060 |     54.3518 |     53.1753 |     55.3454 |     53.4917 |     53.3168 |     54.5888 |     30.4130 |
+-------------------------------+------------+------------+------------+------------+------------+------------+------------+------------+------------+------------+-------------+-------------+-------------+-------------+-------------+-------------+-------------+-------------+-------------+-------------+-------------+-------------+-------------+-------------+-------------+-------------+-------------+-------------+-------------+-------------+-------------+-------------+-------------+-------------+-------------+-------------+-------------+-------------+-------------+-------------+-------------+-------------+-------------+-------------+-------------+-------------+-------------+-------------+-------------+-------------+-------------+-------------+-------------+-------------+-------------+-------------+-------------+-------------+-------------+-------------+-------------+-------------+-------------+-------------+-------------+-------------+-------------+-------------+-------------+-------------+-------------+-------------+-------------+-------------+-------------+-------------+-------------+-------------+-------------+-------------+-------------+-------------+-------------+-------------+-------------+-------------+-------------+-------------+-------------+-------------+-------------+-------------+-------------+-------------+-------------+-------------+
+------------------------------------+--------------+------------+------------+------------+
|               Metric               |      Sum     |     Min    |     Max    |     Avg    |
+------------------------------------+--------------+------------+------------+------------+
|      Runtime (RDTSC) [s] STAT      |     286.6195 |     2.9855 |     2.9861 |     2.9856 |
|      Runtime unhalted [s] STAT     |     272.1412 |     2.8334 |     2.8370 |     2.8348 |
|          Clock [MHz] STAT          |  218386.6889 |  2274.1737 |  2276.2133 |  2274.8613 |
|              CPI STAT              |      85.0908 |     0.8844 |     0.8908 |     0.8864 |
|    L2 bandwidth [MBytes/s] STAT    | 4.438554e+06 | 46134.0729 | 46467.3092 | 46234.9409 |
|    L2 data volume [GBytes] STAT    |   13251.8460 |   137.7424 |   138.7284 |   138.0401 |
| Prefetch bandwidth [MBytes/s] STAT | 1.597024e+06 |  9494.2680 | 18819.1806 | 16635.6626 |
| Prefetch data volume [GBytes] STAT |    4768.1073 |    28.3452 |    56.1849 |    49.6678 |
+------------------------------------+--------------+------------+------------+------------+
