--------------------------------------------------------------------------------
CPU name:	AMD EPYC 9654 96-Core Processor                
CPU type:	AMD K19 (Zen4) architecture
CPU clock:	2.40 GHz
--------------------------------------------------------------------------------
Region bench, Group 1: MEM
+-------------------+------------+------------+------------+------------+------------+------------+------------+------------+------------+------------+-------------+-------------+-------------+-------------+-------------+-------------+-------------+-------------+-------------+-------------+-------------+-------------+-------------+-------------+-------------+-------------+-------------+-------------+-------------+-------------+-------------+-------------+-------------+-------------+-------------+-------------+-------------+-------------+-------------+-------------+-------------+-------------+-------------+-------------+-------------+-------------+-------------+-------------+-------------+-------------+-------------+-------------+-------------+-------------+-------------+-------------+-------------+-------------+-------------+-------------+-------------+-------------+-------------+-------------+-------------+-------------+-------------+-------------+-------------+-------------+-------------+-------------+-------------+-------------+-------------+-------------+-------------+-------------+-------------+-------------+-------------+-------------+-------------+-------------+-------------+-------------+-------------+-------------+-------------+-------------+-------------+-------------+-------------+-------------+-------------+-------------+
|    Region Info    | HWThread 0 | HWThread 1 | HWThread 2 | HWThread 3 | HWThread 4 | HWThread 5 | HWThread 6 | HWThread 7 | HWThread 8 | HWThread 9 | HWThread 10 | HWThread 11 | HWThread 12 | HWThread 13 | HWThread 14 | HWThread 15 | HWThread 16 | HWThread 17 | HWThread 18 | HWThread 19 | HWThread 20 | HWThread 21 | HWThread 22 | HWThread 23 | HWThread 24 | HWThread 25 | HWThread 26 | HWThread 27 | HWThread 28 | HWThread 29 | HWThread 30 | HWThread 31 | HWThread 32 | HWThread 33 | HWThread 34 | HWThread 35 | HWThread 36 | HWThread 37 | HWThread 38 | HWThread 39 | HWThread 40 | HWThread 41 | HWThread 42 | HWThread 43 | HWThread 44 | HWThread 45 | HWThread 46 | HWThread 47 | HWThread 48 | HWThread 49 | HWThread 50 | HWThread 51 | HWThread 52 | HWThread 53 | HWThread 54 | HWThread 55 | HWThread 56 | HWThread 57 | HWThread 58 | HWThread 59 | HWThread 60 | HWThread 61 | HWThread 62 | HWThread 63 | HWThread 64 | HWThread 65 | HWThread 66 | HWThread 67 | HWThread 68 | HWThread 69 | HWThread 70 | HWThread 71 | HWThread 72 | HWThread 73 | HWThread 74 | HWThread 75 | HWThread 76 | HWThread 77 | HWThread 78 | HWThread 79 | HWThread 80 | HWThread 81 | HWThread 82 | HWThread 83 | HWThread 84 | HWThread 85 | HWThread 86 | HWThread 87 | HWThread 88 | HWThread 89 | HWThread 90 | HWThread 91 | HWThread 92 | HWThread 93 | HWThread 94 | HWThread 95 |
+-------------------+------------+------------+------------+------------+------------+------------+------------+------------+------------+------------+-------------+-------------+-------------+-------------+-------------+-------------+-------------+-------------+-------------+-------------+-------------+-------------+-------------+-------------+-------------+-------------+-------------+-------------+-------------+-------------+-------------+-------------+-------------+-------------+-------------+-------------+-------------+-------------+-------------+-------------+-------------+-------------+-------------+-------------+-------------+-------------+-------------+-------------+-------------+-------------+-------------+-------------+-------------+-------------+-------------+-------------+-------------+-------------+-------------+-------------+-------------+-------------+-------------+-------------+-------------+-------------+-------------+-------------+-------------+-------------+-------------+-------------+-------------+-------------+-------------+-------------+-------------+-------------+-------------+-------------+-------------+-------------+-------------+-------------+-------------+-------------+-------------+-------------+-------------+-------------+-------------+-------------+-------------+-------------+-------------+-------------+
| RDTSC Runtime [s] |  17.684280 |  17.684820 |  17.685030 |  17.685060 |  17.684820 |  17.684820 |  17.684810 |  17.684820 |  17.684780 |  17.684710 |   17.684760 |   17.684710 |   17.684710 |   17.684780 |   17.684780 |   17.684710 |   17.684630 |   17.684990 |   17.684990 |   17.684990 |   17.684680 |   17.684810 |   17.684810 |   17.684810 |   17.684680 |   17.685060 |   17.684630 |   17.684640 |   17.685060 |   17.684820 |   17.684810 |   17.684640 |   17.684800 |   17.684810 |   17.684800 |   17.684800 |   17.684810 |   17.684800 |   17.684800 |   17.684800 |   17.684630 |   17.684630 |   17.685070 |   17.684950 |   17.685050 |   17.684630 |   17.684630 |   17.685070 |   17.685130 |   17.685030 |   17.684630 |   17.684640 |   17.684640 |   17.684990 |   17.684640 |   17.684690 |   17.685110 |   17.685110 |   17.685230 |   17.685170 |   17.685110 |   17.685230 |   17.684970 |   17.684630 |   17.685080 |   17.684700 |   17.684820 |   17.685030 |   17.684760 |   17.684820 |   17.684780 |   17.684820 |   17.684820 |   17.684820 |   17.684820 |   17.684660 |   17.684760 |   17.684820 |   17.684820 |   17.684820 |   17.684630 |   17.684640 |   17.684640 |   17.684820 |   17.685060 |   17.684820 |   17.685060 |   17.685060 |   17.685060 |   17.684650 |   17.684650 |   17.685060 |   17.684640 |   17.685060 |   17.684650 |   17.684650 |
|     call count    |          1 |          1 |          1 |          1 |          1 |          1 |          1 |          1 |          1 |          1 |           1 |           1 |           1 |           1 |           1 |           1 |           1 |           1 |           1 |           1 |           1 |           1 |           1 |           1 |           1 |           1 |           1 |           1 |           1 |           1 |           1 |           1 |           1 |           1 |           1 |           1 |           1 |           1 |           1 |           1 |           1 |           1 |           1 |           1 |           1 |           1 |           1 |           1 |           1 |           1 |           1 |           1 |           1 |           1 |           1 |           1 |           1 |           1 |           1 |           1 |           1 |           1 |           1 |           1 |           1 |           1 |           1 |           1 |           1 |           1 |           1 |           1 |           1 |           1 |           1 |           1 |           1 |           1 |           1 |           1 |           1 |           1 |           1 |           1 |           1 |           1 |           1 |           1 |           1 |           1 |           1 |           1 |           1 |           1 |           1 |           1 |
+-------------------+------------+------------+------------+------------+------------+------------+------------+------------+------------+------------+-------------+-------------+-------------+-------------+-------------+-------------+-------------+-------------+-------------+-------------+-------------+-------------+-------------+-------------+-------------+-------------+-------------+-------------+-------------+-------------+-------------+-------------+-------------+-------------+-------------+-------------+-------------+-------------+-------------+-------------+-------------+-------------+-------------+-------------+-------------+-------------+-------------+-------------+-------------+-------------+-------------+-------------+-------------+-------------+-------------+-------------+-------------+-------------+-------------+-------------+-------------+-------------+-------------+-------------+-------------+-------------+-------------+-------------+-------------+-------------+-------------+-------------+-------------+-------------+-------------+-------------+-------------+-------------+-------------+-------------+-------------+-------------+-------------+-------------+-------------+-------------+-------------+-------------+-------------+-------------+-------------+-------------+-------------+-------------+-------------+-------------+
+----------------------+---------+-------------+-------------+-------------+-------------+-------------+-------------+-------------+-------------+-------------+-------------+-------------+-------------+-------------+-------------+-------------+-------------+-------------+-------------+-------------+-------------+-------------+-------------+-------------+-------------+-------------+-------------+-------------+-------------+-------------+-------------+-------------+-------------+-------------+-------------+-------------+-------------+-------------+-------------+-------------+-------------+-------------+-------------+-------------+-------------+-------------+-------------+-------------+-------------+-------------+-------------+-------------+-------------+-------------+-------------+-------------+-------------+-------------+-------------+-------------+-------------+-------------+-------------+-------------+-------------+-------------+-------------+-------------+-------------+-------------+-------------+-------------+-------------+-------------+-------------+-------------+-------------+-------------+-------------+-------------+-------------+-------------+-------------+-------------+-------------+-------------+-------------+-------------+-------------+-------------+-------------+-------------+-------------+-------------+-------------+-------------+-------------+
|         Event        | Counter |  HWThread 0 |  HWThread 1 |  HWThread 2 |  HWThread 3 |  HWThread 4 |  HWThread 5 |  HWThread 6 |  HWThread 7 |  HWThread 8 |  HWThread 9 | HWThread 10 | HWThread 11 | HWThread 12 | HWThread 13 | HWThread 14 | HWThread 15 | HWThread 16 | HWThread 17 | HWThread 18 | HWThread 19 | HWThread 20 | HWThread 21 | HWThread 22 | HWThread 23 | HWThread 24 | HWThread 25 | HWThread 26 | HWThread 27 | HWThread 28 | HWThread 29 | HWThread 30 | HWThread 31 | HWThread 32 | HWThread 33 | HWThread 34 | HWThread 35 | HWThread 36 | HWThread 37 | HWThread 38 | HWThread 39 | HWThread 40 | HWThread 41 | HWThread 42 | HWThread 43 | HWThread 44 | HWThread 45 | HWThread 46 | HWThread 47 | HWThread 48 | HWThread 49 | HWThread 50 | HWThread 51 | HWThread 52 | HWThread 53 | HWThread 54 | HWThread 55 | HWThread 56 | HWThread 57 | HWThread 58 | HWThread 59 | HWThread 60 | HWThread 61 | HWThread 62 | HWThread 63 | HWThread 64 | HWThread 65 | HWThread 66 | HWThread 67 | HWThread 68 | HWThread 69 | HWThread 70 | HWThread 71 | HWThread 72 | HWThread 73 | HWThread 74 | HWThread 75 | HWThread 76 | HWThread 77 | HWThread 78 | HWThread 79 | HWThread 80 | HWThread 81 | HWThread 82 | HWThread 83 | HWThread 84 | HWThread 85 | HWThread 86 | HWThread 87 | HWThread 88 | HWThread 89 | HWThread 90 | HWThread 91 | HWThread 92 | HWThread 93 | HWThread 94 | HWThread 95 |
+----------------------+---------+-------------+-------------+-------------+-------------+-------------+-------------+-------------+-------------+-------------+-------------+-------------+-------------+-------------+-------------+-------------+-------------+-------------+-------------+-------------+-------------+-------------+-------------+-------------+-------------+-------------+-------------+-------------+-------------+-------------+-------------+-------------+-------------+-------------+-------------+-------------+-------------+-------------+-------------+-------------+-------------+-------------+-------------+-------------+-------------+-------------+-------------+-------------+-------------+-------------+-------------+-------------+-------------+-------------+-------------+-------------+-------------+-------------+-------------+-------------+-------------+-------------+-------------+-------------+-------------+-------------+-------------+-------------+-------------+-------------+-------------+-------------+-------------+-------------+-------------+-------------+-------------+-------------+-------------+-------------+-------------+-------------+-------------+-------------+-------------+-------------+-------------+-------------+-------------+-------------+-------------+-------------+-------------+-------------+-------------+-------------+-------------+
|   ACTUAL_CPU_CLOCK   |  FIXC1  | 57583940000 | 57584230000 | 57584600000 | 57584700000 | 57584220000 | 57583930000 | 57583900000 | 57583770000 | 57583450000 | 57583550000 | 57583510000 | 57583560000 | 57583660000 | 57583560000 | 57583440000 | 57583410000 | 57583740000 | 57584590000 | 57584250000 | 57584270000 | 57583890000 | 57583910000 | 57584230000 | 57584270000 | 57584170000 | 57584010000 | 57583690000 | 57584140000 | 57584100000 | 57584090000 | 57583680000 | 57583720000 | 57583350000 | 57583380000 | 57583390000 | 57583380000 | 57583380000 | 57583400000 | 57583340000 | 57583380000 | 57583660000 | 57583520000 | 57584170000 | 57583850000 | 57584090000 | 57583620000 | 57583610000 | 57584190000 | 57584400000 | 57584170000 | 57584120000 | 57584430000 | 57584080000 | 57584260000 | 57584450000 | 57584440000 | 57584870000 | 57584640000 | 57584870000 | 57584590000 | 57584580000 | 57584920000 | 57584290000 | 57584590000 | 57583980000 | 57584110000 | 57584060000 | 57583990000 | 57584100000 | 57584080000 | 57584090000 | 57584070000 | 57584270000 | 57584460000 | 57584470000 | 57584460000 | 57584170000 | 57584310000 | 57584460000 | 57584490000 | 57584500000 | 57584660000 | 57584440000 | 57584320000 | 57584530000 | 57584400000 | 57584590000 | 57584620000 | 57584130000 | 57584090000 | 57584080000 | 57584170000 | 57584060000 | 57584170000 | 57584050000 | 57584160000 |
|     MAX_CPU_CLOCK    |  FIXC2  | 42375330000 | 42375600000 | 42375840000 | 42375870000 | 42375600000 | 42375310000 | 42375260000 | 42375230000 | 42374840000 | 42374960000 | 42375050000 | 42375050000 | 42375170000 | 42374960000 | 42374830000 | 42374810000 | 42375210000 | 42375620000 | 42375380000 | 42375400000 | 42375270000 | 42375290000 | 42375500000 | 42375550000 | 42375350000 | 42375550000 | 42375220000 | 42375460000 | 42375460000 | 42375390000 | 42375180000 | 42375240000 | 42374790000 | 42374810000 | 42374810000 | 42374810000 | 42374820000 | 42374830000 | 42374810000 | 42374810000 | 42374980000 | 42374870000 | 42375220000 | 42374980000 | 42375010000 | 42375150000 | 42374760000 | 42375420000 | 42375660000 | 42375480000 | 42375240000 | 42375570000 | 42375210000 | 42375560000 | 42375520000 | 42375630000 | 42375940000 | 42375790000 | 42375930000 | 42375800000 | 42375780000 | 42375970000 | 42375480000 | 42375810000 | 42375410000 | 42375550000 | 42375460000 | 42375420000 | 42375540000 | 42375520000 | 42375550000 | 42375520000 | 42375400000 | 42375600000 | 42375600000 | 42375600000 | 42375240000 | 42375420000 | 42375600000 | 42375620000 | 42375790000 | 42375980000 | 42375590000 | 42375600000 | 42375840000 | 42375560000 | 42375850000 | 42375830000 | 42375450000 | 42375210000 | 42375210000 | 42375470000 | 42375200000 | 42375470000 | 42375190000 | 42375440000 |
| RETIRED_INSTRUCTIONS |   PMC0  |  2702200000 |  2694860000 |  2687986000 |  2694951000 |  2688793000 |  2684414000 |  2684692000 |  2684385000 |  2950564000 |  2953146000 |  2944927000 |  2943803000 |  2933380000 |  2931163000 |  2929794000 |  2929516000 |  2824424000 |  2824598000 |  2816329000 |  2818308000 |  2812821000 |  2809874000 |  2810086000 |  2810365000 |  2752288000 |  2748692000 |  2742798000 |  2745935000 |  2739982000 |  2737144000 |  2735111000 |  2734917000 |  2964499000 |  2961457000 |  2953629000 |  2953807000 |  2944775000 |  2943780000 |  2942608000 |  2942282000 |  2805475000 |  2806731000 |  2794600000 |  2797345000 |  2790939000 |  2787163000 |  2786483000 |  2786312000 |  2701145000 |  2698980000 |  2693217000 |  2690952000 |  2689033000 |  2687855000 |  2686244000 |  2686542000 |  2951603000 |  2954397000 |  2942196000 |  2944027000 |  2941818000 |  2939968000 |  2939723000 |  2937792000 |  2834742000 |  2830945000 |  2820225000 |  2827765000 |  2818598000 |  2815755000 |  2814854000 |  2814845000 |  2737003000 |  2732954000 |  2723211000 |  2725199000 |  2726723000 |  2721465000 |  2719068000 |  2719227000 |  2971017000 |  2955149000 |  2951279000 |  2955897000 |  2951431000 |  2945329000 |  2944491000 |  2945331000 |  2820843000 |  2812280000 |  2805746000 |  2801066000 |  2799568000 |  2797527000 |  2798262000 |  2796619000 |
|  CPU_CLOCKS_UNHALTED |   PMC1  | 57195950000 | 57209520000 | 57201730000 | 57214140000 | 57214390000 | 57208630000 | 57212310000 | 57207750000 | 57206150000 | 57212050000 | 57207040000 | 57212930000 | 57212870000 | 57208070000 | 57214200000 | 57208460000 | 57201290000 | 57209260000 | 57209450000 | 57209410000 | 57207070000 | 57202910000 | 57209220000 | 57208990000 | 57201850000 | 57196300000 | 57204880000 | 57201030000 | 57203520000 | 57201770000 | 57201920000 | 57200300000 | 57211880000 | 57212030000 | 57214270000 | 57211030000 | 57212150000 | 57210080000 | 57209220000 | 57210440000 | 57204800000 | 57203310000 | 57209360000 | 57210310000 | 57209960000 | 57202350000 | 57208740000 | 57201500000 | 57197520000 | 57200890000 | 57203340000 | 57201610000 | 57199830000 | 57202030000 | 57202630000 | 57197250000 | 57230410000 | 57225990000 | 57227290000 | 57229420000 | 57238960000 | 57223690000 | 57228310000 | 57227030000 | 57204400000 | 57210660000 | 57209190000 | 57207830000 | 57206040000 | 57206630000 | 57206050000 | 57203400000 | 57195840000 | 57199980000 | 57203910000 | 57204260000 | 57211510000 | 57198290000 | 57204650000 | 57203860000 | 57225590000 | 57225090000 | 57181940000 | 57228790000 | 57230270000 | 57226700000 | 57231420000 | 57229520000 | 57194370000 | 57196590000 | 57197740000 | 57189320000 | 57199930000 | 57200410000 | 57193360000 | 57191830000 |
|      CAS_CMD_RD      |  UMC0C0 |  5730458000 |           0 |           0 |           0 |           0 |           0 |           0 |           0 |           0 |           0 |           0 |           0 |           0 |           0 |           0 |           0 |           0 |           0 |           0 |           0 |           0 |           0 |           0 |           0 |           0 |           0 |           0 |           0 |           0 |           0 |           0 |           0 |           0 |           0 |           0 |           0 |           0 |           0 |           0 |           0 |           0 |           0 |           0 |           0 |           0 |           0 |           0 |           0 |           0 |           0 |           0 |           0 |           0 |           0 |           0 |           0 |           0 |           0 |           0 |           0 |           0 |           0 |           0 |           0 |           0 |           0 |           0 |           0 |           0 |           0 |           0 |           0 |           0 |           0 |           0 |           0 |           0 |           0 |           0 |           0 |           0 |           0 |           0 |           0 |           0 |           0 |           0 |           0 |           0 |           0 |           0 |           0 |           0 |           0 |           0 |           0 |
|      CAS_CMD_WR      |  UMC0C1 |  2863954000 |           0 |           0 |           0 |           0 |           0 |           0 |           0 |           0 |           0 |           0 |           0 |           0 |           0 |           0 |           0 |           0 |           0 |           0 |           0 |           0 |           0 |           0 |           0 |           0 |           0 |           0 |           0 |           0 |           0 |           0 |           0 |           0 |           0 |           0 |           0 |           0 |           0 |           0 |           0 |           0 |           0 |           0 |           0 |           0 |           0 |           0 |           0 |           0 |           0 |           0 |           0 |           0 |           0 |           0 |           0 |           0 |           0 |           0 |           0 |           0 |           0 |           0 |           0 |           0 |           0 |           0 |           0 |           0 |           0 |           0 |           0 |           0 |           0 |           0 |           0 |           0 |           0 |           0 |           0 |           0 |           0 |           0 |           0 |           0 |           0 |           0 |           0 |           0 |           0 |           0 |           0 |           0 |           0 |           0 |           0 |
|      CAS_CMD_RD      |  UMC1C0 |  5730708000 |           0 |           0 |           0 |           0 |           0 |           0 |           0 |           0 |           0 |           0 |           0 |           0 |           0 |           0 |           0 |           0 |           0 |           0 |           0 |           0 |           0 |           0 |           0 |           0 |           0 |           0 |           0 |           0 |           0 |           0 |           0 |           0 |           0 |           0 |           0 |           0 |           0 |           0 |           0 |           0 |           0 |           0 |           0 |           0 |           0 |           0 |           0 |           0 |           0 |           0 |           0 |           0 |           0 |           0 |           0 |           0 |           0 |           0 |           0 |           0 |           0 |           0 |           0 |           0 |           0 |           0 |           0 |           0 |           0 |           0 |           0 |           0 |           0 |           0 |           0 |           0 |           0 |           0 |           0 |           0 |           0 |           0 |           0 |           0 |           0 |           0 |           0 |           0 |           0 |           0 |           0 |           0 |           0 |           0 |           0 |
|      CAS_CMD_WR      |  UMC1C1 |  2863970000 |           0 |           0 |           0 |           0 |           0 |           0 |           0 |           0 |           0 |           0 |           0 |           0 |           0 |           0 |           0 |           0 |           0 |           0 |           0 |           0 |           0 |           0 |           0 |           0 |           0 |           0 |           0 |           0 |           0 |           0 |           0 |           0 |           0 |           0 |           0 |           0 |           0 |           0 |           0 |           0 |           0 |           0 |           0 |           0 |           0 |           0 |           0 |           0 |           0 |           0 |           0 |           0 |           0 |           0 |           0 |           0 |           0 |           0 |           0 |           0 |           0 |           0 |           0 |           0 |           0 |           0 |           0 |           0 |           0 |           0 |           0 |           0 |           0 |           0 |           0 |           0 |           0 |           0 |           0 |           0 |           0 |           0 |           0 |           0 |           0 |           0 |           0 |           0 |           0 |           0 |           0 |           0 |           0 |           0 |           0 |
|      CAS_CMD_RD      |  UMC2C0 |  5730500000 |           0 |           0 |           0 |           0 |           0 |           0 |           0 |           0 |           0 |           0 |           0 |           0 |           0 |           0 |           0 |           0 |           0 |           0 |           0 |           0 |           0 |           0 |           0 |           0 |           0 |           0 |           0 |           0 |           0 |           0 |           0 |           0 |           0 |           0 |           0 |           0 |           0 |           0 |           0 |           0 |           0 |           0 |           0 |           0 |           0 |           0 |           0 |           0 |           0 |           0 |           0 |           0 |           0 |           0 |           0 |           0 |           0 |           0 |           0 |           0 |           0 |           0 |           0 |           0 |           0 |           0 |           0 |           0 |           0 |           0 |           0 |           0 |           0 |           0 |           0 |           0 |           0 |           0 |           0 |           0 |           0 |           0 |           0 |           0 |           0 |           0 |           0 |           0 |           0 |           0 |           0 |           0 |           0 |           0 |           0 |
|      CAS_CMD_WR      |  UMC2C1 |  2863864000 |           0 |           0 |           0 |           0 |           0 |           0 |           0 |           0 |           0 |           0 |           0 |           0 |           0 |           0 |           0 |           0 |           0 |           0 |           0 |           0 |           0 |           0 |           0 |           0 |           0 |           0 |           0 |           0 |           0 |           0 |           0 |           0 |           0 |           0 |           0 |           0 |           0 |           0 |           0 |           0 |           0 |           0 |           0 |           0 |           0 |           0 |           0 |           0 |           0 |           0 |           0 |           0 |           0 |           0 |           0 |           0 |           0 |           0 |           0 |           0 |           0 |           0 |           0 |           0 |           0 |           0 |           0 |           0 |           0 |           0 |           0 |           0 |           0 |           0 |           0 |           0 |           0 |           0 |           0 |           0 |           0 |           0 |           0 |           0 |           0 |           0 |           0 |           0 |           0 |           0 |           0 |           0 |           0 |           0 |           0 |
|      CAS_CMD_RD      |  UMC3C0 |  5728675000 |           0 |           0 |           0 |           0 |           0 |           0 |           0 |           0 |           0 |           0 |           0 |           0 |           0 |           0 |           0 |           0 |           0 |           0 |           0 |           0 |           0 |           0 |           0 |           0 |           0 |           0 |           0 |           0 |           0 |           0 |           0 |           0 |           0 |           0 |           0 |           0 |           0 |           0 |           0 |           0 |           0 |           0 |           0 |           0 |           0 |           0 |           0 |           0 |           0 |           0 |           0 |           0 |           0 |           0 |           0 |           0 |           0 |           0 |           0 |           0 |           0 |           0 |           0 |           0 |           0 |           0 |           0 |           0 |           0 |           0 |           0 |           0 |           0 |           0 |           0 |           0 |           0 |           0 |           0 |           0 |           0 |           0 |           0 |           0 |           0 |           0 |           0 |           0 |           0 |           0 |           0 |           0 |           0 |           0 |           0 |
|      CAS_CMD_WR      |  UMC3C1 |  2863763000 |           0 |           0 |           0 |           0 |           0 |           0 |           0 |           0 |           0 |           0 |           0 |           0 |           0 |           0 |           0 |           0 |           0 |           0 |           0 |           0 |           0 |           0 |           0 |           0 |           0 |           0 |           0 |           0 |           0 |           0 |           0 |           0 |           0 |           0 |           0 |           0 |           0 |           0 |           0 |           0 |           0 |           0 |           0 |           0 |           0 |           0 |           0 |           0 |           0 |           0 |           0 |           0 |           0 |           0 |           0 |           0 |           0 |           0 |           0 |           0 |           0 |           0 |           0 |           0 |           0 |           0 |           0 |           0 |           0 |           0 |           0 |           0 |           0 |           0 |           0 |           0 |           0 |           0 |           0 |           0 |           0 |           0 |           0 |           0 |           0 |           0 |           0 |           0 |           0 |           0 |           0 |           0 |           0 |           0 |           0 |
|      CAS_CMD_RD      |  UMC4C0 |  5728683000 |           0 |           0 |           0 |           0 |           0 |           0 |           0 |           0 |           0 |           0 |           0 |           0 |           0 |           0 |           0 |           0 |           0 |           0 |           0 |           0 |           0 |           0 |           0 |           0 |           0 |           0 |           0 |           0 |           0 |           0 |           0 |           0 |           0 |           0 |           0 |           0 |           0 |           0 |           0 |           0 |           0 |           0 |           0 |           0 |           0 |           0 |           0 |           0 |           0 |           0 |           0 |           0 |           0 |           0 |           0 |           0 |           0 |           0 |           0 |           0 |           0 |           0 |           0 |           0 |           0 |           0 |           0 |           0 |           0 |           0 |           0 |           0 |           0 |           0 |           0 |           0 |           0 |           0 |           0 |           0 |           0 |           0 |           0 |           0 |           0 |           0 |           0 |           0 |           0 |           0 |           0 |           0 |           0 |           0 |           0 |
|      CAS_CMD_WR      |  UMC4C1 |  2863605000 |           0 |           0 |           0 |           0 |           0 |           0 |           0 |           0 |           0 |           0 |           0 |           0 |           0 |           0 |           0 |           0 |           0 |           0 |           0 |           0 |           0 |           0 |           0 |           0 |           0 |           0 |           0 |           0 |           0 |           0 |           0 |           0 |           0 |           0 |           0 |           0 |           0 |           0 |           0 |           0 |           0 |           0 |           0 |           0 |           0 |           0 |           0 |           0 |           0 |           0 |           0 |           0 |           0 |           0 |           0 |           0 |           0 |           0 |           0 |           0 |           0 |           0 |           0 |           0 |           0 |           0 |           0 |           0 |           0 |           0 |           0 |           0 |           0 |           0 |           0 |           0 |           0 |           0 |           0 |           0 |           0 |           0 |           0 |           0 |           0 |           0 |           0 |           0 |           0 |           0 |           0 |           0 |           0 |           0 |           0 |
|      CAS_CMD_RD      |  UMC5C0 |  5728681000 |           0 |           0 |           0 |           0 |           0 |           0 |           0 |           0 |           0 |           0 |           0 |           0 |           0 |           0 |           0 |           0 |           0 |           0 |           0 |           0 |           0 |           0 |           0 |           0 |           0 |           0 |           0 |           0 |           0 |           0 |           0 |           0 |           0 |           0 |           0 |           0 |           0 |           0 |           0 |           0 |           0 |           0 |           0 |           0 |           0 |           0 |           0 |           0 |           0 |           0 |           0 |           0 |           0 |           0 |           0 |           0 |           0 |           0 |           0 |           0 |           0 |           0 |           0 |           0 |           0 |           0 |           0 |           0 |           0 |           0 |           0 |           0 |           0 |           0 |           0 |           0 |           0 |           0 |           0 |           0 |           0 |           0 |           0 |           0 |           0 |           0 |           0 |           0 |           0 |           0 |           0 |           0 |           0 |           0 |           0 |
|      CAS_CMD_WR      |  UMC5C1 |  2863882000 |           0 |           0 |           0 |           0 |           0 |           0 |           0 |           0 |           0 |           0 |           0 |           0 |           0 |           0 |           0 |           0 |           0 |           0 |           0 |           0 |           0 |           0 |           0 |           0 |           0 |           0 |           0 |           0 |           0 |           0 |           0 |           0 |           0 |           0 |           0 |           0 |           0 |           0 |           0 |           0 |           0 |           0 |           0 |           0 |           0 |           0 |           0 |           0 |           0 |           0 |           0 |           0 |           0 |           0 |           0 |           0 |           0 |           0 |           0 |           0 |           0 |           0 |           0 |           0 |           0 |           0 |           0 |           0 |           0 |           0 |           0 |           0 |           0 |           0 |           0 |           0 |           0 |           0 |           0 |           0 |           0 |           0 |           0 |           0 |           0 |           0 |           0 |           0 |           0 |           0 |           0 |           0 |           0 |           0 |           0 |
|      CAS_CMD_RD      |  UMC6C0 |  5728454000 |           0 |           0 |           0 |           0 |           0 |           0 |           0 |           0 |           0 |           0 |           0 |           0 |           0 |           0 |           0 |           0 |           0 |           0 |           0 |           0 |           0 |           0 |           0 |           0 |           0 |           0 |           0 |           0 |           0 |           0 |           0 |           0 |           0 |           0 |           0 |           0 |           0 |           0 |           0 |           0 |           0 |           0 |           0 |           0 |           0 |           0 |           0 |           0 |           0 |           0 |           0 |           0 |           0 |           0 |           0 |           0 |           0 |           0 |           0 |           0 |           0 |           0 |           0 |           0 |           0 |           0 |           0 |           0 |           0 |           0 |           0 |           0 |           0 |           0 |           0 |           0 |           0 |           0 |           0 |           0 |           0 |           0 |           0 |           0 |           0 |           0 |           0 |           0 |           0 |           0 |           0 |           0 |           0 |           0 |           0 |
|      CAS_CMD_WR      |  UMC6C1 |  2863789000 |           0 |           0 |           0 |           0 |           0 |           0 |           0 |           0 |           0 |           0 |           0 |           0 |           0 |           0 |           0 |           0 |           0 |           0 |           0 |           0 |           0 |           0 |           0 |           0 |           0 |           0 |           0 |           0 |           0 |           0 |           0 |           0 |           0 |           0 |           0 |           0 |           0 |           0 |           0 |           0 |           0 |           0 |           0 |           0 |           0 |           0 |           0 |           0 |           0 |           0 |           0 |           0 |           0 |           0 |           0 |           0 |           0 |           0 |           0 |           0 |           0 |           0 |           0 |           0 |           0 |           0 |           0 |           0 |           0 |           0 |           0 |           0 |           0 |           0 |           0 |           0 |           0 |           0 |           0 |           0 |           0 |           0 |           0 |           0 |           0 |           0 |           0 |           0 |           0 |           0 |           0 |           0 |           0 |           0 |           0 |
|      CAS_CMD_RD      |  UMC7C0 |  5728494000 |           0 |           0 |           0 |           0 |           0 |           0 |           0 |           0 |           0 |           0 |           0 |           0 |           0 |           0 |           0 |           0 |           0 |           0 |           0 |           0 |           0 |           0 |           0 |           0 |           0 |           0 |           0 |           0 |           0 |           0 |           0 |           0 |           0 |           0 |           0 |           0 |           0 |           0 |           0 |           0 |           0 |           0 |           0 |           0 |           0 |           0 |           0 |           0 |           0 |           0 |           0 |           0 |           0 |           0 |           0 |           0 |           0 |           0 |           0 |           0 |           0 |           0 |           0 |           0 |           0 |           0 |           0 |           0 |           0 |           0 |           0 |           0 |           0 |           0 |           0 |           0 |           0 |           0 |           0 |           0 |           0 |           0 |           0 |           0 |           0 |           0 |           0 |           0 |           0 |           0 |           0 |           0 |           0 |           0 |           0 |
|      CAS_CMD_WR      |  UMC7C1 |  2863588000 |           0 |           0 |           0 |           0 |           0 |           0 |           0 |           0 |           0 |           0 |           0 |           0 |           0 |           0 |           0 |           0 |           0 |           0 |           0 |           0 |           0 |           0 |           0 |           0 |           0 |           0 |           0 |           0 |           0 |           0 |           0 |           0 |           0 |           0 |           0 |           0 |           0 |           0 |           0 |           0 |           0 |           0 |           0 |           0 |           0 |           0 |           0 |           0 |           0 |           0 |           0 |           0 |           0 |           0 |           0 |           0 |           0 |           0 |           0 |           0 |           0 |           0 |           0 |           0 |           0 |           0 |           0 |           0 |           0 |           0 |           0 |           0 |           0 |           0 |           0 |           0 |           0 |           0 |           0 |           0 |           0 |           0 |           0 |           0 |           0 |           0 |           0 |           0 |           0 |           0 |           0 |           0 |           0 |           0 |           0 |
|      CAS_CMD_RD      |  UMC8C0 |  5728528000 |           0 |           0 |           0 |           0 |           0 |           0 |           0 |           0 |           0 |           0 |           0 |           0 |           0 |           0 |           0 |           0 |           0 |           0 |           0 |           0 |           0 |           0 |           0 |           0 |           0 |           0 |           0 |           0 |           0 |           0 |           0 |           0 |           0 |           0 |           0 |           0 |           0 |           0 |           0 |           0 |           0 |           0 |           0 |           0 |           0 |           0 |           0 |           0 |           0 |           0 |           0 |           0 |           0 |           0 |           0 |           0 |           0 |           0 |           0 |           0 |           0 |           0 |           0 |           0 |           0 |           0 |           0 |           0 |           0 |           0 |           0 |           0 |           0 |           0 |           0 |           0 |           0 |           0 |           0 |           0 |           0 |           0 |           0 |           0 |           0 |           0 |           0 |           0 |           0 |           0 |           0 |           0 |           0 |           0 |           0 |
|      CAS_CMD_WR      |  UMC8C1 |  2863734000 |           0 |           0 |           0 |           0 |           0 |           0 |           0 |           0 |           0 |           0 |           0 |           0 |           0 |           0 |           0 |           0 |           0 |           0 |           0 |           0 |           0 |           0 |           0 |           0 |           0 |           0 |           0 |           0 |           0 |           0 |           0 |           0 |           0 |           0 |           0 |           0 |           0 |           0 |           0 |           0 |           0 |           0 |           0 |           0 |           0 |           0 |           0 |           0 |           0 |           0 |           0 |           0 |           0 |           0 |           0 |           0 |           0 |           0 |           0 |           0 |           0 |           0 |           0 |           0 |           0 |           0 |           0 |           0 |           0 |           0 |           0 |           0 |           0 |           0 |           0 |           0 |           0 |           0 |           0 |           0 |           0 |           0 |           0 |           0 |           0 |           0 |           0 |           0 |           0 |           0 |           0 |           0 |           0 |           0 |           0 |
|      CAS_CMD_RD      |  UMC9C0 |  5729354000 |           0 |           0 |           0 |           0 |           0 |           0 |           0 |           0 |           0 |           0 |           0 |           0 |           0 |           0 |           0 |           0 |           0 |           0 |           0 |           0 |           0 |           0 |           0 |           0 |           0 |           0 |           0 |           0 |           0 |           0 |           0 |           0 |           0 |           0 |           0 |           0 |           0 |           0 |           0 |           0 |           0 |           0 |           0 |           0 |           0 |           0 |           0 |           0 |           0 |           0 |           0 |           0 |           0 |           0 |           0 |           0 |           0 |           0 |           0 |           0 |           0 |           0 |           0 |           0 |           0 |           0 |           0 |           0 |           0 |           0 |           0 |           0 |           0 |           0 |           0 |           0 |           0 |           0 |           0 |           0 |           0 |           0 |           0 |           0 |           0 |           0 |           0 |           0 |           0 |           0 |           0 |           0 |           0 |           0 |           0 |
|      CAS_CMD_WR      |  UMC9C1 |  2863954000 |           0 |           0 |           0 |           0 |           0 |           0 |           0 |           0 |           0 |           0 |           0 |           0 |           0 |           0 |           0 |           0 |           0 |           0 |           0 |           0 |           0 |           0 |           0 |           0 |           0 |           0 |           0 |           0 |           0 |           0 |           0 |           0 |           0 |           0 |           0 |           0 |           0 |           0 |           0 |           0 |           0 |           0 |           0 |           0 |           0 |           0 |           0 |           0 |           0 |           0 |           0 |           0 |           0 |           0 |           0 |           0 |           0 |           0 |           0 |           0 |           0 |           0 |           0 |           0 |           0 |           0 |           0 |           0 |           0 |           0 |           0 |           0 |           0 |           0 |           0 |           0 |           0 |           0 |           0 |           0 |           0 |           0 |           0 |           0 |           0 |           0 |           0 |           0 |           0 |           0 |           0 |           0 |           0 |           0 |           0 |
|      CAS_CMD_RD      | UMC10C0 |  5729303000 |           0 |           0 |           0 |           0 |           0 |           0 |           0 |           0 |           0 |           0 |           0 |           0 |           0 |           0 |           0 |           0 |           0 |           0 |           0 |           0 |           0 |           0 |           0 |           0 |           0 |           0 |           0 |           0 |           0 |           0 |           0 |           0 |           0 |           0 |           0 |           0 |           0 |           0 |           0 |           0 |           0 |           0 |           0 |           0 |           0 |           0 |           0 |           0 |           0 |           0 |           0 |           0 |           0 |           0 |           0 |           0 |           0 |           0 |           0 |           0 |           0 |           0 |           0 |           0 |           0 |           0 |           0 |           0 |           0 |           0 |           0 |           0 |           0 |           0 |           0 |           0 |           0 |           0 |           0 |           0 |           0 |           0 |           0 |           0 |           0 |           0 |           0 |           0 |           0 |           0 |           0 |           0 |           0 |           0 |           0 |
|      CAS_CMD_WR      | UMC10C1 |  2863777000 |           0 |           0 |           0 |           0 |           0 |           0 |           0 |           0 |           0 |           0 |           0 |           0 |           0 |           0 |           0 |           0 |           0 |           0 |           0 |           0 |           0 |           0 |           0 |           0 |           0 |           0 |           0 |           0 |           0 |           0 |           0 |           0 |           0 |           0 |           0 |           0 |           0 |           0 |           0 |           0 |           0 |           0 |           0 |           0 |           0 |           0 |           0 |           0 |           0 |           0 |           0 |           0 |           0 |           0 |           0 |           0 |           0 |           0 |           0 |           0 |           0 |           0 |           0 |           0 |           0 |           0 |           0 |           0 |           0 |           0 |           0 |           0 |           0 |           0 |           0 |           0 |           0 |           0 |           0 |           0 |           0 |           0 |           0 |           0 |           0 |           0 |           0 |           0 |           0 |           0 |           0 |           0 |           0 |           0 |           0 |
|      CAS_CMD_RD      | UMC11C0 |  5729204000 |           0 |           0 |           0 |           0 |           0 |           0 |           0 |           0 |           0 |           0 |           0 |           0 |           0 |           0 |           0 |           0 |           0 |           0 |           0 |           0 |           0 |           0 |           0 |           0 |           0 |           0 |           0 |           0 |           0 |           0 |           0 |           0 |           0 |           0 |           0 |           0 |           0 |           0 |           0 |           0 |           0 |           0 |           0 |           0 |           0 |           0 |           0 |           0 |           0 |           0 |           0 |           0 |           0 |           0 |           0 |           0 |           0 |           0 |           0 |           0 |           0 |           0 |           0 |           0 |           0 |           0 |           0 |           0 |           0 |           0 |           0 |           0 |           0 |           0 |           0 |           0 |           0 |           0 |           0 |           0 |           0 |           0 |           0 |           0 |           0 |           0 |           0 |           0 |           0 |           0 |           0 |           0 |           0 |           0 |           0 |
|      CAS_CMD_WR      | UMC11C1 |  2863646000 |           0 |           0 |           0 |           0 |           0 |           0 |           0 |           0 |           0 |           0 |           0 |           0 |           0 |           0 |           0 |           0 |           0 |           0 |           0 |           0 |           0 |           0 |           0 |           0 |           0 |           0 |           0 |           0 |           0 |           0 |           0 |           0 |           0 |           0 |           0 |           0 |           0 |           0 |           0 |           0 |           0 |           0 |           0 |           0 |           0 |           0 |           0 |           0 |           0 |           0 |           0 |           0 |           0 |           0 |           0 |           0 |           0 |           0 |           0 |           0 |           0 |           0 |           0 |           0 |           0 |           0 |           0 |           0 |           0 |           0 |           0 |           0 |           0 |           0 |           0 |           0 |           0 |           0 |           0 |           0 |           0 |           0 |           0 |           0 |           0 |           0 |           0 |           0 |           0 |           0 |           0 |           0 |           0 |           0 |           0 |
+----------------------+---------+-------------+-------------+-------------+-------------+-------------+-------------+-------------+-------------+-------------+-------------+-------------+-------------+-------------+-------------+-------------+-------------+-------------+-------------+-------------+-------------+-------------+-------------+-------------+-------------+-------------+-------------+-------------+-------------+-------------+-------------+-------------+-------------+-------------+-------------+-------------+-------------+-------------+-------------+-------------+-------------+-------------+-------------+-------------+-------------+-------------+-------------+-------------+-------------+-------------+-------------+-------------+-------------+-------------+-------------+-------------+-------------+-------------+-------------+-------------+-------------+-------------+-------------+-------------+-------------+-------------+-------------+-------------+-------------+-------------+-------------+-------------+-------------+-------------+-------------+-------------+-------------+-------------+-------------+-------------+-------------+-------------+-------------+-------------+-------------+-------------+-------------+-------------+-------------+-------------+-------------+-------------+-------------+-------------+-------------+-------------+-------------+
+---------------------------+---------+---------------+-------------+-------------+--------------+
|           Event           | Counter |      Sum      |     Min     |     Max     |      Avg     |
+---------------------------+---------+---------------+-------------+-------------+--------------+
|   ACTUAL_CPU_CLOCK STAT   |  FIXC1  | 5528072130000 | 57583340000 | 57584920000 | 5.758408e+10 |
|     MAX_CPU_CLOCK STAT    |  FIXC2  | 4068035760000 | 42374760000 | 42375980000 |  42375372500 |
| RETIRED_INSTRUCTIONS STAT |   PMC0  |  270984037000 |  2684385000 |  2971017000 | 2.822750e+09 |
|  CPU_CLOCKS_UNHALTED STAT |   PMC1  | 5492012360000 | 57181940000 | 57238960000 | 5.720846e+10 |
|      CAS_CMD_RD STAT      |  UMC0C0 |    5730458000 |           0 |  5730458000 | 5.969227e+07 |
|      CAS_CMD_WR STAT      |  UMC0C1 |    2863954000 |           0 |  2863954000 | 2.983285e+07 |
|      CAS_CMD_RD STAT      |  UMC1C0 |    5730708000 |           0 |  5730708000 |     59694875 |
|      CAS_CMD_WR STAT      |  UMC1C1 |    2863970000 |           0 |  2863970000 | 2.983302e+07 |
|      CAS_CMD_RD STAT      |  UMC2C0 |    5730500000 |           0 |  5730500000 | 5.969271e+07 |
|      CAS_CMD_WR STAT      |  UMC2C1 |    2863864000 |           0 |  2863864000 | 2.983192e+07 |
|      CAS_CMD_RD STAT      |  UMC3C0 |    5728675000 |           0 |  5728675000 | 5.967370e+07 |
|      CAS_CMD_WR STAT      |  UMC3C1 |    2863763000 |           0 |  2863763000 | 2.983086e+07 |
|      CAS_CMD_RD STAT      |  UMC4C0 |    5728683000 |           0 |  5728683000 | 5.967378e+07 |
|      CAS_CMD_WR STAT      |  UMC4C1 |    2863605000 |           0 |  2863605000 | 2.982922e+07 |
|      CAS_CMD_RD STAT      |  UMC5C0 |    5728681000 |           0 |  5728681000 | 5.967376e+07 |
|      CAS_CMD_WR STAT      |  UMC5C1 |    2863882000 |           0 |  2863882000 | 2.983210e+07 |
|      CAS_CMD_RD STAT      |  UMC6C0 |    5728454000 |           0 |  5728454000 | 5.967140e+07 |
|      CAS_CMD_WR STAT      |  UMC6C1 |    2863789000 |           0 |  2863789000 | 2.983114e+07 |
|      CAS_CMD_RD STAT      |  UMC7C0 |    5728494000 |           0 |  5728494000 | 5.967181e+07 |
|      CAS_CMD_WR STAT      |  UMC7C1 |    2863588000 |           0 |  2863588000 | 2.982904e+07 |
|      CAS_CMD_RD STAT      |  UMC8C0 |    5728528000 |           0 |  5728528000 | 5.967217e+07 |
|      CAS_CMD_WR STAT      |  UMC8C1 |    2863734000 |           0 |  2863734000 | 2.983056e+07 |
|      CAS_CMD_RD STAT      |  UMC9C0 |    5729354000 |           0 |  5729354000 | 5.968077e+07 |
|      CAS_CMD_WR STAT      |  UMC9C1 |    2863954000 |           0 |  2863954000 | 2.983285e+07 |
|      CAS_CMD_RD STAT      | UMC10C0 |    5729303000 |           0 |  5729303000 | 5.968024e+07 |
|      CAS_CMD_WR STAT      | UMC10C1 |    2863777000 |           0 |  2863777000 | 2.983101e+07 |
|      CAS_CMD_RD STAT      | UMC11C0 |    5729204000 |           0 |  5729204000 | 5.967921e+07 |
|      CAS_CMD_WR STAT      | UMC11C1 |    2863646000 |           0 |  2863646000 | 2.982965e+07 |
+---------------------------+---------+---------------+-------------+-------------+--------------+
+-----------------------------------+-------------+------------+------------+------------+------------+------------+------------+------------+------------+------------+-------------+-------------+-------------+-------------+-------------+-------------+-------------+-------------+-------------+-------------+-------------+-------------+-------------+-------------+-------------+-------------+-------------+-------------+-------------+-------------+-------------+-------------+-------------+-------------+-------------+-------------+-------------+-------------+-------------+-------------+-------------+-------------+-------------+-------------+-------------+-------------+-------------+-------------+-------------+-------------+-------------+-------------+-------------+-------------+-------------+-------------+-------------+-------------+-------------+-------------+-------------+-------------+-------------+-------------+-------------+-------------+-------------+-------------+-------------+-------------+-------------+-------------+-------------+-------------+-------------+-------------+-------------+-------------+-------------+-------------+-------------+-------------+-------------+-------------+-------------+-------------+-------------+-------------+-------------+-------------+-------------+-------------+-------------+-------------+-------------+-------------+
|               Metric              |  HWThread 0 | HWThread 1 | HWThread 2 | HWThread 3 | HWThread 4 | HWThread 5 | HWThread 6 | HWThread 7 | HWThread 8 | HWThread 9 | HWThread 10 | HWThread 11 | HWThread 12 | HWThread 13 | HWThread 14 | HWThread 15 | HWThread 16 | HWThread 17 | HWThread 18 | HWThread 19 | HWThread 20 | HWThread 21 | HWThread 22 | HWThread 23 | HWThread 24 | HWThread 25 | HWThread 26 | HWThread 27 | HWThread 28 | HWThread 29 | HWThread 30 | HWThread 31 | HWThread 32 | HWThread 33 | HWThread 34 | HWThread 35 | HWThread 36 | HWThread 37 | HWThread 38 | HWThread 39 | HWThread 40 | HWThread 41 | HWThread 42 | HWThread 43 | HWThread 44 | HWThread 45 | HWThread 46 | HWThread 47 | HWThread 48 | HWThread 49 | HWThread 50 | HWThread 51 | HWThread 52 | HWThread 53 | HWThread 54 | HWThread 55 | HWThread 56 | HWThread 57 | HWThread 58 | HWThread 59 | HWThread 60 | HWThread 61 | HWThread 62 | HWThread 63 | HWThread 64 | HWThread 65 | HWThread 66 | HWThread 67 | HWThread 68 | HWThread 69 | HWThread 70 | HWThread 71 | HWThread 72 | HWThread 73 | HWThread 74 | HWThread 75 | HWThread 76 | HWThread 77 | HWThread 78 | HWThread 79 | HWThread 80 | HWThread 81 | HWThread 82 | HWThread 83 | HWThread 84 | HWThread 85 | HWThread 86 | HWThread 87 | HWThread 88 | HWThread 89 | HWThread 90 | HWThread 91 | HWThread 92 | HWThread 93 | HWThread 94 | HWThread 95 |
+-----------------------------------+-------------+------------+------------+------------+------------+------------+------------+------------+------------+------------+-------------+-------------+-------------+-------------+-------------+-------------+-------------+-------------+-------------+-------------+-------------+-------------+-------------+-------------+-------------+-------------+-------------+-------------+-------------+-------------+-------------+-------------+-------------+-------------+-------------+-------------+-------------+-------------+-------------+-------------+-------------+-------------+-------------+-------------+-------------+-------------+-------------+-------------+-------------+-------------+-------------+-------------+-------------+-------------+-------------+-------------+-------------+-------------+-------------+-------------+-------------+-------------+-------------+-------------+-------------+-------------+-------------+-------------+-------------+-------------+-------------+-------------+-------------+-------------+-------------+-------------+-------------+-------------+-------------+-------------+-------------+-------------+-------------+-------------+-------------+-------------+-------------+-------------+-------------+-------------+-------------+-------------+-------------+-------------+-------------+-------------+
|        Runtime (RDTSC) [s]        |     17.6843 |    17.6848 |    17.6850 |    17.6851 |    17.6848 |    17.6848 |    17.6848 |    17.6848 |    17.6848 |    17.6847 |     17.6848 |     17.6847 |     17.6847 |     17.6848 |     17.6848 |     17.6847 |     17.6846 |     17.6850 |     17.6850 |     17.6850 |     17.6847 |     17.6848 |     17.6848 |     17.6848 |     17.6847 |     17.6851 |     17.6846 |     17.6846 |     17.6851 |     17.6848 |     17.6848 |     17.6846 |     17.6848 |     17.6848 |     17.6848 |     17.6848 |     17.6848 |     17.6848 |     17.6848 |     17.6848 |     17.6846 |     17.6846 |     17.6851 |     17.6850 |     17.6851 |     17.6846 |     17.6846 |     17.6851 |     17.6851 |     17.6850 |     17.6846 |     17.6846 |     17.6846 |     17.6850 |     17.6846 |     17.6847 |     17.6851 |     17.6851 |     17.6852 |     17.6852 |     17.6851 |     17.6852 |     17.6850 |     17.6846 |     17.6851 |     17.6847 |     17.6848 |     17.6850 |     17.6848 |     17.6848 |     17.6848 |     17.6848 |     17.6848 |     17.6848 |     17.6848 |     17.6847 |     17.6848 |     17.6848 |     17.6848 |     17.6848 |     17.6846 |     17.6846 |     17.6846 |     17.6848 |     17.6851 |     17.6848 |     17.6851 |     17.6851 |     17.6851 |     17.6847 |     17.6847 |     17.6851 |     17.6846 |     17.6851 |     17.6847 |     17.6847 |
|        Runtime unhalted [s]       |     24.0364 |    24.0366 |    24.0367 |    24.0368 |    24.0366 |    24.0364 |    24.0364 |    24.0364 |    24.0362 |    24.0363 |     24.0363 |     24.0363 |     24.0363 |     24.0363 |     24.0362 |     24.0362 |     24.0364 |     24.0367 |     24.0366 |     24.0366 |     24.0364 |     24.0364 |     24.0366 |     24.0366 |     24.0365 |     24.0365 |     24.0363 |     24.0365 |     24.0365 |     24.0365 |     24.0363 |     24.0363 |     24.0362 |     24.0362 |     24.0362 |     24.0362 |     24.0362 |     24.0362 |     24.0362 |     24.0362 |     24.0363 |     24.0363 |     24.0365 |     24.0364 |     24.0365 |     24.0363 |     24.0363 |     24.0365 |     24.0366 |     24.0365 |     24.0365 |     24.0366 |     24.0365 |     24.0366 |     24.0366 |     24.0366 |     24.0368 |     24.0367 |     24.0368 |     24.0367 |     24.0367 |     24.0368 |     24.0366 |     24.0367 |     24.0365 |     24.0365 |     24.0365 |     24.0365 |     24.0365 |     24.0365 |     24.0365 |     24.0365 |     24.0366 |     24.0367 |     24.0367 |     24.0367 |     24.0365 |     24.0366 |     24.0367 |     24.0367 |     24.0367 |     24.0367 |     24.0366 |     24.0366 |     24.0367 |     24.0366 |     24.0367 |     24.0367 |     24.0365 |     24.0365 |     24.0365 |     24.0365 |     24.0365 |     24.0365 |     24.0365 |     24.0365 |
|            Clock [MHz]            |   3255.5141 |  3255.5097 |  3255.5122 |  3255.5155 |  3255.5091 |  3255.5150 |  3255.5172 |  3255.5121 |  3255.5240 |  3255.5204 |   3255.5113 |   3255.5141 |   3255.5105 |   3255.5210 |   3255.5242 |   3255.5240 |   3255.5120 |   3255.5285 |   3255.5277 |   3255.5273 |   3255.5158 |   3255.5154 |   3255.5174 |   3255.5158 |   3255.5255 |   3255.5011 |   3255.5084 |   3255.5154 |   3255.5131 |   3255.5179 |   3255.5109 |   3255.5085 |   3255.5222 |   3255.5224 |   3255.5229 |   3255.5224 |   3255.5216 |   3255.5219 |   3255.5201 |   3255.5224 |   3255.5251 |   3255.5257 |   3255.5355 |   3255.5359 |   3255.5471 |   3255.5098 |   3255.5392 |   3255.5213 |   3255.5147 |   3255.5155 |   3255.5312 |   3255.5233 |   3255.5312 |   3255.5145 |   3255.5283 |   3255.5193 |   3255.5198 |   3255.5183 |   3255.5205 |   3255.5147 |   3255.5157 |   3255.5203 |   3255.5223 |   3255.5139 |   3255.5102 |   3255.5068 |   3255.5109 |   3255.5100 |   3255.5070 |   3255.5074 |   3255.5056 |   3255.5068 |   3255.5273 |   3255.5227 |   3255.5233 |   3255.5227 |   3255.5340 |   3255.5281 |   3255.5227 |   3255.5229 |   3255.5104 |   3255.5048 |   3255.5224 |   3255.5148 |   3255.5082 |   3255.5224 |   3255.5109 |   3255.5141 |   3255.5156 |   3255.5318 |   3255.5312 |   3255.5163 |   3255.5308 |   3255.5163 |   3255.5310 |   3255.5180 |
|                CPI                |     21.1664 |    21.2291 |    21.2805 |    21.2301 |    21.2788 |    21.3114 |    21.3106 |    21.3113 |    19.3882 |    19.3733 |     19.4256 |     19.4350 |     19.5041 |     19.5172 |     19.5284 |     19.5283 |     20.2524 |     20.2539 |     20.3135 |     20.2992 |     20.3380 |     20.3578 |     20.3585 |     20.3564 |     20.7834 |     20.8086 |     20.8564 |     20.8312 |     20.8773 |     20.8983 |     20.9139 |     20.9148 |     19.2990 |     19.3189 |     19.3708 |     19.3686 |     19.4284 |     19.4342 |     19.4417 |     19.4442 |     20.3904 |     20.3808 |     20.4714 |     20.4516 |     20.4985 |     20.5235 |     20.5308 |     20.5295 |     21.1753 |     21.1935 |     21.2398 |     21.2570 |     21.2715 |     21.2817 |     21.2947 |     21.2903 |     19.3896 |     19.3698 |     19.4505 |     19.4392 |     19.4570 |     19.4641 |     19.4672 |     19.4796 |     20.1798 |     20.2090 |     20.2853 |     20.2308 |     20.2959 |     20.3166 |     20.3229 |     20.3220 |     20.8973 |     20.9297 |     21.0061 |     20.9909 |     20.9818 |     21.0175 |     21.0383 |     21.0368 |     19.2613 |     19.3645 |     19.3753 |     19.3609 |     19.3907 |     19.4296 |     19.4368 |     19.4306 |     20.2756 |     20.3382 |     20.3859 |     20.4170 |     20.4317 |     20.4468 |     20.4389 |     20.4503 |
|  Memory read bandwidth [MBytes/s] | 248812.3174 |          0 |          0 |          0 |          0 |          0 |          0 |          0 |          0 |          0 |           0 |           0 |           0 |           0 |           0 |           0 |           0 |           0 |           0 |           0 |           0 |           0 |           0 |           0 |           0 |           0 |           0 |           0 |           0 |           0 |           0 |           0 |           0 |           0 |           0 |           0 |           0 |           0 |           0 |           0 |           0 |           0 |           0 |           0 |           0 |           0 |           0 |           0 |           0 |           0 |           0 |           0 |           0 |           0 |           0 |           0 |           0 |           0 |           0 |           0 |           0 |           0 |           0 |           0 |           0 |           0 |           0 |           0 |           0 |           0 |           0 |           0 |           0 |           0 |           0 |           0 |           0 |           0 |           0 |           0 |           0 |           0 |           0 |           0 |           0 |           0 |           0 |           0 |           0 |           0 |           0 |           0 |           0 |           0 |           0 |           0 |
|  Memory read data volume [GBytes] |   4400.0667 |          0 |          0 |          0 |          0 |          0 |          0 |          0 |          0 |          0 |           0 |           0 |           0 |           0 |           0 |           0 |           0 |           0 |           0 |           0 |           0 |           0 |           0 |           0 |           0 |           0 |           0 |           0 |           0 |           0 |           0 |           0 |           0 |           0 |           0 |           0 |           0 |           0 |           0 |           0 |           0 |           0 |           0 |           0 |           0 |           0 |           0 |           0 |           0 |           0 |           0 |           0 |           0 |           0 |           0 |           0 |           0 |           0 |           0 |           0 |           0 |           0 |           0 |           0 |           0 |           0 |           0 |           0 |           0 |           0 |           0 |           0 |           0 |           0 |           0 |           0 |           0 |           0 |           0 |           0 |           0 |           0 |           0 |           0 |           0 |           0 |           0 |           0 |           0 |           0 |           0 |           0 |           0 |           0 |           0 |           0 |
| Memory write bandwidth [MBytes/s] | 124369.9865 |          0 |          0 |          0 |          0 |          0 |          0 |          0 |          0 |          0 |           0 |           0 |           0 |           0 |           0 |           0 |           0 |           0 |           0 |           0 |           0 |           0 |           0 |           0 |           0 |           0 |           0 |           0 |           0 |           0 |           0 |           0 |           0 |           0 |           0 |           0 |           0 |           0 |           0 |           0 |           0 |           0 |           0 |           0 |           0 |           0 |           0 |           0 |           0 |           0 |           0 |           0 |           0 |           0 |           0 |           0 |           0 |           0 |           0 |           0 |           0 |           0 |           0 |           0 |           0 |           0 |           0 |           0 |           0 |           0 |           0 |           0 |           0 |           0 |           0 |           0 |           0 |           0 |           0 |           0 |           0 |           0 |           0 |           0 |           0 |           0 |           0 |           0 |           0 |           0 |           0 |           0 |           0 |           0 |           0 |           0 |
| Memory write data volume [GBytes] |   2199.3937 |          0 |          0 |          0 |          0 |          0 |          0 |          0 |          0 |          0 |           0 |           0 |           0 |           0 |           0 |           0 |           0 |           0 |           0 |           0 |           0 |           0 |           0 |           0 |           0 |           0 |           0 |           0 |           0 |           0 |           0 |           0 |           0 |           0 |           0 |           0 |           0 |           0 |           0 |           0 |           0 |           0 |           0 |           0 |           0 |           0 |           0 |           0 |           0 |           0 |           0 |           0 |           0 |           0 |           0 |           0 |           0 |           0 |           0 |           0 |           0 |           0 |           0 |           0 |           0 |           0 |           0 |           0 |           0 |           0 |           0 |           0 |           0 |           0 |           0 |           0 |           0 |           0 |           0 |           0 |           0 |           0 |           0 |           0 |           0 |           0 |           0 |           0 |           0 |           0 |           0 |           0 |           0 |           0 |           0 |           0 |
|    Memory bandwidth [MBytes/s]    | 373182.3038 |          0 |          0 |          0 |          0 |          0 |          0 |          0 |          0 |          0 |           0 |           0 |           0 |           0 |           0 |           0 |           0 |           0 |           0 |           0 |           0 |           0 |           0 |           0 |           0 |           0 |           0 |           0 |           0 |           0 |           0 |           0 |           0 |           0 |           0 |           0 |           0 |           0 |           0 |           0 |           0 |           0 |           0 |           0 |           0 |           0 |           0 |           0 |           0 |           0 |           0 |           0 |           0 |           0 |           0 |           0 |           0 |           0 |           0 |           0 |           0 |           0 |           0 |           0 |           0 |           0 |           0 |           0 |           0 |           0 |           0 |           0 |           0 |           0 |           0 |           0 |           0 |           0 |           0 |           0 |           0 |           0 |           0 |           0 |           0 |           0 |           0 |           0 |           0 |           0 |           0 |           0 |           0 |           0 |           0 |           0 |
|    Memory data volume [GBytes]    |   6599.4604 |          0 |          0 |          0 |          0 |          0 |          0 |          0 |          0 |          0 |           0 |           0 |           0 |           0 |           0 |           0 |           0 |           0 |           0 |           0 |           0 |           0 |           0 |           0 |           0 |           0 |           0 |           0 |           0 |           0 |           0 |           0 |           0 |           0 |           0 |           0 |           0 |           0 |           0 |           0 |           0 |           0 |           0 |           0 |           0 |           0 |           0 |           0 |           0 |           0 |           0 |           0 |           0 |           0 |           0 |           0 |           0 |           0 |           0 |           0 |           0 |           0 |           0 |           0 |           0 |           0 |           0 |           0 |           0 |           0 |           0 |           0 |           0 |           0 |           0 |           0 |           0 |           0 |           0 |           0 |           0 |           0 |           0 |           0 |           0 |           0 |           0 |           0 |           0 |           0 |           0 |           0 |           0 |           0 |           0 |           0 |
+-----------------------------------+-------------+------------+------------+------------+------------+------------+------------+------------+------------+------------+-------------+-------------+-------------+-------------+-------------+-------------+-------------+-------------+-------------+-------------+-------------+-------------+-------------+-------------+-------------+-------------+-------------+-------------+-------------+-------------+-------------+-------------+-------------+-------------+-------------+-------------+-------------+-------------+-------------+-------------+-------------+-------------+-------------+-------------+-------------+-------------+-------------+-------------+-------------+-------------+-------------+-------------+-------------+-------------+-------------+-------------+-------------+-------------+-------------+-------------+-------------+-------------+-------------+-------------+-------------+-------------+-------------+-------------+-------------+-------------+-------------+-------------+-------------+-------------+-------------+-------------+-------------+-------------+-------------+-------------+-------------+-------------+-------------+-------------+-------------+-------------+-------------+-------------+-------------+-------------+-------------+-------------+-------------+-------------+-------------+-------------+
+----------------------------------------+-------------+-----------+-------------+-----------+
|                 Metric                 |     Sum     |    Min    |     Max     |    Avg    |
+----------------------------------------+-------------+-----------+-------------+-----------+
|        Runtime (RDTSC) [s] STAT        |   1697.7437 |   17.6843 |     17.6852 |   17.6848 |
|        Runtime unhalted [s] STAT       |   2307.5036 |   24.0362 |     24.0368 |   24.0365 |
|            Clock [MHz] STAT            | 312529.8215 | 3255.5011 |   3255.5471 | 3255.5190 |
|                CPI STAT                |   1947.9298 |   19.2613 |     21.3114 |   20.2909 |
|  Memory read bandwidth [MBytes/s] STAT | 248812.3174 |         0 | 248812.3174 | 2591.7950 |
|  Memory read data volume [GBytes] STAT |   4400.0667 |         0 |   4400.0667 |   45.8340 |
| Memory write bandwidth [MBytes/s] STAT | 124369.9865 |         0 | 124369.9865 | 1295.5207 |
| Memory write data volume [GBytes] STAT |   2199.3937 |         0 |   2199.3937 |   22.9104 |
|    Memory bandwidth [MBytes/s] STAT    | 373182.3038 |         0 | 373182.3038 | 3887.3157 |
|    Memory data volume [GBytes] STAT    |   6599.4604 |         0 |   6599.4604 |   68.7444 |
+----------------------------------------+-------------+-----------+-------------+-----------+
