--------------------------------------------------------------------------------
CPU name:	AMD EPYC 9654 96-Core Processor                
CPU type:	AMD K19 (Zen4) architecture
CPU clock:	2.40 GHz
--------------------------------------------------------------------------------
Region bench, Group 1: MEM
+-------------------+------------+------------+------------+------------+------------+------------+------------+------------+------------+------------+-------------+-------------+-------------+-------------+-------------+-------------+-------------+-------------+-------------+-------------+-------------+-------------+-------------+-------------+-------------+-------------+-------------+-------------+-------------+-------------+-------------+-------------+-------------+-------------+-------------+-------------+-------------+-------------+-------------+-------------+-------------+-------------+-------------+-------------+-------------+-------------+-------------+-------------+-------------+-------------+-------------+-------------+-------------+-------------+-------------+-------------+-------------+-------------+-------------+-------------+-------------+-------------+-------------+-------------+-------------+-------------+-------------+-------------+-------------+-------------+-------------+-------------+-------------+-------------+-------------+-------------+-------------+-------------+-------------+-------------+-------------+-------------+-------------+-------------+-------------+-------------+-------------+-------------+-------------+-------------+-------------+-------------+-------------+-------------+-------------+-------------+
|    Region Info    | HWThread 0 | HWThread 1 | HWThread 2 | HWThread 3 | HWThread 4 | HWThread 5 | HWThread 6 | HWThread 7 | HWThread 8 | HWThread 9 | HWThread 10 | HWThread 11 | HWThread 12 | HWThread 13 | HWThread 14 | HWThread 15 | HWThread 16 | HWThread 17 | HWThread 18 | HWThread 19 | HWThread 20 | HWThread 21 | HWThread 22 | HWThread 23 | HWThread 24 | HWThread 25 | HWThread 26 | HWThread 27 | HWThread 28 | HWThread 29 | HWThread 30 | HWThread 31 | HWThread 32 | HWThread 33 | HWThread 34 | HWThread 35 | HWThread 36 | HWThread 37 | HWThread 38 | HWThread 39 | HWThread 40 | HWThread 41 | HWThread 42 | HWThread 43 | HWThread 44 | HWThread 45 | HWThread 46 | HWThread 47 | HWThread 48 | HWThread 49 | HWThread 50 | HWThread 51 | HWThread 52 | HWThread 53 | HWThread 54 | HWThread 55 | HWThread 56 | HWThread 57 | HWThread 58 | HWThread 59 | HWThread 60 | HWThread 61 | HWThread 62 | HWThread 63 | HWThread 64 | HWThread 65 | HWThread 66 | HWThread 67 | HWThread 68 | HWThread 69 | HWThread 70 | HWThread 71 | HWThread 72 | HWThread 73 | HWThread 74 | HWThread 75 | HWThread 76 | HWThread 77 | HWThread 78 | HWThread 79 | HWThread 80 | HWThread 81 | HWThread 82 | HWThread 83 | HWThread 84 | HWThread 85 | HWThread 86 | HWThread 87 | HWThread 88 | HWThread 89 | HWThread 90 | HWThread 91 | HWThread 92 | HWThread 93 | HWThread 94 | HWThread 95 |
+-------------------+------------+------------+------------+------------+------------+------------+------------+------------+------------+------------+-------------+-------------+-------------+-------------+-------------+-------------+-------------+-------------+-------------+-------------+-------------+-------------+-------------+-------------+-------------+-------------+-------------+-------------+-------------+-------------+-------------+-------------+-------------+-------------+-------------+-------------+-------------+-------------+-------------+-------------+-------------+-------------+-------------+-------------+-------------+-------------+-------------+-------------+-------------+-------------+-------------+-------------+-------------+-------------+-------------+-------------+-------------+-------------+-------------+-------------+-------------+-------------+-------------+-------------+-------------+-------------+-------------+-------------+-------------+-------------+-------------+-------------+-------------+-------------+-------------+-------------+-------------+-------------+-------------+-------------+-------------+-------------+-------------+-------------+-------------+-------------+-------------+-------------+-------------+-------------+-------------+-------------+-------------+-------------+-------------+-------------+
| RDTSC Runtime [s] |  17.757440 |  17.758130 |  17.757860 |  17.757800 |  17.758130 |  17.757800 |  17.757800 |  17.758130 |  17.758000 |  17.757870 |   17.757870 |   17.757790 |   17.758000 |   17.757860 |   17.757990 |   17.757810 |   17.758130 |   17.757760 |   17.758140 |   17.757870 |   17.757800 |   17.758140 |   17.757760 |   17.757760 |   17.758010 |   17.758010 |   17.758010 |   17.757870 |   17.757860 |   17.758000 |   17.758010 |   17.757790 |   17.758000 |   17.757990 |   17.757870 |   17.757860 |   17.758010 |   17.757790 |   17.758090 |   17.758010 |   17.757800 |   17.758040 |   17.758040 |   17.757970 |   17.757980 |   17.757790 |   17.757860 |   17.757980 |   17.757860 |   17.758010 |   17.757860 |   17.758010 |   17.757860 |   17.758010 |   17.757800 |   17.757860 |   17.758010 |   17.758000 |   17.757860 |   17.757860 |   17.757860 |   17.757860 |   17.758010 |   17.757860 |   17.758040 |   17.758140 |   17.757980 |   17.757980 |   17.757980 |   17.758000 |   17.757800 |   17.758140 |   17.757860 |   17.758010 |   17.757790 |   17.757990 |   17.758010 |   17.758000 |   17.757990 |   17.757990 |   17.758110 |   17.758000 |   17.758380 |   17.758110 |   17.757870 |   17.758380 |   17.758220 |   17.757750 |   17.757750 |   17.757850 |   17.758360 |   17.758230 |   17.758230 |   17.758220 |   17.758220 |   17.757760 |
|     call count    |          1 |          1 |          1 |          1 |          1 |          1 |          1 |          1 |          1 |          1 |           1 |           1 |           1 |           1 |           1 |           1 |           1 |           1 |           1 |           1 |           1 |           1 |           1 |           1 |           1 |           1 |           1 |           1 |           1 |           1 |           1 |           1 |           1 |           1 |           1 |           1 |           1 |           1 |           1 |           1 |           1 |           1 |           1 |           1 |           1 |           1 |           1 |           1 |           1 |           1 |           1 |           1 |           1 |           1 |           1 |           1 |           1 |           1 |           1 |           1 |           1 |           1 |           1 |           1 |           1 |           1 |           1 |           1 |           1 |           1 |           1 |           1 |           1 |           1 |           1 |           1 |           1 |           1 |           1 |           1 |           1 |           1 |           1 |           1 |           1 |           1 |           1 |           1 |           1 |           1 |           1 |           1 |           1 |           1 |           1 |           1 |
+-------------------+------------+------------+------------+------------+------------+------------+------------+------------+------------+------------+-------------+-------------+-------------+-------------+-------------+-------------+-------------+-------------+-------------+-------------+-------------+-------------+-------------+-------------+-------------+-------------+-------------+-------------+-------------+-------------+-------------+-------------+-------------+-------------+-------------+-------------+-------------+-------------+-------------+-------------+-------------+-------------+-------------+-------------+-------------+-------------+-------------+-------------+-------------+-------------+-------------+-------------+-------------+-------------+-------------+-------------+-------------+-------------+-------------+-------------+-------------+-------------+-------------+-------------+-------------+-------------+-------------+-------------+-------------+-------------+-------------+-------------+-------------+-------------+-------------+-------------+-------------+-------------+-------------+-------------+-------------+-------------+-------------+-------------+-------------+-------------+-------------+-------------+-------------+-------------+-------------+-------------+-------------+-------------+-------------+-------------+
+----------------------+---------+-------------+-------------+-------------+-------------+-------------+-------------+-------------+-------------+-------------+-------------+-------------+-------------+-------------+-------------+-------------+-------------+-------------+-------------+-------------+-------------+-------------+-------------+-------------+-------------+-------------+-------------+-------------+-------------+-------------+-------------+-------------+-------------+-------------+-------------+-------------+-------------+-------------+-------------+-------------+-------------+-------------+-------------+-------------+-------------+-------------+-------------+-------------+-------------+-------------+-------------+-------------+-------------+-------------+-------------+-------------+-------------+-------------+-------------+-------------+-------------+-------------+-------------+-------------+-------------+-------------+-------------+-------------+-------------+-------------+-------------+-------------+-------------+-------------+-------------+-------------+-------------+-------------+-------------+-------------+-------------+-------------+-------------+-------------+-------------+-------------+-------------+-------------+-------------+-------------+-------------+-------------+-------------+-------------+-------------+-------------+-------------+
|         Event        | Counter |  HWThread 0 |  HWThread 1 |  HWThread 2 |  HWThread 3 |  HWThread 4 |  HWThread 5 |  HWThread 6 |  HWThread 7 |  HWThread 8 |  HWThread 9 | HWThread 10 | HWThread 11 | HWThread 12 | HWThread 13 | HWThread 14 | HWThread 15 | HWThread 16 | HWThread 17 | HWThread 18 | HWThread 19 | HWThread 20 | HWThread 21 | HWThread 22 | HWThread 23 | HWThread 24 | HWThread 25 | HWThread 26 | HWThread 27 | HWThread 28 | HWThread 29 | HWThread 30 | HWThread 31 | HWThread 32 | HWThread 33 | HWThread 34 | HWThread 35 | HWThread 36 | HWThread 37 | HWThread 38 | HWThread 39 | HWThread 40 | HWThread 41 | HWThread 42 | HWThread 43 | HWThread 44 | HWThread 45 | HWThread 46 | HWThread 47 | HWThread 48 | HWThread 49 | HWThread 50 | HWThread 51 | HWThread 52 | HWThread 53 | HWThread 54 | HWThread 55 | HWThread 56 | HWThread 57 | HWThread 58 | HWThread 59 | HWThread 60 | HWThread 61 | HWThread 62 | HWThread 63 | HWThread 64 | HWThread 65 | HWThread 66 | HWThread 67 | HWThread 68 | HWThread 69 | HWThread 70 | HWThread 71 | HWThread 72 | HWThread 73 | HWThread 74 | HWThread 75 | HWThread 76 | HWThread 77 | HWThread 78 | HWThread 79 | HWThread 80 | HWThread 81 | HWThread 82 | HWThread 83 | HWThread 84 | HWThread 85 | HWThread 86 | HWThread 87 | HWThread 88 | HWThread 89 | HWThread 90 | HWThread 91 | HWThread 92 | HWThread 93 | HWThread 94 | HWThread 95 |
+----------------------+---------+-------------+-------------+-------------+-------------+-------------+-------------+-------------+-------------+-------------+-------------+-------------+-------------+-------------+-------------+-------------+-------------+-------------+-------------+-------------+-------------+-------------+-------------+-------------+-------------+-------------+-------------+-------------+-------------+-------------+-------------+-------------+-------------+-------------+-------------+-------------+-------------+-------------+-------------+-------------+-------------+-------------+-------------+-------------+-------------+-------------+-------------+-------------+-------------+-------------+-------------+-------------+-------------+-------------+-------------+-------------+-------------+-------------+-------------+-------------+-------------+-------------+-------------+-------------+-------------+-------------+-------------+-------------+-------------+-------------+-------------+-------------+-------------+-------------+-------------+-------------+-------------+-------------+-------------+-------------+-------------+-------------+-------------+-------------+-------------+-------------+-------------+-------------+-------------+-------------+-------------+-------------+-------------+-------------+-------------+-------------+-------------+
|   ACTUAL_CPU_CLOCK   |  FIXC1  | 57854340000 | 57854340000 | 57854320000 | 57854150000 | 57854290000 | 57853960000 | 57854260000 | 57854350000 | 57853730000 | 57853270000 | 57853460000 | 57853570000 | 57853680000 | 57853990000 | 57853650000 | 57853630000 | 57854120000 | 57853680000 | 57854190000 | 57853670000 | 57853670000 | 57854130000 | 57853700000 | 57853770000 | 57854070000 | 57853860000 | 57853760000 | 57853480000 | 57853520000 | 57853950000 | 57854060000 | 57853800000 | 57853650000 | 57854030000 | 57853350000 | 57853900000 | 57854130000 | 57853740000 | 57853910000 | 57853860000 | 57853710000 | 57853850000 | 57853620000 | 57853680000 | 57853930000 | 57853860000 | 57853510000 | 57853580000 | 57853470000 | 57853740000 | 57853390000 | 57853750000 | 57853730000 | 57853870000 | 57853790000 | 57853420000 | 57854030000 | 57853980000 | 57853890000 | 57854100000 | 57853960000 | 57853970000 | 57854020000 | 57853970000 | 57854110000 | 57854380000 | 57854320000 | 57854200000 | 57854330000 | 57854020000 | 57854310000 | 57854580000 | 57854080000 | 57854100000 | 57854220000 | 57854220000 | 57854110000 | 57854160000 | 57854230000 | 57854250000 | 57854440000 | 57854150000 | 57854760000 | 57854400000 | 57854340000 | 57854710000 | 57854490000 | 57854340000 | 57853770000 | 57853770000 | 57854550000 | 57854400000 | 57854270000 | 57854250000 | 57854420000 | 57854000000 |
|     MAX_CPU_CLOCK    |  FIXC2  | 42556300000 | 42556400000 | 42556230000 | 42556280000 | 42556370000 | 42556200000 | 42556200000 | 42556440000 | 42555890000 | 42555580000 | 42555710000 | 42556000000 | 42556050000 | 42556350000 | 42556050000 | 42555800000 | 42556540000 | 42556090000 | 42556590000 | 42556060000 | 42556050000 | 42556340000 | 42556080000 | 42556240000 | 42556380000 | 42556300000 | 42556230000 | 42556100000 | 42556100000 | 42556330000 | 42556380000 | 42556260000 | 42556050000 | 42556130000 | 42555880000 | 42556000000 | 42556300000 | 42556000000 | 42556320000 | 42555930000 | 42555880000 | 42556290000 | 42555950000 | 42555870000 | 42556330000 | 42556180000 | 42555780000 | 42556030000 | 42556080000 | 42556270000 | 42555940000 | 42556230000 | 42556200000 | 42556310000 | 42556260000 | 42556040000 | 42556280000 | 42556170000 | 42556350000 | 42556270000 | 42556210000 | 42556250000 | 42556280000 | 42556250000 | 42556290000 | 42556460000 | 42556260000 | 42556310000 | 42556270000 | 42556230000 | 42556260000 | 42556580000 | 42556280000 | 42556290000 | 42556340000 | 42556340000 | 42556290000 | 42556320000 | 42556340000 | 42556350000 | 42556580000 | 42556280000 | 42556820000 | 42556470000 | 42556270000 | 42556810000 | 42556690000 | 42556280000 | 42556270000 | 42556280000 | 42556880000 | 42556750000 | 42556730000 | 42556720000 | 42556640000 | 42556370000 |
| RETIRED_INSTRUCTIONS |   PMC0  |  2697303000 |  2702499000 |  2691896000 |  2692390000 |  2686670000 |  2689307000 |  2685633000 |  2684385000 |  3030586000 |  3022053000 |  3016812000 |  3017425000 |  3009694000 |  3012065000 |  3005452000 |  3006626000 |  2909400000 |  2905911000 |  2899913000 |  2900324000 |  2894437000 |  2898625000 |  2894682000 |  2893431000 |  2792753000 |  2792334000 |  2785051000 |  2784968000 |  2781721000 |  2780198000 |  2778017000 |  2778896000 |  2991316000 |  2992604000 |  2988832000 |  2987061000 |  2980413000 |  2981217000 |  2975972000 |  2977020000 |  2839884000 |  2841017000 |  2828180000 |  2839049000 |  2827014000 |  2826406000 |  2824183000 |  2824751000 |  2779605000 |  2777229000 |  2771125000 |  2773801000 |  2765917000 |  2764974000 |  2762742000 |  2762767000 |  2989927000 |  2999832000 |  2986477000 |  2985012000 |  2978792000 |  2978819000 |  2975119000 |  2976723000 |  2850988000 |  2855085000 |  2841285000 |  2844466000 |  2837382000 |  2836867000 |  2833530000 |  2834666000 |  2796452000 |  2798284000 |  2785390000 |  2787927000 |  2785689000 |  2781249000 |  2780024000 |  2780469000 |  3001203000 |  3000918000 |  2993968000 |  2992989000 |  2986305000 |  2989973000 |  2984926000 |  2984213000 |  2846208000 |  2855056000 |  2841490000 |  2842884000 |  2836756000 |  2833822000 |  2832492000 |  2832593000 |
|  CPU_CLOCKS_UNHALTED |   PMC1  | 57432480000 | 57457460000 | 57459170000 | 57457430000 | 57458750000 | 57460170000 | 57455380000 | 57458880000 | 57479230000 | 57482250000 | 57480880000 | 57484390000 | 57479100000 | 57483610000 | 57483830000 | 57478840000 | 57468170000 | 57473390000 | 57469300000 | 57469430000 | 57469120000 | 57474870000 | 57472820000 | 57474100000 | 57490360000 | 57487350000 | 57494170000 | 57482920000 | 57490570000 | 57490570000 | 57441050000 | 57484120000 | 57460640000 | 57477490000 | 57477920000 | 57472260000 | 57474140000 | 57474640000 | 57476780000 | 57473690000 | 57467350000 | 57468010000 | 57467750000 | 57466510000 | 57466640000 | 57468080000 | 57469580000 | 57471030000 | 57487310000 | 57483150000 | 57488900000 | 57494550000 | 57484040000 | 57488290000 | 57488600000 | 57481690000 | 57474600000 | 57474460000 | 57473890000 | 57472970000 | 57478830000 | 57477400000 | 57477950000 | 57478410000 | 57471550000 | 57473640000 | 57468280000 | 57468400000 | 57470730000 | 57473440000 | 57468960000 | 57469810000 | 57451550000 | 57462050000 | 57459480000 | 57459920000 | 57461070000 | 57458500000 | 57460700000 | 57463580000 | 57480590000 | 57476970000 | 57482720000 | 57479620000 | 57471150000 | 57484040000 | 57483010000 | 57476680000 | 57466010000 | 57465400000 | 57464000000 | 57460000000 | 57467390000 | 57469070000 | 57459980000 | 57463770000 |
|      CAS_CMD_RD      |  UMC0C0 |  5730913000 |           0 |           0 |           0 |           0 |           0 |           0 |           0 |           0 |           0 |           0 |           0 |           0 |           0 |           0 |           0 |           0 |           0 |           0 |           0 |           0 |           0 |           0 |           0 |           0 |           0 |           0 |           0 |           0 |           0 |           0 |           0 |           0 |           0 |           0 |           0 |           0 |           0 |           0 |           0 |           0 |           0 |           0 |           0 |           0 |           0 |           0 |           0 |           0 |           0 |           0 |           0 |           0 |           0 |           0 |           0 |           0 |           0 |           0 |           0 |           0 |           0 |           0 |           0 |           0 |           0 |           0 |           0 |           0 |           0 |           0 |           0 |           0 |           0 |           0 |           0 |           0 |           0 |           0 |           0 |           0 |           0 |           0 |           0 |           0 |           0 |           0 |           0 |           0 |           0 |           0 |           0 |           0 |           0 |           0 |           0 |
|      CAS_CMD_WR      |  UMC0C1 |  2864159000 |           0 |           0 |           0 |           0 |           0 |           0 |           0 |           0 |           0 |           0 |           0 |           0 |           0 |           0 |           0 |           0 |           0 |           0 |           0 |           0 |           0 |           0 |           0 |           0 |           0 |           0 |           0 |           0 |           0 |           0 |           0 |           0 |           0 |           0 |           0 |           0 |           0 |           0 |           0 |           0 |           0 |           0 |           0 |           0 |           0 |           0 |           0 |           0 |           0 |           0 |           0 |           0 |           0 |           0 |           0 |           0 |           0 |           0 |           0 |           0 |           0 |           0 |           0 |           0 |           0 |           0 |           0 |           0 |           0 |           0 |           0 |           0 |           0 |           0 |           0 |           0 |           0 |           0 |           0 |           0 |           0 |           0 |           0 |           0 |           0 |           0 |           0 |           0 |           0 |           0 |           0 |           0 |           0 |           0 |           0 |
|      CAS_CMD_RD      |  UMC1C0 |  5731337000 |           0 |           0 |           0 |           0 |           0 |           0 |           0 |           0 |           0 |           0 |           0 |           0 |           0 |           0 |           0 |           0 |           0 |           0 |           0 |           0 |           0 |           0 |           0 |           0 |           0 |           0 |           0 |           0 |           0 |           0 |           0 |           0 |           0 |           0 |           0 |           0 |           0 |           0 |           0 |           0 |           0 |           0 |           0 |           0 |           0 |           0 |           0 |           0 |           0 |           0 |           0 |           0 |           0 |           0 |           0 |           0 |           0 |           0 |           0 |           0 |           0 |           0 |           0 |           0 |           0 |           0 |           0 |           0 |           0 |           0 |           0 |           0 |           0 |           0 |           0 |           0 |           0 |           0 |           0 |           0 |           0 |           0 |           0 |           0 |           0 |           0 |           0 |           0 |           0 |           0 |           0 |           0 |           0 |           0 |           0 |
|      CAS_CMD_WR      |  UMC1C1 |  2863951000 |           0 |           0 |           0 |           0 |           0 |           0 |           0 |           0 |           0 |           0 |           0 |           0 |           0 |           0 |           0 |           0 |           0 |           0 |           0 |           0 |           0 |           0 |           0 |           0 |           0 |           0 |           0 |           0 |           0 |           0 |           0 |           0 |           0 |           0 |           0 |           0 |           0 |           0 |           0 |           0 |           0 |           0 |           0 |           0 |           0 |           0 |           0 |           0 |           0 |           0 |           0 |           0 |           0 |           0 |           0 |           0 |           0 |           0 |           0 |           0 |           0 |           0 |           0 |           0 |           0 |           0 |           0 |           0 |           0 |           0 |           0 |           0 |           0 |           0 |           0 |           0 |           0 |           0 |           0 |           0 |           0 |           0 |           0 |           0 |           0 |           0 |           0 |           0 |           0 |           0 |           0 |           0 |           0 |           0 |           0 |
|      CAS_CMD_RD      |  UMC2C0 |  5731185000 |           0 |           0 |           0 |           0 |           0 |           0 |           0 |           0 |           0 |           0 |           0 |           0 |           0 |           0 |           0 |           0 |           0 |           0 |           0 |           0 |           0 |           0 |           0 |           0 |           0 |           0 |           0 |           0 |           0 |           0 |           0 |           0 |           0 |           0 |           0 |           0 |           0 |           0 |           0 |           0 |           0 |           0 |           0 |           0 |           0 |           0 |           0 |           0 |           0 |           0 |           0 |           0 |           0 |           0 |           0 |           0 |           0 |           0 |           0 |           0 |           0 |           0 |           0 |           0 |           0 |           0 |           0 |           0 |           0 |           0 |           0 |           0 |           0 |           0 |           0 |           0 |           0 |           0 |           0 |           0 |           0 |           0 |           0 |           0 |           0 |           0 |           0 |           0 |           0 |           0 |           0 |           0 |           0 |           0 |           0 |
|      CAS_CMD_WR      |  UMC2C1 |  2863956000 |           0 |           0 |           0 |           0 |           0 |           0 |           0 |           0 |           0 |           0 |           0 |           0 |           0 |           0 |           0 |           0 |           0 |           0 |           0 |           0 |           0 |           0 |           0 |           0 |           0 |           0 |           0 |           0 |           0 |           0 |           0 |           0 |           0 |           0 |           0 |           0 |           0 |           0 |           0 |           0 |           0 |           0 |           0 |           0 |           0 |           0 |           0 |           0 |           0 |           0 |           0 |           0 |           0 |           0 |           0 |           0 |           0 |           0 |           0 |           0 |           0 |           0 |           0 |           0 |           0 |           0 |           0 |           0 |           0 |           0 |           0 |           0 |           0 |           0 |           0 |           0 |           0 |           0 |           0 |           0 |           0 |           0 |           0 |           0 |           0 |           0 |           0 |           0 |           0 |           0 |           0 |           0 |           0 |           0 |           0 |
|      CAS_CMD_RD      |  UMC3C0 |  5728625000 |           0 |           0 |           0 |           0 |           0 |           0 |           0 |           0 |           0 |           0 |           0 |           0 |           0 |           0 |           0 |           0 |           0 |           0 |           0 |           0 |           0 |           0 |           0 |           0 |           0 |           0 |           0 |           0 |           0 |           0 |           0 |           0 |           0 |           0 |           0 |           0 |           0 |           0 |           0 |           0 |           0 |           0 |           0 |           0 |           0 |           0 |           0 |           0 |           0 |           0 |           0 |           0 |           0 |           0 |           0 |           0 |           0 |           0 |           0 |           0 |           0 |           0 |           0 |           0 |           0 |           0 |           0 |           0 |           0 |           0 |           0 |           0 |           0 |           0 |           0 |           0 |           0 |           0 |           0 |           0 |           0 |           0 |           0 |           0 |           0 |           0 |           0 |           0 |           0 |           0 |           0 |           0 |           0 |           0 |           0 |
|      CAS_CMD_WR      |  UMC3C1 |  2863822000 |           0 |           0 |           0 |           0 |           0 |           0 |           0 |           0 |           0 |           0 |           0 |           0 |           0 |           0 |           0 |           0 |           0 |           0 |           0 |           0 |           0 |           0 |           0 |           0 |           0 |           0 |           0 |           0 |           0 |           0 |           0 |           0 |           0 |           0 |           0 |           0 |           0 |           0 |           0 |           0 |           0 |           0 |           0 |           0 |           0 |           0 |           0 |           0 |           0 |           0 |           0 |           0 |           0 |           0 |           0 |           0 |           0 |           0 |           0 |           0 |           0 |           0 |           0 |           0 |           0 |           0 |           0 |           0 |           0 |           0 |           0 |           0 |           0 |           0 |           0 |           0 |           0 |           0 |           0 |           0 |           0 |           0 |           0 |           0 |           0 |           0 |           0 |           0 |           0 |           0 |           0 |           0 |           0 |           0 |           0 |
|      CAS_CMD_RD      |  UMC4C0 |  5728875000 |           0 |           0 |           0 |           0 |           0 |           0 |           0 |           0 |           0 |           0 |           0 |           0 |           0 |           0 |           0 |           0 |           0 |           0 |           0 |           0 |           0 |           0 |           0 |           0 |           0 |           0 |           0 |           0 |           0 |           0 |           0 |           0 |           0 |           0 |           0 |           0 |           0 |           0 |           0 |           0 |           0 |           0 |           0 |           0 |           0 |           0 |           0 |           0 |           0 |           0 |           0 |           0 |           0 |           0 |           0 |           0 |           0 |           0 |           0 |           0 |           0 |           0 |           0 |           0 |           0 |           0 |           0 |           0 |           0 |           0 |           0 |           0 |           0 |           0 |           0 |           0 |           0 |           0 |           0 |           0 |           0 |           0 |           0 |           0 |           0 |           0 |           0 |           0 |           0 |           0 |           0 |           0 |           0 |           0 |           0 |
|      CAS_CMD_WR      |  UMC4C1 |  2863601000 |           0 |           0 |           0 |           0 |           0 |           0 |           0 |           0 |           0 |           0 |           0 |           0 |           0 |           0 |           0 |           0 |           0 |           0 |           0 |           0 |           0 |           0 |           0 |           0 |           0 |           0 |           0 |           0 |           0 |           0 |           0 |           0 |           0 |           0 |           0 |           0 |           0 |           0 |           0 |           0 |           0 |           0 |           0 |           0 |           0 |           0 |           0 |           0 |           0 |           0 |           0 |           0 |           0 |           0 |           0 |           0 |           0 |           0 |           0 |           0 |           0 |           0 |           0 |           0 |           0 |           0 |           0 |           0 |           0 |           0 |           0 |           0 |           0 |           0 |           0 |           0 |           0 |           0 |           0 |           0 |           0 |           0 |           0 |           0 |           0 |           0 |           0 |           0 |           0 |           0 |           0 |           0 |           0 |           0 |           0 |
|      CAS_CMD_RD      |  UMC5C0 |  5728900000 |           0 |           0 |           0 |           0 |           0 |           0 |           0 |           0 |           0 |           0 |           0 |           0 |           0 |           0 |           0 |           0 |           0 |           0 |           0 |           0 |           0 |           0 |           0 |           0 |           0 |           0 |           0 |           0 |           0 |           0 |           0 |           0 |           0 |           0 |           0 |           0 |           0 |           0 |           0 |           0 |           0 |           0 |           0 |           0 |           0 |           0 |           0 |           0 |           0 |           0 |           0 |           0 |           0 |           0 |           0 |           0 |           0 |           0 |           0 |           0 |           0 |           0 |           0 |           0 |           0 |           0 |           0 |           0 |           0 |           0 |           0 |           0 |           0 |           0 |           0 |           0 |           0 |           0 |           0 |           0 |           0 |           0 |           0 |           0 |           0 |           0 |           0 |           0 |           0 |           0 |           0 |           0 |           0 |           0 |           0 |
|      CAS_CMD_WR      |  UMC5C1 |  2863865000 |           0 |           0 |           0 |           0 |           0 |           0 |           0 |           0 |           0 |           0 |           0 |           0 |           0 |           0 |           0 |           0 |           0 |           0 |           0 |           0 |           0 |           0 |           0 |           0 |           0 |           0 |           0 |           0 |           0 |           0 |           0 |           0 |           0 |           0 |           0 |           0 |           0 |           0 |           0 |           0 |           0 |           0 |           0 |           0 |           0 |           0 |           0 |           0 |           0 |           0 |           0 |           0 |           0 |           0 |           0 |           0 |           0 |           0 |           0 |           0 |           0 |           0 |           0 |           0 |           0 |           0 |           0 |           0 |           0 |           0 |           0 |           0 |           0 |           0 |           0 |           0 |           0 |           0 |           0 |           0 |           0 |           0 |           0 |           0 |           0 |           0 |           0 |           0 |           0 |           0 |           0 |           0 |           0 |           0 |           0 |
|      CAS_CMD_RD      |  UMC6C0 |  5728795000 |           0 |           0 |           0 |           0 |           0 |           0 |           0 |           0 |           0 |           0 |           0 |           0 |           0 |           0 |           0 |           0 |           0 |           0 |           0 |           0 |           0 |           0 |           0 |           0 |           0 |           0 |           0 |           0 |           0 |           0 |           0 |           0 |           0 |           0 |           0 |           0 |           0 |           0 |           0 |           0 |           0 |           0 |           0 |           0 |           0 |           0 |           0 |           0 |           0 |           0 |           0 |           0 |           0 |           0 |           0 |           0 |           0 |           0 |           0 |           0 |           0 |           0 |           0 |           0 |           0 |           0 |           0 |           0 |           0 |           0 |           0 |           0 |           0 |           0 |           0 |           0 |           0 |           0 |           0 |           0 |           0 |           0 |           0 |           0 |           0 |           0 |           0 |           0 |           0 |           0 |           0 |           0 |           0 |           0 |           0 |
|      CAS_CMD_WR      |  UMC6C1 |  2863637000 |           0 |           0 |           0 |           0 |           0 |           0 |           0 |           0 |           0 |           0 |           0 |           0 |           0 |           0 |           0 |           0 |           0 |           0 |           0 |           0 |           0 |           0 |           0 |           0 |           0 |           0 |           0 |           0 |           0 |           0 |           0 |           0 |           0 |           0 |           0 |           0 |           0 |           0 |           0 |           0 |           0 |           0 |           0 |           0 |           0 |           0 |           0 |           0 |           0 |           0 |           0 |           0 |           0 |           0 |           0 |           0 |           0 |           0 |           0 |           0 |           0 |           0 |           0 |           0 |           0 |           0 |           0 |           0 |           0 |           0 |           0 |           0 |           0 |           0 |           0 |           0 |           0 |           0 |           0 |           0 |           0 |           0 |           0 |           0 |           0 |           0 |           0 |           0 |           0 |           0 |           0 |           0 |           0 |           0 |           0 |
|      CAS_CMD_RD      |  UMC7C0 |  5728470000 |           0 |           0 |           0 |           0 |           0 |           0 |           0 |           0 |           0 |           0 |           0 |           0 |           0 |           0 |           0 |           0 |           0 |           0 |           0 |           0 |           0 |           0 |           0 |           0 |           0 |           0 |           0 |           0 |           0 |           0 |           0 |           0 |           0 |           0 |           0 |           0 |           0 |           0 |           0 |           0 |           0 |           0 |           0 |           0 |           0 |           0 |           0 |           0 |           0 |           0 |           0 |           0 |           0 |           0 |           0 |           0 |           0 |           0 |           0 |           0 |           0 |           0 |           0 |           0 |           0 |           0 |           0 |           0 |           0 |           0 |           0 |           0 |           0 |           0 |           0 |           0 |           0 |           0 |           0 |           0 |           0 |           0 |           0 |           0 |           0 |           0 |           0 |           0 |           0 |           0 |           0 |           0 |           0 |           0 |           0 |
|      CAS_CMD_WR      |  UMC7C1 |  2863801000 |           0 |           0 |           0 |           0 |           0 |           0 |           0 |           0 |           0 |           0 |           0 |           0 |           0 |           0 |           0 |           0 |           0 |           0 |           0 |           0 |           0 |           0 |           0 |           0 |           0 |           0 |           0 |           0 |           0 |           0 |           0 |           0 |           0 |           0 |           0 |           0 |           0 |           0 |           0 |           0 |           0 |           0 |           0 |           0 |           0 |           0 |           0 |           0 |           0 |           0 |           0 |           0 |           0 |           0 |           0 |           0 |           0 |           0 |           0 |           0 |           0 |           0 |           0 |           0 |           0 |           0 |           0 |           0 |           0 |           0 |           0 |           0 |           0 |           0 |           0 |           0 |           0 |           0 |           0 |           0 |           0 |           0 |           0 |           0 |           0 |           0 |           0 |           0 |           0 |           0 |           0 |           0 |           0 |           0 |           0 |
|      CAS_CMD_RD      |  UMC8C0 |  5728649000 |           0 |           0 |           0 |           0 |           0 |           0 |           0 |           0 |           0 |           0 |           0 |           0 |           0 |           0 |           0 |           0 |           0 |           0 |           0 |           0 |           0 |           0 |           0 |           0 |           0 |           0 |           0 |           0 |           0 |           0 |           0 |           0 |           0 |           0 |           0 |           0 |           0 |           0 |           0 |           0 |           0 |           0 |           0 |           0 |           0 |           0 |           0 |           0 |           0 |           0 |           0 |           0 |           0 |           0 |           0 |           0 |           0 |           0 |           0 |           0 |           0 |           0 |           0 |           0 |           0 |           0 |           0 |           0 |           0 |           0 |           0 |           0 |           0 |           0 |           0 |           0 |           0 |           0 |           0 |           0 |           0 |           0 |           0 |           0 |           0 |           0 |           0 |           0 |           0 |           0 |           0 |           0 |           0 |           0 |           0 |
|      CAS_CMD_WR      |  UMC8C1 |  2863693000 |           0 |           0 |           0 |           0 |           0 |           0 |           0 |           0 |           0 |           0 |           0 |           0 |           0 |           0 |           0 |           0 |           0 |           0 |           0 |           0 |           0 |           0 |           0 |           0 |           0 |           0 |           0 |           0 |           0 |           0 |           0 |           0 |           0 |           0 |           0 |           0 |           0 |           0 |           0 |           0 |           0 |           0 |           0 |           0 |           0 |           0 |           0 |           0 |           0 |           0 |           0 |           0 |           0 |           0 |           0 |           0 |           0 |           0 |           0 |           0 |           0 |           0 |           0 |           0 |           0 |           0 |           0 |           0 |           0 |           0 |           0 |           0 |           0 |           0 |           0 |           0 |           0 |           0 |           0 |           0 |           0 |           0 |           0 |           0 |           0 |           0 |           0 |           0 |           0 |           0 |           0 |           0 |           0 |           0 |           0 |
|      CAS_CMD_RD      |  UMC9C0 |  5729475000 |           0 |           0 |           0 |           0 |           0 |           0 |           0 |           0 |           0 |           0 |           0 |           0 |           0 |           0 |           0 |           0 |           0 |           0 |           0 |           0 |           0 |           0 |           0 |           0 |           0 |           0 |           0 |           0 |           0 |           0 |           0 |           0 |           0 |           0 |           0 |           0 |           0 |           0 |           0 |           0 |           0 |           0 |           0 |           0 |           0 |           0 |           0 |           0 |           0 |           0 |           0 |           0 |           0 |           0 |           0 |           0 |           0 |           0 |           0 |           0 |           0 |           0 |           0 |           0 |           0 |           0 |           0 |           0 |           0 |           0 |           0 |           0 |           0 |           0 |           0 |           0 |           0 |           0 |           0 |           0 |           0 |           0 |           0 |           0 |           0 |           0 |           0 |           0 |           0 |           0 |           0 |           0 |           0 |           0 |           0 |
|      CAS_CMD_WR      |  UMC9C1 |  2864049000 |           0 |           0 |           0 |           0 |           0 |           0 |           0 |           0 |           0 |           0 |           0 |           0 |           0 |           0 |           0 |           0 |           0 |           0 |           0 |           0 |           0 |           0 |           0 |           0 |           0 |           0 |           0 |           0 |           0 |           0 |           0 |           0 |           0 |           0 |           0 |           0 |           0 |           0 |           0 |           0 |           0 |           0 |           0 |           0 |           0 |           0 |           0 |           0 |           0 |           0 |           0 |           0 |           0 |           0 |           0 |           0 |           0 |           0 |           0 |           0 |           0 |           0 |           0 |           0 |           0 |           0 |           0 |           0 |           0 |           0 |           0 |           0 |           0 |           0 |           0 |           0 |           0 |           0 |           0 |           0 |           0 |           0 |           0 |           0 |           0 |           0 |           0 |           0 |           0 |           0 |           0 |           0 |           0 |           0 |           0 |
|      CAS_CMD_RD      | UMC10C0 |  5729461000 |           0 |           0 |           0 |           0 |           0 |           0 |           0 |           0 |           0 |           0 |           0 |           0 |           0 |           0 |           0 |           0 |           0 |           0 |           0 |           0 |           0 |           0 |           0 |           0 |           0 |           0 |           0 |           0 |           0 |           0 |           0 |           0 |           0 |           0 |           0 |           0 |           0 |           0 |           0 |           0 |           0 |           0 |           0 |           0 |           0 |           0 |           0 |           0 |           0 |           0 |           0 |           0 |           0 |           0 |           0 |           0 |           0 |           0 |           0 |           0 |           0 |           0 |           0 |           0 |           0 |           0 |           0 |           0 |           0 |           0 |           0 |           0 |           0 |           0 |           0 |           0 |           0 |           0 |           0 |           0 |           0 |           0 |           0 |           0 |           0 |           0 |           0 |           0 |           0 |           0 |           0 |           0 |           0 |           0 |           0 |
|      CAS_CMD_WR      | UMC10C1 |  2863864000 |           0 |           0 |           0 |           0 |           0 |           0 |           0 |           0 |           0 |           0 |           0 |           0 |           0 |           0 |           0 |           0 |           0 |           0 |           0 |           0 |           0 |           0 |           0 |           0 |           0 |           0 |           0 |           0 |           0 |           0 |           0 |           0 |           0 |           0 |           0 |           0 |           0 |           0 |           0 |           0 |           0 |           0 |           0 |           0 |           0 |           0 |           0 |           0 |           0 |           0 |           0 |           0 |           0 |           0 |           0 |           0 |           0 |           0 |           0 |           0 |           0 |           0 |           0 |           0 |           0 |           0 |           0 |           0 |           0 |           0 |           0 |           0 |           0 |           0 |           0 |           0 |           0 |           0 |           0 |           0 |           0 |           0 |           0 |           0 |           0 |           0 |           0 |           0 |           0 |           0 |           0 |           0 |           0 |           0 |           0 |
|      CAS_CMD_RD      | UMC11C0 |  5729172000 |           0 |           0 |           0 |           0 |           0 |           0 |           0 |           0 |           0 |           0 |           0 |           0 |           0 |           0 |           0 |           0 |           0 |           0 |           0 |           0 |           0 |           0 |           0 |           0 |           0 |           0 |           0 |           0 |           0 |           0 |           0 |           0 |           0 |           0 |           0 |           0 |           0 |           0 |           0 |           0 |           0 |           0 |           0 |           0 |           0 |           0 |           0 |           0 |           0 |           0 |           0 |           0 |           0 |           0 |           0 |           0 |           0 |           0 |           0 |           0 |           0 |           0 |           0 |           0 |           0 |           0 |           0 |           0 |           0 |           0 |           0 |           0 |           0 |           0 |           0 |           0 |           0 |           0 |           0 |           0 |           0 |           0 |           0 |           0 |           0 |           0 |           0 |           0 |           0 |           0 |           0 |           0 |           0 |           0 |           0 |
|      CAS_CMD_WR      | UMC11C1 |  2863895000 |           0 |           0 |           0 |           0 |           0 |           0 |           0 |           0 |           0 |           0 |           0 |           0 |           0 |           0 |           0 |           0 |           0 |           0 |           0 |           0 |           0 |           0 |           0 |           0 |           0 |           0 |           0 |           0 |           0 |           0 |           0 |           0 |           0 |           0 |           0 |           0 |           0 |           0 |           0 |           0 |           0 |           0 |           0 |           0 |           0 |           0 |           0 |           0 |           0 |           0 |           0 |           0 |           0 |           0 |           0 |           0 |           0 |           0 |           0 |           0 |           0 |           0 |           0 |           0 |           0 |           0 |           0 |           0 |           0 |           0 |           0 |           0 |           0 |           0 |           0 |           0 |           0 |           0 |           0 |           0 |           0 |           0 |           0 |           0 |           0 |           0 |           0 |           0 |           0 |           0 |           0 |           0 |           0 |           0 |           0 |
+----------------------+---------+-------------+-------------+-------------+-------------+-------------+-------------+-------------+-------------+-------------+-------------+-------------+-------------+-------------+-------------+-------------+-------------+-------------+-------------+-------------+-------------+-------------+-------------+-------------+-------------+-------------+-------------+-------------+-------------+-------------+-------------+-------------+-------------+-------------+-------------+-------------+-------------+-------------+-------------+-------------+-------------+-------------+-------------+-------------+-------------+-------------+-------------+-------------+-------------+-------------+-------------+-------------+-------------+-------------+-------------+-------------+-------------+-------------+-------------+-------------+-------------+-------------+-------------+-------------+-------------+-------------+-------------+-------------+-------------+-------------+-------------+-------------+-------------+-------------+-------------+-------------+-------------+-------------+-------------+-------------+-------------+-------------+-------------+-------------+-------------+-------------+-------------+-------------+-------------+-------------+-------------+-------------+-------------+-------------+-------------+-------------+-------------+
+---------------------------+---------+---------------+-------------+-------------+--------------+
|           Event           | Counter |      Sum      |     Min     |     Max     |      Avg     |
+---------------------------+---------+---------------+-------------+-------------+--------------+
|   ACTUAL_CPU_CLOCK STAT   |  FIXC1  | 5553982490000 | 57853270000 | 57854760000 | 5.785398e+10 |
|     MAX_CPU_CLOCK STAT    |  FIXC2  | 4085400280000 | 42555580000 | 42556880000 | 4.255625e+10 |
| RETIRED_INSTRUCTIONS STAT |   PMC0  |  275360786000 |  2684385000 |  3030586000 | 2.868342e+09 |
|  CPU_CLOCKS_UNHALTED STAT |   PMC1  | 5517353770000 | 57432480000 | 57494550000 | 5.747244e+10 |
|      CAS_CMD_RD STAT      |  UMC0C0 |    5730913000 |           0 |  5730913000 | 5.969701e+07 |
|      CAS_CMD_WR STAT      |  UMC0C1 |    2864159000 |           0 |  2864159000 | 2.983499e+07 |
|      CAS_CMD_RD STAT      |  UMC1C0 |    5731337000 |           0 |  5731337000 | 5.970143e+07 |
|      CAS_CMD_WR STAT      |  UMC1C1 |    2863951000 |           0 |  2863951000 | 2.983282e+07 |
|      CAS_CMD_RD STAT      |  UMC2C0 |    5731185000 |           0 |  5731185000 | 5.969984e+07 |
|      CAS_CMD_WR STAT      |  UMC2C1 |    2863956000 |           0 |  2863956000 |     29832875 |
|      CAS_CMD_RD STAT      |  UMC3C0 |    5728625000 |           0 |  5728625000 | 5.967318e+07 |
|      CAS_CMD_WR STAT      |  UMC3C1 |    2863822000 |           0 |  2863822000 | 2.983148e+07 |
|      CAS_CMD_RD STAT      |  UMC4C0 |    5728875000 |           0 |  5728875000 | 5.967578e+07 |
|      CAS_CMD_WR STAT      |  UMC4C1 |    2863601000 |           0 |  2863601000 | 2.982918e+07 |
|      CAS_CMD_RD STAT      |  UMC5C0 |    5728900000 |           0 |  5728900000 | 5.967604e+07 |
|      CAS_CMD_WR STAT      |  UMC5C1 |    2863865000 |           0 |  2863865000 | 2.983193e+07 |
|      CAS_CMD_RD STAT      |  UMC6C0 |    5728795000 |           0 |  5728795000 | 5.967495e+07 |
|      CAS_CMD_WR STAT      |  UMC6C1 |    2863637000 |           0 |  2863637000 | 2.982955e+07 |
|      CAS_CMD_RD STAT      |  UMC7C0 |    5728470000 |           0 |  5728470000 | 5.967156e+07 |
|      CAS_CMD_WR STAT      |  UMC7C1 |    2863801000 |           0 |  2863801000 | 2.983126e+07 |
|      CAS_CMD_RD STAT      |  UMC8C0 |    5728649000 |           0 |  5728649000 | 5.967343e+07 |
|      CAS_CMD_WR STAT      |  UMC8C1 |    2863693000 |           0 |  2863693000 | 2.983014e+07 |
|      CAS_CMD_RD STAT      |  UMC9C0 |    5729475000 |           0 |  5729475000 | 5.968203e+07 |
|      CAS_CMD_WR STAT      |  UMC9C1 |    2864049000 |           0 |  2864049000 | 2.983384e+07 |
|      CAS_CMD_RD STAT      | UMC10C0 |    5729461000 |           0 |  5729461000 | 5.968189e+07 |
|      CAS_CMD_WR STAT      | UMC10C1 |    2863864000 |           0 |  2863864000 | 2.983192e+07 |
|      CAS_CMD_RD STAT      | UMC11C0 |    5729172000 |           0 |  5729172000 |     59678875 |
|      CAS_CMD_WR STAT      | UMC11C1 |    2863895000 |           0 |  2863895000 | 2.983224e+07 |
+---------------------------+---------+---------------+-------------+-------------+--------------+
+-----------------------------------+-------------+------------+------------+------------+------------+------------+------------+------------+------------+------------+-------------+-------------+-------------+-------------+-------------+-------------+-------------+-------------+-------------+-------------+-------------+-------------+-------------+-------------+-------------+-------------+-------------+-------------+-------------+-------------+-------------+-------------+-------------+-------------+-------------+-------------+-------------+-------------+-------------+-------------+-------------+-------------+-------------+-------------+-------------+-------------+-------------+-------------+-------------+-------------+-------------+-------------+-------------+-------------+-------------+-------------+-------------+-------------+-------------+-------------+-------------+-------------+-------------+-------------+-------------+-------------+-------------+-------------+-------------+-------------+-------------+-------------+-------------+-------------+-------------+-------------+-------------+-------------+-------------+-------------+-------------+-------------+-------------+-------------+-------------+-------------+-------------+-------------+-------------+-------------+-------------+-------------+-------------+-------------+-------------+-------------+
|               Metric              |  HWThread 0 | HWThread 1 | HWThread 2 | HWThread 3 | HWThread 4 | HWThread 5 | HWThread 6 | HWThread 7 | HWThread 8 | HWThread 9 | HWThread 10 | HWThread 11 | HWThread 12 | HWThread 13 | HWThread 14 | HWThread 15 | HWThread 16 | HWThread 17 | HWThread 18 | HWThread 19 | HWThread 20 | HWThread 21 | HWThread 22 | HWThread 23 | HWThread 24 | HWThread 25 | HWThread 26 | HWThread 27 | HWThread 28 | HWThread 29 | HWThread 30 | HWThread 31 | HWThread 32 | HWThread 33 | HWThread 34 | HWThread 35 | HWThread 36 | HWThread 37 | HWThread 38 | HWThread 39 | HWThread 40 | HWThread 41 | HWThread 42 | HWThread 43 | HWThread 44 | HWThread 45 | HWThread 46 | HWThread 47 | HWThread 48 | HWThread 49 | HWThread 50 | HWThread 51 | HWThread 52 | HWThread 53 | HWThread 54 | HWThread 55 | HWThread 56 | HWThread 57 | HWThread 58 | HWThread 59 | HWThread 60 | HWThread 61 | HWThread 62 | HWThread 63 | HWThread 64 | HWThread 65 | HWThread 66 | HWThread 67 | HWThread 68 | HWThread 69 | HWThread 70 | HWThread 71 | HWThread 72 | HWThread 73 | HWThread 74 | HWThread 75 | HWThread 76 | HWThread 77 | HWThread 78 | HWThread 79 | HWThread 80 | HWThread 81 | HWThread 82 | HWThread 83 | HWThread 84 | HWThread 85 | HWThread 86 | HWThread 87 | HWThread 88 | HWThread 89 | HWThread 90 | HWThread 91 | HWThread 92 | HWThread 93 | HWThread 94 | HWThread 95 |
+-----------------------------------+-------------+------------+------------+------------+------------+------------+------------+------------+------------+------------+-------------+-------------+-------------+-------------+-------------+-------------+-------------+-------------+-------------+-------------+-------------+-------------+-------------+-------------+-------------+-------------+-------------+-------------+-------------+-------------+-------------+-------------+-------------+-------------+-------------+-------------+-------------+-------------+-------------+-------------+-------------+-------------+-------------+-------------+-------------+-------------+-------------+-------------+-------------+-------------+-------------+-------------+-------------+-------------+-------------+-------------+-------------+-------------+-------------+-------------+-------------+-------------+-------------+-------------+-------------+-------------+-------------+-------------+-------------+-------------+-------------+-------------+-------------+-------------+-------------+-------------+-------------+-------------+-------------+-------------+-------------+-------------+-------------+-------------+-------------+-------------+-------------+-------------+-------------+-------------+-------------+-------------+-------------+-------------+-------------+-------------+
|        Runtime (RDTSC) [s]        |     17.7574 |    17.7581 |    17.7579 |    17.7578 |    17.7581 |    17.7578 |    17.7578 |    17.7581 |    17.7580 |    17.7579 |     17.7579 |     17.7578 |     17.7580 |     17.7579 |     17.7580 |     17.7578 |     17.7581 |     17.7578 |     17.7581 |     17.7579 |     17.7578 |     17.7581 |     17.7578 |     17.7578 |     17.7580 |     17.7580 |     17.7580 |     17.7579 |     17.7579 |     17.7580 |     17.7580 |     17.7578 |     17.7580 |     17.7580 |     17.7579 |     17.7579 |     17.7580 |     17.7578 |     17.7581 |     17.7580 |     17.7578 |     17.7580 |     17.7580 |     17.7580 |     17.7580 |     17.7578 |     17.7579 |     17.7580 |     17.7579 |     17.7580 |     17.7579 |     17.7580 |     17.7579 |     17.7580 |     17.7578 |     17.7579 |     17.7580 |     17.7580 |     17.7579 |     17.7579 |     17.7579 |     17.7579 |     17.7580 |     17.7579 |     17.7580 |     17.7581 |     17.7580 |     17.7580 |     17.7580 |     17.7580 |     17.7578 |     17.7581 |     17.7579 |     17.7580 |     17.7578 |     17.7580 |     17.7580 |     17.7580 |     17.7580 |     17.7580 |     17.7581 |     17.7580 |     17.7584 |     17.7581 |     17.7579 |     17.7584 |     17.7582 |     17.7578 |     17.7578 |     17.7579 |     17.7584 |     17.7582 |     17.7582 |     17.7582 |     17.7582 |     17.7578 |
|        Runtime unhalted [s]       |     24.1424 |    24.1424 |    24.1424 |    24.1424 |    24.1424 |    24.1423 |    24.1424 |    24.1424 |    24.1422 |    24.1420 |     24.1421 |     24.1421 |     24.1422 |     24.1423 |     24.1422 |     24.1421 |     24.1424 |     24.1422 |     24.1424 |     24.1422 |     24.1422 |     24.1424 |     24.1422 |     24.1422 |     24.1423 |     24.1422 |     24.1422 |     24.1421 |     24.1421 |     24.1423 |     24.1423 |     24.1422 |     24.1422 |     24.1423 |     24.1420 |     24.1423 |     24.1424 |     24.1422 |     24.1423 |     24.1422 |     24.1422 |     24.1422 |     24.1421 |     24.1422 |     24.1423 |     24.1422 |     24.1421 |     24.1421 |     24.1421 |     24.1422 |     24.1420 |     24.1422 |     24.1422 |     24.1422 |     24.1422 |     24.1421 |     24.1423 |     24.1423 |     24.1423 |     24.1423 |     24.1423 |     24.1423 |     24.1423 |     24.1423 |     24.1423 |     24.1425 |     24.1424 |     24.1424 |     24.1424 |     24.1423 |     24.1424 |     24.1425 |     24.1423 |     24.1423 |     24.1424 |     24.1424 |     24.1423 |     24.1424 |     24.1424 |     24.1424 |     24.1425 |     24.1424 |     24.1426 |     24.1425 |     24.1424 |     24.1426 |     24.1425 |     24.1424 |     24.1422 |     24.1422 |     24.1425 |     24.1425 |     24.1424 |     24.1424 |     24.1425 |     24.1423 |
|            Clock [MHz]            |   3257.8181 |  3257.8104 |  3257.8223 |  3257.8089 |  3257.8099 |  3257.8043 |  3257.8212 |  3257.8079 |  3257.8151 |  3257.8129 |   3257.8137 |   3257.7977 |   3257.8001 |   3257.7945 |   3257.7984 |   3257.8164 |   3257.7873 |   3257.7970 |   3257.7874 |   3257.7987 |   3257.7995 |   3257.8032 |   3257.7989 |   3257.7906 |   3257.7968 |   3257.7911 |   3257.7908 |   3257.7850 |   3257.7872 |   3257.7938 |   3257.7962 |   3257.7907 |   3257.7984 |   3257.8136 |   3257.7945 |   3257.8163 |   3257.8063 |   3257.8073 |   3257.7923 |   3257.8194 |   3257.8148 |   3257.7913 |   3257.8043 |   3257.8138 |   3257.7927 |   3257.8002 |   3257.8111 |   3257.7960 |   3257.7859 |   3257.7866 |   3257.7921 |   3257.7902 |   3257.7914 |   3257.7908 |   3257.7902 |   3257.7862 |   3257.8022 |   3257.8078 |   3257.7889 |   3257.8069 |   3257.8036 |   3257.8011 |   3257.8016 |   3257.8011 |   3257.8059 |   3257.8081 |   3257.8200 |   3257.8094 |   3257.8198 |   3257.8054 |   3257.8195 |   3257.8102 |   3257.8050 |   3257.8053 |   3257.8083 |   3257.8083 |   3257.8059 |   3257.8064 |   3257.8088 |   3257.8092 |   3257.8023 |   3257.8089 |   3257.8019 |   3257.8084 |   3257.8204 |   3257.7999 |   3257.7967 |   3257.8196 |   3257.7883 |   3257.7875 |   3257.7855 |   3257.7870 |   3257.7812 |   3257.7809 |   3257.7966 |   3257.7936 |
|                CPI                |     21.2926 |    21.2609 |    21.3452 |    21.3407 |    21.3866 |    21.3662 |    21.3936 |    21.4049 |    18.9664 |    19.0209 |     19.0535 |     19.0508 |     19.0980 |     19.0845 |     19.1265 |     19.1174 |     19.7526 |     19.7781 |     19.8176 |     19.8148 |     19.8550 |     19.8283 |     19.8546 |     19.8636 |     20.5856 |     20.5876 |     20.6438 |     20.6404 |     20.6673 |     20.6786 |     20.6770 |     20.6860 |     19.2092 |     19.2065 |     19.2309 |     19.2404 |     19.2840 |     19.2789 |     19.3136 |     19.3058 |     20.2358 |     20.2280 |     20.3197 |     20.2415 |     20.3277 |     20.3326 |     20.3491 |     20.3455 |     20.6818 |     20.6980 |     20.7457 |     20.7277 |     20.7830 |     20.7916 |     20.8085 |     20.8058 |     19.2227 |     19.1592 |     19.2447 |     19.2538 |     19.2960 |     19.2954 |     19.3195 |     19.3093 |     20.1585 |     20.1303 |     20.2262 |     20.2036 |     20.2548 |     20.2595 |     20.2818 |     20.2739 |     20.5444 |     20.5347 |     20.6289 |     20.6103 |     20.6272 |     20.6592 |     20.6691 |     20.6669 |     19.1525 |     19.1531 |     19.1995 |     19.2048 |     19.2449 |     19.2256 |     19.2578 |     19.2602 |     20.1904 |     20.1276 |     20.2232 |     20.2119 |     20.2581 |     20.2797 |     20.2860 |     20.2866 |
|  Memory read bandwidth [MBytes/s] | 247797.3654 |          0 |          0 |          0 |          0 |          0 |          0 |          0 |          0 |          0 |           0 |           0 |           0 |           0 |           0 |           0 |           0 |           0 |           0 |           0 |           0 |           0 |           0 |           0 |           0 |           0 |           0 |           0 |           0 |           0 |           0 |           0 |           0 |           0 |           0 |           0 |           0 |           0 |           0 |           0 |           0 |           0 |           0 |           0 |           0 |           0 |           0 |           0 |           0 |           0 |           0 |           0 |           0 |           0 |           0 |           0 |           0 |           0 |           0 |           0 |           0 |           0 |           0 |           0 |           0 |           0 |           0 |           0 |           0 |           0 |           0 |           0 |           0 |           0 |           0 |           0 |           0 |           0 |           0 |           0 |           0 |           0 |           0 |           0 |           0 |           0 |           0 |           0 |           0 |           0 |           0 |           0 |           0 |           0 |           0 |           0 |
|  Memory read data volume [GBytes] |   4400.2468 |          0 |          0 |          0 |          0 |          0 |          0 |          0 |          0 |          0 |           0 |           0 |           0 |           0 |           0 |           0 |           0 |           0 |           0 |           0 |           0 |           0 |           0 |           0 |           0 |           0 |           0 |           0 |           0 |           0 |           0 |           0 |           0 |           0 |           0 |           0 |           0 |           0 |           0 |           0 |           0 |           0 |           0 |           0 |           0 |           0 |           0 |           0 |           0 |           0 |           0 |           0 |           0 |           0 |           0 |           0 |           0 |           0 |           0 |           0 |           0 |           0 |           0 |           0 |           0 |           0 |           0 |           0 |           0 |           0 |           0 |           0 |           0 |           0 |           0 |           0 |           0 |           0 |           0 |           0 |           0 |           0 |           0 |           0 |           0 |           0 |           0 |           0 |           0 |           0 |           0 |           0 |           0 |           0 |           0 |           0 |
| Memory write bandwidth [MBytes/s] | 123860.3510 |          0 |          0 |          0 |          0 |          0 |          0 |          0 |          0 |          0 |           0 |           0 |           0 |           0 |           0 |           0 |           0 |           0 |           0 |           0 |           0 |           0 |           0 |           0 |           0 |           0 |           0 |           0 |           0 |           0 |           0 |           0 |           0 |           0 |           0 |           0 |           0 |           0 |           0 |           0 |           0 |           0 |           0 |           0 |           0 |           0 |           0 |           0 |           0 |           0 |           0 |           0 |           0 |           0 |           0 |           0 |           0 |           0 |           0 |           0 |           0 |           0 |           0 |           0 |           0 |           0 |           0 |           0 |           0 |           0 |           0 |           0 |           0 |           0 |           0 |           0 |           0 |           0 |           0 |           0 |           0 |           0 |           0 |           0 |           0 |           0 |           0 |           0 |           0 |           0 |           0 |           0 |           0 |           0 |           0 |           0 |
| Memory write data volume [GBytes] |   2199.4428 |          0 |          0 |          0 |          0 |          0 |          0 |          0 |          0 |          0 |           0 |           0 |           0 |           0 |           0 |           0 |           0 |           0 |           0 |           0 |           0 |           0 |           0 |           0 |           0 |           0 |           0 |           0 |           0 |           0 |           0 |           0 |           0 |           0 |           0 |           0 |           0 |           0 |           0 |           0 |           0 |           0 |           0 |           0 |           0 |           0 |           0 |           0 |           0 |           0 |           0 |           0 |           0 |           0 |           0 |           0 |           0 |           0 |           0 |           0 |           0 |           0 |           0 |           0 |           0 |           0 |           0 |           0 |           0 |           0 |           0 |           0 |           0 |           0 |           0 |           0 |           0 |           0 |           0 |           0 |           0 |           0 |           0 |           0 |           0 |           0 |           0 |           0 |           0 |           0 |           0 |           0 |           0 |           0 |           0 |           0 |
|    Memory bandwidth [MBytes/s]    | 371657.7164 |          0 |          0 |          0 |          0 |          0 |          0 |          0 |          0 |          0 |           0 |           0 |           0 |           0 |           0 |           0 |           0 |           0 |           0 |           0 |           0 |           0 |           0 |           0 |           0 |           0 |           0 |           0 |           0 |           0 |           0 |           0 |           0 |           0 |           0 |           0 |           0 |           0 |           0 |           0 |           0 |           0 |           0 |           0 |           0 |           0 |           0 |           0 |           0 |           0 |           0 |           0 |           0 |           0 |           0 |           0 |           0 |           0 |           0 |           0 |           0 |           0 |           0 |           0 |           0 |           0 |           0 |           0 |           0 |           0 |           0 |           0 |           0 |           0 |           0 |           0 |           0 |           0 |           0 |           0 |           0 |           0 |           0 |           0 |           0 |           0 |           0 |           0 |           0 |           0 |           0 |           0 |           0 |           0 |           0 |           0 |
|    Memory data volume [GBytes]    |   6599.6896 |          0 |          0 |          0 |          0 |          0 |          0 |          0 |          0 |          0 |           0 |           0 |           0 |           0 |           0 |           0 |           0 |           0 |           0 |           0 |           0 |           0 |           0 |           0 |           0 |           0 |           0 |           0 |           0 |           0 |           0 |           0 |           0 |           0 |           0 |           0 |           0 |           0 |           0 |           0 |           0 |           0 |           0 |           0 |           0 |           0 |           0 |           0 |           0 |           0 |           0 |           0 |           0 |           0 |           0 |           0 |           0 |           0 |           0 |           0 |           0 |           0 |           0 |           0 |           0 |           0 |           0 |           0 |           0 |           0 |           0 |           0 |           0 |           0 |           0 |           0 |           0 |           0 |           0 |           0 |           0 |           0 |           0 |           0 |           0 |           0 |           0 |           0 |           0 |           0 |           0 |           0 |           0 |           0 |           0 |           0 |
+-----------------------------------+-------------+------------+------------+------------+------------+------------+------------+------------+------------+------------+-------------+-------------+-------------+-------------+-------------+-------------+-------------+-------------+-------------+-------------+-------------+-------------+-------------+-------------+-------------+-------------+-------------+-------------+-------------+-------------+-------------+-------------+-------------+-------------+-------------+-------------+-------------+-------------+-------------+-------------+-------------+-------------+-------------+-------------+-------------+-------------+-------------+-------------+-------------+-------------+-------------+-------------+-------------+-------------+-------------+-------------+-------------+-------------+-------------+-------------+-------------+-------------+-------------+-------------+-------------+-------------+-------------+-------------+-------------+-------------+-------------+-------------+-------------+-------------+-------------+-------------+-------------+-------------+-------------+-------------+-------------+-------------+-------------+-------------+-------------+-------------+-------------+-------------+-------------+-------------+-------------+-------------+-------------+-------------+-------------+-------------+
+----------------------------------------+-------------+-----------+-------------+-----------+
|                 Metric                 |     Sum     |    Min    |     Max     |    Avg    |
+----------------------------------------+-------------+-----------+-------------+-----------+
|        Runtime (RDTSC) [s] STAT        |   1704.7647 |   17.7574 |     17.7584 |   17.7580 |
|        Runtime unhalted [s] STAT       |   2317.6601 |   24.1420 |     24.1426 |   24.1423 |
|            Clock [MHz] STAT            | 312748.9591 | 3257.7809 |   3257.8223 | 3257.8017 |
|                CPI STAT                |   1925.9227 |   18.9664 |     21.4049 |   20.0617 |
|  Memory read bandwidth [MBytes/s] STAT | 247797.3654 |         0 | 247797.3654 | 2581.2226 |
|  Memory read data volume [GBytes] STAT |   4400.2468 |         0 |   4400.2468 |   45.8359 |
| Memory write bandwidth [MBytes/s] STAT | 123860.3510 |         0 | 123860.3510 | 1290.2120 |
| Memory write data volume [GBytes] STAT |   2199.4428 |         0 |   2199.4428 |   22.9109 |
|    Memory bandwidth [MBytes/s] STAT    | 371657.7164 |         0 | 371657.7164 | 3871.4345 |
|    Memory data volume [GBytes] STAT    |   6599.6896 |         0 |   6599.6896 |   68.7468 |
+----------------------------------------+-------------+-----------+-------------+-----------+
