--------------------------------------------------------------------------------
CPU name:	AMD EPYC 9654 96-Core Processor                
CPU type:	AMD K19 (Zen4) architecture
CPU clock:	2.40 GHz
--------------------------------------------------------------------------------
Region bench, Group 1: FLOPS_SP
+-------------------+------------+------------+------------+------------+------------+------------+------------+------------+------------+------------+-------------+-------------+-------------+-------------+-------------+-------------+-------------+-------------+-------------+-------------+-------------+-------------+-------------+-------------+-------------+-------------+-------------+-------------+-------------+-------------+-------------+-------------+-------------+-------------+-------------+-------------+-------------+-------------+-------------+-------------+-------------+-------------+-------------+-------------+-------------+-------------+-------------+-------------+-------------+-------------+-------------+-------------+-------------+-------------+-------------+-------------+-------------+-------------+-------------+-------------+-------------+-------------+-------------+-------------+-------------+-------------+-------------+-------------+-------------+-------------+-------------+-------------+-------------+-------------+-------------+-------------+-------------+-------------+-------------+-------------+-------------+-------------+-------------+-------------+-------------+-------------+-------------+-------------+-------------+-------------+-------------+-------------+-------------+-------------+-------------+-------------+-------------+-------------+-------------+-------------+--------------+--------------+--------------+--------------+--------------+--------------+--------------+--------------+--------------+--------------+--------------+--------------+--------------+--------------+--------------+--------------+--------------+--------------+--------------+--------------+--------------+--------------+--------------+--------------+--------------+--------------+--------------+--------------+--------------+--------------+--------------+--------------+--------------+--------------+--------------+--------------+--------------+--------------+--------------+--------------+--------------+--------------+--------------+--------------+--------------+--------------+--------------+--------------+--------------+--------------+--------------+--------------+--------------+--------------+--------------+--------------+--------------+--------------+--------------+--------------+--------------+--------------+--------------+--------------+--------------+--------------+--------------+--------------+--------------+--------------+--------------+--------------+--------------+--------------+--------------+--------------+--------------+--------------+--------------+--------------+--------------+--------------+--------------+--------------+--------------+--------------+--------------+--------------+--------------+--------------+--------------+--------------+
|    Region Info    | HWThread 0 | HWThread 1 | HWThread 2 | HWThread 3 | HWThread 4 | HWThread 5 | HWThread 6 | HWThread 7 | HWThread 8 | HWThread 9 | HWThread 10 | HWThread 11 | HWThread 12 | HWThread 13 | HWThread 14 | HWThread 15 | HWThread 16 | HWThread 17 | HWThread 18 | HWThread 19 | HWThread 20 | HWThread 21 | HWThread 22 | HWThread 23 | HWThread 24 | HWThread 25 | HWThread 26 | HWThread 27 | HWThread 28 | HWThread 29 | HWThread 30 | HWThread 31 | HWThread 32 | HWThread 33 | HWThread 34 | HWThread 35 | HWThread 36 | HWThread 37 | HWThread 38 | HWThread 39 | HWThread 40 | HWThread 41 | HWThread 42 | HWThread 43 | HWThread 44 | HWThread 45 | HWThread 46 | HWThread 47 | HWThread 48 | HWThread 49 | HWThread 50 | HWThread 51 | HWThread 52 | HWThread 53 | HWThread 54 | HWThread 55 | HWThread 56 | HWThread 57 | HWThread 58 | HWThread 59 | HWThread 60 | HWThread 61 | HWThread 62 | HWThread 63 | HWThread 64 | HWThread 65 | HWThread 66 | HWThread 67 | HWThread 68 | HWThread 69 | HWThread 70 | HWThread 71 | HWThread 72 | HWThread 73 | HWThread 74 | HWThread 75 | HWThread 76 | HWThread 77 | HWThread 78 | HWThread 79 | HWThread 80 | HWThread 81 | HWThread 82 | HWThread 83 | HWThread 84 | HWThread 85 | HWThread 86 | HWThread 87 | HWThread 88 | HWThread 89 | HWThread 90 | HWThread 91 | HWThread 92 | HWThread 93 | HWThread 94 | HWThread 95 | HWThread 96 | HWThread 97 | HWThread 98 | HWThread 99 | HWThread 100 | HWThread 101 | HWThread 102 | HWThread 103 | HWThread 104 | HWThread 105 | HWThread 106 | HWThread 107 | HWThread 108 | HWThread 109 | HWThread 110 | HWThread 111 | HWThread 112 | HWThread 113 | HWThread 114 | HWThread 115 | HWThread 116 | HWThread 117 | HWThread 118 | HWThread 119 | HWThread 120 | HWThread 121 | HWThread 122 | HWThread 123 | HWThread 124 | HWThread 125 | HWThread 126 | HWThread 127 | HWThread 128 | HWThread 129 | HWThread 130 | HWThread 131 | HWThread 132 | HWThread 133 | HWThread 134 | HWThread 135 | HWThread 136 | HWThread 137 | HWThread 138 | HWThread 139 | HWThread 140 | HWThread 141 | HWThread 142 | HWThread 143 | HWThread 144 | HWThread 145 | HWThread 146 | HWThread 147 | HWThread 148 | HWThread 149 | HWThread 150 | HWThread 151 | HWThread 152 | HWThread 153 | HWThread 154 | HWThread 155 | HWThread 156 | HWThread 157 | HWThread 158 | HWThread 159 | HWThread 160 | HWThread 161 | HWThread 162 | HWThread 163 | HWThread 164 | HWThread 165 | HWThread 166 | HWThread 167 | HWThread 168 | HWThread 169 | HWThread 170 | HWThread 171 | HWThread 172 | HWThread 173 | HWThread 174 | HWThread 175 | HWThread 176 | HWThread 177 | HWThread 178 | HWThread 179 | HWThread 180 | HWThread 181 | HWThread 182 | HWThread 183 | HWThread 184 | HWThread 185 | HWThread 186 | HWThread 187 | HWThread 188 | HWThread 189 | HWThread 190 | HWThread 191 |
+-------------------+------------+------------+------------+------------+------------+------------+------------+------------+------------+------------+-------------+-------------+-------------+-------------+-------------+-------------+-------------+-------------+-------------+-------------+-------------+-------------+-------------+-------------+-------------+-------------+-------------+-------------+-------------+-------------+-------------+-------------+-------------+-------------+-------------+-------------+-------------+-------------+-------------+-------------+-------------+-------------+-------------+-------------+-------------+-------------+-------------+-------------+-------------+-------------+-------------+-------------+-------------+-------------+-------------+-------------+-------------+-------------+-------------+-------------+-------------+-------------+-------------+-------------+-------------+-------------+-------------+-------------+-------------+-------------+-------------+-------------+-------------+-------------+-------------+-------------+-------------+-------------+-------------+-------------+-------------+-------------+-------------+-------------+-------------+-------------+-------------+-------------+-------------+-------------+-------------+-------------+-------------+-------------+-------------+-------------+-------------+-------------+-------------+-------------+--------------+--------------+--------------+--------------+--------------+--------------+--------------+--------------+--------------+--------------+--------------+--------------+--------------+--------------+--------------+--------------+--------------+--------------+--------------+--------------+--------------+--------------+--------------+--------------+--------------+--------------+--------------+--------------+--------------+--------------+--------------+--------------+--------------+--------------+--------------+--------------+--------------+--------------+--------------+--------------+--------------+--------------+--------------+--------------+--------------+--------------+--------------+--------------+--------------+--------------+--------------+--------------+--------------+--------------+--------------+--------------+--------------+--------------+--------------+--------------+--------------+--------------+--------------+--------------+--------------+--------------+--------------+--------------+--------------+--------------+--------------+--------------+--------------+--------------+--------------+--------------+--------------+--------------+--------------+--------------+--------------+--------------+--------------+--------------+--------------+--------------+--------------+--------------+--------------+--------------+--------------+--------------+
| RDTSC Runtime [s] |   1.325183 |   1.325206 |   1.325116 |   1.325116 |   1.325116 |   1.325116 |   1.325116 |   1.325116 |   1.325020 |   1.325089 |    1.325247 |    1.325188 |    1.325246 |    1.325109 |    1.325052 |    1.325187 |    1.325016 |    1.325014 |    1.325270 |    1.325269 |    1.325269 |    1.325267 |    1.325267 |    1.325017 |    1.325017 |    1.325018 |    1.324993 |    1.325237 |    1.325027 |    1.324986 |    1.324990 |    1.325026 |    1.325125 |    1.325125 |    1.324995 |    1.324992 |    1.324992 |    1.324992 |    1.324994 |    1.325124 |    1.325023 |    1.325157 |    1.325184 |    1.325178 |    1.325522 |    1.325166 |    1.325166 |    1.325178 |    1.324999 |    1.325165 |    1.325193 |    1.325109 |    1.325190 |    1.325165 |    1.325304 |    1.325779 |    1.325000 |    1.325065 |    1.325000 |    1.325000 |    1.325001 |    1.325000 |    1.325000 |    1.325000 |    1.325326 |    1.325182 |    1.325267 |    1.325165 |    1.324995 |    1.325528 |    1.325251 |    1.325165 |    1.325292 |    1.325293 |    1.325049 |    1.325293 |    1.325029 |    1.325029 |    1.325264 |    1.325050 |    1.325171 |    1.325193 |    1.325233 |    1.324999 |    1.325193 |    1.325246 |    1.325175 |    1.325478 |    1.325478 |    1.325259 |    1.325219 |    1.326453 |    1.326453 |    1.325450 |    1.325171 |    1.325189 |    1.325545 |    1.325216 |    1.325214 |    1.325545 |     1.325217 |     1.325758 |     1.325208 |     1.325094 |     1.325092 |     1.325244 |     1.325291 |     1.326893 |     1.325797 |     1.325214 |     1.325523 |     1.325309 |     1.325215 |     1.325242 |     1.325160 |     1.325308 |     1.325328 |     1.325091 |     1.324990 |     1.325260 |     1.325157 |     1.325192 |     1.325179 |     1.324997 |     1.325168 |     1.325208 |     1.324995 |     1.325189 |     1.325326 |     1.325183 |     1.325240 |     1.325184 |     1.325240 |     1.325217 |     1.325184 |     1.325153 |     1.325183 |     1.325000 |     1.325285 |     1.324997 |     1.325261 |     1.325260 |     1.325279 |     1.324990 |     1.326454 |     1.325564 |     1.325190 |     1.325216 |     1.325316 |     1.325564 |     1.325791 |     1.325572 |     1.325065 |     1.324994 |     1.325079 |     1.325092 |     1.325018 |     1.325092 |     1.324992 |     1.325119 |     1.324991 |     1.324992 |     1.325121 |     1.325061 |     1.325309 |     1.325159 |     1.325159 |     1.325309 |     1.324989 |     1.325327 |     1.325164 |     1.325164 |     1.325181 |     1.325185 |     1.325539 |     1.325539 |     1.325164 |     1.325261 |     1.325320 |     1.325309 |     1.325494 |     1.325048 |     1.325160 |     1.325115 |     1.325174 |     1.324990 |     1.325015 |     1.325492 |     1.325174 |     1.325256 |     1.325266 |     1.325538 |
|     call count    |          1 |          1 |          1 |          1 |          1 |          1 |          1 |          1 |          1 |          1 |           1 |           1 |           1 |           1 |           1 |           1 |           1 |           1 |           1 |           1 |           1 |           1 |           1 |           1 |           1 |           1 |           1 |           1 |           1 |           1 |           1 |           1 |           1 |           1 |           1 |           1 |           1 |           1 |           1 |           1 |           1 |           1 |           1 |           1 |           1 |           1 |           1 |           1 |           1 |           1 |           1 |           1 |           1 |           1 |           1 |           1 |           1 |           1 |           1 |           1 |           1 |           1 |           1 |           1 |           1 |           1 |           1 |           1 |           1 |           1 |           1 |           1 |           1 |           1 |           1 |           1 |           1 |           1 |           1 |           1 |           1 |           1 |           1 |           1 |           1 |           1 |           1 |           1 |           1 |           1 |           1 |           1 |           1 |           1 |           1 |           1 |           1 |           1 |           1 |           1 |            1 |            1 |            1 |            1 |            1 |            1 |            1 |            1 |            1 |            1 |            1 |            1 |            1 |            1 |            1 |            1 |            1 |            1 |            1 |            1 |            1 |            1 |            1 |            1 |            1 |            1 |            1 |            1 |            1 |            1 |            1 |            1 |            1 |            1 |            1 |            1 |            1 |            1 |            1 |            1 |            1 |            1 |            1 |            1 |            1 |            1 |            1 |            1 |            1 |            1 |            1 |            1 |            1 |            1 |            1 |            1 |            1 |            1 |            1 |            1 |            1 |            1 |            1 |            1 |            1 |            1 |            1 |            1 |            1 |            1 |            1 |            1 |            1 |            1 |            1 |            1 |            1 |            1 |            1 |            1 |            1 |            1 |            1 |            1 |            1 |            1 |            1 |            1 |            1 |            1 |            1 |            1 |
+-------------------+------------+------------+------------+------------+------------+------------+------------+------------+------------+------------+-------------+-------------+-------------+-------------+-------------+-------------+-------------+-------------+-------------+-------------+-------------+-------------+-------------+-------------+-------------+-------------+-------------+-------------+-------------+-------------+-------------+-------------+-------------+-------------+-------------+-------------+-------------+-------------+-------------+-------------+-------------+-------------+-------------+-------------+-------------+-------------+-------------+-------------+-------------+-------------+-------------+-------------+-------------+-------------+-------------+-------------+-------------+-------------+-------------+-------------+-------------+-------------+-------------+-------------+-------------+-------------+-------------+-------------+-------------+-------------+-------------+-------------+-------------+-------------+-------------+-------------+-------------+-------------+-------------+-------------+-------------+-------------+-------------+-------------+-------------+-------------+-------------+-------------+-------------+-------------+-------------+-------------+-------------+-------------+-------------+-------------+-------------+-------------+-------------+-------------+--------------+--------------+--------------+--------------+--------------+--------------+--------------+--------------+--------------+--------------+--------------+--------------+--------------+--------------+--------------+--------------+--------------+--------------+--------------+--------------+--------------+--------------+--------------+--------------+--------------+--------------+--------------+--------------+--------------+--------------+--------------+--------------+--------------+--------------+--------------+--------------+--------------+--------------+--------------+--------------+--------------+--------------+--------------+--------------+--------------+--------------+--------------+--------------+--------------+--------------+--------------+--------------+--------------+--------------+--------------+--------------+--------------+--------------+--------------+--------------+--------------+--------------+--------------+--------------+--------------+--------------+--------------+--------------+--------------+--------------+--------------+--------------+--------------+--------------+--------------+--------------+--------------+--------------+--------------+--------------+--------------+--------------+--------------+--------------+--------------+--------------+--------------+--------------+--------------+--------------+--------------+--------------+
+---------------------------+---------+--------------+--------------+--------------+--------------+--------------+--------------+--------------+--------------+--------------+--------------+--------------+--------------+--------------+--------------+--------------+--------------+--------------+--------------+--------------+--------------+--------------+--------------+--------------+--------------+--------------+--------------+--------------+--------------+--------------+--------------+--------------+--------------+--------------+--------------+--------------+--------------+--------------+--------------+--------------+--------------+--------------+--------------+--------------+--------------+--------------+--------------+--------------+--------------+--------------+--------------+--------------+--------------+--------------+--------------+--------------+--------------+--------------+--------------+--------------+--------------+--------------+--------------+--------------+--------------+--------------+--------------+--------------+--------------+--------------+--------------+--------------+--------------+--------------+--------------+--------------+--------------+--------------+--------------+--------------+--------------+--------------+--------------+--------------+--------------+--------------+--------------+--------------+--------------+--------------+--------------+--------------+--------------+--------------+--------------+--------------+--------------+--------------+--------------+--------------+--------------+--------------+--------------+--------------+--------------+--------------+--------------+--------------+--------------+--------------+--------------+--------------+--------------+--------------+--------------+--------------+--------------+--------------+--------------+--------------+--------------+--------------+--------------+--------------+--------------+--------------+--------------+--------------+--------------+--------------+--------------+--------------+--------------+--------------+--------------+--------------+--------------+--------------+--------------+--------------+--------------+--------------+--------------+--------------+--------------+--------------+--------------+--------------+--------------+--------------+--------------+--------------+--------------+--------------+--------------+--------------+--------------+--------------+--------------+--------------+--------------+--------------+--------------+--------------+--------------+--------------+--------------+--------------+--------------+--------------+--------------+--------------+--------------+--------------+--------------+--------------+--------------+--------------+--------------+--------------+--------------+--------------+--------------+--------------+--------------+--------------+--------------+--------------+--------------+--------------+--------------+--------------+--------------+
|           Event           | Counter |  HWThread 0  |  HWThread 1  |  HWThread 2  |  HWThread 3  |  HWThread 4  |  HWThread 5  |  HWThread 6  |  HWThread 7  |  HWThread 8  |  HWThread 9  |  HWThread 10 |  HWThread 11 |  HWThread 12 |  HWThread 13 |  HWThread 14 |  HWThread 15 |  HWThread 16 |  HWThread 17 |  HWThread 18 |  HWThread 19 |  HWThread 20 |  HWThread 21 |  HWThread 22 |  HWThread 23 |  HWThread 24 |  HWThread 25 |  HWThread 26 |  HWThread 27 |  HWThread 28 |  HWThread 29 |  HWThread 30 |  HWThread 31 |  HWThread 32 |  HWThread 33 |  HWThread 34 |  HWThread 35 |  HWThread 36 |  HWThread 37 |  HWThread 38 |  HWThread 39 |  HWThread 40 |  HWThread 41 |  HWThread 42 |  HWThread 43 |  HWThread 44 |  HWThread 45 |  HWThread 46 |  HWThread 47 |  HWThread 48 |  HWThread 49 |  HWThread 50 |  HWThread 51 |  HWThread 52 |  HWThread 53 |  HWThread 54 |  HWThread 55 |  HWThread 56 |  HWThread 57 |  HWThread 58 |  HWThread 59 |  HWThread 60 |  HWThread 61 |  HWThread 62 |  HWThread 63 |  HWThread 64 |  HWThread 65 |  HWThread 66 |  HWThread 67 |  HWThread 68 |  HWThread 69 |  HWThread 70 |  HWThread 71 |  HWThread 72 |  HWThread 73 |  HWThread 74 |  HWThread 75 |  HWThread 76 |  HWThread 77 |  HWThread 78 |  HWThread 79 |  HWThread 80 |  HWThread 81 |  HWThread 82 |  HWThread 83 |  HWThread 84 |  HWThread 85 |  HWThread 86 |  HWThread 87 |  HWThread 88 |  HWThread 89 |  HWThread 90 |  HWThread 91 |  HWThread 92 |  HWThread 93 |  HWThread 94 |  HWThread 95 |  HWThread 96 |  HWThread 97 |  HWThread 98 |  HWThread 99 | HWThread 100 | HWThread 101 | HWThread 102 | HWThread 103 | HWThread 104 | HWThread 105 | HWThread 106 | HWThread 107 | HWThread 108 | HWThread 109 | HWThread 110 | HWThread 111 | HWThread 112 | HWThread 113 | HWThread 114 | HWThread 115 | HWThread 116 | HWThread 117 | HWThread 118 | HWThread 119 | HWThread 120 | HWThread 121 | HWThread 122 | HWThread 123 | HWThread 124 | HWThread 125 | HWThread 126 | HWThread 127 | HWThread 128 | HWThread 129 | HWThread 130 | HWThread 131 | HWThread 132 | HWThread 133 | HWThread 134 | HWThread 135 | HWThread 136 | HWThread 137 | HWThread 138 | HWThread 139 | HWThread 140 | HWThread 141 | HWThread 142 | HWThread 143 | HWThread 144 | HWThread 145 | HWThread 146 | HWThread 147 | HWThread 148 | HWThread 149 | HWThread 150 | HWThread 151 | HWThread 152 | HWThread 153 | HWThread 154 | HWThread 155 | HWThread 156 | HWThread 157 | HWThread 158 | HWThread 159 | HWThread 160 | HWThread 161 | HWThread 162 | HWThread 163 | HWThread 164 | HWThread 165 | HWThread 166 | HWThread 167 | HWThread 168 | HWThread 169 | HWThread 170 | HWThread 171 | HWThread 172 | HWThread 173 | HWThread 174 | HWThread 175 | HWThread 176 | HWThread 177 | HWThread 178 | HWThread 179 | HWThread 180 | HWThread 181 | HWThread 182 | HWThread 183 | HWThread 184 | HWThread 185 | HWThread 186 | HWThread 187 | HWThread 188 | HWThread 189 | HWThread 190 | HWThread 191 |
+---------------------------+---------+--------------+--------------+--------------+--------------+--------------+--------------+--------------+--------------+--------------+--------------+--------------+--------------+--------------+--------------+--------------+--------------+--------------+--------------+--------------+--------------+--------------+--------------+--------------+--------------+--------------+--------------+--------------+--------------+--------------+--------------+--------------+--------------+--------------+--------------+--------------+--------------+--------------+--------------+--------------+--------------+--------------+--------------+--------------+--------------+--------------+--------------+--------------+--------------+--------------+--------------+--------------+--------------+--------------+--------------+--------------+--------------+--------------+--------------+--------------+--------------+--------------+--------------+--------------+--------------+--------------+--------------+--------------+--------------+--------------+--------------+--------------+--------------+--------------+--------------+--------------+--------------+--------------+--------------+--------------+--------------+--------------+--------------+--------------+--------------+--------------+--------------+--------------+--------------+--------------+--------------+--------------+--------------+--------------+--------------+--------------+--------------+--------------+--------------+--------------+--------------+--------------+--------------+--------------+--------------+--------------+--------------+--------------+--------------+--------------+--------------+--------------+--------------+--------------+--------------+--------------+--------------+--------------+--------------+--------------+--------------+--------------+--------------+--------------+--------------+--------------+--------------+--------------+--------------+--------------+--------------+--------------+--------------+--------------+--------------+--------------+--------------+--------------+--------------+--------------+--------------+--------------+--------------+--------------+--------------+--------------+--------------+--------------+--------------+--------------+--------------+--------------+--------------+--------------+--------------+--------------+--------------+--------------+--------------+--------------+--------------+--------------+--------------+--------------+--------------+--------------+--------------+--------------+--------------+--------------+--------------+--------------+--------------+--------------+--------------+--------------+--------------+--------------+--------------+--------------+--------------+--------------+--------------+--------------+--------------+--------------+--------------+--------------+--------------+--------------+--------------+--------------+--------------+
|      ACTUAL_CPU_CLOCK     |  FIXC1  |   4078478000 |   4078849000 |   4077395000 |   4077830000 |   4078000000 |   4077494000 |   4077841000 |   4077870000 |   4079301000 |   4079356000 |   4079195000 |   4080432000 |   4080242000 |   4079404000 |   4079300000 |   4080560000 |   4079530000 |   4079521000 |   4079579000 |   4079640000 |   4079635000 |   4079645000 |   4079599000 |   4079528000 |   4077049000 |   4077082000 |   4076584000 |   4078061000 |   4077190000 |   4076611000 |   4077055000 |   4077068000 |   4078211000 |   4077388000 |   4076833000 |   4077365000 |   4078212000 |   4077962000 |   4076833000 |   4077895000 |   4078890000 |   4080539000 |   4080222000 |   4079976000 |   4080528000 |   4080538000 |   4080230000 |   4080577000 |   4079714000 |   4080886000 |   4081007000 |   4079861000 |   4080969000 |   4080941000 |   4081190000 |   4081839000 |   4077827000 |   4077727000 |   4077848000 |   4077829000 |   4077844000 |   4077733000 |   4077808000 |   4077828000 |   4080675000 |   4080869000 |   4080554000 |   4080726000 |   4080615000 |   4081439000 |   4080621000 |   4080831000 |   4078987000 |   4078899000 |   4079089000 |   4078938000 |   4078952000 |   4078988000 |   4078922000 |   4079061000 |   4081004000 |   4081059000 |   4081222000 |   4079722000 |   4080900000 |   4081044000 |   4080944000 |   4081673000 |   4081765000 |   4080984000 |   4080641000 |   4082116000 |   4082257000 |   4081796000 |   4081359000 |   4081259000 |   4103578000 |   4103326000 |   4103258000 |   4102913000 |   4104654000 |   4104100000 |   4103269000 |   4101399000 |   4102838000 |   4104870000 |   4103872000 |   4105974000 |   4105200000 |   4104251000 |   4104442000 |   4103870000 |   4103181000 |   4102302000 |   4102151000 |   4102122000 |   4103031000 |   4101229000 |   4101153000 |   4102127000 |   4101403000 |   4102358000 |   4103015000 |   4101419000 |   4102400000 |   4102566000 |   4100487000 |   4103429000 |   4102793000 |   4102929000 |   4102778000 |   4102747000 |   4104234000 |   4102850000 |   4102693000 |   4102677000 |   4103487000 |   4102426000 |   4103409000 |   4101527000 |   4104458000 |   4103412000 |   4103269000 |   4100741000 |   4106482000 |   4104942000 |   4105294000 |   4104901000 |   4104160000 |   4105343000 |   4105316000 |   4105717000 |   4100704000 |   4100528000 |   4101569000 |   4101241000 |   4101406000 |   4101265000 |   4101100000 |   4100504000 |   4101348000 |   4101071000 |   4100684000 |   4100786000 |   4101800000 |   4101935000 |   4102791000 |   4101795000 |   4102157000 |   4103499000 |   4103540000 |   4103465000 |   4103441000 |   4103481000 |   4103472000 |   4103431000 |   4103230000 |   4103109000 |   4103198000 |   4103142000 |   4103127000 |   4102195000 |   4103860000 |   4102697000 |   4103914000 |   4101719000 |   4102248000 |   4103270000 |   4104495000 |   4101739000 |   4101723000 |   4104523000 |
|       MAX_CPU_CLOCK       |  FIXC2  |   3179915000 |   3178638000 |   3178330000 |   3178953000 |   3179355000 |   3178418000 |   3178951000 |   3179058000 |   3180419000 |   3180503000 |   3180364000 |   3181031000 |   3180868000 |   3180593000 |   3180449000 |   3181194000 |   3179965000 |   3179952000 |   3180050000 |   3180139000 |   3180132000 |   3180138000 |   3180065000 |   3179951000 |   3179387000 |   3179427000 |   3179009000 |   3179974000 |   3179450000 |   3178848000 |   3179389000 |   3179423000 |   3179902000 |   3179426000 |   3178801000 |   3179410000 |   3179886000 |   3180148000 |   3178790000 |   3180113000 |   3180304000 |   3180969000 |   3181155000 |   3180883000 |   3180934000 |   3180965000 |   3181084000 |   3181020000 |   3180256000 |   3180927000 |   3181008000 |   3180509000 |   3180956000 |   3180972000 |   3181251000 |   3182203000 |   3180322000 |   3180220000 |   3180301000 |   3180322000 |   3180253000 |   3180214000 |   3180303000 |   3180322000 |   3180844000 |   3181023000 |   3180801000 |   3180891000 |   3180784000 |   3181635000 |   3180792000 |   3180995000 |   3180431000 |   3180369000 |   3180503000 |   3180348000 |   3180368000 |   3180407000 |   3180330000 |   3180444000 |   3181201000 |   3181342000 |   3180885000 |   3180475000 |   3181057000 |   3181318000 |   3181387000 |   3181909000 |   3181310000 |   3180517000 |   3180446000 |   3181915000 |   3182001000 |   3181513000 |   3180209000 |   3180842000 |   3180918000 |   3180056000 |   3179677000 |   3179503000 |   3180593000 |   3180875000 |   3180017000 |   3178421000 |   3179660000 |   3181325000 |   3180325000 |   3182544000 |   3181902000 |   3179933000 |   3181106000 |   3180329000 |   3180617000 |   3180338000 |   3180095000 |   3180071000 |   3181108000 |   3179654000 |   3179575000 |   3180048000 |   3178792000 |   3180084000 |   3180842000 |   3179554000 |   3180138000 |   3180148000 |   3178332000 |   3180605000 |   3180453000 |   3180203000 |   3180388000 |   3180398000 |   3181019000 |   3180130000 |   3179868000 |   3180229000 |   3180021000 |   3179511000 |   3180234000 |   3178530000 |   3180717000 |   3180210000 |   3179960000 |   3178673000 |   3182322000 |   3181524000 |   3180726000 |   3180704000 |   3180718000 |   3181785000 |   3182029000 |   3181671000 |   3179628000 |   3179449000 |   3180096000 |   3180333000 |   3179939000 |   3180347000 |   3180280000 |   3179435000 |   3180228000 |   3180061000 |   3179523000 |   3179557000 |   3180066000 |   3180145000 |   3180606000 |   3180063000 |   3179367000 |   3180102000 |   3180162000 |   3180160000 |   3180092000 |   3180112000 |   3180124000 |   3180118000 |   3180081000 |   3180006000 |   3180057000 |   3180031000 |   3180001000 |   3179553000 |   3180798000 |   3180200000 |   3179975000 |   3178608000 |   3179443000 |   3180445000 |   3180843000 |   3178819000 |   3178716000 |   3181294000 |
|    RETIRED_INSTRUCTIONS   |   PMC0  |   5101922000 |   5104997000 |   5104959000 |   5104929000 |   5104909000 |   5104923000 |   5104879000 |   5104905000 |   5103902000 |   5103993000 |   5104046000 |   5104080000 |   5104023000 |   5103971000 |   5103952000 |   5103992000 |   5103812000 |   5103820000 |   5103939000 |   5103996000 |   5103890000 |   5103915000 |   5103959000 |   5103900000 |   5103619000 |   5103686000 |   5103583000 |   5103815000 |   5103632000 |   5103622000 |   5103640000 |   5103658000 |   5103641000 |   5103513000 |   5103619000 |   5103611000 |   5103548000 |   5103577000 |   5103554000 |   5103625000 |   5103633000 |   5103788000 |   5103826000 |   5103822000 |   5103800000 |   5103576000 |   5103226000 |   5103528000 |   5103935000 |   5104073000 |   5104076000 |   5104075000 |   5104101000 |   5104011000 |   5104133000 |   5104346000 |   5103379000 |   5103523000 |   5103396000 |   5103420000 |   5103285000 |   5103309000 |   5103441000 |   5103358000 |   5104065000 |   5103974000 |   5104036000 |   5103998000 |   5103496000 |   5104068000 |   5103785000 |   5103781000 |   5103604000 |   5103710000 |   5103665000 |   5103709000 |   5103577000 |   5103565000 |   5103753000 |   5103621000 |   5104559000 |   5104368000 |   5104611000 |   5104471000 |   5104397000 |   5104411000 |   5104542000 |   5104757000 |   5103966000 |   5103890000 |   5103917000 |   5104578000 |   5104318000 |   5103690000 |   5103499000 |   5103607000 |   5109416000 |   5109230000 |   5109201000 |   5109409000 |   5109202000 |   5109521000 |   5109096000 |   5109057000 |   5109295000 |   5109406000 |   5109399000 |   5110484000 |   5109682000 |   5109371000 |   5109533000 |   5109428000 |   5109014000 |   5109051000 |   5108989000 |   5109101000 |   5108871000 |   5108693000 |   5108729000 |   5108882000 |   5108767000 |   5108853000 |   5108817000 |   5108600000 |   5108710000 |   5108849000 |   5108678000 |   5108787000 |   5108977000 |   5108934000 |   5108958000 |   5108932000 |   5108954000 |   5108971000 |   5108928000 |   5108905000 |   5108957000 |   5108907000 |   5109032000 |   5108891000 |   5108692000 |   5108801000 |   5107363000 |   5108626000 |   5109692000 |   5109120000 |   5108903000 |   5108923000 |   5108877000 |   5109138000 |   5109248000 |   5109067000 |   5108466000 |   5108443000 |   5108469000 |   5108415000 |   5108382000 |   5108492000 |   5108433000 |   5108465000 |   5108458000 |   5108405000 |   5108523000 |   5108510000 |   5108472000 |   5108326000 |   5108187000 |   5108398000 |   5108636000 |   5108907000 |   5108815000 |   5108802000 |   5108766000 |   5108844000 |   5109016000 |   5109030000 |   5108811000 |   5108812000 |   5108896000 |   5108882000 |   5108958000 |   5108735000 |   5108831000 |   5108780000 |   5109461000 |   5109404000 |   5109372000 |   5109689000 |   5104294000 |   5104003000 |   5107437000 |   5109575000 |
|    CPU_CLOCKS_UNHALTED    |   PMC1  |   4030657000 |   4045620000 |   4045529000 |   4045401000 |   4045373000 |   4045452000 |   4045150000 |   4045237000 |   4038940000 |   4039316000 |   4039646000 |   4039866000 |   4039671000 |   4039230000 |   4039130000 |   4039373000 |   4038458000 |   4038382000 |   4039093000 |   4039465000 |   4038995000 |   4038935000 |   4039303000 |   4038830000 |   4037442000 |   4037670000 |   4037346000 |   4038417000 |   4037435000 |   4037335000 |   4037562000 |   4037508000 |   4037536000 |   4036925000 |   4037304000 |   4037289000 |   4037130000 |   4037209000 |   4036976000 |   4037494000 |   4037666000 |   4038308000 |   4038434000 |   4038475000 |   4039223000 |   4037892000 |   4037132000 |   4037744000 |   4039314000 |   4039842000 |   4039926000 |   4039844000 |   4040119000 |   4039509000 |   4040321000 |   4041510000 |   4036364000 |   4036764000 |   4036230000 |   4036271000 |   4035768000 |   4035687000 |   4036444000 |   4036009000 |   4039921000 |   4039331000 |   4039614000 |   4039383000 |   4037778000 |   4040671000 |   4039121000 |   4039122000 |   4037634000 |   4037968000 |   4037581000 |   4037918000 |   4037315000 |   4037015000 |   4038151000 |   4037421000 |   4042746000 |   4042161000 |   4042882000 |   4042134000 |   4042134000 |   4041743000 |   4042518000 |   4043699000 |   4039381000 |   4038808000 |   4039026000 |   4042703000 |   4042268000 |   4038728000 |   4037651000 |   4038246000 |   4069738000 |   4068621000 |   4068462000 |   4069658000 |   4068532000 |   4070265000 |   4067930000 |   4067786000 |   4069012000 |   4069575000 |   4069549000 |   4075635000 |   4071193000 |   4069397000 |   4070346000 |   4069771000 |   4067442000 |   4067571000 |   4067229000 |   4067909000 |   4067457000 |   4066437000 |   4066666000 |   4067557000 |   4066282000 |   4066545000 |   4066447000 |   4065127000 |   4065907000 |   4066554000 |   4065580000 |   4066255000 |   4067261000 |   4067025000 |   4067109000 |   4066992000 |   4067126000 |   4067182000 |   4067065000 |   4066858000 |   4067198000 |   4066837000 |   4067569000 |   4066783000 |   4066535000 |   4067047000 |   4067021000 |   4066401000 |   4071387000 |   4068069000 |   4066852000 |   4066904000 |   4066764000 |   4068195000 |   4068800000 |   4067809000 |   4064457000 |   4064242000 |   4064390000 |   4064087000 |   4064007000 |   4064505000 |   4064206000 |   4064439000 |   4064354000 |   4063975000 |   4064688000 |   4064585000 |   4065199000 |   4064370000 |   4064057000 |   4064840000 |   4065520000 |   4066841000 |   4066359000 |   4066329000 |   4066149000 |   4066531000 |   4067601000 |   4067578000 |   4066340000 |   4066299000 |   4066807000 |   4066714000 |   4067174000 |   4065859000 |   4066428000 |   4066157000 |   4069923000 |   4069596000 |   4069404000 |   4071231000 |   4068476000 |   4068455000 |   4069627000 |   4071235000 |
| RETIRED_SSE_AVX_FLOPS_ALL |   PMC2  | 128849000000 | 128849000000 | 128849000000 | 128849000000 | 128849000000 | 128849000000 | 128849000000 | 128849000000 | 128849000000 | 128849000000 | 128849000000 | 128849000000 | 128849000000 | 128849000000 | 128849000000 | 128849000000 | 128849000000 | 128849000000 | 128849000000 | 128849000000 | 128849000000 | 128849000000 | 128849000000 | 128849000000 | 128849000000 | 128849000000 | 128849000000 | 128849000000 | 128849000000 | 128849000000 | 128849000000 | 128849000000 | 128849000000 | 128849000000 | 128849000000 | 128849000000 | 128849000000 | 128849000000 | 128849000000 | 128849000000 | 128849000000 | 128849000000 | 128849000000 | 128849000000 | 128849000000 | 128849000000 | 128849000000 | 128849000000 | 128849000000 | 128849000000 | 128849000000 | 128849000000 | 128849000000 | 128849000000 | 128849000000 | 128849000000 | 128849000000 | 128849000000 | 128849000000 | 128849000000 | 128849000000 | 128849000000 | 128849000000 | 128849000000 | 128849000000 | 128849000000 | 128849000000 | 128849000000 | 128849000000 | 128849000000 | 128849000000 | 128849000000 | 128849000000 | 128849000000 | 128849000000 | 128849000000 | 128849000000 | 128849000000 | 128849000000 | 128849000000 | 128849000000 | 128849000000 | 128849000000 | 128849000000 | 128849000000 | 128849000000 | 128849000000 | 128849000000 | 128849000000 | 128849000000 | 128849000000 | 128849000000 | 128849000000 | 128849000000 | 128849000000 | 128849000000 | 128849000000 | 128849000000 | 128849000000 | 128849000000 | 128849000000 | 128849000000 | 128849000000 | 128849000000 | 128849000000 | 128849000000 | 128849000000 | 128849000000 | 128849000000 | 128849000000 | 128849000000 | 128849000000 | 128849000000 | 128849000000 | 128849000000 | 128849000000 | 128849000000 | 128849000000 | 128849000000 | 128849000000 | 128849000000 | 128849000000 | 128849000000 | 128849000000 | 128849000000 | 128849000000 | 128849000000 | 128849000000 | 128849000000 | 128849000000 | 128849000000 | 128849000000 | 128849000000 | 128849000000 | 128849000000 | 128849000000 | 128849000000 | 128849000000 | 128849000000 | 128849000000 | 128849000000 | 128849000000 | 128849000000 | 128849000000 | 128849000000 | 128849000000 | 128849000000 | 128849000000 | 128849000000 | 128849000000 | 128849000000 | 128849000000 | 128849000000 | 128849000000 | 128849000000 | 128849000000 | 128849000000 | 128849000000 | 128849000000 | 128849000000 | 128849000000 | 128849000000 | 128849000000 | 128849000000 | 128849000000 | 128849000000 | 128849000000 | 128849000000 | 128849000000 | 128849000000 | 128849000000 | 128849000000 | 128849000000 | 128849000000 | 128849000000 | 128849000000 | 128849000000 | 128849000000 | 128849000000 | 128849000000 | 128849000000 | 128849000000 | 128849000000 | 128849000000 | 128849000000 | 128849000000 | 128849000000 | 128849000000 | 128849000000 | 128849000000 | 128849000000 | 128849000000 |
|           MERGE           |   PMC3  |            0 |            0 |            0 |            0 |            0 |            0 |            0 |            0 |            0 |            0 |            0 |            0 |            0 |            0 |            0 |            0 |            0 |            0 |            0 |            0 |            0 |            0 |            0 |            0 |            0 |            0 |            0 |            0 |            0 |            0 |            0 |            0 |            0 |            0 |            0 |            0 |            0 |            0 |            0 |            0 |            0 |            0 |            0 |            0 |            0 |            0 |            0 |            0 |            0 |            0 |            0 |            0 |            0 |            0 |            0 |            0 |            0 |            0 |            0 |            0 |            0 |            0 |            0 |            0 |            0 |            0 |            0 |            0 |            0 |            0 |            0 |            0 |            0 |            0 |            0 |            0 |            0 |            0 |            0 |            0 |            0 |            0 |            0 |            0 |            0 |            0 |            0 |            0 |            0 |            0 |            0 |            0 |            0 |            0 |            0 |            0 |            0 |            0 |            0 |            0 |            0 |            0 |            0 |            0 |            0 |            0 |            0 |            0 |            0 |            0 |            0 |            0 |            0 |            0 |            0 |            0 |            0 |            0 |            0 |            0 |            0 |            0 |            0 |            0 |            0 |            0 |            0 |            0 |            0 |            0 |            0 |            0 |            0 |            0 |            0 |            0 |            0 |            0 |            0 |            0 |            0 |            0 |            0 |            0 |            0 |            0 |            0 |            0 |            0 |            0 |            0 |            0 |            0 |            0 |            0 |            0 |            0 |            0 |            0 |            0 |            0 |            0 |            0 |            0 |            0 |            0 |            0 |            0 |            0 |            0 |            0 |            0 |            0 |            0 |            0 |            0 |            0 |            0 |            0 |            0 |            0 |            0 |            0 |            0 |            0 |            0 |            0 |            0 |            0 |            0 |            0 |            0 |
+---------------------------+---------+--------------+--------------+--------------+--------------+--------------+--------------+--------------+--------------+--------------+--------------+--------------+--------------+--------------+--------------+--------------+--------------+--------------+--------------+--------------+--------------+--------------+--------------+--------------+--------------+--------------+--------------+--------------+--------------+--------------+--------------+--------------+--------------+--------------+--------------+--------------+--------------+--------------+--------------+--------------+--------------+--------------+--------------+--------------+--------------+--------------+--------------+--------------+--------------+--------------+--------------+--------------+--------------+--------------+--------------+--------------+--------------+--------------+--------------+--------------+--------------+--------------+--------------+--------------+--------------+--------------+--------------+--------------+--------------+--------------+--------------+--------------+--------------+--------------+--------------+--------------+--------------+--------------+--------------+--------------+--------------+--------------+--------------+--------------+--------------+--------------+--------------+--------------+--------------+--------------+--------------+--------------+--------------+--------------+--------------+--------------+--------------+--------------+--------------+--------------+--------------+--------------+--------------+--------------+--------------+--------------+--------------+--------------+--------------+--------------+--------------+--------------+--------------+--------------+--------------+--------------+--------------+--------------+--------------+--------------+--------------+--------------+--------------+--------------+--------------+--------------+--------------+--------------+--------------+--------------+--------------+--------------+--------------+--------------+--------------+--------------+--------------+--------------+--------------+--------------+--------------+--------------+--------------+--------------+--------------+--------------+--------------+--------------+--------------+--------------+--------------+--------------+--------------+--------------+--------------+--------------+--------------+--------------+--------------+--------------+--------------+--------------+--------------+--------------+--------------+--------------+--------------+--------------+--------------+--------------+--------------+--------------+--------------+--------------+--------------+--------------+--------------+--------------+--------------+--------------+--------------+--------------+--------------+--------------+--------------+--------------+--------------+--------------+--------------+--------------+--------------+--------------+--------------+
+--------------------------------+---------+----------------+--------------+--------------+--------------+
|              Event             | Counter |       Sum      |      Min     |      Max     |      Avg     |
+--------------------------------+---------+----------------+--------------+--------------+--------------+
|      ACTUAL_CPU_CLOCK STAT     |  FIXC1  |   785503859000 |   4076584000 |   4106482000 | 4.091166e+09 |
|       MAX_CPU_CLOCK STAT       |  FIXC2  |   610613830000 |   3178330000 |   3182544000 | 3.180280e+09 |
|    RETIRED_INSTRUCTIONS STAT   |   PMC0  |   980420121000 |   5101922000 |   5110484000 | 5.106355e+09 |
|    CPU_CLOCKS_UNHALTED STAT    |   PMC1  |   778213456000 |   4030657000 |   4075635000 | 4.053195e+09 |
| RETIRED_SSE_AVX_FLOPS_ALL STAT |   PMC2  | 24739008000000 | 128849000000 | 128849000000 | 128849000000 |
|           MERGE STAT           |   PMC3  |              0 |            0 |            0 |            0 |
+--------------------------------+---------+----------------+--------------+--------------+--------------+
+----------------------+------------+------------+------------+------------+------------+------------+------------+------------+------------+------------+-------------+-------------+-------------+-------------+-------------+-------------+-------------+-------------+-------------+-------------+-------------+-------------+-------------+-------------+-------------+-------------+-------------+-------------+-------------+-------------+-------------+-------------+-------------+-------------+-------------+-------------+-------------+-------------+-------------+-------------+-------------+-------------+-------------+-------------+-------------+-------------+-------------+-------------+-------------+-------------+-------------+-------------+-------------+-------------+-------------+-------------+-------------+-------------+-------------+-------------+-------------+-------------+-------------+-------------+-------------+-------------+-------------+-------------+-------------+-------------+-------------+-------------+-------------+-------------+-------------+-------------+-------------+-------------+-------------+-------------+-------------+-------------+-------------+-------------+-------------+-------------+-------------+-------------+-------------+-------------+-------------+-------------+-------------+-------------+-------------+-------------+-------------+-------------+-------------+-------------+--------------+--------------+--------------+--------------+--------------+--------------+--------------+--------------+--------------+--------------+--------------+--------------+--------------+--------------+--------------+--------------+--------------+--------------+--------------+--------------+--------------+--------------+--------------+--------------+--------------+--------------+--------------+--------------+--------------+--------------+--------------+--------------+--------------+--------------+--------------+--------------+--------------+--------------+--------------+--------------+--------------+--------------+--------------+--------------+--------------+--------------+--------------+--------------+--------------+--------------+--------------+--------------+--------------+--------------+--------------+--------------+--------------+--------------+--------------+--------------+--------------+--------------+--------------+--------------+--------------+--------------+--------------+--------------+--------------+--------------+--------------+--------------+--------------+--------------+--------------+--------------+--------------+--------------+--------------+--------------+--------------+--------------+--------------+--------------+--------------+--------------+--------------+--------------+--------------+--------------+--------------+--------------+
|        Metric        | HWThread 0 | HWThread 1 | HWThread 2 | HWThread 3 | HWThread 4 | HWThread 5 | HWThread 6 | HWThread 7 | HWThread 8 | HWThread 9 | HWThread 10 | HWThread 11 | HWThread 12 | HWThread 13 | HWThread 14 | HWThread 15 | HWThread 16 | HWThread 17 | HWThread 18 | HWThread 19 | HWThread 20 | HWThread 21 | HWThread 22 | HWThread 23 | HWThread 24 | HWThread 25 | HWThread 26 | HWThread 27 | HWThread 28 | HWThread 29 | HWThread 30 | HWThread 31 | HWThread 32 | HWThread 33 | HWThread 34 | HWThread 35 | HWThread 36 | HWThread 37 | HWThread 38 | HWThread 39 | HWThread 40 | HWThread 41 | HWThread 42 | HWThread 43 | HWThread 44 | HWThread 45 | HWThread 46 | HWThread 47 | HWThread 48 | HWThread 49 | HWThread 50 | HWThread 51 | HWThread 52 | HWThread 53 | HWThread 54 | HWThread 55 | HWThread 56 | HWThread 57 | HWThread 58 | HWThread 59 | HWThread 60 | HWThread 61 | HWThread 62 | HWThread 63 | HWThread 64 | HWThread 65 | HWThread 66 | HWThread 67 | HWThread 68 | HWThread 69 | HWThread 70 | HWThread 71 | HWThread 72 | HWThread 73 | HWThread 74 | HWThread 75 | HWThread 76 | HWThread 77 | HWThread 78 | HWThread 79 | HWThread 80 | HWThread 81 | HWThread 82 | HWThread 83 | HWThread 84 | HWThread 85 | HWThread 86 | HWThread 87 | HWThread 88 | HWThread 89 | HWThread 90 | HWThread 91 | HWThread 92 | HWThread 93 | HWThread 94 | HWThread 95 | HWThread 96 | HWThread 97 | HWThread 98 | HWThread 99 | HWThread 100 | HWThread 101 | HWThread 102 | HWThread 103 | HWThread 104 | HWThread 105 | HWThread 106 | HWThread 107 | HWThread 108 | HWThread 109 | HWThread 110 | HWThread 111 | HWThread 112 | HWThread 113 | HWThread 114 | HWThread 115 | HWThread 116 | HWThread 117 | HWThread 118 | HWThread 119 | HWThread 120 | HWThread 121 | HWThread 122 | HWThread 123 | HWThread 124 | HWThread 125 | HWThread 126 | HWThread 127 | HWThread 128 | HWThread 129 | HWThread 130 | HWThread 131 | HWThread 132 | HWThread 133 | HWThread 134 | HWThread 135 | HWThread 136 | HWThread 137 | HWThread 138 | HWThread 139 | HWThread 140 | HWThread 141 | HWThread 142 | HWThread 143 | HWThread 144 | HWThread 145 | HWThread 146 | HWThread 147 | HWThread 148 | HWThread 149 | HWThread 150 | HWThread 151 | HWThread 152 | HWThread 153 | HWThread 154 | HWThread 155 | HWThread 156 | HWThread 157 | HWThread 158 | HWThread 159 | HWThread 160 | HWThread 161 | HWThread 162 | HWThread 163 | HWThread 164 | HWThread 165 | HWThread 166 | HWThread 167 | HWThread 168 | HWThread 169 | HWThread 170 | HWThread 171 | HWThread 172 | HWThread 173 | HWThread 174 | HWThread 175 | HWThread 176 | HWThread 177 | HWThread 178 | HWThread 179 | HWThread 180 | HWThread 181 | HWThread 182 | HWThread 183 | HWThread 184 | HWThread 185 | HWThread 186 | HWThread 187 | HWThread 188 | HWThread 189 | HWThread 190 | HWThread 191 |
+----------------------+------------+------------+------------+------------+------------+------------+------------+------------+------------+------------+-------------+-------------+-------------+-------------+-------------+-------------+-------------+-------------+-------------+-------------+-------------+-------------+-------------+-------------+-------------+-------------+-------------+-------------+-------------+-------------+-------------+-------------+-------------+-------------+-------------+-------------+-------------+-------------+-------------+-------------+-------------+-------------+-------------+-------------+-------------+-------------+-------------+-------------+-------------+-------------+-------------+-------------+-------------+-------------+-------------+-------------+-------------+-------------+-------------+-------------+-------------+-------------+-------------+-------------+-------------+-------------+-------------+-------------+-------------+-------------+-------------+-------------+-------------+-------------+-------------+-------------+-------------+-------------+-------------+-------------+-------------+-------------+-------------+-------------+-------------+-------------+-------------+-------------+-------------+-------------+-------------+-------------+-------------+-------------+-------------+-------------+-------------+-------------+-------------+-------------+--------------+--------------+--------------+--------------+--------------+--------------+--------------+--------------+--------------+--------------+--------------+--------------+--------------+--------------+--------------+--------------+--------------+--------------+--------------+--------------+--------------+--------------+--------------+--------------+--------------+--------------+--------------+--------------+--------------+--------------+--------------+--------------+--------------+--------------+--------------+--------------+--------------+--------------+--------------+--------------+--------------+--------------+--------------+--------------+--------------+--------------+--------------+--------------+--------------+--------------+--------------+--------------+--------------+--------------+--------------+--------------+--------------+--------------+--------------+--------------+--------------+--------------+--------------+--------------+--------------+--------------+--------------+--------------+--------------+--------------+--------------+--------------+--------------+--------------+--------------+--------------+--------------+--------------+--------------+--------------+--------------+--------------+--------------+--------------+--------------+--------------+--------------+--------------+--------------+--------------+--------------+--------------+
|  Runtime (RDTSC) [s] |     1.3252 |     1.3252 |     1.3251 |     1.3251 |     1.3251 |     1.3251 |     1.3251 |     1.3251 |     1.3250 |     1.3251 |      1.3252 |      1.3252 |      1.3252 |      1.3251 |      1.3251 |      1.3252 |      1.3250 |      1.3250 |      1.3253 |      1.3253 |      1.3253 |      1.3253 |      1.3253 |      1.3250 |      1.3250 |      1.3250 |      1.3250 |      1.3252 |      1.3250 |      1.3250 |      1.3250 |      1.3250 |      1.3251 |      1.3251 |      1.3250 |      1.3250 |      1.3250 |      1.3250 |      1.3250 |      1.3251 |      1.3250 |      1.3252 |      1.3252 |      1.3252 |      1.3255 |      1.3252 |      1.3252 |      1.3252 |      1.3250 |      1.3252 |      1.3252 |      1.3251 |      1.3252 |      1.3252 |      1.3253 |      1.3258 |      1.3250 |      1.3251 |      1.3250 |      1.3250 |      1.3250 |      1.3250 |      1.3250 |      1.3250 |      1.3253 |      1.3252 |      1.3253 |      1.3252 |      1.3250 |      1.3255 |      1.3253 |      1.3252 |      1.3253 |      1.3253 |      1.3250 |      1.3253 |      1.3250 |      1.3250 |      1.3253 |      1.3251 |      1.3252 |      1.3252 |      1.3252 |      1.3250 |      1.3252 |      1.3252 |      1.3252 |      1.3255 |      1.3255 |      1.3253 |      1.3252 |      1.3265 |      1.3265 |      1.3255 |      1.3252 |      1.3252 |      1.3255 |      1.3252 |      1.3252 |      1.3255 |       1.3252 |       1.3258 |       1.3252 |       1.3251 |       1.3251 |       1.3252 |       1.3253 |       1.3269 |       1.3258 |       1.3252 |       1.3255 |       1.3253 |       1.3252 |       1.3252 |       1.3252 |       1.3253 |       1.3253 |       1.3251 |       1.3250 |       1.3253 |       1.3252 |       1.3252 |       1.3252 |       1.3250 |       1.3252 |       1.3252 |       1.3250 |       1.3252 |       1.3253 |       1.3252 |       1.3252 |       1.3252 |       1.3252 |       1.3252 |       1.3252 |       1.3252 |       1.3252 |       1.3250 |       1.3253 |       1.3250 |       1.3253 |       1.3253 |       1.3253 |       1.3250 |       1.3265 |       1.3256 |       1.3252 |       1.3252 |       1.3253 |       1.3256 |       1.3258 |       1.3256 |       1.3251 |       1.3250 |       1.3251 |       1.3251 |       1.3250 |       1.3251 |       1.3250 |       1.3251 |       1.3250 |       1.3250 |       1.3251 |       1.3251 |       1.3253 |       1.3252 |       1.3252 |       1.3253 |       1.3250 |       1.3253 |       1.3252 |       1.3252 |       1.3252 |       1.3252 |       1.3255 |       1.3255 |       1.3252 |       1.3253 |       1.3253 |       1.3253 |       1.3255 |       1.3250 |       1.3252 |       1.3251 |       1.3252 |       1.3250 |       1.3250 |       1.3255 |       1.3252 |       1.3253 |       1.3253 |       1.3255 |
| Runtime unhalted [s] |     1.7019 |     1.7021 |     1.7015 |     1.7017 |     1.7017 |     1.7015 |     1.7017 |     1.7017 |     1.7023 |     1.7023 |      1.7022 |      1.7028 |      1.7027 |      1.7023 |      1.7023 |      1.7028 |      1.7024 |      1.7024 |      1.7024 |      1.7024 |      1.7024 |      1.7024 |      1.7024 |      1.7024 |      1.7013 |      1.7014 |      1.7011 |      1.7018 |      1.7014 |      1.7012 |      1.7013 |      1.7013 |      1.7018 |      1.7015 |      1.7012 |      1.7015 |      1.7018 |      1.7017 |      1.7012 |      1.7017 |      1.7021 |      1.7028 |      1.7027 |      1.7026 |      1.7028 |      1.7028 |      1.7027 |      1.7028 |      1.7025 |      1.7029 |      1.7030 |      1.7025 |      1.7030 |      1.7030 |      1.7031 |      1.7033 |      1.7017 |      1.7016 |      1.7017 |      1.7017 |      1.7017 |      1.7016 |      1.7017 |      1.7017 |      1.7029 |      1.7029 |      1.7028 |      1.7029 |      1.7028 |      1.7032 |      1.7028 |      1.7029 |      1.7021 |      1.7021 |      1.7022 |      1.7021 |      1.7021 |      1.7021 |      1.7021 |      1.7022 |      1.7030 |      1.7030 |      1.7031 |      1.7025 |      1.7029 |      1.7030 |      1.7030 |      1.7033 |      1.7033 |      1.7030 |      1.7028 |      1.7035 |      1.7035 |      1.7033 |      1.7031 |      1.7031 |      1.7124 |      1.7123 |      1.7123 |      1.7121 |       1.7129 |       1.7126 |       1.7123 |       1.7115 |       1.7121 |       1.7129 |       1.7125 |       1.7134 |       1.7131 |       1.7127 |       1.7128 |       1.7125 |       1.7122 |       1.7119 |       1.7118 |       1.7118 |       1.7122 |       1.7114 |       1.7114 |       1.7118 |       1.7115 |       1.7119 |       1.7122 |       1.7115 |       1.7119 |       1.7120 |       1.7111 |       1.7123 |       1.7121 |       1.7121 |       1.7121 |       1.7121 |       1.7127 |       1.7121 |       1.7120 |       1.7120 |       1.7124 |       1.7119 |       1.7123 |       1.7116 |       1.7128 |       1.7123 |       1.7123 |       1.7112 |       1.7136 |       1.7130 |       1.7131 |       1.7130 |       1.7127 |       1.7131 |       1.7131 |       1.7133 |       1.7112 |       1.7111 |       1.7116 |       1.7114 |       1.7115 |       1.7114 |       1.7114 |       1.7111 |       1.7115 |       1.7114 |       1.7112 |       1.7112 |       1.7117 |       1.7117 |       1.7121 |       1.7117 |       1.7118 |       1.7124 |       1.7124 |       1.7124 |       1.7124 |       1.7124 |       1.7124 |       1.7123 |       1.7123 |       1.7122 |       1.7123 |       1.7122 |       1.7122 |       1.7118 |       1.7125 |       1.7120 |       1.7125 |       1.7116 |       1.7119 |       1.7123 |       1.7128 |       1.7116 |       1.7116 |       1.7128 |
|      Clock [MHz]     |  3073.5312 |  3075.0456 |  3074.2473 |  3073.9728 |  3073.7122 |  3074.2369 |  3073.9830 |  3073.9014 |  3073.6642 |  3073.6245 |   3073.6375 |   3073.9249 |   3073.9393 |   3073.5737 |   3073.6345 |   3073.8638 |   3074.2756 |   3074.2814 |   3074.2304 |   3074.1903 |   3074.1933 |   3074.1950 |   3074.2309 |   3074.2876 |   3072.9645 |   3072.9507 |   3072.9794 |   3073.1599 |   3073.0099 |   3073.1554 |   3072.9671 |   3072.9440 |   3073.3425 |   3073.1823 |   3073.3682 |   3073.1805 |   3073.3587 |   3072.9171 |   3073.3788 |   3072.9005 |   3073.4657 |   3074.0654 |   3073.6469 |   3073.7244 |   3074.0909 |   3074.0685 |   3073.7215 |   3074.0447 |   3074.1329 |   3074.3674 |   3074.3803 |   3073.9992 |   3074.4019 |   3074.3654 |   3074.2833 |   3073.8523 |   3072.6473 |   3072.6705 |   3072.6834 |   3072.6488 |   3072.7268 |   3072.6808 |   3072.6513 |   3072.6480 |   3074.2887 |   3074.2618 |   3074.2391 |   3074.2817 |   3074.3015 |   3074.0998 |   3074.2982 |   3074.2603 |   3073.4160 |   3073.4096 |   3073.4233 |   3073.4593 |   3073.4505 |   3073.4400 |   3073.4646 |   3073.4592 |   3074.1915 |   3074.0967 |   3074.6611 |   3073.9273 |   3074.2523 |   3074.1086 |   3073.9666 |   3074.0113 |   3074.6594 |   3074.8376 |   3074.6478 |   3074.3391 |   3074.3622 |   3074.4866 |   3075.4179 |   3074.7306 |   3091.4714 |   3092.1194 |   3092.4368 |   3092.3460 |    3092.5979 |    3091.9064 |    3092.1144 |    3092.2572 |    3092.1368 |    3092.0491 |    3092.2693 |    3091.6960 |    3091.7369 |    3092.9361 |    3091.9395 |    3092.2639 |    3091.4648 |    3091.0737 |    3091.1961 |    3091.1976 |    3090.8746 |    3090.9300 |    3090.9495 |    3091.2237 |    3091.8993 |    3091.3628 |    3091.1211 |    3091.1704 |    3091.3419 |    3091.4573 |    3091.6562 |    3091.6633 |    3091.3319 |    3091.6774 |    3091.3837 |    3091.3507 |    3091.8674 |    3091.6888 |    3091.8252 |    3091.4622 |    3092.2748 |    3091.9711 |    3092.0089 |    3092.2476 |    3092.3297 |    3092.0345 |    3092.1698 |    3091.5160 |    3092.2942 |    3091.9099 |    3092.9508 |    3092.6761 |    3092.1042 |    3091.9583 |    3091.7009 |    3092.3508 |    3090.5596 |    3090.6009 |    3090.7566 |    3090.2791 |    3090.7863 |    3090.2836 |    3090.2243 |    3090.5964 |    3090.4617 |    3090.4153 |    3090.6465 |    3090.6904 |    3090.9598 |    3090.9847 |    3091.1817 |    3090.9589 |    3091.9084 |    3092.2051 |    3092.1776 |    3092.1231 |    3092.1711 |    3092.1818 |    3092.1633 |    3092.1383 |    3092.0228 |    3092.0045 |    3092.0220 |    3092.0051 |    3092.0230 |    3091.7562 |    3091.8004 |    3091.5055 |    3092.6413 |    3092.3165 |    3091.9031 |    3091.6991 |    3092.2351 |    3092.1263 |    3092.2145 |    3091.8178 |
|          CPI         |     0.7900 |     0.7925 |     0.7925 |     0.7925 |     0.7924 |     0.7925 |     0.7924 |     0.7924 |     0.7913 |     0.7914 |      0.7915 |      0.7915 |      0.7915 |      0.7914 |      0.7914 |      0.7914 |      0.7913 |      0.7912 |      0.7914 |      0.7914 |      0.7914 |      0.7913 |      0.7914 |      0.7913 |      0.7911 |      0.7911 |      0.7911 |      0.7913 |      0.7911 |      0.7911 |      0.7911 |      0.7911 |      0.7911 |      0.7910 |      0.7911 |      0.7911 |      0.7910 |      0.7911 |      0.7910 |      0.7911 |      0.7911 |      0.7912 |      0.7913 |      0.7913 |      0.7914 |      0.7912 |      0.7911 |      0.7912 |      0.7914 |      0.7915 |      0.7915 |      0.7915 |      0.7915 |      0.7914 |      0.7916 |      0.7918 |      0.7909 |      0.7910 |      0.7909 |      0.7909 |      0.7908 |      0.7908 |      0.7909 |      0.7909 |      0.7915 |      0.7914 |      0.7915 |      0.7914 |      0.7912 |      0.7917 |      0.7914 |      0.7914 |      0.7911 |      0.7912 |      0.7911 |      0.7912 |      0.7911 |      0.7910 |      0.7912 |      0.7911 |      0.7920 |      0.7919 |      0.7920 |      0.7919 |      0.7919 |      0.7918 |      0.7919 |      0.7921 |      0.7914 |      0.7913 |      0.7914 |      0.7920 |      0.7919 |      0.7913 |      0.7912 |      0.7913 |      0.7965 |      0.7963 |      0.7963 |      0.7965 |       0.7963 |       0.7966 |       0.7962 |       0.7962 |       0.7964 |       0.7965 |       0.7965 |       0.7975 |       0.7968 |       0.7965 |       0.7966 |       0.7965 |       0.7961 |       0.7962 |       0.7961 |       0.7962 |       0.7962 |       0.7960 |       0.7960 |       0.7962 |       0.7959 |       0.7960 |       0.7960 |       0.7957 |       0.7959 |       0.7960 |       0.7958 |       0.7959 |       0.7961 |       0.7961 |       0.7961 |       0.7961 |       0.7961 |       0.7961 |       0.7961 |       0.7960 |       0.7961 |       0.7960 |       0.7962 |       0.7960 |       0.7960 |       0.7961 |       0.7963 |       0.7960 |       0.7968 |       0.7962 |       0.7960 |       0.7960 |       0.7960 |       0.7963 |       0.7964 |       0.7962 |       0.7956 |       0.7956 |       0.7956 |       0.7956 |       0.7956 |       0.7956 |       0.7956 |       0.7956 |       0.7956 |       0.7955 |       0.7957 |       0.7956 |       0.7958 |       0.7956 |       0.7956 |       0.7957 |       0.7958 |       0.7960 |       0.7959 |       0.7959 |       0.7959 |       0.7960 |       0.7962 |       0.7962 |       0.7959 |       0.7959 |       0.7960 |       0.7960 |       0.7961 |       0.7959 |       0.7960 |       0.7959 |       0.7965 |       0.7965 |       0.7965 |       0.7968 |       0.7971 |       0.7971 |       0.7968 |       0.7968 |
|     SP [MFLOP/s]     | 97231.0994 | 97229.4119 | 97236.0156 | 97236.0156 | 97236.0156 | 97236.0156 | 97236.0156 | 97236.0156 | 97243.0605 | 97237.9968 |  97226.4038 |  97230.7325 |  97226.4772 |  97236.5292 |  97240.7121 |  97230.8059 |  97243.3540 |  97243.5008 |  97224.7165 |  97224.7898 |  97224.7898 |  97224.9366 |  97224.9366 |  97243.2807 |  97243.2807 |  97243.2073 |  97245.0420 |  97227.1375 |  97242.5468 |  97245.5558 |  97245.2622 |  97242.6201 |  97235.3552 |  97235.3552 |  97244.8953 |  97245.1154 |  97245.1154 |  97245.1154 |  97244.9687 |  97235.4285 |  97242.8403 |  97233.0071 |  97231.0260 |  97231.4663 |  97206.2327 |  97232.3467 |  97232.3467 |  97231.4663 |  97244.6017 |  97232.4201 |  97230.3657 |  97236.5292 |  97230.5858 |  97232.4201 |  97222.2222 |  97187.3895 |  97244.5283 |  97239.7580 |  97244.5283 |  97244.5283 |  97244.4549 |  97244.5283 |  97244.5283 |  97244.5283 |  97220.6084 |  97231.1728 |  97224.9366 |  97232.4201 |  97244.8953 |  97205.7927 |  97226.1104 |  97232.4201 |  97223.1025 |  97223.0292 |  97240.9322 |  97223.0292 |  97242.4000 |  97242.4000 |  97225.1566 |  97240.8588 |  97231.9799 |  97230.3657 |  97227.4309 |  97244.6017 |  97230.3657 |  97226.4772 |  97231.6864 |  97209.4595 |  97209.4595 |  97225.5235 |  97228.4581 |  97138.0064 |  97138.0064 |  97211.5131 |  97231.9799 |  97230.6592 |  97204.5461 |  97228.6782 |  97228.8249 |  97204.5461 |   97228.6048 |   97188.9289 |   97229.2651 |   97237.6299 |   97237.7767 |   97226.6239 |   97223.1759 |   97105.7953 |   97186.0700 |   97228.8249 |   97206.1594 |   97221.8554 |   97228.7516 |   97226.7707 |   97232.7870 |   97221.9288 |   97220.4617 |   97237.8501 |   97245.2622 |   97225.4501 |   97233.0071 |   97230.4391 |   97231.3929 |   97244.7485 |   97232.2000 |   97229.2651 |   97244.8953 |   97230.6592 |   97220.6084 |   97231.0994 |   97226.9174 |   97231.0260 |   97226.9174 |   97228.6048 |   97231.0260 |   97233.3006 |   97231.0994 |   97244.5283 |   97223.6161 |   97244.7485 |   97225.3767 |   97225.4501 |   97224.0562 |   97245.2622 |   97137.9332 |   97203.1528 |   97230.5858 |   97228.6782 |   97221.3419 |   97203.1528 |   97186.5098 |   97202.5661 |   97239.7580 |   97244.9687 |   97238.7307 |   97237.7767 |   97243.2073 |   97237.7767 |   97245.1154 |   97235.7954 |   97245.1888 |   97245.1154 |   97235.6487 |   97240.0516 |   97221.8554 |   97232.8604 |   97232.8604 |   97221.8554 |   97245.3356 |   97220.5350 |   97232.4935 |   97232.4935 |   97231.2461 |   97230.9527 |   97204.9860 |   97204.9860 |   97232.4935 |   97225.3767 |   97221.0485 |   97221.8554 |   97208.2861 |   97241.0056 |   97232.7870 |   97236.0889 |   97231.7598 |   97245.2622 |   97243.4274 |   97208.4328 |   97231.7598 |   97225.7436 |   97225.0099 |   97205.0594 |
+----------------------+------------+------------+------------+------------+------------+------------+------------+------------+------------+------------+-------------+-------------+-------------+-------------+-------------+-------------+-------------+-------------+-------------+-------------+-------------+-------------+-------------+-------------+-------------+-------------+-------------+-------------+-------------+-------------+-------------+-------------+-------------+-------------+-------------+-------------+-------------+-------------+-------------+-------------+-------------+-------------+-------------+-------------+-------------+-------------+-------------+-------------+-------------+-------------+-------------+-------------+-------------+-------------+-------------+-------------+-------------+-------------+-------------+-------------+-------------+-------------+-------------+-------------+-------------+-------------+-------------+-------------+-------------+-------------+-------------+-------------+-------------+-------------+-------------+-------------+-------------+-------------+-------------+-------------+-------------+-------------+-------------+-------------+-------------+-------------+-------------+-------------+-------------+-------------+-------------+-------------+-------------+-------------+-------------+-------------+-------------+-------------+-------------+-------------+--------------+--------------+--------------+--------------+--------------+--------------+--------------+--------------+--------------+--------------+--------------+--------------+--------------+--------------+--------------+--------------+--------------+--------------+--------------+--------------+--------------+--------------+--------------+--------------+--------------+--------------+--------------+--------------+--------------+--------------+--------------+--------------+--------------+--------------+--------------+--------------+--------------+--------------+--------------+--------------+--------------+--------------+--------------+--------------+--------------+--------------+--------------+--------------+--------------+--------------+--------------+--------------+--------------+--------------+--------------+--------------+--------------+--------------+--------------+--------------+--------------+--------------+--------------+--------------+--------------+--------------+--------------+--------------+--------------+--------------+--------------+--------------+--------------+--------------+--------------+--------------+--------------+--------------+--------------+--------------+--------------+--------------+--------------+--------------+--------------+--------------+--------------+--------------+--------------+--------------+--------------+--------------+
+---------------------------+--------------+------------+------------+------------+
|           Metric          |      Sum     |     Min    |     Max    |     Avg    |
+---------------------------+--------------+------------+------------+------------+
|  Runtime (RDTSC) [s] STAT |     254.4432 |     1.3250 |     1.3269 |     1.3252 |
| Runtime unhalted [s] STAT |     327.7880 |     1.7011 |     1.7136 |     1.7072 |
|      Clock [MHz] STAT     |  591885.8466 |  3072.6473 |  3092.9508 |  3082.7388 |
|          CPI STAT         |     152.4010 |     0.7900 |     0.7975 |     0.7938 |
|     SP [MFLOP/s] STAT     | 1.866785e+07 | 97105.7953 | 97245.5558 | 97228.3919 |
+---------------------------+--------------+------------+------------+------------+
