--------------------------------------------------------------------------------
CPU name:	AMD EPYC 9654 96-Core Processor                
CPU type:	AMD K19 (Zen4) architecture
CPU clock:	2.40 GHz
--------------------------------------------------------------------------------
Region bench, Group 1: FLOPS_SP
+-------------------+------------+------------+------------+------------+------------+------------+------------+------------+------------+------------+-------------+-------------+-------------+-------------+-------------+-------------+-------------+-------------+-------------+-------------+-------------+-------------+-------------+-------------+-------------+-------------+-------------+-------------+-------------+-------------+-------------+-------------+-------------+-------------+-------------+-------------+-------------+-------------+-------------+-------------+-------------+-------------+-------------+-------------+-------------+-------------+-------------+-------------+-------------+-------------+-------------+-------------+-------------+-------------+-------------+-------------+-------------+-------------+-------------+-------------+-------------+-------------+-------------+-------------+-------------+-------------+-------------+-------------+-------------+-------------+-------------+-------------+-------------+-------------+-------------+-------------+-------------+-------------+-------------+-------------+-------------+-------------+-------------+-------------+-------------+-------------+-------------+-------------+-------------+-------------+-------------+-------------+-------------+-------------+-------------+-------------+
|    Region Info    | HWThread 0 | HWThread 1 | HWThread 2 | HWThread 3 | HWThread 4 | HWThread 5 | HWThread 6 | HWThread 7 | HWThread 8 | HWThread 9 | HWThread 10 | HWThread 11 | HWThread 12 | HWThread 13 | HWThread 14 | HWThread 15 | HWThread 16 | HWThread 17 | HWThread 18 | HWThread 19 | HWThread 20 | HWThread 21 | HWThread 22 | HWThread 23 | HWThread 24 | HWThread 25 | HWThread 26 | HWThread 27 | HWThread 28 | HWThread 29 | HWThread 30 | HWThread 31 | HWThread 32 | HWThread 33 | HWThread 34 | HWThread 35 | HWThread 36 | HWThread 37 | HWThread 38 | HWThread 39 | HWThread 40 | HWThread 41 | HWThread 42 | HWThread 43 | HWThread 44 | HWThread 45 | HWThread 46 | HWThread 47 | HWThread 48 | HWThread 49 | HWThread 50 | HWThread 51 | HWThread 52 | HWThread 53 | HWThread 54 | HWThread 55 | HWThread 56 | HWThread 57 | HWThread 58 | HWThread 59 | HWThread 60 | HWThread 61 | HWThread 62 | HWThread 63 | HWThread 64 | HWThread 65 | HWThread 66 | HWThread 67 | HWThread 68 | HWThread 69 | HWThread 70 | HWThread 71 | HWThread 72 | HWThread 73 | HWThread 74 | HWThread 75 | HWThread 76 | HWThread 77 | HWThread 78 | HWThread 79 | HWThread 80 | HWThread 81 | HWThread 82 | HWThread 83 | HWThread 84 | HWThread 85 | HWThread 86 | HWThread 87 | HWThread 88 | HWThread 89 | HWThread 90 | HWThread 91 | HWThread 92 | HWThread 93 | HWThread 94 | HWThread 95 |
+-------------------+------------+------------+------------+------------+------------+------------+------------+------------+------------+------------+-------------+-------------+-------------+-------------+-------------+-------------+-------------+-------------+-------------+-------------+-------------+-------------+-------------+-------------+-------------+-------------+-------------+-------------+-------------+-------------+-------------+-------------+-------------+-------------+-------------+-------------+-------------+-------------+-------------+-------------+-------------+-------------+-------------+-------------+-------------+-------------+-------------+-------------+-------------+-------------+-------------+-------------+-------------+-------------+-------------+-------------+-------------+-------------+-------------+-------------+-------------+-------------+-------------+-------------+-------------+-------------+-------------+-------------+-------------+-------------+-------------+-------------+-------------+-------------+-------------+-------------+-------------+-------------+-------------+-------------+-------------+-------------+-------------+-------------+-------------+-------------+-------------+-------------+-------------+-------------+-------------+-------------+-------------+-------------+-------------+-------------+
| RDTSC Runtime [s] |   1.375004 |   1.374946 |   1.375020 |   1.375029 |   1.375021 |   1.374929 |   1.375083 |   1.374939 |   1.374933 |   1.374933 |    1.374932 |    1.375006 |    1.375008 |    1.374933 |    1.375006 |    1.375118 |    1.374975 |    1.375038 |    1.374975 |    1.374913 |    1.375059 |    1.374896 |    1.374965 |    1.375022 |    1.374933 |    1.375100 |    1.375223 |    1.375163 |    1.375224 |    1.374903 |    1.375224 |    1.375086 |    1.375024 |    1.374932 |    1.375035 |    1.374977 |    1.374966 |    1.374949 |    1.375034 |    1.374966 |    1.375049 |    1.375092 |    1.375092 |    1.375094 |    1.375020 |    1.375153 |    1.375018 |    1.375023 |    1.374917 |    1.374939 |    1.374944 |    1.374925 |    1.375019 |    1.375022 |    1.374897 |    1.375008 |    1.375044 |    1.374942 |    1.375009 |    1.374917 |    1.374898 |    1.374898 |    1.374953 |    1.375056 |    1.374941 |    1.375210 |    1.374898 |    1.375213 |    1.375009 |    1.375226 |    1.374967 |    1.374898 |    1.374899 |    1.375010 |    1.374970 |    1.374903 |    1.375087 |    1.375087 |    1.374967 |    1.375020 |    1.374965 |    1.374949 |    1.374962 |    1.374873 |    1.374874 |    1.374961 |    1.374949 |    1.374945 |    1.375093 |    1.375086 |    1.375153 |    1.375022 |    1.375008 |    1.375008 |    1.374934 |    1.374934 |
|     call count    |          1 |          1 |          1 |          1 |          1 |          1 |          1 |          1 |          1 |          1 |           1 |           1 |           1 |           1 |           1 |           1 |           1 |           1 |           1 |           1 |           1 |           1 |           1 |           1 |           1 |           1 |           1 |           1 |           1 |           1 |           1 |           1 |           1 |           1 |           1 |           1 |           1 |           1 |           1 |           1 |           1 |           1 |           1 |           1 |           1 |           1 |           1 |           1 |           1 |           1 |           1 |           1 |           1 |           1 |           1 |           1 |           1 |           1 |           1 |           1 |           1 |           1 |           1 |           1 |           1 |           1 |           1 |           1 |           1 |           1 |           1 |           1 |           1 |           1 |           1 |           1 |           1 |           1 |           1 |           1 |           1 |           1 |           1 |           1 |           1 |           1 |           1 |           1 |           1 |           1 |           1 |           1 |           1 |           1 |           1 |           1 |
+-------------------+------------+------------+------------+------------+------------+------------+------------+------------+------------+------------+-------------+-------------+-------------+-------------+-------------+-------------+-------------+-------------+-------------+-------------+-------------+-------------+-------------+-------------+-------------+-------------+-------------+-------------+-------------+-------------+-------------+-------------+-------------+-------------+-------------+-------------+-------------+-------------+-------------+-------------+-------------+-------------+-------------+-------------+-------------+-------------+-------------+-------------+-------------+-------------+-------------+-------------+-------------+-------------+-------------+-------------+-------------+-------------+-------------+-------------+-------------+-------------+-------------+-------------+-------------+-------------+-------------+-------------+-------------+-------------+-------------+-------------+-------------+-------------+-------------+-------------+-------------+-------------+-------------+-------------+-------------+-------------+-------------+-------------+-------------+-------------+-------------+-------------+-------------+-------------+-------------+-------------+-------------+-------------+-------------+-------------+
+---------------------------+---------+--------------+--------------+--------------+--------------+--------------+--------------+--------------+--------------+--------------+--------------+--------------+--------------+--------------+--------------+--------------+--------------+--------------+--------------+--------------+--------------+--------------+--------------+--------------+--------------+--------------+--------------+--------------+--------------+--------------+--------------+--------------+--------------+--------------+--------------+--------------+--------------+--------------+--------------+--------------+--------------+--------------+--------------+--------------+--------------+--------------+--------------+--------------+--------------+--------------+--------------+--------------+--------------+--------------+--------------+--------------+--------------+--------------+--------------+--------------+--------------+--------------+--------------+--------------+--------------+--------------+--------------+--------------+--------------+--------------+--------------+--------------+--------------+--------------+--------------+--------------+--------------+--------------+--------------+--------------+--------------+--------------+--------------+--------------+--------------+--------------+--------------+--------------+--------------+--------------+--------------+--------------+--------------+--------------+--------------+--------------+--------------+
|           Event           | Counter |  HWThread 0  |  HWThread 1  |  HWThread 2  |  HWThread 3  |  HWThread 4  |  HWThread 5  |  HWThread 6  |  HWThread 7  |  HWThread 8  |  HWThread 9  |  HWThread 10 |  HWThread 11 |  HWThread 12 |  HWThread 13 |  HWThread 14 |  HWThread 15 |  HWThread 16 |  HWThread 17 |  HWThread 18 |  HWThread 19 |  HWThread 20 |  HWThread 21 |  HWThread 22 |  HWThread 23 |  HWThread 24 |  HWThread 25 |  HWThread 26 |  HWThread 27 |  HWThread 28 |  HWThread 29 |  HWThread 30 |  HWThread 31 |  HWThread 32 |  HWThread 33 |  HWThread 34 |  HWThread 35 |  HWThread 36 |  HWThread 37 |  HWThread 38 |  HWThread 39 |  HWThread 40 |  HWThread 41 |  HWThread 42 |  HWThread 43 |  HWThread 44 |  HWThread 45 |  HWThread 46 |  HWThread 47 |  HWThread 48 |  HWThread 49 |  HWThread 50 |  HWThread 51 |  HWThread 52 |  HWThread 53 |  HWThread 54 |  HWThread 55 |  HWThread 56 |  HWThread 57 |  HWThread 58 |  HWThread 59 |  HWThread 60 |  HWThread 61 |  HWThread 62 |  HWThread 63 |  HWThread 64 |  HWThread 65 |  HWThread 66 |  HWThread 67 |  HWThread 68 |  HWThread 69 |  HWThread 70 |  HWThread 71 |  HWThread 72 |  HWThread 73 |  HWThread 74 |  HWThread 75 |  HWThread 76 |  HWThread 77 |  HWThread 78 |  HWThread 79 |  HWThread 80 |  HWThread 81 |  HWThread 82 |  HWThread 83 |  HWThread 84 |  HWThread 85 |  HWThread 86 |  HWThread 87 |  HWThread 88 |  HWThread 89 |  HWThread 90 |  HWThread 91 |  HWThread 92 |  HWThread 93 |  HWThread 94 |  HWThread 95 |
+---------------------------+---------+--------------+--------------+--------------+--------------+--------------+--------------+--------------+--------------+--------------+--------------+--------------+--------------+--------------+--------------+--------------+--------------+--------------+--------------+--------------+--------------+--------------+--------------+--------------+--------------+--------------+--------------+--------------+--------------+--------------+--------------+--------------+--------------+--------------+--------------+--------------+--------------+--------------+--------------+--------------+--------------+--------------+--------------+--------------+--------------+--------------+--------------+--------------+--------------+--------------+--------------+--------------+--------------+--------------+--------------+--------------+--------------+--------------+--------------+--------------+--------------+--------------+--------------+--------------+--------------+--------------+--------------+--------------+--------------+--------------+--------------+--------------+--------------+--------------+--------------+--------------+--------------+--------------+--------------+--------------+--------------+--------------+--------------+--------------+--------------+--------------+--------------+--------------+--------------+--------------+--------------+--------------+--------------+--------------+--------------+--------------+--------------+
|      ACTUAL_CPU_CLOCK     |  FIXC1  |   4061946000 |   4062283000 |   4061901000 |   4061702000 |   4061896000 |   4061528000 |   4062310000 |   4061736000 |   4061720000 |   4061861000 |   4061710000 |   4062091000 |   4062077000 |   4061597000 |   4062110000 |   4062440000 |   4062146000 |   4062240000 |   4062444000 |   4061762000 |   4062319000 |   4061813000 |   4061751000 |   4062143000 |   4062330000 |   4062793000 |   4063130000 |   4062952000 |   4063119000 |   4062325000 |   4063126000 |   4062796000 |   4061877000 |   4061681000 |   4061873000 |   4061870000 |   4061905000 |   4061884000 |   4061905000 |   4062095000 |   4063108000 |   4063148000 |   4063241000 |   4063148000 |   4063281000 |   4063366000 |   4063133000 |   4062755000 |   4061809000 |   4061880000 |   4062067000 |   4061766000 |   4061884000 |   4061891000 |   4061811000 |   4061908000 |   4062459000 |   4062635000 |   4062458000 |   4062040000 |   4062101000 |   4061866000 |   4062208000 |   4062250000 |   4062957000 |   4063201000 |   4062305000 |   4063212000 |   4062787000 |   4063240000 |   4062957000 |   4062347000 |   4061788000 |   4062142000 |   4062189000 |   4061793000 |   4062261000 |   4062246000 |   4062166000 |   4062245000 |   4061465000 |   4061529000 |   4061504000 |   4060459000 |   4060412000 |   4061517000 |   4061528000 |   4061585000 |   4062208000 |   4062020000 |   4062379000 |   4062491000 |   4061900000 |   4061889000 |   4062073000 |   4061589000 |
|       MAX_CPU_CLOCK       |  FIXC2  |   3296483000 |   3296612000 |   3296308000 |   3296380000 |   3296307000 |   3296051000 |   3296926000 |   3296211000 |   3296247000 |   3296444000 |   3296218000 |   3296625000 |   3296618000 |   3296200000 |   3296633000 |   3297056000 |   3296554000 |   3296309000 |   3296241000 |   3295809000 |   3296479000 |   3295852000 |   3296155000 |   3296201000 |   3296451000 |   3296753000 |   3297133000 |   3296945000 |   3297127000 |   3296264000 |   3297126000 |   3296691000 |   3296754000 |   3296517000 |   3296755000 |   3296741000 |   3296771000 |   3296779000 |   3296762000 |   3296916000 |   3296947000 |   3296961000 |   3297001000 |   3296961000 |   3297041000 |   3297232000 |   3296958000 |   3296816000 |   3296502000 |   3296732000 |   3296803000 |   3296420000 |   3296711000 |   3296783000 |   3296510000 |   3296771000 |   3296959000 |   3296918000 |   3296960000 |   3296565000 |   3296561000 |   3296506000 |   3296768000 |   3296898000 |   3296626000 |   3297144000 |   3296244000 |   3297142000 |   3296664000 |   3297168000 |   3296618000 |   3296252000 |   3296507000 |   3296897000 |   3296910000 |   3296520000 |   3296939000 |   3296930000 |   3296900000 |   3296925000 |   3296536000 |   3296546000 |   3296537000 |   3295828000 |   3295809000 |   3296535000 |   3296430000 |   3296453000 |   3296880000 |   3296643000 |   3297020000 |   3296928000 |   3296581000 |   3296572000 |   3296729000 |   3296426000 |
|    RETIRED_INSTRUCTIONS   |   PMC0  |   5102763000 |   5104059000 |   5104016000 |   5104086000 |   5104059000 |   5104019000 |   5104041000 |   5103955000 |   5103803000 |   5103867000 |   5103823000 |   5103898000 |   5103842000 |   5103798000 |   5103798000 |   5103910000 |   5103793000 |   5103858000 |   5103705000 |   5103666000 |   5103795000 |   5103715000 |   5103750000 |   5103915000 |   5103872000 |   5103915000 |   5103999000 |   5103950000 |   5104035000 |   5103860000 |   5104004000 |   5103891000 |   5103554000 |   5103466000 |   5103542000 |   5103539000 |   5103491000 |   5103483000 |   5103490000 |   5103388000 |   5103772000 |   5103719000 |   5103753000 |   5103796000 |   5103356000 |   5103637000 |   5103229000 |   5103390000 |   5103588000 |   5103663000 |   5103602000 |   5103630000 |   5103684000 |   5103690000 |   5103571000 |   5103646000 |   5103614000 |   5103536000 |   5103577000 |   5103476000 |   5103473000 |   5103524000 |   5103540000 |   5103549000 |   5103696000 |   5103883000 |   5103732000 |   5103910000 |   5102263000 |   5103536000 |   5103236000 |   5103155000 |   5103326000 |   5103498000 |   5103544000 |   5103487000 |   5103521000 |   5103528000 |   5103581000 |   5103530000 |   5103728000 |   5103499000 |   5103760000 |   5103702000 |   5103652000 |   5103761000 |   5103744000 |   5103636000 |   5103654000 |   5103595000 |   5103716000 |   5103572000 |   5103413000 |   5103292000 |   5103301000 |   5101921000 |
|    CPU_CLOCKS_UNHALTED    |   PMC1  |   4032379000 |   4039519000 |   4039392000 |   4039756000 |   4039605000 |   4039442000 |   4039474000 |   4039049000 |   4038156000 |   4038444000 |   4038242000 |   4038662000 |   4038419000 |   4038101000 |   4038146000 |   4038747000 |   4038112000 |   4038413000 |   4037587000 |   4037497000 |   4038132000 |   4037728000 |   4037859000 |   4038817000 |   4038550000 |   4038776000 |   4039375000 |   4038954000 |   4039474000 |   4038457000 |   4039301000 |   4038653000 |   4036784000 |   4036253000 |   4036728000 |   4036693000 |   4036434000 |   4036385000 |   4036442000 |   4035873000 |   4038011000 |   4037665000 |   4037864000 |   4038140000 |   4036487000 |   4038003000 |   4037124000 |   4036693000 |   4037120000 |   4037402000 |   4037255000 |   4037223000 |   4037563000 |   4037572000 |   4037065000 |   4037420000 |   4037151000 |   4036705000 |   4036933000 |   4036544000 |   4036425000 |   4036636000 |   4036762000 |   4036790000 |   4037593000 |   4038607000 |   4037786000 |   4038797000 |   4037451000 |   4037751000 |   4037815000 |   4036412000 |   4035605000 |   4036533000 |   4036783000 |   4036480000 |   4036759000 |   4036726000 |   4037025000 |   4036748000 |   4037883000 |   4037228000 |   4038071000 |   4037748000 |   4037546000 |   4038081000 |   4038014000 |   4037414000 |   4037447000 |   4037065000 |   4037819000 |   4036951000 |   4036879000 |   4036189000 |   4036266000 |   4036391000 |
| RETIRED_SSE_AVX_FLOPS_ALL |   PMC2  | 128849000000 | 128849000000 | 128849000000 | 128849000000 | 128849000000 | 128849000000 | 128849000000 | 128849000000 | 128849000000 | 128849000000 | 128849000000 | 128849000000 | 128849000000 | 128849000000 | 128849000000 | 128849000000 | 128849000000 | 128849000000 | 128849000000 | 128849000000 | 128849000000 | 128849000000 | 128849000000 | 128849000000 | 128849000000 | 128849000000 | 128849000000 | 128849000000 | 128849000000 | 128849000000 | 128849000000 | 128849000000 | 128849000000 | 128849000000 | 128849000000 | 128849000000 | 128849000000 | 128849000000 | 128849000000 | 128849000000 | 128849000000 | 128849000000 | 128849000000 | 128849000000 | 128849000000 | 128849000000 | 128849000000 | 128849000000 | 128849000000 | 128849000000 | 128849000000 | 128849000000 | 128849000000 | 128849000000 | 128849000000 | 128849000000 | 128849000000 | 128849000000 | 128849000000 | 128849000000 | 128849000000 | 128849000000 | 128849000000 | 128849000000 | 128849000000 | 128849000000 | 128849000000 | 128849000000 | 128849000000 | 128849000000 | 128849000000 | 128849000000 | 128849000000 | 128849000000 | 128849000000 | 128849000000 | 128849000000 | 128849000000 | 128849000000 | 128849000000 | 128849000000 | 128849000000 | 128849000000 | 128849000000 | 128849000000 | 128849000000 | 128849000000 | 128849000000 | 128849000000 | 128849000000 | 128849000000 | 128849000000 | 128849000000 | 128849000000 | 128849000000 | 128849000000 |
|           MERGE           |   PMC3  |            0 |            0 |            0 |            0 |            0 |            0 |            0 |            0 |            0 |            0 |            0 |            0 |            0 |            0 |            0 |            0 |            0 |            0 |            0 |            0 |            0 |            0 |            0 |            0 |            0 |            0 |            0 |            0 |            0 |            0 |            0 |            0 |            0 |            0 |            0 |            0 |            0 |            0 |            0 |            0 |            0 |            0 |            0 |            0 |            0 |            0 |            0 |            0 |            0 |            0 |            0 |            0 |            0 |            0 |            0 |            0 |            0 |            0 |            0 |            0 |            0 |            0 |            0 |            0 |            0 |            0 |            0 |            0 |            0 |            0 |            0 |            0 |            0 |            0 |            0 |            0 |            0 |            0 |            0 |            0 |            0 |            0 |            0 |            0 |            0 |            0 |            0 |            0 |            0 |            0 |            0 |            0 |            0 |            0 |            0 |            0 |
+---------------------------+---------+--------------+--------------+--------------+--------------+--------------+--------------+--------------+--------------+--------------+--------------+--------------+--------------+--------------+--------------+--------------+--------------+--------------+--------------+--------------+--------------+--------------+--------------+--------------+--------------+--------------+--------------+--------------+--------------+--------------+--------------+--------------+--------------+--------------+--------------+--------------+--------------+--------------+--------------+--------------+--------------+--------------+--------------+--------------+--------------+--------------+--------------+--------------+--------------+--------------+--------------+--------------+--------------+--------------+--------------+--------------+--------------+--------------+--------------+--------------+--------------+--------------+--------------+--------------+--------------+--------------+--------------+--------------+--------------+--------------+--------------+--------------+--------------+--------------+--------------+--------------+--------------+--------------+--------------+--------------+--------------+--------------+--------------+--------------+--------------+--------------+--------------+--------------+--------------+--------------+--------------+--------------+--------------+--------------+--------------+--------------+--------------+
+--------------------------------+---------+----------------+--------------+--------------+--------------+
|              Event             | Counter |       Sum      |      Min     |      Max     |      Avg     |
+--------------------------------+---------+----------------+--------------+--------------+--------------+
|      ACTUAL_CPU_CLOCK STAT     |  FIXC1  |   389969784000 |   4060412000 |   4063366000 |   4062185250 |
|       MAX_CPU_CLOCK STAT       |  FIXC2  |   316477527000 |   3295809000 |   3297232000 | 3.296641e+09 |
|    RETIRED_INSTRUCTIONS STAT   |   PMC0  |   489948800000 |   5101921000 |   5104086000 | 5.103633e+09 |
|    CPU_CLOCKS_UNHALTED STAT    |   PMC1  |   387607226000 |   4032379000 |   4039756000 | 4.037575e+09 |
| RETIRED_SSE_AVX_FLOPS_ALL STAT |   PMC2  | 12369504000000 | 128849000000 | 128849000000 | 128849000000 |
|           MERGE STAT           |   PMC3  |              0 |            0 |            0 |            0 |
+--------------------------------+---------+----------------+--------------+--------------+--------------+
+----------------------+------------+------------+------------+------------+------------+------------+------------+------------+------------+------------+-------------+-------------+-------------+-------------+-------------+-------------+-------------+-------------+-------------+-------------+-------------+-------------+-------------+-------------+-------------+-------------+-------------+-------------+-------------+-------------+-------------+-------------+-------------+-------------+-------------+-------------+-------------+-------------+-------------+-------------+-------------+-------------+-------------+-------------+-------------+-------------+-------------+-------------+-------------+-------------+-------------+-------------+-------------+-------------+-------------+-------------+-------------+-------------+-------------+-------------+-------------+-------------+-------------+-------------+-------------+-------------+-------------+-------------+-------------+-------------+-------------+-------------+-------------+-------------+-------------+-------------+-------------+-------------+-------------+-------------+-------------+-------------+-------------+-------------+-------------+-------------+-------------+-------------+-------------+-------------+-------------+-------------+-------------+-------------+-------------+-------------+
|        Metric        | HWThread 0 | HWThread 1 | HWThread 2 | HWThread 3 | HWThread 4 | HWThread 5 | HWThread 6 | HWThread 7 | HWThread 8 | HWThread 9 | HWThread 10 | HWThread 11 | HWThread 12 | HWThread 13 | HWThread 14 | HWThread 15 | HWThread 16 | HWThread 17 | HWThread 18 | HWThread 19 | HWThread 20 | HWThread 21 | HWThread 22 | HWThread 23 | HWThread 24 | HWThread 25 | HWThread 26 | HWThread 27 | HWThread 28 | HWThread 29 | HWThread 30 | HWThread 31 | HWThread 32 | HWThread 33 | HWThread 34 | HWThread 35 | HWThread 36 | HWThread 37 | HWThread 38 | HWThread 39 | HWThread 40 | HWThread 41 | HWThread 42 | HWThread 43 | HWThread 44 | HWThread 45 | HWThread 46 | HWThread 47 | HWThread 48 | HWThread 49 | HWThread 50 | HWThread 51 | HWThread 52 | HWThread 53 | HWThread 54 | HWThread 55 | HWThread 56 | HWThread 57 | HWThread 58 | HWThread 59 | HWThread 60 | HWThread 61 | HWThread 62 | HWThread 63 | HWThread 64 | HWThread 65 | HWThread 66 | HWThread 67 | HWThread 68 | HWThread 69 | HWThread 70 | HWThread 71 | HWThread 72 | HWThread 73 | HWThread 74 | HWThread 75 | HWThread 76 | HWThread 77 | HWThread 78 | HWThread 79 | HWThread 80 | HWThread 81 | HWThread 82 | HWThread 83 | HWThread 84 | HWThread 85 | HWThread 86 | HWThread 87 | HWThread 88 | HWThread 89 | HWThread 90 | HWThread 91 | HWThread 92 | HWThread 93 | HWThread 94 | HWThread 95 |
+----------------------+------------+------------+------------+------------+------------+------------+------------+------------+------------+------------+-------------+-------------+-------------+-------------+-------------+-------------+-------------+-------------+-------------+-------------+-------------+-------------+-------------+-------------+-------------+-------------+-------------+-------------+-------------+-------------+-------------+-------------+-------------+-------------+-------------+-------------+-------------+-------------+-------------+-------------+-------------+-------------+-------------+-------------+-------------+-------------+-------------+-------------+-------------+-------------+-------------+-------------+-------------+-------------+-------------+-------------+-------------+-------------+-------------+-------------+-------------+-------------+-------------+-------------+-------------+-------------+-------------+-------------+-------------+-------------+-------------+-------------+-------------+-------------+-------------+-------------+-------------+-------------+-------------+-------------+-------------+-------------+-------------+-------------+-------------+-------------+-------------+-------------+-------------+-------------+-------------+-------------+-------------+-------------+-------------+-------------+
|  Runtime (RDTSC) [s] |     1.3750 |     1.3749 |     1.3750 |     1.3750 |     1.3750 |     1.3749 |     1.3751 |     1.3749 |     1.3749 |     1.3749 |      1.3749 |      1.3750 |      1.3750 |      1.3749 |      1.3750 |      1.3751 |      1.3750 |      1.3750 |      1.3750 |      1.3749 |      1.3751 |      1.3749 |      1.3750 |      1.3750 |      1.3749 |      1.3751 |      1.3752 |      1.3752 |      1.3752 |      1.3749 |      1.3752 |      1.3751 |      1.3750 |      1.3749 |      1.3750 |      1.3750 |      1.3750 |      1.3749 |      1.3750 |      1.3750 |      1.3750 |      1.3751 |      1.3751 |      1.3751 |      1.3750 |      1.3752 |      1.3750 |      1.3750 |      1.3749 |      1.3749 |      1.3749 |      1.3749 |      1.3750 |      1.3750 |      1.3749 |      1.3750 |      1.3750 |      1.3749 |      1.3750 |      1.3749 |      1.3749 |      1.3749 |      1.3750 |      1.3751 |      1.3749 |      1.3752 |      1.3749 |      1.3752 |      1.3750 |      1.3752 |      1.3750 |      1.3749 |      1.3749 |      1.3750 |      1.3750 |      1.3749 |      1.3751 |      1.3751 |      1.3750 |      1.3750 |      1.3750 |      1.3749 |      1.3750 |      1.3749 |      1.3749 |      1.3750 |      1.3749 |      1.3749 |      1.3751 |      1.3751 |      1.3752 |      1.3750 |      1.3750 |      1.3750 |      1.3749 |      1.3749 |
| Runtime unhalted [s] |     1.6951 |     1.6952 |     1.6951 |     1.6950 |     1.6951 |     1.6949 |     1.6953 |     1.6950 |     1.6950 |     1.6951 |      1.6950 |      1.6952 |      1.6952 |      1.6950 |      1.6952 |      1.6953 |      1.6952 |      1.6952 |      1.6953 |      1.6950 |      1.6953 |      1.6950 |      1.6950 |      1.6952 |      1.6953 |      1.6955 |      1.6956 |      1.6955 |      1.6956 |      1.6953 |      1.6956 |      1.6955 |      1.6951 |      1.6950 |      1.6951 |      1.6951 |      1.6951 |      1.6951 |      1.6951 |      1.6952 |      1.6956 |      1.6956 |      1.6956 |      1.6956 |      1.6957 |      1.6957 |      1.6956 |      1.6954 |      1.6950 |      1.6951 |      1.6951 |      1.6950 |      1.6951 |      1.6951 |      1.6950 |      1.6951 |      1.6953 |      1.6954 |      1.6953 |      1.6951 |      1.6952 |      1.6951 |      1.6952 |      1.6952 |      1.6955 |      1.6956 |      1.6952 |      1.6956 |      1.6954 |      1.6956 |      1.6955 |      1.6953 |      1.6950 |      1.6952 |      1.6952 |      1.6950 |      1.6952 |      1.6952 |      1.6952 |      1.6952 |      1.6949 |      1.6949 |      1.6949 |      1.6945 |      1.6945 |      1.6949 |      1.6949 |      1.6949 |      1.6952 |      1.6951 |      1.6953 |      1.6953 |      1.6951 |      1.6951 |      1.6952 |      1.6949 |
|      Clock [MHz]     |  2952.7220 |  2952.8515 |  2952.8461 |  2952.6369 |  2952.8434 |  2952.8052 |  2952.5899 |  2952.8130 |  2952.7692 |  2952.6952 |   2952.7879 |   2952.7003 |   2952.6964 |   2952.7218 |   2952.7069 |   2952.5679 |   2952.8038 |   2953.0916 |   2953.3009 |   2953.1921 |   2952.9968 |   2953.1907 |   2952.8741 |   2953.1179 |   2953.0299 |   2953.0959 |   2953.0005 |   2953.0395 |   2952.9978 |   2953.1937 |   2953.0038 |   2953.1536 |   2952.4292 |   2952.4990 |   2952.4254 |   2952.4357 |   2952.4343 |   2952.4119 |   2952.4424 |   2952.4425 |   2953.1511 |   2953.1676 |   2953.1994 |   2953.1676 |   2953.1926 |   2953.0833 |   2953.1594 |   2953.0118 |   2952.6054 |   2952.4511 |   2952.5234 |   2952.6476 |   2952.4728 |   2952.4134 |   2952.5997 |   2952.4365 |   2952.6686 |   2952.8332 |   2952.6670 |   2952.7169 |   2952.7649 |   2952.6433 |   2952.6572 |   2952.5713 |   2953.3289 |   2953.0422 |   2953.1971 |   2953.0520 |   2953.1712 |   2953.0490 |   2953.3360 |   2953.2205 |   2952.5857 |   2952.4937 |   2952.5162 |   2952.5777 |   2952.5426 |   2952.5398 |   2952.5085 |   2952.5435 |   2952.3249 |   2952.3625 |   2952.3524 |   2952.2277 |   2952.2106 |   2952.3636 |   2952.4657 |   2952.4865 |   2952.5569 |   2952.6325 |   2952.5558 |   2952.7196 |   2952.6008 |   2952.6009 |   2952.5940 |   2952.5136 |
|          CPI         |     0.7902 |     0.7914 |     0.7914 |     0.7915 |     0.7914 |     0.7914 |     0.7914 |     0.7914 |     0.7912 |     0.7913 |      0.7912 |      0.7913 |      0.7913 |      0.7912 |      0.7912 |      0.7913 |      0.7912 |      0.7912 |      0.7911 |      0.7911 |      0.7912 |      0.7911 |      0.7912 |      0.7913 |      0.7913 |      0.7913 |      0.7914 |      0.7913 |      0.7914 |      0.7913 |      0.7914 |      0.7913 |      0.7910 |      0.7909 |      0.7910 |      0.7910 |      0.7909 |      0.7909 |      0.7909 |      0.7908 |      0.7912 |      0.7911 |      0.7912 |      0.7912 |      0.7909 |      0.7912 |      0.7911 |      0.7910 |      0.7910 |      0.7911 |      0.7911 |      0.7910 |      0.7911 |      0.7911 |      0.7910 |      0.7911 |      0.7910 |      0.7910 |      0.7910 |      0.7909 |      0.7909 |      0.7910 |      0.7910 |      0.7910 |      0.7911 |      0.7913 |      0.7911 |      0.7913 |      0.7913 |      0.7912 |      0.7912 |      0.7910 |      0.7908 |      0.7909 |      0.7910 |      0.7909 |      0.7910 |      0.7910 |      0.7910 |      0.7910 |      0.7912 |      0.7911 |      0.7912 |      0.7911 |      0.7911 |      0.7912 |      0.7912 |      0.7911 |      0.7911 |      0.7910 |      0.7912 |      0.7910 |      0.7910 |      0.7909 |      0.7909 |      0.7912 |
|     SP [MFLOP/s]     | 93708.0910 | 93712.0440 | 93707.0006 | 93706.3873 | 93706.9325 | 93713.2026 | 93702.7074 | 93712.5211 | 93712.9300 | 93712.9300 |  93712.9982 |  93707.9547 |  93707.8184 |  93712.9300 |  93707.9547 |  93700.3224 |  93710.0675 |  93705.7739 |  93710.0675 |  93714.2932 |  93704.3429 |  93715.4519 |  93710.7490 |  93706.8643 |  93712.9300 |  93701.5490 |  93693.1683 |  93697.2563 |  93693.1002 |  93714.9748 |  93693.1002 |  93702.5030 |  93706.7280 |  93712.9982 |  93705.9784 |  93709.9311 |  93710.6808 |  93711.8395 |  93706.0465 |  93710.6808 |  93705.0243 |  93702.0941 |  93702.0941 |  93701.9578 |  93707.0006 |  93697.9376 |  93707.1369 |  93706.7962 |  93714.0206 |  93712.5211 |  93712.1803 |  93713.4753 |  93707.0688 |  93706.8643 |  93715.3838 |  93707.8184 |  93705.3651 |  93712.3166 |  93707.7503 |  93714.0206 |  93715.3156 |  93715.3156 |  93711.5669 |  93704.5473 |  93712.3847 |  93694.0540 |  93715.3156 |  93693.8496 |  93707.7503 |  93692.9639 |  93710.6127 |  93715.3156 |  93715.2474 |  93707.6821 |  93710.4082 |  93714.9748 |  93702.4348 |  93702.4348 |  93710.6127 |  93707.0006 |  93710.7490 |  93711.8395 |  93710.9535 |  93717.0197 |  93716.9515 |  93711.0216 |  93711.8395 |  93712.1121 |  93702.0260 |  93702.5030 |  93697.9376 |  93706.8643 |  93707.8184 |  93707.8184 |  93712.8619 |  93712.8619 |
+----------------------+------------+------------+------------+------------+------------+------------+------------+------------+------------+------------+-------------+-------------+-------------+-------------+-------------+-------------+-------------+-------------+-------------+-------------+-------------+-------------+-------------+-------------+-------------+-------------+-------------+-------------+-------------+-------------+-------------+-------------+-------------+-------------+-------------+-------------+-------------+-------------+-------------+-------------+-------------+-------------+-------------+-------------+-------------+-------------+-------------+-------------+-------------+-------------+-------------+-------------+-------------+-------------+-------------+-------------+-------------+-------------+-------------+-------------+-------------+-------------+-------------+-------------+-------------+-------------+-------------+-------------+-------------+-------------+-------------+-------------+-------------+-------------+-------------+-------------+-------------+-------------+-------------+-------------+-------------+-------------+-------------+-------------+-------------+-------------+-------------+-------------+-------------+-------------+-------------+-------------+-------------+-------------+-------------+-------------+
+---------------------------+--------------+------------+------------+------------+
|           Metric          |      Sum     |     Min    |     Max    |     Avg    |
+---------------------------+--------------+------------+------------+------------+
|  Runtime (RDTSC) [s] STAT |     131.9997 |     1.3749 |     1.3752 |     1.3750 |
| Runtime unhalted [s] STAT |     162.7392 |     1.6945 |     1.6957 |     1.6952 |
|      Clock [MHz] STAT     |  283464.4343 |  2952.2106 |  2953.3360 |  2952.7545 |
|          CPI STAT         |      75.9474 |     0.7902 |     0.7915 |     0.7911 |
|     SP [MFLOP/s] STAT     | 8.995978e+06 | 93692.9639 | 93717.0197 | 93708.0999 |
+---------------------------+--------------+------------+------------+------------+
