--------------------------------------------------------------------------------
CPU name:	AMD EPYC 9654 96-Core Processor                
CPU type:	AMD K19 (Zen4) architecture
CPU clock:	2.40 GHz
--------------------------------------------------------------------------------
Region bench, Group 1: FLOPS_SP
+-------------------+------------+------------+------------+------------+------------+------------+------------+------------+------------+------------+-------------+-------------+-------------+-------------+-------------+-------------+-------------+-------------+-------------+-------------+-------------+-------------+-------------+-------------+-------------+-------------+-------------+-------------+-------------+-------------+-------------+-------------+-------------+-------------+-------------+-------------+-------------+-------------+-------------+-------------+-------------+-------------+-------------+-------------+-------------+-------------+-------------+-------------+-------------+-------------+-------------+-------------+-------------+-------------+-------------+-------------+-------------+-------------+-------------+-------------+-------------+-------------+-------------+-------------+-------------+-------------+-------------+-------------+-------------+-------------+-------------+-------------+-------------+-------------+-------------+-------------+-------------+-------------+-------------+-------------+-------------+-------------+-------------+-------------+-------------+-------------+-------------+-------------+-------------+-------------+-------------+-------------+-------------+-------------+-------------+-------------+
|    Region Info    | HWThread 0 | HWThread 1 | HWThread 2 | HWThread 3 | HWThread 4 | HWThread 5 | HWThread 6 | HWThread 7 | HWThread 8 | HWThread 9 | HWThread 10 | HWThread 11 | HWThread 12 | HWThread 13 | HWThread 14 | HWThread 15 | HWThread 16 | HWThread 17 | HWThread 18 | HWThread 19 | HWThread 20 | HWThread 21 | HWThread 22 | HWThread 23 | HWThread 24 | HWThread 25 | HWThread 26 | HWThread 27 | HWThread 28 | HWThread 29 | HWThread 30 | HWThread 31 | HWThread 32 | HWThread 33 | HWThread 34 | HWThread 35 | HWThread 36 | HWThread 37 | HWThread 38 | HWThread 39 | HWThread 40 | HWThread 41 | HWThread 42 | HWThread 43 | HWThread 44 | HWThread 45 | HWThread 46 | HWThread 47 | HWThread 48 | HWThread 49 | HWThread 50 | HWThread 51 | HWThread 52 | HWThread 53 | HWThread 54 | HWThread 55 | HWThread 56 | HWThread 57 | HWThread 58 | HWThread 59 | HWThread 60 | HWThread 61 | HWThread 62 | HWThread 63 | HWThread 64 | HWThread 65 | HWThread 66 | HWThread 67 | HWThread 68 | HWThread 69 | HWThread 70 | HWThread 71 | HWThread 72 | HWThread 73 | HWThread 74 | HWThread 75 | HWThread 76 | HWThread 77 | HWThread 78 | HWThread 79 | HWThread 80 | HWThread 81 | HWThread 82 | HWThread 83 | HWThread 84 | HWThread 85 | HWThread 86 | HWThread 87 | HWThread 88 | HWThread 89 | HWThread 90 | HWThread 91 | HWThread 92 | HWThread 93 | HWThread 94 | HWThread 95 |
+-------------------+------------+------------+------------+------------+------------+------------+------------+------------+------------+------------+-------------+-------------+-------------+-------------+-------------+-------------+-------------+-------------+-------------+-------------+-------------+-------------+-------------+-------------+-------------+-------------+-------------+-------------+-------------+-------------+-------------+-------------+-------------+-------------+-------------+-------------+-------------+-------------+-------------+-------------+-------------+-------------+-------------+-------------+-------------+-------------+-------------+-------------+-------------+-------------+-------------+-------------+-------------+-------------+-------------+-------------+-------------+-------------+-------------+-------------+-------------+-------------+-------------+-------------+-------------+-------------+-------------+-------------+-------------+-------------+-------------+-------------+-------------+-------------+-------------+-------------+-------------+-------------+-------------+-------------+-------------+-------------+-------------+-------------+-------------+-------------+-------------+-------------+-------------+-------------+-------------+-------------+-------------+-------------+-------------+-------------+
| RDTSC Runtime [s] |   1.817049 |   1.817055 |   1.817037 |   1.817145 |   1.817057 |   1.817051 |   1.817161 |   1.817124 |   1.817113 |   1.817066 |    1.817122 |    1.817069 |    1.817114 |    1.817093 |    1.817048 |    1.817162 |    1.817116 |    1.817114 |    1.817106 |    1.817104 |    1.817099 |    1.817100 |    1.817116 |    1.817033 |    1.817287 |    1.817214 |    1.817118 |    1.817045 |    1.817304 |    1.817119 |    1.817279 |    1.817119 |    1.817177 |    1.817139 |    1.817140 |    1.817222 |    1.817107 |    1.817307 |    1.817068 |    1.817107 |    1.817156 |    1.817106 |    1.817166 |    1.817177 |    1.817170 |    1.817077 |    1.817212 |    1.817042 |    1.817058 |    1.817151 |    1.817106 |    1.817117 |    1.817053 |    1.817130 |    1.817079 |    1.817163 |    1.817048 |    1.817043 |    1.817044 |    1.817049 |    1.817060 |    1.817053 |    1.817051 |    1.817046 |    1.817057 |    1.817056 |    1.817057 |    1.817126 |    1.817180 |    1.817060 |    1.817059 |    1.817255 |    1.817144 |    1.817118 |    1.817191 |    1.817057 |    1.817102 |    1.817044 |    1.817070 |    1.817153 |    1.817100 |    1.817165 |    1.817164 |    1.817067 |    1.817289 |    1.817116 |    1.817275 |    1.817160 |    1.817056 |    1.817162 |    1.817168 |    1.817117 |    1.817152 |    1.817145 |    1.817154 |    1.817057 |
|     call count    |          1 |          1 |          1 |          1 |          1 |          1 |          1 |          1 |          1 |          1 |           1 |           1 |           1 |           1 |           1 |           1 |           1 |           1 |           1 |           1 |           1 |           1 |           1 |           1 |           1 |           1 |           1 |           1 |           1 |           1 |           1 |           1 |           1 |           1 |           1 |           1 |           1 |           1 |           1 |           1 |           1 |           1 |           1 |           1 |           1 |           1 |           1 |           1 |           1 |           1 |           1 |           1 |           1 |           1 |           1 |           1 |           1 |           1 |           1 |           1 |           1 |           1 |           1 |           1 |           1 |           1 |           1 |           1 |           1 |           1 |           1 |           1 |           1 |           1 |           1 |           1 |           1 |           1 |           1 |           1 |           1 |           1 |           1 |           1 |           1 |           1 |           1 |           1 |           1 |           1 |           1 |           1 |           1 |           1 |           1 |           1 |
+-------------------+------------+------------+------------+------------+------------+------------+------------+------------+------------+------------+-------------+-------------+-------------+-------------+-------------+-------------+-------------+-------------+-------------+-------------+-------------+-------------+-------------+-------------+-------------+-------------+-------------+-------------+-------------+-------------+-------------+-------------+-------------+-------------+-------------+-------------+-------------+-------------+-------------+-------------+-------------+-------------+-------------+-------------+-------------+-------------+-------------+-------------+-------------+-------------+-------------+-------------+-------------+-------------+-------------+-------------+-------------+-------------+-------------+-------------+-------------+-------------+-------------+-------------+-------------+-------------+-------------+-------------+-------------+-------------+-------------+-------------+-------------+-------------+-------------+-------------+-------------+-------------+-------------+-------------+-------------+-------------+-------------+-------------+-------------+-------------+-------------+-------------+-------------+-------------+-------------+-------------+-------------+-------------+-------------+-------------+
+---------------------------+---------+--------------+--------------+--------------+--------------+--------------+--------------+--------------+--------------+--------------+--------------+--------------+--------------+--------------+--------------+--------------+--------------+--------------+--------------+--------------+--------------+--------------+--------------+--------------+--------------+--------------+--------------+--------------+--------------+--------------+--------------+--------------+--------------+--------------+--------------+--------------+--------------+--------------+--------------+--------------+--------------+--------------+--------------+--------------+--------------+--------------+--------------+--------------+--------------+--------------+--------------+--------------+--------------+--------------+--------------+--------------+--------------+--------------+--------------+--------------+--------------+--------------+--------------+--------------+--------------+--------------+--------------+--------------+--------------+--------------+--------------+--------------+--------------+--------------+--------------+--------------+--------------+--------------+--------------+--------------+--------------+--------------+--------------+--------------+--------------+--------------+--------------+--------------+--------------+--------------+--------------+--------------+--------------+--------------+--------------+--------------+--------------+
|           Event           | Counter |  HWThread 0  |  HWThread 1  |  HWThread 2  |  HWThread 3  |  HWThread 4  |  HWThread 5  |  HWThread 6  |  HWThread 7  |  HWThread 8  |  HWThread 9  |  HWThread 10 |  HWThread 11 |  HWThread 12 |  HWThread 13 |  HWThread 14 |  HWThread 15 |  HWThread 16 |  HWThread 17 |  HWThread 18 |  HWThread 19 |  HWThread 20 |  HWThread 21 |  HWThread 22 |  HWThread 23 |  HWThread 24 |  HWThread 25 |  HWThread 26 |  HWThread 27 |  HWThread 28 |  HWThread 29 |  HWThread 30 |  HWThread 31 |  HWThread 32 |  HWThread 33 |  HWThread 34 |  HWThread 35 |  HWThread 36 |  HWThread 37 |  HWThread 38 |  HWThread 39 |  HWThread 40 |  HWThread 41 |  HWThread 42 |  HWThread 43 |  HWThread 44 |  HWThread 45 |  HWThread 46 |  HWThread 47 |  HWThread 48 |  HWThread 49 |  HWThread 50 |  HWThread 51 |  HWThread 52 |  HWThread 53 |  HWThread 54 |  HWThread 55 |  HWThread 56 |  HWThread 57 |  HWThread 58 |  HWThread 59 |  HWThread 60 |  HWThread 61 |  HWThread 62 |  HWThread 63 |  HWThread 64 |  HWThread 65 |  HWThread 66 |  HWThread 67 |  HWThread 68 |  HWThread 69 |  HWThread 70 |  HWThread 71 |  HWThread 72 |  HWThread 73 |  HWThread 74 |  HWThread 75 |  HWThread 76 |  HWThread 77 |  HWThread 78 |  HWThread 79 |  HWThread 80 |  HWThread 81 |  HWThread 82 |  HWThread 83 |  HWThread 84 |  HWThread 85 |  HWThread 86 |  HWThread 87 |  HWThread 88 |  HWThread 89 |  HWThread 90 |  HWThread 91 |  HWThread 92 |  HWThread 93 |  HWThread 94 |  HWThread 95 |
+---------------------------+---------+--------------+--------------+--------------+--------------+--------------+--------------+--------------+--------------+--------------+--------------+--------------+--------------+--------------+--------------+--------------+--------------+--------------+--------------+--------------+--------------+--------------+--------------+--------------+--------------+--------------+--------------+--------------+--------------+--------------+--------------+--------------+--------------+--------------+--------------+--------------+--------------+--------------+--------------+--------------+--------------+--------------+--------------+--------------+--------------+--------------+--------------+--------------+--------------+--------------+--------------+--------------+--------------+--------------+--------------+--------------+--------------+--------------+--------------+--------------+--------------+--------------+--------------+--------------+--------------+--------------+--------------+--------------+--------------+--------------+--------------+--------------+--------------+--------------+--------------+--------------+--------------+--------------+--------------+--------------+--------------+--------------+--------------+--------------+--------------+--------------+--------------+--------------+--------------+--------------+--------------+--------------+--------------+--------------+--------------+--------------+--------------+
|      ACTUAL_CPU_CLOCK     |  FIXC1  |   4604786000 |   4605462000 |   4604864000 |   4605856000 |   4605224000 |   4604917000 |   4605347000 |   4605379000 |   4605331000 |   4604867000 |   4605126000 |   4605035000 |   4605504000 |   4605075000 |   4604879000 |   4605065000 |   4605356000 |   4605364000 |   4605331000 |   4605446000 |   4605420000 |   4605328000 |   4605355000 |   4605245000 |   4607278000 |   4607339000 |   4606751000 |   4606413000 |   4607110000 |   4606897000 |   4607238000 |   4606721000 |   4605249000 |   4605198000 |   4605438000 |   4605750000 |   4605227000 |   4605747000 |   4605369000 |   4605208000 |   4606222000 |   4606214000 |   4605966000 |   4605984000 |   4605974000 |   4606060000 |   4606594000 |   4605593000 |   4607218000 |   4607071000 |   4607080000 |   4606888000 |   4606570000 |   4607013000 |   4607054000 |   4607137000 |   4604798000 |   4604796000 |   4604845000 |   4604804000 |   4605232000 |   4604850000 |   4604786000 |   4604804000 |   4605322000 |   4605327000 |   4605345000 |   4606109000 |   4606034000 |   4605348000 |   4605354000 |   4606117000 |   4605497000 |   4605227000 |   4605600000 |   4605018000 |   4605123000 |   4604789000 |   4604857000 |   4605485000 |   4604956000 |   4605722000 |   4605234000 |   4605116000 |   4605339000 |   4604842000 |   4605852000 |   4605026000 |   4604879000 |   4604671000 |   4604907000 |   4605134000 |   4605175000 |   4604903000 |   4605152000 |   4604686000 |
|       MAX_CPU_CLOCK       |  FIXC2  |   4353686000 |   4354051000 |   4353686000 |   4354714000 |   4354257000 |   4353860000 |   4354297000 |   4354041000 |   4354313000 |   4354106000 |   4354210000 |   4354242000 |   4354350000 |   4354251000 |   4353996000 |   4354203000 |   4354563000 |   4354571000 |   4354524000 |   4354555000 |   4354558000 |   4354520000 |   4354553000 |   4354403000 |   4354795000 |   4354822000 |   4354299000 |   4353852000 |   4354779000 |   4354326000 |   4354770000 |   4354052000 |   4354325000 |   4354313000 |   4354374000 |   4354828000 |   4354322000 |   4354828000 |   4354354000 |   4354312000 |   4354506000 |   4354391000 |   4354102000 |   4354306000 |   4354297000 |   4354332000 |   4354843000 |   4353879000 |   4354467000 |   4354413000 |   4354455000 |   4354493000 |   4354104000 |   4354519000 |   4354557000 |   4354584000 |   4353900000 |   4353887000 |   4354095000 |   4353923000 |   4354417000 |   4354096000 |   4353900000 |   4353923000 |   4354311000 |   4354311000 |   4354197000 |   4354958000 |   4354435000 |   4354235000 |   4354236000 |   4355001000 |   4354771000 |   4354368000 |   4354962000 |   4354375000 |   4354344000 |   4354109000 |   4354165000 |   4354754000 |   4354236000 |   4354567000 |   4353992000 |   4354300000 |   4354460000 |   4354020000 |   4354867000 |   4354281000 |   4354360000 |   4354318000 |   4354553000 |   4354623000 |   4354646000 |   4354392000 |   4354518000 |   4354316000 |
|    RETIRED_INSTRUCTIONS   |   PMC0  |  10203830000 |  10208450000 |  10208130000 |  10208680000 |  10208160000 |  10209740000 |  10208610000 |  10208570000 |  10209270000 |  10208500000 |  10208470000 |  10209270000 |  10208650000 |  10208200000 |  10208350000 |  10208350000 |  10208410000 |  10208230000 |  10208180000 |  10208090000 |  10208430000 |  10208110000 |  10207800000 |  10208160000 |  10210480000 |  10208610000 |  10207940000 |  10208460000 |  10208970000 |  10208440000 |  10208610000 |  10208560000 |  10208040000 |  10208180000 |  10208060000 |  10208160000 |  10208170000 |  10207890000 |  10208030000 |  10208060000 |  10208760000 |  10208320000 |  10208900000 |  10208370000 |  10207570000 |  10207350000 |  10207400000 |  10207280000 |  10208190000 |  10208380000 |  10208370000 |  10208340000 |  10208830000 |  10208570000 |  10208490000 |  10208500000 |  10208160000 |  10208010000 |  10207990000 |  10207990000 |  10208260000 |  10207990000 |  10208030000 |  10207960000 |  10208550000 |  10208200000 |  10208190000 |  10208310000 |  10207420000 |  10206480000 |  10206560000 |  10207490000 |  10207530000 |  10207820000 |  10208070000 |  10208030000 |  10208270000 |  10207950000 |  10207920000 |  10207750000 |  10208540000 |  10208400000 |  10208440000 |  10208430000 |  10208720000 |  10210280000 |  10208160000 |  10208380000 |  10211090000 |  10208010000 |  10208100000 |  10208030000 |  10208050000 |  10207220000 |  10209280000 |  10206900000 |
|    CPU_CLOCKS_UNHALTED    |   PMC1  |   4570311000 |   4577085000 |   4576373000 |   4577344000 |   4576959000 |   4576817000 |   4577420000 |   4577158000 |   4576525000 |   4576392000 |   4576477000 |   4576188000 |   4576194000 |   4575723000 |   4575978000 |   4576064000 |   4575486000 |   4575558000 |   4575256000 |   4574955000 |   4575432000 |   4575852000 |   4575704000 |   4575260000 |   4577549000 |   4577675000 |   4576867000 |   4577282000 |   4577980000 |   4576756000 |   4577787000 |   4577267000 |   4574971000 |   4574954000 |   4574668000 |   4575373000 |   4574959000 |   4575543000 |   4574393000 |   4574245000 |   4576067000 |   4575858000 |   4575901000 |   4576130000 |   4574995000 |   4574524000 |   4574583000 |   4574850000 |   4577058000 |   4577006000 |   4577423000 |   4577248000 |   4577155000 |   4577429000 |   4577080000 |   4577188000 |   4574559000 |   4574626000 |   4574504000 |   4574358000 |   4574451000 |   4574545000 |   4574752000 |   4574269000 |   4575429000 |   4575564000 |   4575419000 |   4575709000 |   4575244000 |   4574420000 |   4574455000 |   4575279000 |   4573977000 |   4573219000 |   4574616000 |   4573866000 |   4574321000 |   4574155000 |   4574391000 |   4574384000 |   4576432000 |   4575220000 |   4576575000 |   4576389000 |   4576846000 |   4576645000 |   4576095000 |   4576503000 |   4574409000 |   4574652000 |   4574965000 |   4574461000 |   4574758000 |   4573946000 |   4573541000 |   4573771000 |
| RETIRED_SSE_AVX_FLOPS_ALL |   PMC2  | 128849000000 | 128849000000 | 128849000000 | 128849000000 | 128849000000 | 128849000000 | 128849000000 | 128849000000 | 128849000000 | 128849000000 | 128849000000 | 128849000000 | 128849000000 | 128849000000 | 128849000000 | 128849000000 | 128849000000 | 128849000000 | 128849000000 | 128849000000 | 128849000000 | 128849000000 | 128849000000 | 128849000000 | 128849000000 | 128849000000 | 128849000000 | 128849000000 | 128849000000 | 128849000000 | 128849000000 | 128849000000 | 128849000000 | 128849000000 | 128849000000 | 128849000000 | 128849000000 | 128849000000 | 128849000000 | 128849000000 | 128849000000 | 128849000000 | 128849000000 | 128849000000 | 128849000000 | 128849000000 | 128849000000 | 128849000000 | 128849000000 | 128849000000 | 128849000000 | 128849000000 | 128849000000 | 128849000000 | 128849000000 | 128849000000 | 128849000000 | 128849000000 | 128849000000 | 128849000000 | 128849000000 | 128849000000 | 128849000000 | 128849000000 | 128849000000 | 128849000000 | 128849000000 | 128849000000 | 128849000000 | 128849000000 | 128849000000 | 128849000000 | 128849000000 | 128849000000 | 128849000000 | 128849000000 | 128849000000 | 128849000000 | 128849000000 | 128849000000 | 128849000000 | 128849000000 | 128849000000 | 128849000000 | 128849000000 | 128849000000 | 128849000000 | 128849000000 | 128849000000 | 128849000000 | 128849000000 | 128849000000 | 128849000000 | 128849000000 | 128849000000 | 128849000000 |
|           MERGE           |   PMC3  |            0 |            0 |            0 |            0 |            0 |            0 |            0 |            0 |            0 |            0 |            0 |            0 |            0 |            0 |            0 |            0 |            0 |            0 |            0 |            0 |            0 |            0 |            0 |            0 |            0 |            0 |            0 |            0 |            0 |            0 |            0 |            0 |            0 |            0 |            0 |            0 |            0 |            0 |            0 |            0 |            0 |            0 |            0 |            0 |            0 |            0 |            0 |            0 |            0 |            0 |            0 |            0 |            0 |            0 |            0 |            0 |            0 |            0 |            0 |            0 |            0 |            0 |            0 |            0 |            0 |            0 |            0 |            0 |            0 |            0 |            0 |            0 |            0 |            0 |            0 |            0 |            0 |            0 |            0 |            0 |            0 |            0 |            0 |            0 |            0 |            0 |            0 |            0 |            0 |            0 |            0 |            0 |            0 |            0 |            0 |            0 |
+---------------------------+---------+--------------+--------------+--------------+--------------+--------------+--------------+--------------+--------------+--------------+--------------+--------------+--------------+--------------+--------------+--------------+--------------+--------------+--------------+--------------+--------------+--------------+--------------+--------------+--------------+--------------+--------------+--------------+--------------+--------------+--------------+--------------+--------------+--------------+--------------+--------------+--------------+--------------+--------------+--------------+--------------+--------------+--------------+--------------+--------------+--------------+--------------+--------------+--------------+--------------+--------------+--------------+--------------+--------------+--------------+--------------+--------------+--------------+--------------+--------------+--------------+--------------+--------------+--------------+--------------+--------------+--------------+--------------+--------------+--------------+--------------+--------------+--------------+--------------+--------------+--------------+--------------+--------------+--------------+--------------+--------------+--------------+--------------+--------------+--------------+--------------+--------------+--------------+--------------+--------------+--------------+--------------+--------------+--------------+--------------+--------------+--------------+
+--------------------------------+---------+----------------+--------------+--------------+--------------+
|              Event             | Counter |       Sum      |      Min     |      Max     |      Avg     |
+--------------------------------+---------+----------------+--------------+--------------+--------------+
|      ACTUAL_CPU_CLOCK STAT     |  FIXC1  |   442136194000 |   4604671000 |   4607339000 | 4.605585e+09 |
|       MAX_CPU_CLOCK STAT       |  FIXC2  |   418018231000 |   4353686000 |   4355001000 | 4.354357e+09 |
|    RETIRED_INSTRUCTIONS STAT   |   PMC0  |   979989880000 |  10203830000 |  10211090000 | 1.020823e+10 |
|    CPU_CLOCKS_UNHALTED STAT    |   PMC1  |   439256995000 |   4570311000 |   4577980000 | 4.575594e+09 |
| RETIRED_SSE_AVX_FLOPS_ALL STAT |   PMC2  | 12369504000000 | 128849000000 | 128849000000 | 128849000000 |
|           MERGE STAT           |   PMC3  |              0 |            0 |            0 |            0 |
+--------------------------------+---------+----------------+--------------+--------------+--------------+
+----------------------+------------+------------+------------+------------+------------+------------+------------+------------+------------+------------+-------------+-------------+-------------+-------------+-------------+-------------+-------------+-------------+-------------+-------------+-------------+-------------+-------------+-------------+-------------+-------------+-------------+-------------+-------------+-------------+-------------+-------------+-------------+-------------+-------------+-------------+-------------+-------------+-------------+-------------+-------------+-------------+-------------+-------------+-------------+-------------+-------------+-------------+-------------+-------------+-------------+-------------+-------------+-------------+-------------+-------------+-------------+-------------+-------------+-------------+-------------+-------------+-------------+-------------+-------------+-------------+-------------+-------------+-------------+-------------+-------------+-------------+-------------+-------------+-------------+-------------+-------------+-------------+-------------+-------------+-------------+-------------+-------------+-------------+-------------+-------------+-------------+-------------+-------------+-------------+-------------+-------------+-------------+-------------+-------------+-------------+
|        Metric        | HWThread 0 | HWThread 1 | HWThread 2 | HWThread 3 | HWThread 4 | HWThread 5 | HWThread 6 | HWThread 7 | HWThread 8 | HWThread 9 | HWThread 10 | HWThread 11 | HWThread 12 | HWThread 13 | HWThread 14 | HWThread 15 | HWThread 16 | HWThread 17 | HWThread 18 | HWThread 19 | HWThread 20 | HWThread 21 | HWThread 22 | HWThread 23 | HWThread 24 | HWThread 25 | HWThread 26 | HWThread 27 | HWThread 28 | HWThread 29 | HWThread 30 | HWThread 31 | HWThread 32 | HWThread 33 | HWThread 34 | HWThread 35 | HWThread 36 | HWThread 37 | HWThread 38 | HWThread 39 | HWThread 40 | HWThread 41 | HWThread 42 | HWThread 43 | HWThread 44 | HWThread 45 | HWThread 46 | HWThread 47 | HWThread 48 | HWThread 49 | HWThread 50 | HWThread 51 | HWThread 52 | HWThread 53 | HWThread 54 | HWThread 55 | HWThread 56 | HWThread 57 | HWThread 58 | HWThread 59 | HWThread 60 | HWThread 61 | HWThread 62 | HWThread 63 | HWThread 64 | HWThread 65 | HWThread 66 | HWThread 67 | HWThread 68 | HWThread 69 | HWThread 70 | HWThread 71 | HWThread 72 | HWThread 73 | HWThread 74 | HWThread 75 | HWThread 76 | HWThread 77 | HWThread 78 | HWThread 79 | HWThread 80 | HWThread 81 | HWThread 82 | HWThread 83 | HWThread 84 | HWThread 85 | HWThread 86 | HWThread 87 | HWThread 88 | HWThread 89 | HWThread 90 | HWThread 91 | HWThread 92 | HWThread 93 | HWThread 94 | HWThread 95 |
+----------------------+------------+------------+------------+------------+------------+------------+------------+------------+------------+------------+-------------+-------------+-------------+-------------+-------------+-------------+-------------+-------------+-------------+-------------+-------------+-------------+-------------+-------------+-------------+-------------+-------------+-------------+-------------+-------------+-------------+-------------+-------------+-------------+-------------+-------------+-------------+-------------+-------------+-------------+-------------+-------------+-------------+-------------+-------------+-------------+-------------+-------------+-------------+-------------+-------------+-------------+-------------+-------------+-------------+-------------+-------------+-------------+-------------+-------------+-------------+-------------+-------------+-------------+-------------+-------------+-------------+-------------+-------------+-------------+-------------+-------------+-------------+-------------+-------------+-------------+-------------+-------------+-------------+-------------+-------------+-------------+-------------+-------------+-------------+-------------+-------------+-------------+-------------+-------------+-------------+-------------+-------------+-------------+-------------+-------------+
|  Runtime (RDTSC) [s] |     1.8170 |     1.8171 |     1.8170 |     1.8171 |     1.8171 |     1.8171 |     1.8172 |     1.8171 |     1.8171 |     1.8171 |      1.8171 |      1.8171 |      1.8171 |      1.8171 |      1.8170 |      1.8172 |      1.8171 |      1.8171 |      1.8171 |      1.8171 |      1.8171 |      1.8171 |      1.8171 |      1.8170 |      1.8173 |      1.8172 |      1.8171 |      1.8170 |      1.8173 |      1.8171 |      1.8173 |      1.8171 |      1.8172 |      1.8171 |      1.8171 |      1.8172 |      1.8171 |      1.8173 |      1.8171 |      1.8171 |      1.8172 |      1.8171 |      1.8172 |      1.8172 |      1.8172 |      1.8171 |      1.8172 |      1.8170 |      1.8171 |      1.8172 |      1.8171 |      1.8171 |      1.8171 |      1.8171 |      1.8171 |      1.8172 |      1.8170 |      1.8170 |      1.8170 |      1.8170 |      1.8171 |      1.8171 |      1.8171 |      1.8170 |      1.8171 |      1.8171 |      1.8171 |      1.8171 |      1.8172 |      1.8171 |      1.8171 |      1.8173 |      1.8171 |      1.8171 |      1.8172 |      1.8171 |      1.8171 |      1.8170 |      1.8171 |      1.8172 |      1.8171 |      1.8172 |      1.8172 |      1.8171 |      1.8173 |      1.8171 |      1.8173 |      1.8172 |      1.8171 |      1.8172 |      1.8172 |      1.8171 |      1.8172 |      1.8171 |      1.8172 |      1.8171 |
| Runtime unhalted [s] |     1.9216 |     1.9218 |     1.9216 |     1.9220 |     1.9217 |     1.9216 |     1.9218 |     1.9218 |     1.9218 |     1.9216 |      1.9217 |      1.9217 |      1.9219 |      1.9217 |      1.9216 |      1.9217 |      1.9218 |      1.9218 |      1.9218 |      1.9218 |      1.9218 |      1.9218 |      1.9218 |      1.9218 |      1.9226 |      1.9226 |      1.9224 |      1.9222 |      1.9225 |      1.9224 |      1.9226 |      1.9224 |      1.9218 |      1.9217 |      1.9218 |      1.9220 |      1.9217 |      1.9220 |      1.9218 |      1.9217 |      1.9222 |      1.9222 |      1.9221 |      1.9221 |      1.9221 |      1.9221 |      1.9223 |      1.9219 |      1.9226 |      1.9225 |      1.9225 |      1.9224 |      1.9223 |      1.9225 |      1.9225 |      1.9225 |      1.9216 |      1.9216 |      1.9216 |      1.9216 |      1.9218 |      1.9216 |      1.9216 |      1.9216 |      1.9218 |      1.9218 |      1.9218 |      1.9221 |      1.9221 |      1.9218 |      1.9218 |      1.9221 |      1.9219 |      1.9217 |      1.9219 |      1.9217 |      1.9217 |      1.9216 |      1.9216 |      1.9219 |      1.9216 |      1.9220 |      1.9218 |      1.9217 |      1.9218 |      1.9216 |      1.9220 |      1.9217 |      1.9216 |      1.9215 |      1.9216 |      1.9217 |      1.9217 |      1.9216 |      1.9217 |      1.9215 |
|      Clock [MHz]     |  2534.5829 |  2534.7425 |  2534.6259 |  2534.5734 |  2534.4916 |  2534.5537 |  2534.5360 |  2534.7027 |  2534.5179 |  2534.3830 |   2534.4650 |   2534.3963 |   2534.5916 |   2534.4131 |   2534.4537 |   2534.4355 |   2534.3862 |   2534.3859 |   2534.3951 |   2534.4403 |   2534.4243 |   2534.3958 |   2534.3914 |   2534.4182 |   2535.3088 |   2535.3266 |   2535.3075 |   2535.3818 |   2535.2256 |   2535.3722 |   2535.3013 |   2535.4349 |   2534.4658 |   2534.4447 |   2534.5413 |   2534.4487 |   2534.4554 |   2534.4471 |   2534.5150 |   2534.4508 |   2534.8959 |   2534.9584 |   2534.9902 |   2534.8814 |   2534.8811 |   2534.9080 |   2534.9044 |   2534.9148 |   2535.4667 |   2535.4173 |   2535.3978 |   2535.2700 |   2535.3215 |   2535.3236 |   2535.3241 |   2535.3540 |   2534.4650 |   2534.4714 |   2534.3773 |   2534.4549 |   2534.4029 |   2534.3795 |   2534.4584 |   2534.4549 |   2534.5141 |   2534.5169 |   2534.5931 |   2534.5706 |   2534.8338 |   2534.5727 |   2534.5754 |   2534.5500 |   2534.3427 |   2534.4287 |   2534.2882 |   2534.3096 |   2534.3854 |   2534.3384 |   2534.3432 |   2534.3460 |   2534.3563 |   2534.5852 |   2534.6514 |   2534.4071 |   2534.4367 |   2534.4193 |   2534.4822 |   2534.3687 |   2534.2418 |   2534.1518 |   2534.1449 |   2534.2291 |   2534.2382 |   2534.2364 |   2534.3001 |   2534.1612 |
|          CPI         |     0.4479 |     0.4484 |     0.4483 |     0.4484 |     0.4484 |     0.4483 |     0.4484 |     0.4484 |     0.4483 |     0.4483 |      0.4483 |      0.4482 |      0.4483 |      0.4482 |      0.4483 |      0.4483 |      0.4482 |      0.4482 |      0.4482 |      0.4482 |      0.4482 |      0.4483 |      0.4483 |      0.4482 |      0.4483 |      0.4484 |      0.4484 |      0.4484 |      0.4484 |      0.4483 |      0.4484 |      0.4484 |      0.4482 |      0.4482 |      0.4481 |      0.4482 |      0.4482 |      0.4482 |      0.4481 |      0.4481 |      0.4482 |      0.4482 |      0.4482 |      0.4483 |      0.4482 |      0.4482 |      0.4482 |      0.4482 |      0.4484 |      0.4484 |      0.4484 |      0.4484 |      0.4484 |      0.4484 |      0.4484 |      0.4484 |      0.4481 |      0.4481 |      0.4481 |      0.4481 |      0.4481 |      0.4481 |      0.4482 |      0.4481 |      0.4482 |      0.4482 |      0.4482 |      0.4482 |      0.4482 |      0.4482 |      0.4482 |      0.4482 |      0.4481 |      0.4480 |      0.4481 |      0.4481 |      0.4481 |      0.4481 |      0.4481 |      0.4481 |      0.4483 |      0.4482 |      0.4483 |      0.4483 |      0.4483 |      0.4482 |      0.4483 |      0.4483 |      0.4480 |      0.4481 |      0.4482 |      0.4481 |      0.4482 |      0.4481 |      0.4480 |      0.4481 |
|     SP [MFLOP/s]     | 70911.1312 | 70910.8970 | 70911.5995 | 70907.3849 | 70910.8190 | 70911.0531 | 70906.7606 | 70908.2044 | 70908.6336 | 70910.4678 |  70908.2824 |  70910.3507 |  70908.5946 |  70909.4141 |  70911.1702 |  70906.7216 |  70908.5166 |  70908.5946 |  70908.9068 |  70908.9848 |  70909.1800 |  70909.1409 |  70908.5166 |  70911.7556 |  70901.8443 |  70904.6926 |  70908.4385 |  70911.2873 |  70901.1811 |  70908.3995 |  70902.1565 |  70908.3995 |  70906.1363 |  70907.6191 |  70907.5800 |  70904.3804 |  70908.8678 |  70901.0640 |  70910.3897 |  70908.8678 |  70906.9557 |  70908.9068 |  70906.5655 |  70906.1363 |  70906.4094 |  70910.0385 |  70904.7706 |  70911.4044 |  70910.7800 |  70907.1508 |  70908.9068 |  70908.4775 |  70910.9751 |  70907.9703 |  70909.9604 |  70906.6826 |  70911.1702 |  70911.3653 |  70911.3263 |  70911.1312 |  70910.7019 |  70910.9751 |  70911.0531 |  70911.2483 |  70910.8190 |  70910.8580 |  70910.8190 |  70908.1263 |  70906.0192 |  70910.7019 |  70910.7409 |  70903.0929 |  70907.4240 |  70908.4385 |  70905.5900 |  70910.8190 |  70909.0629 |  70911.3263 |  70910.3117 |  70907.0728 |  70909.1409 |  70906.6045 |  70906.6435 |  70910.4287 |  70901.7663 |  70908.5166 |  70902.3125 |  70906.7996 |  70910.8580 |  70906.7216 |  70906.4875 |  70908.4775 |  70907.1118 |  70907.3849 |  70907.0337 |  70910.8190 |
+----------------------+------------+------------+------------+------------+------------+------------+------------+------------+------------+------------+-------------+-------------+-------------+-------------+-------------+-------------+-------------+-------------+-------------+-------------+-------------+-------------+-------------+-------------+-------------+-------------+-------------+-------------+-------------+-------------+-------------+-------------+-------------+-------------+-------------+-------------+-------------+-------------+-------------+-------------+-------------+-------------+-------------+-------------+-------------+-------------+-------------+-------------+-------------+-------------+-------------+-------------+-------------+-------------+-------------+-------------+-------------+-------------+-------------+-------------+-------------+-------------+-------------+-------------+-------------+-------------+-------------+-------------+-------------+-------------+-------------+-------------+-------------+-------------+-------------+-------------+-------------+-------------+-------------+-------------+-------------+-------------+-------------+-------------+-------------+-------------+-------------+-------------+-------------+-------------+-------------+-------------+-------------+-------------+-------------+-------------+
+---------------------------+--------------+------------+------------+------------+
|           Metric          |      Sum     |     Min    |     Max    |     Avg    |
+---------------------------+--------------+------------+------------+------------+
|  Runtime (RDTSC) [s] STAT |     174.4440 |     1.8170 |     1.8173 |     1.8171 |
| Runtime unhalted [s] STAT |     184.5024 |     1.9215 |     1.9226 |     1.9219 |
|      Clock [MHz] STAT     |  243324.7222 |  2534.1449 |  2535.4667 |  2534.6325 |
|          CPI STAT         |      43.0299 |     0.4479 |     0.4484 |     0.4482 |
|     SP [MFLOP/s] STAT     | 6.807206e+06 | 70901.0640 | 70911.7556 | 70908.3935 |
+---------------------------+--------------+------------+------------+------------+
