--------------------------------------------------------------------------------
CPU name:	AMD EPYC 9654 96-Core Processor                
CPU type:	AMD K19 (Zen4) architecture
CPU clock:	2.40 GHz
--------------------------------------------------------------------------------
Region bench, Group 1: FLOPS_SP
+-------------------+------------+------------+------------+------------+------------+------------+------------+------------+------------+------------+-------------+-------------+-------------+-------------+-------------+-------------+-------------+-------------+-------------+-------------+-------------+-------------+-------------+-------------+-------------+-------------+-------------+-------------+-------------+-------------+-------------+-------------+-------------+-------------+-------------+-------------+-------------+-------------+-------------+-------------+-------------+-------------+-------------+-------------+-------------+-------------+-------------+-------------+-------------+-------------+-------------+-------------+-------------+-------------+-------------+-------------+-------------+-------------+-------------+-------------+-------------+-------------+-------------+-------------+-------------+-------------+-------------+-------------+-------------+-------------+-------------+-------------+-------------+-------------+-------------+-------------+-------------+-------------+-------------+-------------+-------------+-------------+-------------+-------------+-------------+-------------+-------------+-------------+-------------+-------------+-------------+-------------+-------------+-------------+-------------+-------------+-------------+-------------+-------------+-------------+--------------+--------------+--------------+--------------+--------------+--------------+--------------+--------------+--------------+--------------+--------------+--------------+--------------+--------------+--------------+--------------+--------------+--------------+--------------+--------------+--------------+--------------+--------------+--------------+--------------+--------------+--------------+--------------+--------------+--------------+--------------+--------------+--------------+--------------+--------------+--------------+--------------+--------------+--------------+--------------+--------------+--------------+--------------+--------------+--------------+--------------+--------------+--------------+--------------+--------------+--------------+--------------+--------------+--------------+--------------+--------------+--------------+--------------+--------------+--------------+--------------+--------------+--------------+--------------+--------------+--------------+--------------+--------------+--------------+--------------+--------------+--------------+--------------+--------------+--------------+--------------+--------------+--------------+--------------+--------------+--------------+--------------+--------------+--------------+--------------+--------------+--------------+--------------+--------------+--------------+--------------+--------------+
|    Region Info    | HWThread 0 | HWThread 1 | HWThread 2 | HWThread 3 | HWThread 4 | HWThread 5 | HWThread 6 | HWThread 7 | HWThread 8 | HWThread 9 | HWThread 10 | HWThread 11 | HWThread 12 | HWThread 13 | HWThread 14 | HWThread 15 | HWThread 16 | HWThread 17 | HWThread 18 | HWThread 19 | HWThread 20 | HWThread 21 | HWThread 22 | HWThread 23 | HWThread 24 | HWThread 25 | HWThread 26 | HWThread 27 | HWThread 28 | HWThread 29 | HWThread 30 | HWThread 31 | HWThread 32 | HWThread 33 | HWThread 34 | HWThread 35 | HWThread 36 | HWThread 37 | HWThread 38 | HWThread 39 | HWThread 40 | HWThread 41 | HWThread 42 | HWThread 43 | HWThread 44 | HWThread 45 | HWThread 46 | HWThread 47 | HWThread 48 | HWThread 49 | HWThread 50 | HWThread 51 | HWThread 52 | HWThread 53 | HWThread 54 | HWThread 55 | HWThread 56 | HWThread 57 | HWThread 58 | HWThread 59 | HWThread 60 | HWThread 61 | HWThread 62 | HWThread 63 | HWThread 64 | HWThread 65 | HWThread 66 | HWThread 67 | HWThread 68 | HWThread 69 | HWThread 70 | HWThread 71 | HWThread 72 | HWThread 73 | HWThread 74 | HWThread 75 | HWThread 76 | HWThread 77 | HWThread 78 | HWThread 79 | HWThread 80 | HWThread 81 | HWThread 82 | HWThread 83 | HWThread 84 | HWThread 85 | HWThread 86 | HWThread 87 | HWThread 88 | HWThread 89 | HWThread 90 | HWThread 91 | HWThread 92 | HWThread 93 | HWThread 94 | HWThread 95 | HWThread 96 | HWThread 97 | HWThread 98 | HWThread 99 | HWThread 100 | HWThread 101 | HWThread 102 | HWThread 103 | HWThread 104 | HWThread 105 | HWThread 106 | HWThread 107 | HWThread 108 | HWThread 109 | HWThread 110 | HWThread 111 | HWThread 112 | HWThread 113 | HWThread 114 | HWThread 115 | HWThread 116 | HWThread 117 | HWThread 118 | HWThread 119 | HWThread 120 | HWThread 121 | HWThread 122 | HWThread 123 | HWThread 124 | HWThread 125 | HWThread 126 | HWThread 127 | HWThread 128 | HWThread 129 | HWThread 130 | HWThread 131 | HWThread 132 | HWThread 133 | HWThread 134 | HWThread 135 | HWThread 136 | HWThread 137 | HWThread 138 | HWThread 139 | HWThread 140 | HWThread 141 | HWThread 142 | HWThread 143 | HWThread 144 | HWThread 145 | HWThread 146 | HWThread 147 | HWThread 148 | HWThread 149 | HWThread 150 | HWThread 151 | HWThread 152 | HWThread 153 | HWThread 154 | HWThread 155 | HWThread 156 | HWThread 157 | HWThread 158 | HWThread 159 | HWThread 160 | HWThread 161 | HWThread 162 | HWThread 163 | HWThread 164 | HWThread 165 | HWThread 166 | HWThread 167 | HWThread 168 | HWThread 169 | HWThread 170 | HWThread 171 | HWThread 172 | HWThread 173 | HWThread 174 | HWThread 175 | HWThread 176 | HWThread 177 | HWThread 178 | HWThread 179 | HWThread 180 | HWThread 181 | HWThread 182 | HWThread 183 | HWThread 184 | HWThread 185 | HWThread 186 | HWThread 187 | HWThread 188 | HWThread 189 | HWThread 190 | HWThread 191 |
+-------------------+------------+------------+------------+------------+------------+------------+------------+------------+------------+------------+-------------+-------------+-------------+-------------+-------------+-------------+-------------+-------------+-------------+-------------+-------------+-------------+-------------+-------------+-------------+-------------+-------------+-------------+-------------+-------------+-------------+-------------+-------------+-------------+-------------+-------------+-------------+-------------+-------------+-------------+-------------+-------------+-------------+-------------+-------------+-------------+-------------+-------------+-------------+-------------+-------------+-------------+-------------+-------------+-------------+-------------+-------------+-------------+-------------+-------------+-------------+-------------+-------------+-------------+-------------+-------------+-------------+-------------+-------------+-------------+-------------+-------------+-------------+-------------+-------------+-------------+-------------+-------------+-------------+-------------+-------------+-------------+-------------+-------------+-------------+-------------+-------------+-------------+-------------+-------------+-------------+-------------+-------------+-------------+-------------+-------------+-------------+-------------+-------------+-------------+--------------+--------------+--------------+--------------+--------------+--------------+--------------+--------------+--------------+--------------+--------------+--------------+--------------+--------------+--------------+--------------+--------------+--------------+--------------+--------------+--------------+--------------+--------------+--------------+--------------+--------------+--------------+--------------+--------------+--------------+--------------+--------------+--------------+--------------+--------------+--------------+--------------+--------------+--------------+--------------+--------------+--------------+--------------+--------------+--------------+--------------+--------------+--------------+--------------+--------------+--------------+--------------+--------------+--------------+--------------+--------------+--------------+--------------+--------------+--------------+--------------+--------------+--------------+--------------+--------------+--------------+--------------+--------------+--------------+--------------+--------------+--------------+--------------+--------------+--------------+--------------+--------------+--------------+--------------+--------------+--------------+--------------+--------------+--------------+--------------+--------------+--------------+--------------+--------------+--------------+--------------+--------------+
| RDTSC Runtime [s] |   1.740346 |   1.740308 |   1.740242 |   1.740304 |   1.740346 |   1.740346 |   1.740209 |   1.740346 |   1.740196 |   1.740195 |    1.740312 |    1.740196 |    1.740298 |    1.740310 |    1.740312 |    1.740196 |    1.741557 |    1.740240 |    1.740278 |    1.742127 |    1.740385 |    1.742109 |    1.740284 |    1.742139 |    1.740337 |    1.740885 |    1.740542 |    1.740196 |    1.740262 |    1.740260 |    1.740305 |    1.740243 |    1.740317 |    1.740220 |    1.740310 |    1.740195 |    1.740198 |    1.740228 |    1.740336 |    1.740398 |    1.740221 |    1.740401 |    1.740615 |    1.740400 |    1.740234 |    1.740401 |    1.740401 |    1.740224 |    1.740295 |    1.740384 |    1.740389 |    1.740238 |    1.740231 |    1.740567 |    1.740384 |    1.740384 |    1.740224 |    1.740240 |    1.740204 |    1.740203 |    1.740202 |    1.740423 |    1.740202 |    1.740203 |    1.740357 |    1.740316 |    1.740228 |    1.740200 |    1.740199 |    1.740201 |    1.740223 |    1.740322 |    1.740340 |    1.740233 |    1.740232 |    1.740413 |    1.740257 |    1.740232 |    1.740232 |    1.740247 |    1.740393 |    1.740265 |    1.740308 |    1.740308 |    1.740385 |    1.740526 |    1.740254 |    1.740431 |    1.742184 |    1.740875 |    1.740844 |    1.740224 |    1.742184 |    1.740200 |    1.742186 |    1.740197 |    1.740234 |    1.740218 |    1.740564 |    1.740403 |     1.740260 |     1.740714 |     1.740641 |     1.740221 |     1.740353 |     1.740418 |     1.740319 |     1.740441 |     1.740344 |     1.740417 |     1.740432 |     1.740197 |     1.740583 |     1.740230 |     1.740607 |     1.740403 |     1.740381 |     1.740308 |     1.740581 |     1.740578 |     1.740442 |     1.740194 |     1.740538 |     1.740380 |     1.740301 |     1.740442 |     1.740195 |     1.740345 |     1.740607 |     1.740882 |     1.740649 |     1.740307 |     1.740307 |     1.740404 |     1.740607 |     1.740607 |     1.740288 |     1.740240 |     1.740405 |     1.740403 |     1.740312 |     1.740253 |     1.740279 |     1.740345 |     1.740322 |     1.740200 |     1.740215 |     1.740243 |     1.740260 |     1.740244 |     1.740198 |     1.740318 |     1.740304 |     1.740280 |     1.740381 |     1.740220 |     1.740221 |     1.740305 |     1.740335 |     1.740196 |     1.740443 |     1.740402 |     1.740587 |     1.740241 |     1.740305 |     1.740588 |     1.740220 |     1.740583 |     1.740846 |     1.740650 |     1.740200 |     1.742000 |     1.740582 |     1.740343 |     1.742143 |     1.740668 |     1.740588 |     1.740580 |     1.740588 |     1.740196 |     1.740523 |     1.740314 |     1.740588 |     1.740580 |     1.740337 |     1.740392 |     1.740262 |     1.740426 |     1.740201 |     1.740391 |     1.740263 |     1.740413 |
|     call count    |          1 |          1 |          1 |          1 |          1 |          1 |          1 |          1 |          1 |          1 |           1 |           1 |           1 |           1 |           1 |           1 |           1 |           1 |           1 |           1 |           1 |           1 |           1 |           1 |           1 |           1 |           1 |           1 |           1 |           1 |           1 |           1 |           1 |           1 |           1 |           1 |           1 |           1 |           1 |           1 |           1 |           1 |           1 |           1 |           1 |           1 |           1 |           1 |           1 |           1 |           1 |           1 |           1 |           1 |           1 |           1 |           1 |           1 |           1 |           1 |           1 |           1 |           1 |           1 |           1 |           1 |           1 |           1 |           1 |           1 |           1 |           1 |           1 |           1 |           1 |           1 |           1 |           1 |           1 |           1 |           1 |           1 |           1 |           1 |           1 |           1 |           1 |           1 |           1 |           1 |           1 |           1 |           1 |           1 |           1 |           1 |           1 |           1 |           1 |           1 |            1 |            1 |            1 |            1 |            1 |            1 |            1 |            1 |            1 |            1 |            1 |            1 |            1 |            1 |            1 |            1 |            1 |            1 |            1 |            1 |            1 |            1 |            1 |            1 |            1 |            1 |            1 |            1 |            1 |            1 |            1 |            1 |            1 |            1 |            1 |            1 |            1 |            1 |            1 |            1 |            1 |            1 |            1 |            1 |            1 |            1 |            1 |            1 |            1 |            1 |            1 |            1 |            1 |            1 |            1 |            1 |            1 |            1 |            1 |            1 |            1 |            1 |            1 |            1 |            1 |            1 |            1 |            1 |            1 |            1 |            1 |            1 |            1 |            1 |            1 |            1 |            1 |            1 |            1 |            1 |            1 |            1 |            1 |            1 |            1 |            1 |            1 |            1 |            1 |            1 |            1 |            1 |
+-------------------+------------+------------+------------+------------+------------+------------+------------+------------+------------+------------+-------------+-------------+-------------+-------------+-------------+-------------+-------------+-------------+-------------+-------------+-------------+-------------+-------------+-------------+-------------+-------------+-------------+-------------+-------------+-------------+-------------+-------------+-------------+-------------+-------------+-------------+-------------+-------------+-------------+-------------+-------------+-------------+-------------+-------------+-------------+-------------+-------------+-------------+-------------+-------------+-------------+-------------+-------------+-------------+-------------+-------------+-------------+-------------+-------------+-------------+-------------+-------------+-------------+-------------+-------------+-------------+-------------+-------------+-------------+-------------+-------------+-------------+-------------+-------------+-------------+-------------+-------------+-------------+-------------+-------------+-------------+-------------+-------------+-------------+-------------+-------------+-------------+-------------+-------------+-------------+-------------+-------------+-------------+-------------+-------------+-------------+-------------+-------------+-------------+-------------+--------------+--------------+--------------+--------------+--------------+--------------+--------------+--------------+--------------+--------------+--------------+--------------+--------------+--------------+--------------+--------------+--------------+--------------+--------------+--------------+--------------+--------------+--------------+--------------+--------------+--------------+--------------+--------------+--------------+--------------+--------------+--------------+--------------+--------------+--------------+--------------+--------------+--------------+--------------+--------------+--------------+--------------+--------------+--------------+--------------+--------------+--------------+--------------+--------------+--------------+--------------+--------------+--------------+--------------+--------------+--------------+--------------+--------------+--------------+--------------+--------------+--------------+--------------+--------------+--------------+--------------+--------------+--------------+--------------+--------------+--------------+--------------+--------------+--------------+--------------+--------------+--------------+--------------+--------------+--------------+--------------+--------------+--------------+--------------+--------------+--------------+--------------+--------------+--------------+--------------+--------------+--------------+
+---------------------------+---------+--------------+--------------+--------------+--------------+--------------+--------------+--------------+--------------+--------------+--------------+--------------+--------------+--------------+--------------+--------------+--------------+--------------+--------------+--------------+--------------+--------------+--------------+--------------+--------------+--------------+--------------+--------------+--------------+--------------+--------------+--------------+--------------+--------------+--------------+--------------+--------------+--------------+--------------+--------------+--------------+--------------+--------------+--------------+--------------+--------------+--------------+--------------+--------------+--------------+--------------+--------------+--------------+--------------+--------------+--------------+--------------+--------------+--------------+--------------+--------------+--------------+--------------+--------------+--------------+--------------+--------------+--------------+--------------+--------------+--------------+--------------+--------------+--------------+--------------+--------------+--------------+--------------+--------------+--------------+--------------+--------------+--------------+--------------+--------------+--------------+--------------+--------------+--------------+--------------+--------------+--------------+--------------+--------------+--------------+--------------+--------------+--------------+--------------+--------------+--------------+--------------+--------------+--------------+--------------+--------------+--------------+--------------+--------------+--------------+--------------+--------------+--------------+--------------+--------------+--------------+--------------+--------------+--------------+--------------+--------------+--------------+--------------+--------------+--------------+--------------+--------------+--------------+--------------+--------------+--------------+--------------+--------------+--------------+--------------+--------------+--------------+--------------+--------------+--------------+--------------+--------------+--------------+--------------+--------------+--------------+--------------+--------------+--------------+--------------+--------------+--------------+--------------+--------------+--------------+--------------+--------------+--------------+--------------+--------------+--------------+--------------+--------------+--------------+--------------+--------------+--------------+--------------+--------------+--------------+--------------+--------------+--------------+--------------+--------------+--------------+--------------+--------------+--------------+--------------+--------------+--------------+--------------+--------------+--------------+--------------+--------------+--------------+--------------+--------------+--------------+--------------+--------------+
|           Event           | Counter |  HWThread 0  |  HWThread 1  |  HWThread 2  |  HWThread 3  |  HWThread 4  |  HWThread 5  |  HWThread 6  |  HWThread 7  |  HWThread 8  |  HWThread 9  |  HWThread 10 |  HWThread 11 |  HWThread 12 |  HWThread 13 |  HWThread 14 |  HWThread 15 |  HWThread 16 |  HWThread 17 |  HWThread 18 |  HWThread 19 |  HWThread 20 |  HWThread 21 |  HWThread 22 |  HWThread 23 |  HWThread 24 |  HWThread 25 |  HWThread 26 |  HWThread 27 |  HWThread 28 |  HWThread 29 |  HWThread 30 |  HWThread 31 |  HWThread 32 |  HWThread 33 |  HWThread 34 |  HWThread 35 |  HWThread 36 |  HWThread 37 |  HWThread 38 |  HWThread 39 |  HWThread 40 |  HWThread 41 |  HWThread 42 |  HWThread 43 |  HWThread 44 |  HWThread 45 |  HWThread 46 |  HWThread 47 |  HWThread 48 |  HWThread 49 |  HWThread 50 |  HWThread 51 |  HWThread 52 |  HWThread 53 |  HWThread 54 |  HWThread 55 |  HWThread 56 |  HWThread 57 |  HWThread 58 |  HWThread 59 |  HWThread 60 |  HWThread 61 |  HWThread 62 |  HWThread 63 |  HWThread 64 |  HWThread 65 |  HWThread 66 |  HWThread 67 |  HWThread 68 |  HWThread 69 |  HWThread 70 |  HWThread 71 |  HWThread 72 |  HWThread 73 |  HWThread 74 |  HWThread 75 |  HWThread 76 |  HWThread 77 |  HWThread 78 |  HWThread 79 |  HWThread 80 |  HWThread 81 |  HWThread 82 |  HWThread 83 |  HWThread 84 |  HWThread 85 |  HWThread 86 |  HWThread 87 |  HWThread 88 |  HWThread 89 |  HWThread 90 |  HWThread 91 |  HWThread 92 |  HWThread 93 |  HWThread 94 |  HWThread 95 |  HWThread 96 |  HWThread 97 |  HWThread 98 |  HWThread 99 | HWThread 100 | HWThread 101 | HWThread 102 | HWThread 103 | HWThread 104 | HWThread 105 | HWThread 106 | HWThread 107 | HWThread 108 | HWThread 109 | HWThread 110 | HWThread 111 | HWThread 112 | HWThread 113 | HWThread 114 | HWThread 115 | HWThread 116 | HWThread 117 | HWThread 118 | HWThread 119 | HWThread 120 | HWThread 121 | HWThread 122 | HWThread 123 | HWThread 124 | HWThread 125 | HWThread 126 | HWThread 127 | HWThread 128 | HWThread 129 | HWThread 130 | HWThread 131 | HWThread 132 | HWThread 133 | HWThread 134 | HWThread 135 | HWThread 136 | HWThread 137 | HWThread 138 | HWThread 139 | HWThread 140 | HWThread 141 | HWThread 142 | HWThread 143 | HWThread 144 | HWThread 145 | HWThread 146 | HWThread 147 | HWThread 148 | HWThread 149 | HWThread 150 | HWThread 151 | HWThread 152 | HWThread 153 | HWThread 154 | HWThread 155 | HWThread 156 | HWThread 157 | HWThread 158 | HWThread 159 | HWThread 160 | HWThread 161 | HWThread 162 | HWThread 163 | HWThread 164 | HWThread 165 | HWThread 166 | HWThread 167 | HWThread 168 | HWThread 169 | HWThread 170 | HWThread 171 | HWThread 172 | HWThread 173 | HWThread 174 | HWThread 175 | HWThread 176 | HWThread 177 | HWThread 178 | HWThread 179 | HWThread 180 | HWThread 181 | HWThread 182 | HWThread 183 | HWThread 184 | HWThread 185 | HWThread 186 | HWThread 187 | HWThread 188 | HWThread 189 | HWThread 190 | HWThread 191 |
+---------------------------+---------+--------------+--------------+--------------+--------------+--------------+--------------+--------------+--------------+--------------+--------------+--------------+--------------+--------------+--------------+--------------+--------------+--------------+--------------+--------------+--------------+--------------+--------------+--------------+--------------+--------------+--------------+--------------+--------------+--------------+--------------+--------------+--------------+--------------+--------------+--------------+--------------+--------------+--------------+--------------+--------------+--------------+--------------+--------------+--------------+--------------+--------------+--------------+--------------+--------------+--------------+--------------+--------------+--------------+--------------+--------------+--------------+--------------+--------------+--------------+--------------+--------------+--------------+--------------+--------------+--------------+--------------+--------------+--------------+--------------+--------------+--------------+--------------+--------------+--------------+--------------+--------------+--------------+--------------+--------------+--------------+--------------+--------------+--------------+--------------+--------------+--------------+--------------+--------------+--------------+--------------+--------------+--------------+--------------+--------------+--------------+--------------+--------------+--------------+--------------+--------------+--------------+--------------+--------------+--------------+--------------+--------------+--------------+--------------+--------------+--------------+--------------+--------------+--------------+--------------+--------------+--------------+--------------+--------------+--------------+--------------+--------------+--------------+--------------+--------------+--------------+--------------+--------------+--------------+--------------+--------------+--------------+--------------+--------------+--------------+--------------+--------------+--------------+--------------+--------------+--------------+--------------+--------------+--------------+--------------+--------------+--------------+--------------+--------------+--------------+--------------+--------------+--------------+--------------+--------------+--------------+--------------+--------------+--------------+--------------+--------------+--------------+--------------+--------------+--------------+--------------+--------------+--------------+--------------+--------------+--------------+--------------+--------------+--------------+--------------+--------------+--------------+--------------+--------------+--------------+--------------+--------------+--------------+--------------+--------------+--------------+--------------+--------------+--------------+--------------+--------------+--------------+--------------+
|      ACTUAL_CPU_CLOCK     |  FIXC1  |   4614480000 |   4613679000 |   4613583000 |   4613685000 |   4613809000 |   4613759000 |   4613877000 |   4613299000 |   4613164000 |   4610973000 |   4614139000 |   4613797000 |   4612707000 |   4613138000 |   4613723000 |   4614152000 |   4618236000 |   4616119000 |   4617311000 |   4618315000 |   4617296000 |   4619415000 |   4619168000 |   4618293000 |   4613694000 |   4615781000 |   4615782000 |   4613709000 |   4614638000 |   4614593000 |   4614095000 |   4614600000 |   4614380000 |   4614685000 |   4614878000 |   4614212000 |   4614008000 |   4614008000 |   4615036000 |   4614241000 |   4615206000 |   4613060000 |   4615408000 |   4614377000 |   4614169000 |   4614255000 |   4614415000 |   4614215000 |   4613750000 |   4613967000 |   4614499000 |   4614215000 |   4614528000 |   4615372000 |   4614970000 |   4614999000 |   4615223000 |   4615235000 |   4615144000 |   4615163000 |   4615207000 |   4615164000 |   4615282000 |   4615196000 |   4614384000 |   4615471000 |   4614323000 |   4614300000 |   4614294000 |   4614267000 |   4614332000 |   4614483000 |   4613422000 |   4613345000 |   4613341000 |   4613740000 |   4612881000 |   4613519000 |   4613462000 |   4613422000 |   4615048000 |   4615175000 |   4615231000 |   4614311000 |   4615052000 |   4614488000 |   4615158000 |   4615469000 |   4619850000 |   4620135000 |   4619250000 |   4619109000 |   4619876000 |   4618803000 |   4620820000 |   4617917000 |   4653136000 |   4652015000 |   4652547000 |   4652454000 |   4651624000 |   4652675000 |   4652582000 |   4651370000 |   4652460000 |   4651901000 |   4652261000 |   4651507000 |   4651673000 |   4651834000 |   4653134000 |   4652049000 |   4653430000 |   4653202000 |   4652997000 |   4652238000 |   4654054000 |   4653855000 |   4653451000 |   4653517000 |   4650755000 |   4650768000 |   4649989000 |   4650868000 |   4650063000 |   4649984000 |   4650622000 |   4649685000 |   4653109000 |   4653256000 |   4653147000 |   4651776000 |   4652902000 |   4652936000 |   4653133000 |   4653287000 |   4650886000 |   4650785000 |   4650927000 |   4650488000 |   4650933000 |   4650385000 |   4650519000 |   4652245000 |   4651607000 |   4652193000 |   4651532000 |   4651523000 |   4652572000 |   4652312000 |   4651471000 |   4651788000 |   4651662000 |   4650526000 |   4650752000 |   4651017000 |   4650622000 |   4650839000 |   4650806000 |   4650572000 |   4651356000 |   4651475000 |   4652219000 |   4651662000 |   4653438000 |   4652228000 |   4653051000 |   4654560000 |   4655832000 |   4655935000 |   4655719000 |   4656129000 |   4656951000 |   4654856000 |   4656555000 |   4655228000 |   4652119000 |   4652206000 |   4651829000 |   4650866000 |   4652229000 |   4651711000 |   4652062000 |   4652366000 |   4652111000 |   4652115000 |   4650270000 |   4652514000 |   4650027000 |   4651362000 |   4650858000 |   4651321000 |
|       MAX_CPU_CLOCK       |  FIXC2  |   4173140000 |   4173489000 |   4173404000 |   4173462000 |   4173446000 |   4173483000 |   4173187000 |   4173626000 |   4173644000 |   4170569000 |   4173110000 |   4173313000 |   4172007000 |   4171859000 |   4173491000 |   4173105000 |   4174306000 |   4171786000 |   4171979000 |   4173795000 |   4172044000 |   4175009000 |   4174524000 |   4173761000 |   4172093000 |   4174622000 |   4174508000 |   4173676000 |   4173521000 |   4173515000 |   4173706000 |   4173489000 |   4173533000 |   4173631000 |   4173305000 |   4173288000 |   4173118000 |   4173709000 |   4173442000 |   4173889000 |   4174709000 |   4172308000 |   4174529000 |   4173602000 |   4173471000 |   4173527000 |   4173625000 |   4173494000 |   4173722000 |   4172758000 |   4173548000 |   4173580000 |   4173611000 |   4174352000 |   4173298000 |   4173285000 |   4174962000 |   4174212000 |   4174711000 |   4174718000 |   4174729000 |   4174730000 |   4174242000 |   4174735000 |   4173571000 |   4174823000 |   4173537000 |   4173516000 |   4173492000 |   4173466000 |   4173530000 |   4173591000 |   4173715000 |   4173728000 |   4173726000 |   4173506000 |   4173684000 |   4173276000 |   4173740000 |   4173720000 |   4174626000 |   4174710000 |   4174188000 |   4173643000 |   4174054000 |   4173757000 |   4174676000 |   4174902000 |   4175284000 |   4175845000 |   4174868000 |   4174296000 |   4175312000 |   4174700000 |   4175897000 |   4173607000 |   4174057000 |   4173143000 |   4173678000 |   4173594000 |   4172383000 |   4174145000 |   4174090000 |   4173512000 |   4173247000 |   4173488000 |   4173243000 |   4173241000 |   4173341000 |   4173432000 |   4174320000 |   4173644000 |   4174366000 |   4174523000 |   4174706000 |   4173303000 |   4174574000 |   4174545000 |   4173911000 |   4174372000 |   4173320000 |   4172850000 |   4172378000 |   4173492000 |   4173601000 |   4173307000 |   4172188000 |   4172176000 |   4174346000 |   4174520000 |   4174355000 |   4173214000 |   4173349000 |   4173349000 |   4174362000 |   4174450000 |   4173174000 |   4173524000 |   4174185000 |   4173325000 |   4173177000 |   4173198000 |   4173325000 |   4174377000 |   4173070000 |   4173870000 |   4173467000 |   4173444000 |   4174679000 |   4173958000 |   4173424000 |   4173190000 |   4173165000 |   4173545000 |   4173483000 |   4173077000 |   4173634000 |   4173340000 |   4173118000 |   4173608000 |   4173505000 |   4173641000 |   4173905000 |   4173355000 |   4174077000 |   4173894000 |   4173461000 |   4174641000 |   4174562000 |   4174519000 |   4173559000 |   4174838000 |   4175046000 |   4173519000 |   4175078000 |   4174071000 |   4173898000 |   4174334000 |   4173670000 |   4173244000 |   4173932000 |   4173385000 |   4173804000 |   4174480000 |   4173845000 |   4174407000 |   4173288000 |   4174147000 |   4173079000 |   4173394000 |   4173291000 |   4173361000 |
|    RETIRED_INSTRUCTIONS   |   PMC0  |  10205290000 |  10208570000 |  10208150000 |  10208450000 |  10208340000 |  10207760000 |  10208490000 |  10208450000 |  10207690000 |  10207220000 |  10207330000 |  10207390000 |  10207460000 |  10206660000 |  10207350000 |  10207300000 |  10209360000 |  10208240000 |  10208230000 |  10209340000 |  10209180000 |  10209190000 |  10207620000 |  10210620000 |  10207730000 |  10208080000 |  10207710000 |  10207730000 |  10207660000 |  10207060000 |  10207490000 |  10207740000 |  10206810000 |  10207460000 |  10207940000 |  10207510000 |  10208720000 |  10206980000 |  10208570000 |  10207650000 |  10207330000 |  10207330000 |  10207460000 |  10207200000 |  10206780000 |  10206270000 |  10206200000 |  10205640000 |  10207710000 |  10207610000 |  10207570000 |  10207420000 |  10210010000 |  10207220000 |  10207340000 |  10207330000 |  10207520000 |  10206860000 |  10206810000 |  10207130000 |  10207470000 |  10206580000 |  10206060000 |  10206800000 |  10207800000 |  10207420000 |  10207260000 |  10206270000 |  10206380000 |  10206400000 |  10206300000 |  10205710000 |  10207290000 |  10206770000 |  10206880000 |  10206770000 |  10207070000 |  10208200000 |  10206610000 |  10206870000 |  10208350000 |  10207600000 |  10207820000 |  10207730000 |  10208090000 |  10207980000 |  10207300000 |  10207820000 |  10210120000 |  10208830000 |  10208780000 |  10207830000 |  10208290000 |  10207360000 |  10212150000 |  10203830000 |  10215450000 |  10214930000 |  10215120000 |  10215010000 |  10215510000 |  10214740000 |  10214490000 |  10214720000 |  10215750000 |  10215360000 |  10215290000 |  10215230000 |  10215280000 |  10214910000 |  10215160000 |  10215040000 |  10215360000 |  10215200000 |  10215180000 |  10215200000 |  10216040000 |  10215430000 |  10213320000 |  10214350000 |  10214830000 |  10214380000 |  10214510000 |  10214320000 |  10214790000 |  10214160000 |  10214300000 |  10214380000 |  10215050000 |  10215020000 |  10214720000 |  10215090000 |  10217700000 |  10214420000 |  10214800000 |  10214790000 |  10214890000 |  10214210000 |  10214500000 |  10214430000 |  10213460000 |  10213450000 |  10213280000 |  10213410000 |  10214380000 |  10214520000 |  10215310000 |  10214080000 |  10217270000 |  10213940000 |  10214150000 |  10214190000 |  10214240000 |  10214310000 |  10214370000 |  10214260000 |  10214400000 |  10213780000 |  10213860000 |  10213940000 |  10214690000 |  10214580000 |  10214650000 |  10214390000 |  10213550000 |  10214070000 |  10213520000 |  10213950000 |  10215500000 |  10215010000 |  10214770000 |  10215900000 |  10215310000 |  10214600000 |  10215950000 |  10214880000 |  10214610000 |  10214810000 |  10214210000 |  10213930000 |  10214530000 |  10213880000 |  10214140000 |  10214150000 |  10214260000 |  10213570000 |  10213920000 |  10213690000 |  10213290000 |  10213210000 |  10213440000 |  10216890000 |
|    CPU_CLOCKS_UNHALTED    |   PMC1  |   4561537000 |   4571654000 |   4571223000 |   4571526000 |   4571451000 |   4571706000 |   4571033000 |   4571346000 |   4565560000 |   4563890000 |   4565381000 |   4565262000 |   4565320000 |   4565430000 |   4565350000 |   4564991000 |   4573968000 |   4569081000 |   4569160000 |   4576088000 |   4569472000 |   4575852000 |   4569292000 |   4575725000 |   4566791000 |   4568950000 |   4567336000 |   4566518000 |   4566746000 |   4566727000 |   4566548000 |   4566527000 |   4566424000 |   4566736000 |   4567236000 |   4566721000 |   4566610000 |   4566902000 |   4566906000 |   4566849000 |   4565000000 |   4565552000 |   4566048000 |   4565062000 |   4564847000 |   4563913000 |   4563885000 |   4563640000 |   4566579000 |   4566999000 |   4567256000 |   4566749000 |   4566534000 |   4567515000 |   4566980000 |   4566717000 |   4564411000 |   4564379000 |   4564736000 |   4564873000 |   4564510000 |   4565227000 |   4564539000 |   4564790000 |   4566207000 |   4566122000 |   4565648000 |   4565597000 |   4565340000 |   4565505000 |   4565425000 |   4565079000 |   4563223000 |   4563892000 |   4563698000 |   4564480000 |   4564021000 |   4563691000 |   4563889000 |   4564052000 |   4570041000 |   4568459000 |   4569239000 |   4569599000 |   4568771000 |   4569935000 |   4569037000 |   4569582000 |   4579070000 |   4574730000 |   4574367000 |   4571850000 |   4577910000 |   4572238000 |   4577584000 |   4570787000 |   4609559000 |   4609510000 |   4610715000 |   4610113000 |   4609571000 |   4611251000 |   4610821000 |   4609844000 |   4611182000 |   4611237000 |   4610989000 |   4611025000 |   4610313000 |   4610987000 |   4610881000 |   4610672000 |   4611660000 |   4610288000 |   4611845000 |   4611072000 |   4610854000 |   4610246000 |   4610213000 |   4610315000 |   4607694000 |   4607433000 |   4608102000 |   4607762000 |   4607534000 |   4607992000 |   4607374000 |   4607459000 |   4609977000 |   4610569000 |   4609802000 |   4608201000 |   4608430000 |   4608693000 |   4609529000 |   4609602000 |   4607602000 |   4607251000 |   4608326000 |   4608137000 |   4606642000 |   4606575000 |   4606320000 |   4606953000 |   4607395000 |   4606656000 |   4607018000 |   4606924000 |   4607544000 |   4607180000 |   4606757000 |   4606952000 |   4607215000 |   4606850000 |   4607170000 |   4606586000 |   4606810000 |   4606960000 |   4606974000 |   4606861000 |   4609366000 |   4609416000 |   4609881000 |   4608619000 |   4607980000 |   4609311000 |   4607918000 |   4609356000 |   4611992000 |   4611796000 |   4610471000 |   4616619000 |   4611146000 |   4610803000 |   4616961000 |   4611601000 |   4607934000 |   4607642000 |   4607528000 |   4606685000 |   4607462000 |   4607169000 |   4607715000 |   4608301000 |   4606754000 |   4606884000 |   4606678000 |   4607192000 |   4605512000 |   4606304000 |   4605594000 |   4606714000 |
| RETIRED_SSE_AVX_FLOPS_ALL |   PMC2  | 128849000000 | 128849000000 | 128849000000 | 128849000000 | 128849000000 | 128849000000 | 128849000000 | 128849000000 | 128849000000 | 128849000000 | 128849000000 | 128849000000 | 128849000000 | 128849000000 | 128849000000 | 128849000000 | 128849000000 | 128849000000 | 128849000000 | 128849000000 | 128849000000 | 128849000000 | 128849000000 | 128849000000 | 128849000000 | 128849000000 | 128849000000 | 128849000000 | 128849000000 | 128849000000 | 128849000000 | 128849000000 | 128849000000 | 128849000000 | 128849000000 | 128849000000 | 128849000000 | 128849000000 | 128849000000 | 128849000000 | 128849000000 | 128849000000 | 128849000000 | 128849000000 | 128849000000 | 128849000000 | 128849000000 | 128849000000 | 128849000000 | 128849000000 | 128849000000 | 128849000000 | 128849000000 | 128849000000 | 128849000000 | 128849000000 | 128849000000 | 128849000000 | 128849000000 | 128849000000 | 128849000000 | 128849000000 | 128849000000 | 128849000000 | 128849000000 | 128849000000 | 128849000000 | 128849000000 | 128849000000 | 128849000000 | 128849000000 | 128849000000 | 128849000000 | 128849000000 | 128849000000 | 128849000000 | 128849000000 | 128849000000 | 128849000000 | 128849000000 | 128849000000 | 128849000000 | 128849000000 | 128849000000 | 128849000000 | 128849000000 | 128849000000 | 128849000000 | 128849000000 | 128849000000 | 128849000000 | 128849000000 | 128849000000 | 128849000000 | 128849000000 | 128849000000 | 128849000000 | 128849000000 | 128849000000 | 128849000000 | 128849000000 | 128849000000 | 128849000000 | 128849000000 | 128849000000 | 128849000000 | 128849000000 | 128849000000 | 128849000000 | 128849000000 | 128849000000 | 128849000000 | 128849000000 | 128849000000 | 128849000000 | 128849000000 | 128849000000 | 128849000000 | 128849000000 | 128849000000 | 128849000000 | 128849000000 | 128849000000 | 128849000000 | 128849000000 | 128849000000 | 128849000000 | 128849000000 | 128849000000 | 128849000000 | 128849000000 | 128849000000 | 128849000000 | 128849000000 | 128849000000 | 128849000000 | 128849000000 | 128849000000 | 128849000000 | 128849000000 | 128849000000 | 128849000000 | 128849000000 | 128849000000 | 128849000000 | 128849000000 | 128849000000 | 128849000000 | 128849000000 | 128849000000 | 128849000000 | 128849000000 | 128849000000 | 128849000000 | 128849000000 | 128849000000 | 128849000000 | 128849000000 | 128849000000 | 128849000000 | 128849000000 | 128849000000 | 128849000000 | 128849000000 | 128849000000 | 128849000000 | 128849000000 | 128849000000 | 128849000000 | 128849000000 | 128849000000 | 128849000000 | 128849000000 | 128849000000 | 128849000000 | 128849000000 | 128849000000 | 128849000000 | 128849000000 | 128849000000 | 128849000000 | 128849000000 | 128849000000 | 128849000000 | 128849000000 | 128849000000 | 128849000000 | 128849000000 | 128849000000 | 128849000000 | 128849000000 | 128849000000 |
|           MERGE           |   PMC3  |            0 |            0 |            0 |            0 |            0 |            0 |            0 |            0 |            0 |            0 |            0 |            0 |            0 |            0 |            0 |            0 |            0 |            0 |            0 |            0 |            0 |            0 |            0 |            0 |            0 |            0 |            0 |            0 |            0 |            0 |            0 |            0 |            0 |            0 |            0 |            0 |            0 |            0 |            0 |            0 |            0 |            0 |            0 |            0 |            0 |            0 |            0 |            0 |            0 |            0 |            0 |            0 |            0 |            0 |            0 |            0 |            0 |            0 |            0 |            0 |            0 |            0 |            0 |            0 |            0 |            0 |            0 |            0 |            0 |            0 |            0 |            0 |            0 |            0 |            0 |            0 |            0 |            0 |            0 |            0 |            0 |            0 |            0 |            0 |            0 |            0 |            0 |            0 |            0 |            0 |            0 |            0 |            0 |            0 |            0 |            0 |            0 |            0 |            0 |            0 |            0 |            0 |            0 |            0 |            0 |            0 |            0 |            0 |            0 |            0 |            0 |            0 |            0 |            0 |            0 |            0 |            0 |            0 |            0 |            0 |            0 |            0 |            0 |            0 |            0 |            0 |            0 |            0 |            0 |            0 |            0 |            0 |            0 |            0 |            0 |            0 |            0 |            0 |            0 |            0 |            0 |            0 |            0 |            0 |            0 |            0 |            0 |            0 |            0 |            0 |            0 |            0 |            0 |            0 |            0 |            0 |            0 |            0 |            0 |            0 |            0 |            0 |            0 |            0 |            0 |            0 |            0 |            0 |            0 |            0 |            0 |            0 |            0 |            0 |            0 |            0 |            0 |            0 |            0 |            0 |            0 |            0 |            0 |            0 |            0 |            0 |            0 |            0 |            0 |            0 |            0 |            0 |
+---------------------------+---------+--------------+--------------+--------------+--------------+--------------+--------------+--------------+--------------+--------------+--------------+--------------+--------------+--------------+--------------+--------------+--------------+--------------+--------------+--------------+--------------+--------------+--------------+--------------+--------------+--------------+--------------+--------------+--------------+--------------+--------------+--------------+--------------+--------------+--------------+--------------+--------------+--------------+--------------+--------------+--------------+--------------+--------------+--------------+--------------+--------------+--------------+--------------+--------------+--------------+--------------+--------------+--------------+--------------+--------------+--------------+--------------+--------------+--------------+--------------+--------------+--------------+--------------+--------------+--------------+--------------+--------------+--------------+--------------+--------------+--------------+--------------+--------------+--------------+--------------+--------------+--------------+--------------+--------------+--------------+--------------+--------------+--------------+--------------+--------------+--------------+--------------+--------------+--------------+--------------+--------------+--------------+--------------+--------------+--------------+--------------+--------------+--------------+--------------+--------------+--------------+--------------+--------------+--------------+--------------+--------------+--------------+--------------+--------------+--------------+--------------+--------------+--------------+--------------+--------------+--------------+--------------+--------------+--------------+--------------+--------------+--------------+--------------+--------------+--------------+--------------+--------------+--------------+--------------+--------------+--------------+--------------+--------------+--------------+--------------+--------------+--------------+--------------+--------------+--------------+--------------+--------------+--------------+--------------+--------------+--------------+--------------+--------------+--------------+--------------+--------------+--------------+--------------+--------------+--------------+--------------+--------------+--------------+--------------+--------------+--------------+--------------+--------------+--------------+--------------+--------------+--------------+--------------+--------------+--------------+--------------+--------------+--------------+--------------+--------------+--------------+--------------+--------------+--------------+--------------+--------------+--------------+--------------+--------------+--------------+--------------+--------------+--------------+--------------+--------------+--------------+--------------+--------------+
+--------------------------------+---------+----------------+--------------+--------------+--------------+
|              Event             | Counter |       Sum      |      Min     |      Max     |      Avg     |
+--------------------------------+---------+----------------+--------------+--------------+--------------+
|      ACTUAL_CPU_CLOCK STAT     |  FIXC1  |   889654522000 |   4610973000 |   4656951000 | 4.633617e+09 |
|       MAX_CPU_CLOCK STAT       |  FIXC2  |   801355730000 |   4170569000 |   4175897000 | 4.173728e+09 |
|    RETIRED_INSTRUCTIONS STAT   |   PMC0  |  1960531860000 |  10203830000 |  10217700000 | 1.021110e+10 |
|    CPU_CLOCKS_UNHALTED STAT    |   PMC1  |   880937912000 |   4561537000 |   4616961000 | 4.588218e+09 |
| RETIRED_SSE_AVX_FLOPS_ALL STAT |   PMC2  | 24739008000000 | 128849000000 | 128849000000 | 128849000000 |
|           MERGE STAT           |   PMC3  |              0 |            0 |            0 |            0 |
+--------------------------------+---------+----------------+--------------+--------------+--------------+
+----------------------+------------+------------+------------+------------+------------+------------+------------+------------+------------+------------+-------------+-------------+-------------+-------------+-------------+-------------+-------------+-------------+-------------+-------------+-------------+-------------+-------------+-------------+-------------+-------------+-------------+-------------+-------------+-------------+-------------+-------------+-------------+-------------+-------------+-------------+-------------+-------------+-------------+-------------+-------------+-------------+-------------+-------------+-------------+-------------+-------------+-------------+-------------+-------------+-------------+-------------+-------------+-------------+-------------+-------------+-------------+-------------+-------------+-------------+-------------+-------------+-------------+-------------+-------------+-------------+-------------+-------------+-------------+-------------+-------------+-------------+-------------+-------------+-------------+-------------+-------------+-------------+-------------+-------------+-------------+-------------+-------------+-------------+-------------+-------------+-------------+-------------+-------------+-------------+-------------+-------------+-------------+-------------+-------------+-------------+-------------+-------------+-------------+-------------+--------------+--------------+--------------+--------------+--------------+--------------+--------------+--------------+--------------+--------------+--------------+--------------+--------------+--------------+--------------+--------------+--------------+--------------+--------------+--------------+--------------+--------------+--------------+--------------+--------------+--------------+--------------+--------------+--------------+--------------+--------------+--------------+--------------+--------------+--------------+--------------+--------------+--------------+--------------+--------------+--------------+--------------+--------------+--------------+--------------+--------------+--------------+--------------+--------------+--------------+--------------+--------------+--------------+--------------+--------------+--------------+--------------+--------------+--------------+--------------+--------------+--------------+--------------+--------------+--------------+--------------+--------------+--------------+--------------+--------------+--------------+--------------+--------------+--------------+--------------+--------------+--------------+--------------+--------------+--------------+--------------+--------------+--------------+--------------+--------------+--------------+--------------+--------------+--------------+--------------+--------------+--------------+
|        Metric        | HWThread 0 | HWThread 1 | HWThread 2 | HWThread 3 | HWThread 4 | HWThread 5 | HWThread 6 | HWThread 7 | HWThread 8 | HWThread 9 | HWThread 10 | HWThread 11 | HWThread 12 | HWThread 13 | HWThread 14 | HWThread 15 | HWThread 16 | HWThread 17 | HWThread 18 | HWThread 19 | HWThread 20 | HWThread 21 | HWThread 22 | HWThread 23 | HWThread 24 | HWThread 25 | HWThread 26 | HWThread 27 | HWThread 28 | HWThread 29 | HWThread 30 | HWThread 31 | HWThread 32 | HWThread 33 | HWThread 34 | HWThread 35 | HWThread 36 | HWThread 37 | HWThread 38 | HWThread 39 | HWThread 40 | HWThread 41 | HWThread 42 | HWThread 43 | HWThread 44 | HWThread 45 | HWThread 46 | HWThread 47 | HWThread 48 | HWThread 49 | HWThread 50 | HWThread 51 | HWThread 52 | HWThread 53 | HWThread 54 | HWThread 55 | HWThread 56 | HWThread 57 | HWThread 58 | HWThread 59 | HWThread 60 | HWThread 61 | HWThread 62 | HWThread 63 | HWThread 64 | HWThread 65 | HWThread 66 | HWThread 67 | HWThread 68 | HWThread 69 | HWThread 70 | HWThread 71 | HWThread 72 | HWThread 73 | HWThread 74 | HWThread 75 | HWThread 76 | HWThread 77 | HWThread 78 | HWThread 79 | HWThread 80 | HWThread 81 | HWThread 82 | HWThread 83 | HWThread 84 | HWThread 85 | HWThread 86 | HWThread 87 | HWThread 88 | HWThread 89 | HWThread 90 | HWThread 91 | HWThread 92 | HWThread 93 | HWThread 94 | HWThread 95 | HWThread 96 | HWThread 97 | HWThread 98 | HWThread 99 | HWThread 100 | HWThread 101 | HWThread 102 | HWThread 103 | HWThread 104 | HWThread 105 | HWThread 106 | HWThread 107 | HWThread 108 | HWThread 109 | HWThread 110 | HWThread 111 | HWThread 112 | HWThread 113 | HWThread 114 | HWThread 115 | HWThread 116 | HWThread 117 | HWThread 118 | HWThread 119 | HWThread 120 | HWThread 121 | HWThread 122 | HWThread 123 | HWThread 124 | HWThread 125 | HWThread 126 | HWThread 127 | HWThread 128 | HWThread 129 | HWThread 130 | HWThread 131 | HWThread 132 | HWThread 133 | HWThread 134 | HWThread 135 | HWThread 136 | HWThread 137 | HWThread 138 | HWThread 139 | HWThread 140 | HWThread 141 | HWThread 142 | HWThread 143 | HWThread 144 | HWThread 145 | HWThread 146 | HWThread 147 | HWThread 148 | HWThread 149 | HWThread 150 | HWThread 151 | HWThread 152 | HWThread 153 | HWThread 154 | HWThread 155 | HWThread 156 | HWThread 157 | HWThread 158 | HWThread 159 | HWThread 160 | HWThread 161 | HWThread 162 | HWThread 163 | HWThread 164 | HWThread 165 | HWThread 166 | HWThread 167 | HWThread 168 | HWThread 169 | HWThread 170 | HWThread 171 | HWThread 172 | HWThread 173 | HWThread 174 | HWThread 175 | HWThread 176 | HWThread 177 | HWThread 178 | HWThread 179 | HWThread 180 | HWThread 181 | HWThread 182 | HWThread 183 | HWThread 184 | HWThread 185 | HWThread 186 | HWThread 187 | HWThread 188 | HWThread 189 | HWThread 190 | HWThread 191 |
+----------------------+------------+------------+------------+------------+------------+------------+------------+------------+------------+------------+-------------+-------------+-------------+-------------+-------------+-------------+-------------+-------------+-------------+-------------+-------------+-------------+-------------+-------------+-------------+-------------+-------------+-------------+-------------+-------------+-------------+-------------+-------------+-------------+-------------+-------------+-------------+-------------+-------------+-------------+-------------+-------------+-------------+-------------+-------------+-------------+-------------+-------------+-------------+-------------+-------------+-------------+-------------+-------------+-------------+-------------+-------------+-------------+-------------+-------------+-------------+-------------+-------------+-------------+-------------+-------------+-------------+-------------+-------------+-------------+-------------+-------------+-------------+-------------+-------------+-------------+-------------+-------------+-------------+-------------+-------------+-------------+-------------+-------------+-------------+-------------+-------------+-------------+-------------+-------------+-------------+-------------+-------------+-------------+-------------+-------------+-------------+-------------+-------------+-------------+--------------+--------------+--------------+--------------+--------------+--------------+--------------+--------------+--------------+--------------+--------------+--------------+--------------+--------------+--------------+--------------+--------------+--------------+--------------+--------------+--------------+--------------+--------------+--------------+--------------+--------------+--------------+--------------+--------------+--------------+--------------+--------------+--------------+--------------+--------------+--------------+--------------+--------------+--------------+--------------+--------------+--------------+--------------+--------------+--------------+--------------+--------------+--------------+--------------+--------------+--------------+--------------+--------------+--------------+--------------+--------------+--------------+--------------+--------------+--------------+--------------+--------------+--------------+--------------+--------------+--------------+--------------+--------------+--------------+--------------+--------------+--------------+--------------+--------------+--------------+--------------+--------------+--------------+--------------+--------------+--------------+--------------+--------------+--------------+--------------+--------------+--------------+--------------+--------------+--------------+--------------+--------------+
|  Runtime (RDTSC) [s] |     1.7403 |     1.7403 |     1.7402 |     1.7403 |     1.7403 |     1.7403 |     1.7402 |     1.7403 |     1.7402 |     1.7402 |      1.7403 |      1.7402 |      1.7403 |      1.7403 |      1.7403 |      1.7402 |      1.7416 |      1.7402 |      1.7403 |      1.7421 |      1.7404 |      1.7421 |      1.7403 |      1.7421 |      1.7403 |      1.7409 |      1.7405 |      1.7402 |      1.7403 |      1.7403 |      1.7403 |      1.7402 |      1.7403 |      1.7402 |      1.7403 |      1.7402 |      1.7402 |      1.7402 |      1.7403 |      1.7404 |      1.7402 |      1.7404 |      1.7406 |      1.7404 |      1.7402 |      1.7404 |      1.7404 |      1.7402 |      1.7403 |      1.7404 |      1.7404 |      1.7402 |      1.7402 |      1.7406 |      1.7404 |      1.7404 |      1.7402 |      1.7402 |      1.7402 |      1.7402 |      1.7402 |      1.7404 |      1.7402 |      1.7402 |      1.7404 |      1.7403 |      1.7402 |      1.7402 |      1.7402 |      1.7402 |      1.7402 |      1.7403 |      1.7403 |      1.7402 |      1.7402 |      1.7404 |      1.7403 |      1.7402 |      1.7402 |      1.7402 |      1.7404 |      1.7403 |      1.7403 |      1.7403 |      1.7404 |      1.7405 |      1.7403 |      1.7404 |      1.7422 |      1.7409 |      1.7408 |      1.7402 |      1.7422 |      1.7402 |      1.7422 |      1.7402 |      1.7402 |      1.7402 |      1.7406 |      1.7404 |       1.7403 |       1.7407 |       1.7406 |       1.7402 |       1.7404 |       1.7404 |       1.7403 |       1.7404 |       1.7403 |       1.7404 |       1.7404 |       1.7402 |       1.7406 |       1.7402 |       1.7406 |       1.7404 |       1.7404 |       1.7403 |       1.7406 |       1.7406 |       1.7404 |       1.7402 |       1.7405 |       1.7404 |       1.7403 |       1.7404 |       1.7402 |       1.7403 |       1.7406 |       1.7409 |       1.7406 |       1.7403 |       1.7403 |       1.7404 |       1.7406 |       1.7406 |       1.7403 |       1.7402 |       1.7404 |       1.7404 |       1.7403 |       1.7403 |       1.7403 |       1.7403 |       1.7403 |       1.7402 |       1.7402 |       1.7402 |       1.7403 |       1.7402 |       1.7402 |       1.7403 |       1.7403 |       1.7403 |       1.7404 |       1.7402 |       1.7402 |       1.7403 |       1.7403 |       1.7402 |       1.7404 |       1.7404 |       1.7406 |       1.7402 |       1.7403 |       1.7406 |       1.7402 |       1.7406 |       1.7408 |       1.7407 |       1.7402 |       1.7420 |       1.7406 |       1.7403 |       1.7421 |       1.7407 |       1.7406 |       1.7406 |       1.7406 |       1.7402 |       1.7405 |       1.7403 |       1.7406 |       1.7406 |       1.7403 |       1.7404 |       1.7403 |       1.7404 |       1.7402 |       1.7404 |       1.7403 |       1.7404 |
| Runtime unhalted [s] |     1.9262 |     1.9259 |     1.9258 |     1.9259 |     1.9259 |     1.9259 |     1.9260 |     1.9257 |     1.9257 |     1.9247 |      1.9261 |      1.9259 |      1.9255 |      1.9256 |      1.9259 |      1.9261 |      1.9278 |      1.9269 |      1.9274 |      1.9278 |      1.9274 |      1.9283 |      1.9282 |      1.9278 |      1.9259 |      1.9268 |      1.9268 |      1.9259 |      1.9263 |      1.9263 |      1.9260 |      1.9263 |      1.9262 |      1.9263 |      1.9264 |      1.9261 |      1.9260 |      1.9260 |      1.9264 |      1.9261 |      1.9265 |      1.9256 |      1.9266 |      1.9262 |      1.9261 |      1.9261 |      1.9262 |      1.9261 |      1.9259 |      1.9260 |      1.9262 |      1.9261 |      1.9262 |      1.9266 |      1.9264 |      1.9264 |      1.9265 |      1.9265 |      1.9265 |      1.9265 |      1.9265 |      1.9265 |      1.9265 |      1.9265 |      1.9262 |      1.9266 |      1.9261 |      1.9261 |      1.9261 |      1.9261 |      1.9261 |      1.9262 |      1.9258 |      1.9257 |      1.9257 |      1.9259 |      1.9255 |      1.9258 |      1.9258 |      1.9258 |      1.9264 |      1.9265 |      1.9265 |      1.9261 |      1.9264 |      1.9262 |      1.9265 |      1.9266 |      1.9285 |      1.9286 |      1.9282 |      1.9281 |      1.9285 |      1.9280 |      1.9289 |      1.9276 |      1.9423 |      1.9419 |      1.9421 |      1.9421 |       1.9417 |       1.9422 |       1.9421 |       1.9416 |       1.9421 |       1.9418 |       1.9420 |       1.9417 |       1.9417 |       1.9418 |       1.9423 |       1.9419 |       1.9425 |       1.9424 |       1.9423 |       1.9420 |       1.9427 |       1.9426 |       1.9425 |       1.9425 |       1.9414 |       1.9414 |       1.9410 |       1.9414 |       1.9411 |       1.9410 |       1.9413 |       1.9409 |       1.9423 |       1.9424 |       1.9424 |       1.9418 |       1.9422 |       1.9423 |       1.9423 |       1.9424 |       1.9414 |       1.9414 |       1.9414 |       1.9412 |       1.9414 |       1.9412 |       1.9413 |       1.9420 |       1.9417 |       1.9420 |       1.9417 |       1.9417 |       1.9421 |       1.9420 |       1.9417 |       1.9418 |       1.9417 |       1.9413 |       1.9414 |       1.9415 |       1.9413 |       1.9414 |       1.9414 |       1.9413 |       1.9416 |       1.9417 |       1.9420 |       1.9417 |       1.9425 |       1.9420 |       1.9423 |       1.9429 |       1.9435 |       1.9435 |       1.9434 |       1.9436 |       1.9439 |       1.9431 |       1.9438 |       1.9432 |       1.9419 |       1.9420 |       1.9418 |       1.9414 |       1.9420 |       1.9418 |       1.9419 |       1.9420 |       1.9419 |       1.9419 |       1.9411 |       1.9421 |       1.9410 |       1.9416 |       1.9414 |       1.9416 |
|      Clock [MHz]     |  2648.9823 |  2648.3010 |  2648.2998 |  2648.3216 |  2648.4029 |  2648.3507 |  2648.6063 |  2647.9960 |  2647.9070 |  2648.6008 |   2648.8056 |   2648.4804 |   2648.6836 |   2649.0251 |   2648.3250 |   2648.8162 |   2650.3979 |   2650.7832 |   2651.3451 |   2650.7678 |   2651.2952 |   2650.6282 |   2650.7944 |   2650.7767 |   2649.1958 |   2648.7885 |   2648.8614 |   2648.1996 |   2648.8312 |   2648.8092 |   2648.4021 |   2648.8297 |   2648.6755 |   2648.7883 |   2649.1060 |   2648.7345 |   2648.7253 |   2648.3503 |   2649.1098 |   2648.3698 |   2648.4033 |   2648.6952 |   2648.6335 |   2648.6300 |   2648.5937 |   2648.6075 |   2648.6372 |   2648.6055 |   2648.1939 |   2648.9303 |   2648.7342 |   2648.5509 |   2648.7109 |   2648.7251 |   2649.1633 |   2649.1882 |   2648.2526 |   2648.7353 |   2648.3665 |   2648.3730 |   2648.3912 |   2648.3659 |   2648.7432 |   2648.3811 |   2648.6536 |   2648.4831 |   2648.6402 |   2648.6403 |   2648.6521 |   2648.6531 |   2648.6498 |   2648.6978 |   2648.0101 |   2647.9576 |   2647.9566 |   2648.3252 |   2647.7192 |   2648.3443 |   2648.0172 |   2648.0069 |   2648.3653 |   2648.3849 |   2648.7482 |   2648.5660 |   2648.7305 |   2648.5953 |   2648.3967 |   2648.4318 |   2650.7032 |   2650.5106 |   2650.6230 |   2650.9053 |   2650.7003 |   2650.4732 |   2650.8705 |   2650.6587 |   2670.5863 |   2670.5277 |   2670.4907 |   2670.4911 |    2670.7896 |    2670.2654 |    2670.2472 |    2669.9213 |    2670.7166 |    2670.2415 |    2670.6049 |    2670.1734 |    2670.2047 |    2670.2389 |    2670.4169 |    2670.2266 |    2670.5573 |    2670.3260 |    2670.0914 |    2670.5533 |    2670.7824 |    2670.6867 |    2670.8605 |    2670.6034 |    2669.6911 |    2669.9993 |    2669.8541 |    2669.6460 |    2669.1142 |    2669.2569 |    2670.3391 |    2669.8088 |    2670.3859 |    2670.3590 |    2670.4020 |    2670.3450 |    2670.9050 |    2670.9245 |    2670.3894 |    2670.4215 |    2669.8597 |    2669.5779 |    2669.2366 |    2669.5347 |    2669.8848 |    2669.5568 |    2669.5525 |    2669.8702 |    2670.3402 |    2670.1647 |    2670.0431 |    2670.0527 |    2669.8647 |    2670.1767 |    2670.0356 |    2670.3673 |    2670.3110 |    2669.4158 |    2669.5851 |    2669.9970 |    2669.4139 |    2669.7266 |    2669.8496 |    2669.4019 |    2669.9178 |    2669.8991 |    2670.1572 |    2670.1894 |    2670.7468 |    2670.1694 |    2670.9189 |    2671.0299 |    2671.8104 |    2671.8970 |    2672.3876 |    2671.8041 |    2672.1427 |    2671.9178 |    2671.8950 |    2671.7780 |    2670.1043 |    2669.8753 |    2670.0837 |    2669.8035 |    2670.1457 |    2670.1983 |    2670.1317 |    2669.8738 |    2670.1336 |    2669.7764 |    2669.4332 |    2670.1717 |    2669.4274 |    2669.9922 |    2669.7688 |    2669.9898 |
|          CPI         |     0.4470 |     0.4478 |     0.4478 |     0.4478 |     0.4478 |     0.4479 |     0.4478 |     0.4478 |     0.4473 |     0.4471 |      0.4473 |      0.4473 |      0.4473 |      0.4473 |      0.4473 |      0.4472 |      0.4480 |      0.4476 |      0.4476 |      0.4482 |      0.4476 |      0.4482 |      0.4476 |      0.4481 |      0.4474 |      0.4476 |      0.4474 |      0.4474 |      0.4474 |      0.4474 |      0.4474 |      0.4474 |      0.4474 |      0.4474 |      0.4474 |      0.4474 |      0.4473 |      0.4474 |      0.4474 |      0.4474 |      0.4472 |      0.4473 |      0.4473 |      0.4472 |      0.4472 |      0.4472 |      0.4472 |      0.4472 |      0.4474 |      0.4474 |      0.4474 |      0.4474 |      0.4473 |      0.4475 |      0.4474 |      0.4474 |      0.4472 |      0.4472 |      0.4472 |      0.4472 |      0.4472 |      0.4473 |      0.4472 |      0.4472 |      0.4473 |      0.4473 |      0.4473 |      0.4473 |      0.4473 |      0.4473 |      0.4473 |      0.4473 |      0.4471 |      0.4471 |      0.4471 |      0.4472 |      0.4471 |      0.4471 |      0.4472 |      0.4472 |      0.4477 |      0.4476 |      0.4476 |      0.4477 |      0.4476 |      0.4477 |      0.4476 |      0.4477 |      0.4485 |      0.4481 |      0.4481 |      0.4479 |      0.4485 |      0.4479 |      0.4482 |      0.4479 |      0.4512 |      0.4513 |      0.4514 |      0.4513 |       0.4512 |       0.4514 |       0.4514 |       0.4513 |       0.4514 |       0.4514 |       0.4514 |       0.4514 |       0.4513 |       0.4514 |       0.4514 |       0.4514 |       0.4514 |       0.4513 |       0.4515 |       0.4514 |       0.4513 |       0.4513 |       0.4514 |       0.4514 |       0.4511 |       0.4511 |       0.4511 |       0.4511 |       0.4511 |       0.4511 |       0.4511 |       0.4511 |       0.4513 |       0.4514 |       0.4513 |       0.4511 |       0.4510 |       0.4512 |       0.4513 |       0.4513 |       0.4511 |       0.4511 |       0.4512 |       0.4511 |       0.4510 |       0.4510 |       0.4510 |       0.4511 |       0.4511 |       0.4510 |       0.4510 |       0.4510 |       0.4510 |       0.4511 |       0.4510 |       0.4510 |       0.4511 |       0.4510 |       0.4510 |       0.4510 |       0.4510 |       0.4511 |       0.4511 |       0.4510 |       0.4512 |       0.4513 |       0.4513 |       0.4512 |       0.4512 |       0.4513 |       0.4512 |       0.4513 |       0.4515 |       0.4515 |       0.4514 |       0.4519 |       0.4514 |       0.4514 |       0.4519 |       0.4515 |       0.4511 |       0.4511 |       0.4511 |       0.4510 |       0.4511 |       0.4511 |       0.4511 |       0.4512 |       0.4510 |       0.4511 |       0.4510 |       0.4511 |       0.4509 |       0.4510 |       0.4509 |       0.4509 |
|     SP [MFLOP/s]     | 74036.4272 | 74038.0438 | 74040.8518 | 74038.2140 | 74036.4272 | 74036.4272 | 74042.2558 | 74036.4272 | 74042.8090 | 74042.8515 |  74037.8737 |  74042.8090 |  74038.4693 |  74037.9588 |  74037.8737 |  74042.8090 |  73984.9457 |  74040.9369 |  74039.3202 |  73960.7388 |  74034.7682 |  73961.5030 |  74039.0649 |  73960.2294 |  74036.8101 |  74013.5046 |  74028.0901 |  74042.8090 |  74040.0009 |  74040.0860 |  74038.1715 |  74040.8092 |  74037.6610 |  74041.7878 |  74037.9588 |  74042.8515 |  74042.7239 |  74041.4474 |  74036.8527 |  74034.2152 |  74041.7453 |  74034.0875 |  74024.9854 |  74034.1301 |  74041.1922 |  74034.0875 |  74034.0875 |  74041.6176 |  74038.5969 |  74034.8107 |  74034.5980 |  74041.0220 |  74041.3198 |  74027.0268 |  74034.8107 |  74034.8107 |  74041.6176 |  74040.9369 |  74042.4686 |  74042.5111 |  74042.5537 |  74033.1517 |  74042.5537 |  74042.5111 |  74035.9593 |  74037.7035 |  74041.4474 |  74042.6388 |  74042.6813 |  74042.5962 |  74041.6602 |  74037.4482 |  74036.6825 |  74041.2347 |  74041.2773 |  74033.5771 |  74040.2136 |  74041.2773 |  74041.2773 |  74040.6391 |  74034.4279 |  74039.8732 |  74038.0438 |  74038.0438 |  74034.7682 |  74028.7706 |  74040.3412 |  74032.8114 |  73958.3190 |  74013.9298 |  74015.2478 |  74041.6176 |  73958.3190 |  74042.6388 |  73958.2341 |  74042.7664 |  74041.1922 |  74041.8729 |  74027.1544 |  74034.0025 |   74040.0860 |   74020.7754 |   74023.8797 |   74041.7453 |   74036.1295 |   74033.3644 |   74037.5759 |   74032.3860 |   74036.5123 |   74033.4069 |   74032.7689 |   74042.7664 |   74026.3463 |   74041.3623 |   74025.3256 |   74034.0025 |   74034.9383 |   74038.0438 |   74026.4314 |   74026.5590 |   74032.3435 |   74042.8941 |   74028.2602 |   74034.9809 |   74038.3416 |   74032.3435 |   74042.8515 |   74036.4698 |   74025.3256 |   74013.6322 |   74023.5395 |   74038.0864 |   74038.0864 |   74033.9599 |   74025.3256 |   74025.3256 |   74038.8947 |   74040.9369 |   74033.9174 |   74034.0025 |   74037.8737 |   74040.3838 |   74039.2776 |   74036.4698 |   74037.4482 |   74042.6388 |   74042.0006 |   74040.8092 |   74040.0860 |   74040.7667 |   74042.7239 |   74037.6184 |   74038.2140 |   74039.2351 |   74034.9383 |   74041.7878 |   74041.7453 |   74038.1715 |   74036.8952 |   74042.8090 |   74032.3010 |   74034.0450 |   74026.1762 |   74040.8943 |   74038.1715 |   74026.1337 |   74041.7878 |   74026.3463 |   74015.1627 |   74023.4970 |   74042.6388 |   73966.1309 |   74026.3889 |   74036.5549 |   73960.0595 |   74022.7315 |   74026.1337 |   74026.4739 |   74026.1337 |   74042.8090 |   74028.8982 |   74037.7886 |   74026.1337 |   74026.4739 |   74036.8101 |   74034.4704 |   74040.0009 |   74033.0241 |   74042.5962 |   74034.5129 |   74039.9583 |   74033.5771 |
+----------------------+------------+------------+------------+------------+------------+------------+------------+------------+------------+------------+-------------+-------------+-------------+-------------+-------------+-------------+-------------+-------------+-------------+-------------+-------------+-------------+-------------+-------------+-------------+-------------+-------------+-------------+-------------+-------------+-------------+-------------+-------------+-------------+-------------+-------------+-------------+-------------+-------------+-------------+-------------+-------------+-------------+-------------+-------------+-------------+-------------+-------------+-------------+-------------+-------------+-------------+-------------+-------------+-------------+-------------+-------------+-------------+-------------+-------------+-------------+-------------+-------------+-------------+-------------+-------------+-------------+-------------+-------------+-------------+-------------+-------------+-------------+-------------+-------------+-------------+-------------+-------------+-------------+-------------+-------------+-------------+-------------+-------------+-------------+-------------+-------------+-------------+-------------+-------------+-------------+-------------+-------------+-------------+-------------+-------------+-------------+-------------+-------------+-------------+--------------+--------------+--------------+--------------+--------------+--------------+--------------+--------------+--------------+--------------+--------------+--------------+--------------+--------------+--------------+--------------+--------------+--------------+--------------+--------------+--------------+--------------+--------------+--------------+--------------+--------------+--------------+--------------+--------------+--------------+--------------+--------------+--------------+--------------+--------------+--------------+--------------+--------------+--------------+--------------+--------------+--------------+--------------+--------------+--------------+--------------+--------------+--------------+--------------+--------------+--------------+--------------+--------------+--------------+--------------+--------------+--------------+--------------+--------------+--------------+--------------+--------------+--------------+--------------+--------------+--------------+--------------+--------------+--------------+--------------+--------------+--------------+--------------+--------------+--------------+--------------+--------------+--------------+--------------+--------------+--------------+--------------+--------------+--------------+--------------+--------------+--------------+--------------+--------------+--------------+--------------+--------------+
+---------------------------+--------------+------------+------------+------------+
|           Metric          |      Sum     |     Min    |     Max    |     Avg    |
+---------------------------+--------------+------------+------------+------------+
|  Runtime (RDTSC) [s] STAT |     334.1624 |     1.7402 |     1.7422 |     1.7404 |
| Runtime unhalted [s] STAT |     371.3663 |     1.9247 |     1.9439 |     1.9342 |
|      Clock [MHz] STAT     |  510641.9871 |  2647.7192 |  2672.3876 |  2659.5937 |
|          CPI STAT         |      86.2733 |     0.4470 |     0.4519 |     0.4493 |
|     SP [MFLOP/s] STAT     | 1.421426e+07 | 73958.2341 | 74042.8941 | 74032.5957 |
+---------------------------+--------------+------------+------------+------------+
