--------------------------------------------------------------------------------
CPU name:	AMD EPYC 9654 96-Core Processor                
CPU type:	AMD K19 (Zen4) architecture
CPU clock:	2.40 GHz
--------------------------------------------------------------------------------
Region bench, Group 1: FLOPS_SP
+-------------------+------------+------------+------------+------------+------------+------------+------------+------------+------------+------------+-------------+-------------+-------------+-------------+-------------+-------------+-------------+-------------+-------------+-------------+-------------+-------------+-------------+-------------+-------------+-------------+-------------+-------------+-------------+-------------+-------------+-------------+-------------+-------------+-------------+-------------+-------------+-------------+-------------+-------------+-------------+-------------+-------------+-------------+-------------+-------------+-------------+-------------+-------------+-------------+-------------+-------------+-------------+-------------+-------------+-------------+-------------+-------------+-------------+-------------+-------------+-------------+-------------+-------------+-------------+-------------+-------------+-------------+-------------+-------------+-------------+-------------+-------------+-------------+-------------+-------------+-------------+-------------+-------------+-------------+-------------+-------------+-------------+-------------+-------------+-------------+-------------+-------------+-------------+-------------+-------------+-------------+-------------+-------------+-------------+-------------+
|    Region Info    | HWThread 0 | HWThread 1 | HWThread 2 | HWThread 3 | HWThread 4 | HWThread 5 | HWThread 6 | HWThread 7 | HWThread 8 | HWThread 9 | HWThread 10 | HWThread 11 | HWThread 12 | HWThread 13 | HWThread 14 | HWThread 15 | HWThread 16 | HWThread 17 | HWThread 18 | HWThread 19 | HWThread 20 | HWThread 21 | HWThread 22 | HWThread 23 | HWThread 24 | HWThread 25 | HWThread 26 | HWThread 27 | HWThread 28 | HWThread 29 | HWThread 30 | HWThread 31 | HWThread 32 | HWThread 33 | HWThread 34 | HWThread 35 | HWThread 36 | HWThread 37 | HWThread 38 | HWThread 39 | HWThread 40 | HWThread 41 | HWThread 42 | HWThread 43 | HWThread 44 | HWThread 45 | HWThread 46 | HWThread 47 | HWThread 48 | HWThread 49 | HWThread 50 | HWThread 51 | HWThread 52 | HWThread 53 | HWThread 54 | HWThread 55 | HWThread 56 | HWThread 57 | HWThread 58 | HWThread 59 | HWThread 60 | HWThread 61 | HWThread 62 | HWThread 63 | HWThread 64 | HWThread 65 | HWThread 66 | HWThread 67 | HWThread 68 | HWThread 69 | HWThread 70 | HWThread 71 | HWThread 72 | HWThread 73 | HWThread 74 | HWThread 75 | HWThread 76 | HWThread 77 | HWThread 78 | HWThread 79 | HWThread 80 | HWThread 81 | HWThread 82 | HWThread 83 | HWThread 84 | HWThread 85 | HWThread 86 | HWThread 87 | HWThread 88 | HWThread 89 | HWThread 90 | HWThread 91 | HWThread 92 | HWThread 93 | HWThread 94 | HWThread 95 |
+-------------------+------------+------------+------------+------------+------------+------------+------------+------------+------------+------------+-------------+-------------+-------------+-------------+-------------+-------------+-------------+-------------+-------------+-------------+-------------+-------------+-------------+-------------+-------------+-------------+-------------+-------------+-------------+-------------+-------------+-------------+-------------+-------------+-------------+-------------+-------------+-------------+-------------+-------------+-------------+-------------+-------------+-------------+-------------+-------------+-------------+-------------+-------------+-------------+-------------+-------------+-------------+-------------+-------------+-------------+-------------+-------------+-------------+-------------+-------------+-------------+-------------+-------------+-------------+-------------+-------------+-------------+-------------+-------------+-------------+-------------+-------------+-------------+-------------+-------------+-------------+-------------+-------------+-------------+-------------+-------------+-------------+-------------+-------------+-------------+-------------+-------------+-------------+-------------+-------------+-------------+-------------+-------------+-------------+-------------+
| RDTSC Runtime [s] |   1.811481 |   1.811493 |   1.811412 |   1.811411 |   1.811452 |   1.811411 |   1.811437 |   1.811480 |   1.811412 |   1.811415 |    1.811414 |    1.811412 |    1.811561 |    1.811412 |    1.811410 |    1.811747 |    1.811576 |    1.811490 |    1.811437 |    1.811438 |    1.811453 |    1.811410 |    1.811463 |    1.811874 |    1.811453 |    1.811493 |    1.811545 |    1.811493 |    1.811493 |    1.811549 |    1.811492 |    1.811411 |    1.811414 |    1.811502 |    1.811412 |    1.811454 |    1.811542 |    1.811444 |    1.811414 |    1.811457 |    1.811490 |    1.811481 |    1.811411 |    1.811746 |    1.811410 |    1.811410 |    1.811462 |    1.811411 |    1.811434 |    1.811496 |    1.811461 |    1.811440 |    1.811462 |    1.811411 |    1.811457 |    1.811409 |    1.811439 |    1.811560 |    1.811648 |    1.811414 |    1.811440 |    1.811417 |    1.811418 |    1.811417 |    1.811433 |    1.811550 |    1.811413 |    1.811414 |    1.811434 |    1.811550 |    1.811468 |    1.811433 |    1.811584 |    1.811416 |    1.811563 |    1.811484 |    1.811544 |    1.811585 |    1.811820 |    1.811544 |    1.811415 |    1.811416 |    1.811438 |    1.811438 |    1.811438 |    1.811413 |    1.811413 |    1.811415 |    1.811454 |    1.811445 |    1.811551 |    1.811541 |    1.811551 |    1.811562 |    1.811647 |    1.811415 |
|     call count    |          1 |          1 |          1 |          1 |          1 |          1 |          1 |          1 |          1 |          1 |           1 |           1 |           1 |           1 |           1 |           1 |           1 |           1 |           1 |           1 |           1 |           1 |           1 |           1 |           1 |           1 |           1 |           1 |           1 |           1 |           1 |           1 |           1 |           1 |           1 |           1 |           1 |           1 |           1 |           1 |           1 |           1 |           1 |           1 |           1 |           1 |           1 |           1 |           1 |           1 |           1 |           1 |           1 |           1 |           1 |           1 |           1 |           1 |           1 |           1 |           1 |           1 |           1 |           1 |           1 |           1 |           1 |           1 |           1 |           1 |           1 |           1 |           1 |           1 |           1 |           1 |           1 |           1 |           1 |           1 |           1 |           1 |           1 |           1 |           1 |           1 |           1 |           1 |           1 |           1 |           1 |           1 |           1 |           1 |           1 |           1 |
+-------------------+------------+------------+------------+------------+------------+------------+------------+------------+------------+------------+-------------+-------------+-------------+-------------+-------------+-------------+-------------+-------------+-------------+-------------+-------------+-------------+-------------+-------------+-------------+-------------+-------------+-------------+-------------+-------------+-------------+-------------+-------------+-------------+-------------+-------------+-------------+-------------+-------------+-------------+-------------+-------------+-------------+-------------+-------------+-------------+-------------+-------------+-------------+-------------+-------------+-------------+-------------+-------------+-------------+-------------+-------------+-------------+-------------+-------------+-------------+-------------+-------------+-------------+-------------+-------------+-------------+-------------+-------------+-------------+-------------+-------------+-------------+-------------+-------------+-------------+-------------+-------------+-------------+-------------+-------------+-------------+-------------+-------------+-------------+-------------+-------------+-------------+-------------+-------------+-------------+-------------+-------------+-------------+-------------+-------------+
+---------------------------+---------+--------------+--------------+--------------+--------------+--------------+--------------+--------------+--------------+--------------+--------------+--------------+--------------+--------------+--------------+--------------+--------------+--------------+--------------+--------------+--------------+--------------+--------------+--------------+--------------+--------------+--------------+--------------+--------------+--------------+--------------+--------------+--------------+--------------+--------------+--------------+--------------+--------------+--------------+--------------+--------------+--------------+--------------+--------------+--------------+--------------+--------------+--------------+--------------+--------------+--------------+--------------+--------------+--------------+--------------+--------------+--------------+--------------+--------------+--------------+--------------+--------------+--------------+--------------+--------------+--------------+--------------+--------------+--------------+--------------+--------------+--------------+--------------+--------------+--------------+--------------+--------------+--------------+--------------+--------------+--------------+--------------+--------------+--------------+--------------+--------------+--------------+--------------+--------------+--------------+--------------+--------------+--------------+--------------+--------------+--------------+--------------+
|           Event           | Counter |  HWThread 0  |  HWThread 1  |  HWThread 2  |  HWThread 3  |  HWThread 4  |  HWThread 5  |  HWThread 6  |  HWThread 7  |  HWThread 8  |  HWThread 9  |  HWThread 10 |  HWThread 11 |  HWThread 12 |  HWThread 13 |  HWThread 14 |  HWThread 15 |  HWThread 16 |  HWThread 17 |  HWThread 18 |  HWThread 19 |  HWThread 20 |  HWThread 21 |  HWThread 22 |  HWThread 23 |  HWThread 24 |  HWThread 25 |  HWThread 26 |  HWThread 27 |  HWThread 28 |  HWThread 29 |  HWThread 30 |  HWThread 31 |  HWThread 32 |  HWThread 33 |  HWThread 34 |  HWThread 35 |  HWThread 36 |  HWThread 37 |  HWThread 38 |  HWThread 39 |  HWThread 40 |  HWThread 41 |  HWThread 42 |  HWThread 43 |  HWThread 44 |  HWThread 45 |  HWThread 46 |  HWThread 47 |  HWThread 48 |  HWThread 49 |  HWThread 50 |  HWThread 51 |  HWThread 52 |  HWThread 53 |  HWThread 54 |  HWThread 55 |  HWThread 56 |  HWThread 57 |  HWThread 58 |  HWThread 59 |  HWThread 60 |  HWThread 61 |  HWThread 62 |  HWThread 63 |  HWThread 64 |  HWThread 65 |  HWThread 66 |  HWThread 67 |  HWThread 68 |  HWThread 69 |  HWThread 70 |  HWThread 71 |  HWThread 72 |  HWThread 73 |  HWThread 74 |  HWThread 75 |  HWThread 76 |  HWThread 77 |  HWThread 78 |  HWThread 79 |  HWThread 80 |  HWThread 81 |  HWThread 82 |  HWThread 83 |  HWThread 84 |  HWThread 85 |  HWThread 86 |  HWThread 87 |  HWThread 88 |  HWThread 89 |  HWThread 90 |  HWThread 91 |  HWThread 92 |  HWThread 93 |  HWThread 94 |  HWThread 95 |
+---------------------------+---------+--------------+--------------+--------------+--------------+--------------+--------------+--------------+--------------+--------------+--------------+--------------+--------------+--------------+--------------+--------------+--------------+--------------+--------------+--------------+--------------+--------------+--------------+--------------+--------------+--------------+--------------+--------------+--------------+--------------+--------------+--------------+--------------+--------------+--------------+--------------+--------------+--------------+--------------+--------------+--------------+--------------+--------------+--------------+--------------+--------------+--------------+--------------+--------------+--------------+--------------+--------------+--------------+--------------+--------------+--------------+--------------+--------------+--------------+--------------+--------------+--------------+--------------+--------------+--------------+--------------+--------------+--------------+--------------+--------------+--------------+--------------+--------------+--------------+--------------+--------------+--------------+--------------+--------------+--------------+--------------+--------------+--------------+--------------+--------------+--------------+--------------+--------------+--------------+--------------+--------------+--------------+--------------+--------------+--------------+--------------+--------------+
|      ACTUAL_CPU_CLOCK     |  FIXC1  |   4587597000 |   4587589000 |   4587672000 |   4587610000 |   4588090000 |   4588196000 |   4587659000 |   4587585000 |   4588135000 |   4587858000 |   4587894000 |   4587845000 |   4588314000 |   4587895000 |   4587864000 |   4588455000 |   4588819000 |   4588508000 |   4588729000 |   4588411000 |   4588511000 |   4588556000 |   4588519000 |   4589111000 |   4587810000 |   4587732000 |   4588138000 |   4587850000 |   4587791000 |   4587827000 |   4587736000 |   4587672000 |   4587427000 |   4587302000 |   4587344000 |   4587271000 |   4587799000 |   4587571000 |   4587418000 |   4587396000 |   4587484000 |   4587200000 |   4587270000 |   4587737000 |   4587328000 |   4587153000 |   4587117000 |   4587288000 |   4587575000 |   4587768000 |   4587772000 |   4587661000 |   4587632000 |   4587599000 |   4587739000 |   4587748000 |   4588063000 |   4588573000 |   4588618000 |   4588039000 |   4588183000 |   4588066000 |   4588131000 |   4588077000 |   4587984000 |   4588016000 |   4588113000 |   4587802000 |   4587837000 |   4587984000 |   4587746000 |   4587807000 |   4589504000 |   4589250000 |   4589424000 |   4589033000 |   4589551000 |   4589537000 |   4589804000 |   4589435000 |   4586925000 |   4586952000 |   4586946000 |   4586979000 |   4586987000 |   4586818000 |   4587024000 |   4586983000 |   4588261000 |   4588635000 |   4588633000 |   4588171000 |   4588324000 |   4588638000 |   4588762000 |   4588205000 |
|       MAX_CPU_CLOCK       |  FIXC2  |   4341424000 |   4341250000 |   4341336000 |   4341423000 |   4341537000 |   4341620000 |   4341317000 |   4341402000 |   4341241000 |   4340813000 |   4340613000 |   4340587000 |   4340931000 |   4341209000 |   4340609000 |   4341288000 |   4341313000 |   4341004000 |   4341339000 |   4341204000 |   4341004000 |   4341079000 |   4341038000 |   4341705000 |   4341024000 |   4341266000 |   4341546000 |   4341254000 |   4341241000 |   4341330000 |   4340951000 |   4340947000 |   4341255000 |   4341349000 |   4341248000 |   4341340000 |   4341585000 |   4341228000 |   4341096000 |   4341307000 |   4341148000 |   4341312000 |   4341265000 |   4341842000 |   4341278000 |   4341278000 |   4341263000 |   4341256000 |   4341283000 |   4341364000 |   4341274000 |   4341188000 |   4341183000 |   4341149000 |   4341259000 |   4341258000 |   4341176000 |   4341502000 |   4341827000 |   4341309000 |   4341264000 |   4341189000 |   4341250000 |   4341342000 |   4341265000 |   4341408000 |   4341361000 |   4341328000 |   4341223000 |   4341420000 |   4341122000 |   4341160000 |   4341511000 |   4341214000 |   4341438000 |   4341175000 |   4341552000 |   4341534000 |   4341879000 |   4341637000 |   4341227000 |   4341231000 |   4341263000 |   4341310000 |   4341279000 |   4341308000 |   4341287000 |   4341300000 |   4341331000 |   4341283000 |   4341259000 |   4341272000 |   4341272000 |   4341550000 |   4341774000 |   4341286000 |
|    RETIRED_INSTRUCTIONS   |   PMC0  |  10204940000 |  10205650000 |  10204900000 |  10206210000 |  10206300000 |  10206200000 |  10205820000 |  10206140000 |  10206310000 |  10205560000 |  10206180000 |  10206220000 |  10206430000 |  10206040000 |  10205940000 |  10206350000 |  10206410000 |  10205930000 |  10205970000 |  10205660000 |  10206400000 |  10206110000 |  10206130000 |  10206370000 |  10206140000 |  10205370000 |  10205590000 |  10205590000 |  10206190000 |  10205960000 |  10205630000 |  10205980000 |  10205840000 |  10205190000 |  10205600000 |  10205730000 |  10205880000 |  10205670000 |  10205420000 |  10205460000 |  10205800000 |  10205220000 |  10205750000 |  10205770000 |  10205290000 |  10203830000 |  10204650000 |  10205150000 |  10205940000 |  10205730000 |  10205820000 |  10205900000 |  10206350000 |  10205860000 |  10205700000 |  10205620000 |  10205870000 |  10205400000 |  10205860000 |  10205350000 |  10206120000 |  10205650000 |  10206360000 |  10205650000 |  10207360000 |  10205370000 |  10205760000 |  10205730000 |  10204760000 |  10204960000 |  10204860000 |  10208290000 |  10206160000 |  10206320000 |  10206090000 |  10205330000 |  10206300000 |  10205360000 |  10206050000 |  10205550000 |  10208820000 |  10205730000 |  10205520000 |  10205340000 |  10205750000 |  10207060000 |  10205350000 |  10204970000 |  10205750000 |  10205640000 |  10205670000 |  10205470000 |  10204550000 |  10204920000 |  10204990000 |  10205370000 |
|    CPU_CLOCKS_UNHALTED    |   PMC1  |   4553882000 |   4558614000 |   4557392000 |   4558152000 |   4558172000 |   4557830000 |   4558136000 |   4558430000 |   4558733000 |   4558543000 |   4558316000 |   4558754000 |   4559206000 |   4558420000 |   4558555000 |   4559811000 |   4559322000 |   4558919000 |   4559106000 |   4559107000 |   4559166000 |   4558595000 |   4558991000 |   4560237000 |   4558359000 |   4558268000 |   4558257000 |   4558222000 |   4558221000 |   4557657000 |   4557908000 |   4557913000 |   4556651000 |   4557178000 |   4557008000 |   4556909000 |   4557122000 |   4556810000 |   4556001000 |   4556625000 |   4556899000 |   4556939000 |   4556780000 |   4557590000 |   4556230000 |   4556276000 |   4556646000 |   4556127000 |   4558151000 |   4558470000 |   4558279000 |   4558199000 |   4558159000 |   4558303000 |   4558264000 |   4557708000 |   4558223000 |   4558253000 |   4558644000 |   4557983000 |   4557749000 |   4557791000 |   4557780000 |   4557807000 |   4557634000 |   4558693000 |   4558173000 |   4557873000 |   4557195000 |   4557796000 |   4557517000 |   4557835000 |   4559196000 |   4558570000 |   4559976000 |   4556484000 |   4560083000 |   4559875000 |   4560094000 |   4559843000 |   4557492000 |   4556749000 |   4557672000 |   4557335000 |   4557331000 |   4557717000 |   4557551000 |   4557232000 |   4557584000 |   4557904000 |   4558910000 |   4558160000 |   4558321000 |   4558098000 |   4558158000 |   4556654000 |
| RETIRED_SSE_AVX_FLOPS_ALL |   PMC2  | 128849000000 | 128849000000 | 128849000000 | 128849000000 | 128849000000 | 128849000000 | 128849000000 | 128849000000 | 128849000000 | 128849000000 | 128849000000 | 128849000000 | 128849000000 | 128849000000 | 128849000000 | 128849000000 | 128849000000 | 128849000000 | 128849000000 | 128849000000 | 128849000000 | 128849000000 | 128849000000 | 128849000000 | 128849000000 | 128849000000 | 128849000000 | 128849000000 | 128849000000 | 128849000000 | 128849000000 | 128849000000 | 128849000000 | 128849000000 | 128849000000 | 128849000000 | 128849000000 | 128849000000 | 128849000000 | 128849000000 | 128849000000 | 128849000000 | 128849000000 | 128849000000 | 128849000000 | 128849000000 | 128849000000 | 128849000000 | 128849000000 | 128849000000 | 128849000000 | 128849000000 | 128849000000 | 128849000000 | 128849000000 | 128849000000 | 128849000000 | 128849000000 | 128849000000 | 128849000000 | 128849000000 | 128849000000 | 128849000000 | 128849000000 | 128849000000 | 128849000000 | 128849000000 | 128849000000 | 128849000000 | 128849000000 | 128849000000 | 128849000000 | 128849000000 | 128849000000 | 128849000000 | 128849000000 | 128849000000 | 128849000000 | 128849000000 | 128849000000 | 128849000000 | 128849000000 | 128849000000 | 128849000000 | 128849000000 | 128849000000 | 128849000000 | 128849000000 | 128849000000 | 128849000000 | 128849000000 | 128849000000 | 128849000000 | 128849000000 | 128849000000 | 128849000000 |
|           MERGE           |   PMC3  |            0 |            0 |            0 |            0 |            0 |            0 |            0 |            0 |            0 |            0 |            0 |            0 |            0 |            0 |            0 |            0 |            0 |            0 |            0 |            0 |            0 |            0 |            0 |            0 |            0 |            0 |            0 |            0 |            0 |            0 |            0 |            0 |            0 |            0 |            0 |            0 |            0 |            0 |            0 |            0 |            0 |            0 |            0 |            0 |            0 |            0 |            0 |            0 |            0 |            0 |            0 |            0 |            0 |            0 |            0 |            0 |            0 |            0 |            0 |            0 |            0 |            0 |            0 |            0 |            0 |            0 |            0 |            0 |            0 |            0 |            0 |            0 |            0 |            0 |            0 |            0 |            0 |            0 |            0 |            0 |            0 |            0 |            0 |            0 |            0 |            0 |            0 |            0 |            0 |            0 |            0 |            0 |            0 |            0 |            0 |            0 |
+---------------------------+---------+--------------+--------------+--------------+--------------+--------------+--------------+--------------+--------------+--------------+--------------+--------------+--------------+--------------+--------------+--------------+--------------+--------------+--------------+--------------+--------------+--------------+--------------+--------------+--------------+--------------+--------------+--------------+--------------+--------------+--------------+--------------+--------------+--------------+--------------+--------------+--------------+--------------+--------------+--------------+--------------+--------------+--------------+--------------+--------------+--------------+--------------+--------------+--------------+--------------+--------------+--------------+--------------+--------------+--------------+--------------+--------------+--------------+--------------+--------------+--------------+--------------+--------------+--------------+--------------+--------------+--------------+--------------+--------------+--------------+--------------+--------------+--------------+--------------+--------------+--------------+--------------+--------------+--------------+--------------+--------------+--------------+--------------+--------------+--------------+--------------+--------------+--------------+--------------+--------------+--------------+--------------+--------------+--------------+--------------+--------------+--------------+
+--------------------------------+---------+----------------+--------------+--------------+--------------+
|              Event             | Counter |       Sum      |      Min     |      Max     |      Avg     |
+--------------------------------+---------+----------------+--------------+--------------+--------------+
|      ACTUAL_CPU_CLOCK STAT     |  FIXC1  |   440445397000 |   4586818000 |   4589804000 | 4.587973e+09 |
|       MAX_CPU_CLOCK STAT       |  FIXC2  |   416763171000 |   4340587000 |   4341879000 | 4.341283e+09 |
|    RETIRED_INSTRUCTIONS STAT   |   PMC0  |   979755200000 |  10203830000 |  10208820000 | 1.020578e+10 |
|    CPU_CLOCKS_UNHALTED STAT    |   PMC1  |   437566453000 |   4553882000 |   4560237000 | 4.557984e+09 |
| RETIRED_SSE_AVX_FLOPS_ALL STAT |   PMC2  | 12369504000000 | 128849000000 | 128849000000 | 128849000000 |
|           MERGE STAT           |   PMC3  |              0 |            0 |            0 |            0 |
+--------------------------------+---------+----------------+--------------+--------------+--------------+
+----------------------+------------+------------+------------+------------+------------+------------+------------+------------+------------+------------+-------------+-------------+-------------+-------------+-------------+-------------+-------------+-------------+-------------+-------------+-------------+-------------+-------------+-------------+-------------+-------------+-------------+-------------+-------------+-------------+-------------+-------------+-------------+-------------+-------------+-------------+-------------+-------------+-------------+-------------+-------------+-------------+-------------+-------------+-------------+-------------+-------------+-------------+-------------+-------------+-------------+-------------+-------------+-------------+-------------+-------------+-------------+-------------+-------------+-------------+-------------+-------------+-------------+-------------+-------------+-------------+-------------+-------------+-------------+-------------+-------------+-------------+-------------+-------------+-------------+-------------+-------------+-------------+-------------+-------------+-------------+-------------+-------------+-------------+-------------+-------------+-------------+-------------+-------------+-------------+-------------+-------------+-------------+-------------+-------------+-------------+
|        Metric        | HWThread 0 | HWThread 1 | HWThread 2 | HWThread 3 | HWThread 4 | HWThread 5 | HWThread 6 | HWThread 7 | HWThread 8 | HWThread 9 | HWThread 10 | HWThread 11 | HWThread 12 | HWThread 13 | HWThread 14 | HWThread 15 | HWThread 16 | HWThread 17 | HWThread 18 | HWThread 19 | HWThread 20 | HWThread 21 | HWThread 22 | HWThread 23 | HWThread 24 | HWThread 25 | HWThread 26 | HWThread 27 | HWThread 28 | HWThread 29 | HWThread 30 | HWThread 31 | HWThread 32 | HWThread 33 | HWThread 34 | HWThread 35 | HWThread 36 | HWThread 37 | HWThread 38 | HWThread 39 | HWThread 40 | HWThread 41 | HWThread 42 | HWThread 43 | HWThread 44 | HWThread 45 | HWThread 46 | HWThread 47 | HWThread 48 | HWThread 49 | HWThread 50 | HWThread 51 | HWThread 52 | HWThread 53 | HWThread 54 | HWThread 55 | HWThread 56 | HWThread 57 | HWThread 58 | HWThread 59 | HWThread 60 | HWThread 61 | HWThread 62 | HWThread 63 | HWThread 64 | HWThread 65 | HWThread 66 | HWThread 67 | HWThread 68 | HWThread 69 | HWThread 70 | HWThread 71 | HWThread 72 | HWThread 73 | HWThread 74 | HWThread 75 | HWThread 76 | HWThread 77 | HWThread 78 | HWThread 79 | HWThread 80 | HWThread 81 | HWThread 82 | HWThread 83 | HWThread 84 | HWThread 85 | HWThread 86 | HWThread 87 | HWThread 88 | HWThread 89 | HWThread 90 | HWThread 91 | HWThread 92 | HWThread 93 | HWThread 94 | HWThread 95 |
+----------------------+------------+------------+------------+------------+------------+------------+------------+------------+------------+------------+-------------+-------------+-------------+-------------+-------------+-------------+-------------+-------------+-------------+-------------+-------------+-------------+-------------+-------------+-------------+-------------+-------------+-------------+-------------+-------------+-------------+-------------+-------------+-------------+-------------+-------------+-------------+-------------+-------------+-------------+-------------+-------------+-------------+-------------+-------------+-------------+-------------+-------------+-------------+-------------+-------------+-------------+-------------+-------------+-------------+-------------+-------------+-------------+-------------+-------------+-------------+-------------+-------------+-------------+-------------+-------------+-------------+-------------+-------------+-------------+-------------+-------------+-------------+-------------+-------------+-------------+-------------+-------------+-------------+-------------+-------------+-------------+-------------+-------------+-------------+-------------+-------------+-------------+-------------+-------------+-------------+-------------+-------------+-------------+-------------+-------------+
|  Runtime (RDTSC) [s] |     1.8115 |     1.8115 |     1.8114 |     1.8114 |     1.8115 |     1.8114 |     1.8114 |     1.8115 |     1.8114 |     1.8114 |      1.8114 |      1.8114 |      1.8116 |      1.8114 |      1.8114 |      1.8117 |      1.8116 |      1.8115 |      1.8114 |      1.8114 |      1.8115 |      1.8114 |      1.8115 |      1.8119 |      1.8115 |      1.8115 |      1.8115 |      1.8115 |      1.8115 |      1.8115 |      1.8115 |      1.8114 |      1.8114 |      1.8115 |      1.8114 |      1.8115 |      1.8115 |      1.8114 |      1.8114 |      1.8115 |      1.8115 |      1.8115 |      1.8114 |      1.8117 |      1.8114 |      1.8114 |      1.8115 |      1.8114 |      1.8114 |      1.8115 |      1.8115 |      1.8114 |      1.8115 |      1.8114 |      1.8115 |      1.8114 |      1.8114 |      1.8116 |      1.8116 |      1.8114 |      1.8114 |      1.8114 |      1.8114 |      1.8114 |      1.8114 |      1.8115 |      1.8114 |      1.8114 |      1.8114 |      1.8115 |      1.8115 |      1.8114 |      1.8116 |      1.8114 |      1.8116 |      1.8115 |      1.8115 |      1.8116 |      1.8118 |      1.8115 |      1.8114 |      1.8114 |      1.8114 |      1.8114 |      1.8114 |      1.8114 |      1.8114 |      1.8114 |      1.8115 |      1.8114 |      1.8116 |      1.8115 |      1.8116 |      1.8116 |      1.8116 |      1.8114 |
| Runtime unhalted [s] |     1.9144 |     1.9144 |     1.9144 |     1.9144 |     1.9146 |     1.9146 |     1.9144 |     1.9144 |     1.9146 |     1.9145 |      1.9145 |      1.9145 |      1.9147 |      1.9145 |      1.9145 |      1.9148 |      1.9149 |      1.9148 |      1.9149 |      1.9147 |      1.9148 |      1.9148 |      1.9148 |      1.9150 |      1.9145 |      1.9145 |      1.9146 |      1.9145 |      1.9145 |      1.9145 |      1.9145 |      1.9144 |      1.9143 |      1.9143 |      1.9143 |      1.9143 |      1.9145 |      1.9144 |      1.9143 |      1.9143 |      1.9143 |      1.9142 |      1.9143 |      1.9145 |      1.9143 |      1.9142 |      1.9142 |      1.9143 |      1.9144 |      1.9145 |      1.9145 |      1.9144 |      1.9144 |      1.9144 |      1.9145 |      1.9145 |      1.9146 |      1.9148 |      1.9148 |      1.9146 |      1.9146 |      1.9146 |      1.9146 |      1.9146 |      1.9146 |      1.9146 |      1.9146 |      1.9145 |      1.9145 |      1.9146 |      1.9145 |      1.9145 |      1.9152 |      1.9151 |      1.9152 |      1.9150 |      1.9152 |      1.9152 |      1.9153 |      1.9152 |      1.9141 |      1.9141 |      1.9141 |      1.9141 |      1.9141 |      1.9141 |      1.9142 |      1.9141 |      1.9147 |      1.9148 |      1.9148 |      1.9146 |      1.9147 |      1.9148 |      1.9149 |      1.9146 |
|      Clock [MHz]     |  2532.2522 |  2532.3493 |  2532.3450 |  2532.2600 |  2532.4584 |  2532.4685 |  2532.3489 |  2532.2584 |  2532.6559 |  2532.7527 |   2532.8893 |   2532.8774 |   2532.9356 |   2532.5421 |   2532.8751 |   2532.8052 |   2532.9915 |   2533.0001 |   2532.9267 |   2532.8299 |   2533.0018 |   2532.9829 |   2532.9864 |   2532.9240 |   2532.6031 |   2532.4189 |   2532.4797 |   2532.4910 |   2532.4661 |   2532.4340 |   2532.6049 |   2532.5719 |   2532.2570 |   2532.1331 |   2532.2152 |   2532.1213 |   2532.2698 |   2532.3522 |   2532.3447 |   2532.2095 |   2532.3508 |   2532.0984 |   2532.1645 |   2532.0857 |   2532.1889 |   2532.0923 |   2532.0812 |   2532.1797 |   2532.3223 |   2532.3816 |   2532.4363 |   2532.4252 |   2532.4121 |   2532.4137 |   2532.4269 |   2532.4324 |   2532.6541 |   2532.7455 |   2532.5807 |   2532.5633 |   2532.6690 |   2532.6482 |   2532.6485 |   2532.5650 |   2532.5586 |   2532.4928 |   2532.5738 |   2532.4214 |   2532.5020 |   2532.4682 |   2532.5106 |   2532.5221 |   2533.2541 |   2533.2872 |   2533.2525 |   2533.1902 |   2533.2561 |   2533.2589 |   2533.2050 |   2533.1425 |   2531.9962 |   2532.0088 |   2531.9868 |   2531.9776 |   2532.0001 |   2531.8899 |   2532.0158 |   2531.9856 |   2532.6730 |   2532.9074 |   2532.9203 |   2532.6577 |   2532.7422 |   2532.7533 |   2532.6911 |   2532.6683 |
|          CPI         |     0.4462 |     0.4467 |     0.4466 |     0.4466 |     0.4466 |     0.4466 |     0.4466 |     0.4466 |     0.4467 |     0.4467 |      0.4466 |      0.4467 |      0.4467 |      0.4466 |      0.4467 |      0.4468 |      0.4467 |      0.4467 |      0.4467 |      0.4467 |      0.4467 |      0.4467 |      0.4467 |      0.4468 |      0.4466 |      0.4467 |      0.4466 |      0.4466 |      0.4466 |      0.4466 |      0.4466 |      0.4466 |      0.4465 |      0.4466 |      0.4465 |      0.4465 |      0.4465 |      0.4465 |      0.4464 |      0.4465 |      0.4465 |      0.4465 |      0.4465 |      0.4466 |      0.4465 |      0.4465 |      0.4465 |      0.4465 |      0.4466 |      0.4467 |      0.4466 |      0.4466 |      0.4466 |      0.4466 |      0.4466 |      0.4466 |      0.4466 |      0.4467 |      0.4467 |      0.4466 |      0.4466 |      0.4466 |      0.4466 |      0.4466 |      0.4465 |      0.4467 |      0.4466 |      0.4466 |      0.4466 |      0.4466 |      0.4466 |      0.4465 |      0.4467 |      0.4466 |      0.4468 |      0.4465 |      0.4468 |      0.4468 |      0.4468 |      0.4468 |      0.4464 |      0.4465 |      0.4466 |      0.4466 |      0.4465 |      0.4465 |      0.4466 |      0.4466 |      0.4466 |      0.4466 |      0.4467 |      0.4466 |      0.4467 |      0.4467 |      0.4467 |      0.4465 |
|     SP [MFLOP/s]     | 71129.0927 | 71128.6215 | 71131.8022 | 71131.8414 | 71130.2314 | 71131.8414 | 71130.8204 | 71129.1320 | 71131.8022 | 71131.6843 |  71131.7236 |  71131.8022 |  71125.9516 |  71131.8022 |  71131.8807 |  71118.6496 |  71125.3627 |  71128.7393 |  71130.8204 |  71130.7812 |  71130.1922 |  71131.8807 |  71129.7995 |  71113.6646 |  71130.1922 |  71128.6215 |  71126.5798 |  71128.6215 |  71128.6215 |  71126.4227 |  71128.6608 |  71131.8414 |  71131.7236 |  71128.2681 |  71131.8022 |  71130.1529 |  71126.6976 |  71130.5456 |  71131.7236 |  71130.0351 |  71128.7393 |  71129.0927 |  71131.8414 |  71118.6888 |  71131.8807 |  71131.8807 |  71129.8388 |  71131.8414 |  71130.9383 |  71128.5037 |  71129.8780 |  71130.7026 |  71129.8388 |  71131.8414 |  71130.0351 |  71131.9200 |  71130.7419 |  71125.9909 |  71122.5359 |  71131.7236 |  71130.7026 |  71131.6058 |  71131.5665 |  71131.6058 |  71130.9775 |  71126.3835 |  71131.7629 |  71131.7236 |  71130.9383 |  71126.3835 |  71129.6032 |  71130.9775 |  71125.0486 |  71131.6451 |  71125.8731 |  71128.9749 |  71126.6191 |  71125.0093 |  71115.7841 |  71126.6191 |  71131.6843 |  71131.6451 |  71130.7812 |  71130.7812 |  71130.7812 |  71131.7629 |  71131.7629 |  71131.6843 |  71130.1529 |  71130.5063 |  71126.3442 |  71126.7369 |  71126.3442 |  71125.9123 |  71122.5752 |  71131.6843 |
+----------------------+------------+------------+------------+------------+------------+------------+------------+------------+------------+------------+-------------+-------------+-------------+-------------+-------------+-------------+-------------+-------------+-------------+-------------+-------------+-------------+-------------+-------------+-------------+-------------+-------------+-------------+-------------+-------------+-------------+-------------+-------------+-------------+-------------+-------------+-------------+-------------+-------------+-------------+-------------+-------------+-------------+-------------+-------------+-------------+-------------+-------------+-------------+-------------+-------------+-------------+-------------+-------------+-------------+-------------+-------------+-------------+-------------+-------------+-------------+-------------+-------------+-------------+-------------+-------------+-------------+-------------+-------------+-------------+-------------+-------------+-------------+-------------+-------------+-------------+-------------+-------------+-------------+-------------+-------------+-------------+-------------+-------------+-------------+-------------+-------------+-------------+-------------+-------------+-------------+-------------+-------------+-------------+-------------+-------------+
+---------------------------+--------------+------------+------------+------------+
|           Metric          |      Sum     |     Min    |     Max    |     Avg    |
+---------------------------+--------------+------------+------------+------------+
|  Runtime (RDTSC) [s] STAT |     173.9014 |     1.8114 |     1.8119 |     1.8115 |
| Runtime unhalted [s] STAT |     183.7973 |     1.9141 |     1.9153 |     1.9146 |
|      Clock [MHz] STAT     |  243124.0261 |  2531.8899 |  2533.2872 |  2532.5419 |
|          CPI STAT         |      42.8745 |     0.4462 |     0.4468 |     0.4466 |
|     SP [MFLOP/s] STAT     | 6.828400e+06 | 71113.6646 | 71131.9200 | 71129.1649 |
+---------------------------+--------------+------------+------------+------------+
