--------------------------------------------------------------------------------
CPU name:	AMD EPYC 9654 96-Core Processor                
CPU type:	AMD K19 (Zen4) architecture
CPU clock:	2.40 GHz
--------------------------------------------------------------------------------
Region bench, Group 1: FLOPS_SP
+-------------------+------------+------------+------------+------------+------------+------------+------------+------------+------------+------------+-------------+-------------+-------------+-------------+-------------+-------------+-------------+-------------+-------------+-------------+-------------+-------------+-------------+-------------+-------------+-------------+-------------+-------------+-------------+-------------+-------------+-------------+-------------+-------------+-------------+-------------+-------------+-------------+-------------+-------------+-------------+-------------+-------------+-------------+-------------+-------------+-------------+-------------+-------------+-------------+-------------+-------------+-------------+-------------+-------------+-------------+-------------+-------------+-------------+-------------+-------------+-------------+-------------+-------------+-------------+-------------+-------------+-------------+-------------+-------------+-------------+-------------+-------------+-------------+-------------+-------------+-------------+-------------+-------------+-------------+-------------+-------------+-------------+-------------+-------------+-------------+-------------+-------------+-------------+-------------+-------------+-------------+-------------+-------------+-------------+-------------+
|    Region Info    | HWThread 0 | HWThread 1 | HWThread 2 | HWThread 3 | HWThread 4 | HWThread 5 | HWThread 6 | HWThread 7 | HWThread 8 | HWThread 9 | HWThread 10 | HWThread 11 | HWThread 12 | HWThread 13 | HWThread 14 | HWThread 15 | HWThread 16 | HWThread 17 | HWThread 18 | HWThread 19 | HWThread 20 | HWThread 21 | HWThread 22 | HWThread 23 | HWThread 24 | HWThread 25 | HWThread 26 | HWThread 27 | HWThread 28 | HWThread 29 | HWThread 30 | HWThread 31 | HWThread 32 | HWThread 33 | HWThread 34 | HWThread 35 | HWThread 36 | HWThread 37 | HWThread 38 | HWThread 39 | HWThread 40 | HWThread 41 | HWThread 42 | HWThread 43 | HWThread 44 | HWThread 45 | HWThread 46 | HWThread 47 | HWThread 48 | HWThread 49 | HWThread 50 | HWThread 51 | HWThread 52 | HWThread 53 | HWThread 54 | HWThread 55 | HWThread 56 | HWThread 57 | HWThread 58 | HWThread 59 | HWThread 60 | HWThread 61 | HWThread 62 | HWThread 63 | HWThread 64 | HWThread 65 | HWThread 66 | HWThread 67 | HWThread 68 | HWThread 69 | HWThread 70 | HWThread 71 | HWThread 72 | HWThread 73 | HWThread 74 | HWThread 75 | HWThread 76 | HWThread 77 | HWThread 78 | HWThread 79 | HWThread 80 | HWThread 81 | HWThread 82 | HWThread 83 | HWThread 84 | HWThread 85 | HWThread 86 | HWThread 87 | HWThread 88 | HWThread 89 | HWThread 90 | HWThread 91 | HWThread 92 | HWThread 93 | HWThread 94 | HWThread 95 |
+-------------------+------------+------------+------------+------------+------------+------------+------------+------------+------------+------------+-------------+-------------+-------------+-------------+-------------+-------------+-------------+-------------+-------------+-------------+-------------+-------------+-------------+-------------+-------------+-------------+-------------+-------------+-------------+-------------+-------------+-------------+-------------+-------------+-------------+-------------+-------------+-------------+-------------+-------------+-------------+-------------+-------------+-------------+-------------+-------------+-------------+-------------+-------------+-------------+-------------+-------------+-------------+-------------+-------------+-------------+-------------+-------------+-------------+-------------+-------------+-------------+-------------+-------------+-------------+-------------+-------------+-------------+-------------+-------------+-------------+-------------+-------------+-------------+-------------+-------------+-------------+-------------+-------------+-------------+-------------+-------------+-------------+-------------+-------------+-------------+-------------+-------------+-------------+-------------+-------------+-------------+-------------+-------------+-------------+-------------+
| RDTSC Runtime [s] |   1.374010 |   1.374011 |   1.373962 |   1.374012 |   1.374089 |   1.374064 |   1.374016 |   1.374088 |   1.374101 |   1.374080 |    1.374180 |    1.374181 |    1.374180 |    1.374133 |    1.374091 |    1.374128 |    1.374101 |    1.373963 |    1.374068 |    1.374100 |    1.374111 |    1.374052 |    1.374130 |    1.374090 |    1.374078 |    1.374076 |    1.374078 |    1.374081 |    1.373965 |    1.373965 |    1.374053 |    1.373964 |    1.373979 |    1.374080 |    1.374080 |    1.373979 |    1.373966 |    1.373968 |    1.373968 |    1.373966 |    1.374090 |    1.374103 |    1.374090 |    1.374081 |    1.374101 |    1.373964 |    1.374065 |    1.374081 |    1.374065 |    1.373956 |    1.374065 |    1.374066 |    1.373956 |    1.374080 |    1.374010 |    1.373992 |    1.373962 |    1.373988 |    1.374017 |    1.374051 |    1.374051 |    1.373981 |    1.374033 |    1.374079 |    1.374092 |    1.374143 |    1.374066 |    1.374136 |    1.374091 |    1.373982 |    1.374076 |    1.374143 |    1.374034 |    1.374033 |    1.373968 |    1.374109 |    1.374123 |    1.374036 |    1.374123 |    1.374123 |    1.374073 |    1.374127 |    1.373961 |    1.373965 |    1.374050 |    1.373995 |    1.373988 |    1.374035 |    1.374121 |    1.373960 |    1.374075 |    1.373965 |    1.373965 |    1.374121 |    1.374034 |    1.373960 |
|     call count    |          1 |          1 |          1 |          1 |          1 |          1 |          1 |          1 |          1 |          1 |           1 |           1 |           1 |           1 |           1 |           1 |           1 |           1 |           1 |           1 |           1 |           1 |           1 |           1 |           1 |           1 |           1 |           1 |           1 |           1 |           1 |           1 |           1 |           1 |           1 |           1 |           1 |           1 |           1 |           1 |           1 |           1 |           1 |           1 |           1 |           1 |           1 |           1 |           1 |           1 |           1 |           1 |           1 |           1 |           1 |           1 |           1 |           1 |           1 |           1 |           1 |           1 |           1 |           1 |           1 |           1 |           1 |           1 |           1 |           1 |           1 |           1 |           1 |           1 |           1 |           1 |           1 |           1 |           1 |           1 |           1 |           1 |           1 |           1 |           1 |           1 |           1 |           1 |           1 |           1 |           1 |           1 |           1 |           1 |           1 |           1 |
+-------------------+------------+------------+------------+------------+------------+------------+------------+------------+------------+------------+-------------+-------------+-------------+-------------+-------------+-------------+-------------+-------------+-------------+-------------+-------------+-------------+-------------+-------------+-------------+-------------+-------------+-------------+-------------+-------------+-------------+-------------+-------------+-------------+-------------+-------------+-------------+-------------+-------------+-------------+-------------+-------------+-------------+-------------+-------------+-------------+-------------+-------------+-------------+-------------+-------------+-------------+-------------+-------------+-------------+-------------+-------------+-------------+-------------+-------------+-------------+-------------+-------------+-------------+-------------+-------------+-------------+-------------+-------------+-------------+-------------+-------------+-------------+-------------+-------------+-------------+-------------+-------------+-------------+-------------+-------------+-------------+-------------+-------------+-------------+-------------+-------------+-------------+-------------+-------------+-------------+-------------+-------------+-------------+-------------+-------------+
+---------------------------+---------+--------------+--------------+--------------+--------------+--------------+--------------+--------------+--------------+--------------+--------------+--------------+--------------+--------------+--------------+--------------+--------------+--------------+--------------+--------------+--------------+--------------+--------------+--------------+--------------+--------------+--------------+--------------+--------------+--------------+--------------+--------------+--------------+--------------+--------------+--------------+--------------+--------------+--------------+--------------+--------------+--------------+--------------+--------------+--------------+--------------+--------------+--------------+--------------+--------------+--------------+--------------+--------------+--------------+--------------+--------------+--------------+--------------+--------------+--------------+--------------+--------------+--------------+--------------+--------------+--------------+--------------+--------------+--------------+--------------+--------------+--------------+--------------+--------------+--------------+--------------+--------------+--------------+--------------+--------------+--------------+--------------+--------------+--------------+--------------+--------------+--------------+--------------+--------------+--------------+--------------+--------------+--------------+--------------+--------------+--------------+--------------+
|           Event           | Counter |  HWThread 0  |  HWThread 1  |  HWThread 2  |  HWThread 3  |  HWThread 4  |  HWThread 5  |  HWThread 6  |  HWThread 7  |  HWThread 8  |  HWThread 9  |  HWThread 10 |  HWThread 11 |  HWThread 12 |  HWThread 13 |  HWThread 14 |  HWThread 15 |  HWThread 16 |  HWThread 17 |  HWThread 18 |  HWThread 19 |  HWThread 20 |  HWThread 21 |  HWThread 22 |  HWThread 23 |  HWThread 24 |  HWThread 25 |  HWThread 26 |  HWThread 27 |  HWThread 28 |  HWThread 29 |  HWThread 30 |  HWThread 31 |  HWThread 32 |  HWThread 33 |  HWThread 34 |  HWThread 35 |  HWThread 36 |  HWThread 37 |  HWThread 38 |  HWThread 39 |  HWThread 40 |  HWThread 41 |  HWThread 42 |  HWThread 43 |  HWThread 44 |  HWThread 45 |  HWThread 46 |  HWThread 47 |  HWThread 48 |  HWThread 49 |  HWThread 50 |  HWThread 51 |  HWThread 52 |  HWThread 53 |  HWThread 54 |  HWThread 55 |  HWThread 56 |  HWThread 57 |  HWThread 58 |  HWThread 59 |  HWThread 60 |  HWThread 61 |  HWThread 62 |  HWThread 63 |  HWThread 64 |  HWThread 65 |  HWThread 66 |  HWThread 67 |  HWThread 68 |  HWThread 69 |  HWThread 70 |  HWThread 71 |  HWThread 72 |  HWThread 73 |  HWThread 74 |  HWThread 75 |  HWThread 76 |  HWThread 77 |  HWThread 78 |  HWThread 79 |  HWThread 80 |  HWThread 81 |  HWThread 82 |  HWThread 83 |  HWThread 84 |  HWThread 85 |  HWThread 86 |  HWThread 87 |  HWThread 88 |  HWThread 89 |  HWThread 90 |  HWThread 91 |  HWThread 92 |  HWThread 93 |  HWThread 94 |  HWThread 95 |
+---------------------------+---------+--------------+--------------+--------------+--------------+--------------+--------------+--------------+--------------+--------------+--------------+--------------+--------------+--------------+--------------+--------------+--------------+--------------+--------------+--------------+--------------+--------------+--------------+--------------+--------------+--------------+--------------+--------------+--------------+--------------+--------------+--------------+--------------+--------------+--------------+--------------+--------------+--------------+--------------+--------------+--------------+--------------+--------------+--------------+--------------+--------------+--------------+--------------+--------------+--------------+--------------+--------------+--------------+--------------+--------------+--------------+--------------+--------------+--------------+--------------+--------------+--------------+--------------+--------------+--------------+--------------+--------------+--------------+--------------+--------------+--------------+--------------+--------------+--------------+--------------+--------------+--------------+--------------+--------------+--------------+--------------+--------------+--------------+--------------+--------------+--------------+--------------+--------------+--------------+--------------+--------------+--------------+--------------+--------------+--------------+--------------+--------------+
|      ACTUAL_CPU_CLOCK     |  FIXC1  |   4059887000 |   4059773000 |   4059676000 |   4059761000 |   4059920000 |   4059573000 |   4059697000 |   4059886000 |   4060673000 |   4060711000 |   4060769000 |   4060764000 |   4060765000 |   4060965000 |   4061012000 |   4060546000 |   4061050000 |   4061010000 |   4061090000 |   4061126000 |   4061100000 |   4060741000 |   4061087000 |   4061125000 |   4061088000 |   4061099000 |   4060693000 |   4060692000 |   4061134000 |   4061040000 |   4061217000 |   4060726000 |   4060148000 |   4060430000 |   4060132000 |   4060259000 |   4060151000 |   4060133000 |   4060277000 |   4060299000 |   4061146000 |   4061219000 |   4061116000 |   4061105000 |   4061131000 |   4061133000 |   4061261000 |   4061164000 |   4060512000 |   4060190000 |   4060515000 |   4060135000 |   4060220000 |   4060320000 |   4060508000 |   4060489000 |   4060365000 |   4060903000 |   4060725000 |   4060149000 |   4060509000 |   4060235000 |   4060309000 |   4060096000 |   4061575000 |   4061603000 |   4061638000 |   4061528000 |   4061549000 |   4061554000 |   4061566000 |   4061659000 |   4061296000 |   4061283000 |   4060826000 |   4060667000 |   4060646000 |   4060819000 |   4060637000 |   4060764000 |   4061169000 |   4061247000 |   4060962000 |   4060954000 |   4061177000 |   4060959000 |   4061294000 |   4061188000 |   4060943000 |   4060519000 |   4060889000 |   4060887000 |   4060519000 |   4060942000 |   4061116000 |   4061010000 |
|       MAX_CPU_CLOCK       |  FIXC2  |   3294018000 |   3293687000 |   3293609000 |   3293678000 |   3294067000 |   3293494000 |   3293622000 |   3294171000 |   3293872000 |   3293717000 |   3294061000 |   3294068000 |   3294067000 |   3294203000 |   3294360000 |   3293979000 |   3294175000 |   3294147000 |   3294159000 |   3294357000 |   3294128000 |   3294156000 |   3294166000 |   3294139000 |   3294420000 |   3294428000 |   3294391000 |   3294390000 |   3294444000 |   3294387000 |   3294618000 |   3294399000 |   3294189000 |   3294398000 |   3294212000 |   3294197000 |   3294219000 |   3294174000 |   3294206000 |   3294208000 |   3294194000 |   3294342000 |   3293978000 |   3294350000 |   3294185000 |   3294264000 |   3294285000 |   3294185000 |   3294412000 |   3294323000 |   3294412000 |   3294269000 |   3294322000 |   3294473000 |   3294396000 |   3294389000 |   3294167000 |   3294384000 |   3294455000 |   3294213000 |   3294370000 |   3294151000 |   3294394000 |   3294175000 |   3294494000 |   3294331000 |   3294342000 |   3294330000 |   3294482000 |   3294330000 |   3294332000 |   3294324000 |   3294380000 |   3294372000 |   3294180000 |   3294276000 |   3294269000 |   3294173000 |   3294241000 |   3294447000 |   3294330000 |   3294342000 |   3294369000 |   3294263000 |   3294331000 |   3294296000 |   3294505000 |   3294578000 |   3294368000 |   3293930000 |   3294343000 |   3294317000 |   3294101000 |   3294386000 |   3294325000 |   3294299000 |
|    RETIRED_INSTRUCTIONS   |   PMC0  |   5103027000 |   5103346000 |   5103146000 |   5103334000 |   5103351000 |   5103350000 |   5103302000 |   5103392000 |   5103668000 |   5103649000 |   5103700000 |   5103726000 |   5103685000 |   5103665000 |   5103572000 |   5103651000 |   5103564000 |   5103577000 |   5103647000 |   5103659000 |   5103599000 |   5103640000 |   5103637000 |   5103693000 |   5103543000 |   5103500000 |   5103484000 |   5103507000 |   5103427000 |   5103475000 |   5103501000 |   5103436000 |   5103315000 |   5103382000 |   5103409000 |   5103293000 |   5103245000 |   5103263000 |   5103289000 |   5103258000 |   5103434000 |   5103443000 |   5103355000 |   5103461000 |   5103278000 |   5103232000 |   5103189000 |   5103210000 |   5103439000 |   5103431000 |   5103490000 |   5103505000 |   5103408000 |   5103490000 |   5103446000 |   5103423000 |   5103288000 |   5103349000 |   5103352000 |   5103357000 |   5103361000 |   5103350000 |   5103352000 |   5103399000 |   5103686000 |   5103717000 |   5103610000 |   5103687000 |   5103446000 |   5103247000 |   5103417000 |   5103493000 |   5103644000 |   5102966000 |   5103686000 |   5103652000 |   5103767000 |   5103734000 |   5103763000 |   5103760000 |   5103424000 |   5103392000 |   5103510000 |   5103436000 |   5103501000 |   5103521000 |   5103432000 |   5103378000 |   5103441000 |   5103399000 |   5103522000 |   5103347000 |   5103209000 |   5101921000 |   5102781000 |   5103125000 |
|    CPU_CLOCKS_UNHALTED    |   PMC1  |   4033778000 |   4035529000 |   4034554000 |   4035525000 |   4035668000 |   4035647000 |   4035353000 |   4035886000 |   4037457000 |   4037269000 |   4037526000 |   4037674000 |   4037487000 |   4037347000 |   4036885000 |   4037299000 |   4036903000 |   4036814000 |   4037290000 |   4037405000 |   4037094000 |   4037277000 |   4037224000 |   4037623000 |   4036812000 |   4036503000 |   4036574000 |   4036575000 |   4036186000 |   4036440000 |   4036548000 |   4036218000 |   4035422000 |   4035750000 |   4035935000 |   4035331000 |   4035244000 |   4035217000 |   4035316000 |   4035240000 |   4036218000 |   4036224000 |   4035789000 |   4036363000 |   4036085000 |   4035690000 |   4035683000 |   4035788000 |   4036355000 |   4036073000 |   4036536000 |   4036611000 |   4035978000 |   4036523000 |   4036234000 |   4036138000 |   4035394000 |   4035757000 |   4035698000 |   4035756000 |   4035810000 |   4035757000 |   4035728000 |   4035969000 |   4037574000 |   4037693000 |   4037146000 |   4037533000 |   4037263000 |   4035836000 |   4036950000 |   4037230000 |   4037376000 |   4033528000 |   4037704000 |   4037436000 |   4038105000 |   4037825000 |   4038047000 |   4038030000 |   4036137000 |   4036522000 |   4036613000 |   4036196000 |   4036570000 |   4036673000 |   4036206000 |   4035926000 |   4036242000 |   4035902000 |   4036666000 |   4035795000 |   4035683000 |   4036181000 |   4034495000 |   4035457000 |
| RETIRED_SSE_AVX_FLOPS_ALL |   PMC2  | 128849000000 | 128849000000 | 128849000000 | 128849000000 | 128849000000 | 128849000000 | 128849000000 | 128849000000 | 128849000000 | 128849000000 | 128849000000 | 128849000000 | 128849000000 | 128849000000 | 128849000000 | 128849000000 | 128849000000 | 128849000000 | 128849000000 | 128849000000 | 128849000000 | 128849000000 | 128849000000 | 128849000000 | 128849000000 | 128849000000 | 128849000000 | 128849000000 | 128849000000 | 128849000000 | 128849000000 | 128849000000 | 128849000000 | 128849000000 | 128849000000 | 128849000000 | 128849000000 | 128849000000 | 128849000000 | 128849000000 | 128849000000 | 128849000000 | 128849000000 | 128849000000 | 128849000000 | 128849000000 | 128849000000 | 128849000000 | 128849000000 | 128849000000 | 128849000000 | 128849000000 | 128849000000 | 128849000000 | 128849000000 | 128849000000 | 128849000000 | 128849000000 | 128849000000 | 128849000000 | 128849000000 | 128849000000 | 128849000000 | 128849000000 | 128849000000 | 128849000000 | 128849000000 | 128849000000 | 128849000000 | 128849000000 | 128849000000 | 128849000000 | 128849000000 | 128849000000 | 128849000000 | 128849000000 | 128849000000 | 128849000000 | 128849000000 | 128849000000 | 128849000000 | 128849000000 | 128849000000 | 128849000000 | 128849000000 | 128849000000 | 128849000000 | 128849000000 | 128849000000 | 128849000000 | 128849000000 | 128849000000 | 128849000000 | 128849000000 | 128849000000 | 128849000000 |
|           MERGE           |   PMC3  |            0 |            0 |            0 |            0 |            0 |            0 |            0 |            0 |            0 |            0 |            0 |            0 |            0 |            0 |            0 |            0 |            0 |            0 |            0 |            0 |            0 |            0 |            0 |            0 |            0 |            0 |            0 |            0 |            0 |            0 |            0 |            0 |            0 |            0 |            0 |            0 |            0 |            0 |            0 |            0 |            0 |            0 |            0 |            0 |            0 |            0 |            0 |            0 |            0 |            0 |            0 |            0 |            0 |            0 |            0 |            0 |            0 |            0 |            0 |            0 |            0 |            0 |            0 |            0 |            0 |            0 |            0 |            0 |            0 |            0 |            0 |            0 |            0 |            0 |            0 |            0 |            0 |            0 |            0 |            0 |            0 |            0 |            0 |            0 |            0 |            0 |            0 |            0 |            0 |            0 |            0 |            0 |            0 |            0 |            0 |            0 |
+---------------------------+---------+--------------+--------------+--------------+--------------+--------------+--------------+--------------+--------------+--------------+--------------+--------------+--------------+--------------+--------------+--------------+--------------+--------------+--------------+--------------+--------------+--------------+--------------+--------------+--------------+--------------+--------------+--------------+--------------+--------------+--------------+--------------+--------------+--------------+--------------+--------------+--------------+--------------+--------------+--------------+--------------+--------------+--------------+--------------+--------------+--------------+--------------+--------------+--------------+--------------+--------------+--------------+--------------+--------------+--------------+--------------+--------------+--------------+--------------+--------------+--------------+--------------+--------------+--------------+--------------+--------------+--------------+--------------+--------------+--------------+--------------+--------------+--------------+--------------+--------------+--------------+--------------+--------------+--------------+--------------+--------------+--------------+--------------+--------------+--------------+--------------+--------------+--------------+--------------+--------------+--------------+--------------+--------------+--------------+--------------+--------------+--------------+
+--------------------------------+---------+----------------+--------------+--------------+--------------+
|              Event             | Counter |       Sum      |      Min     |      Max     |      Avg     |
+--------------------------------+---------+----------------+--------------+--------------+--------------+
|      ACTUAL_CPU_CLOCK STAT     |  FIXC1  |   389833065000 |   4059573000 |   4061659000 | 4.060761e+09 |
|       MAX_CPU_CLOCK STAT       |  FIXC2  |   316246854000 |   3293494000 |   3294618000 | 3.294238e+09 |
|    RETIRED_INSTRUCTIONS STAT   |   PMC0  |   489929563000 |   5101921000 |   5103767000 | 5.103433e+09 |
|    CPU_CLOCKS_UNHALTED STAT    |   PMC1  |   387490522000 |   4033528000 |   4038105000 | 4.036360e+09 |
| RETIRED_SSE_AVX_FLOPS_ALL STAT |   PMC2  | 12369504000000 | 128849000000 | 128849000000 | 128849000000 |
|           MERGE STAT           |   PMC3  |              0 |            0 |            0 |            0 |
+--------------------------------+---------+----------------+--------------+--------------+--------------+
+----------------------+------------+------------+------------+------------+------------+------------+------------+------------+------------+------------+-------------+-------------+-------------+-------------+-------------+-------------+-------------+-------------+-------------+-------------+-------------+-------------+-------------+-------------+-------------+-------------+-------------+-------------+-------------+-------------+-------------+-------------+-------------+-------------+-------------+-------------+-------------+-------------+-------------+-------------+-------------+-------------+-------------+-------------+-------------+-------------+-------------+-------------+-------------+-------------+-------------+-------------+-------------+-------------+-------------+-------------+-------------+-------------+-------------+-------------+-------------+-------------+-------------+-------------+-------------+-------------+-------------+-------------+-------------+-------------+-------------+-------------+-------------+-------------+-------------+-------------+-------------+-------------+-------------+-------------+-------------+-------------+-------------+-------------+-------------+-------------+-------------+-------------+-------------+-------------+-------------+-------------+-------------+-------------+-------------+-------------+
|        Metric        | HWThread 0 | HWThread 1 | HWThread 2 | HWThread 3 | HWThread 4 | HWThread 5 | HWThread 6 | HWThread 7 | HWThread 8 | HWThread 9 | HWThread 10 | HWThread 11 | HWThread 12 | HWThread 13 | HWThread 14 | HWThread 15 | HWThread 16 | HWThread 17 | HWThread 18 | HWThread 19 | HWThread 20 | HWThread 21 | HWThread 22 | HWThread 23 | HWThread 24 | HWThread 25 | HWThread 26 | HWThread 27 | HWThread 28 | HWThread 29 | HWThread 30 | HWThread 31 | HWThread 32 | HWThread 33 | HWThread 34 | HWThread 35 | HWThread 36 | HWThread 37 | HWThread 38 | HWThread 39 | HWThread 40 | HWThread 41 | HWThread 42 | HWThread 43 | HWThread 44 | HWThread 45 | HWThread 46 | HWThread 47 | HWThread 48 | HWThread 49 | HWThread 50 | HWThread 51 | HWThread 52 | HWThread 53 | HWThread 54 | HWThread 55 | HWThread 56 | HWThread 57 | HWThread 58 | HWThread 59 | HWThread 60 | HWThread 61 | HWThread 62 | HWThread 63 | HWThread 64 | HWThread 65 | HWThread 66 | HWThread 67 | HWThread 68 | HWThread 69 | HWThread 70 | HWThread 71 | HWThread 72 | HWThread 73 | HWThread 74 | HWThread 75 | HWThread 76 | HWThread 77 | HWThread 78 | HWThread 79 | HWThread 80 | HWThread 81 | HWThread 82 | HWThread 83 | HWThread 84 | HWThread 85 | HWThread 86 | HWThread 87 | HWThread 88 | HWThread 89 | HWThread 90 | HWThread 91 | HWThread 92 | HWThread 93 | HWThread 94 | HWThread 95 |
+----------------------+------------+------------+------------+------------+------------+------------+------------+------------+------------+------------+-------------+-------------+-------------+-------------+-------------+-------------+-------------+-------------+-------------+-------------+-------------+-------------+-------------+-------------+-------------+-------------+-------------+-------------+-------------+-------------+-------------+-------------+-------------+-------------+-------------+-------------+-------------+-------------+-------------+-------------+-------------+-------------+-------------+-------------+-------------+-------------+-------------+-------------+-------------+-------------+-------------+-------------+-------------+-------------+-------------+-------------+-------------+-------------+-------------+-------------+-------------+-------------+-------------+-------------+-------------+-------------+-------------+-------------+-------------+-------------+-------------+-------------+-------------+-------------+-------------+-------------+-------------+-------------+-------------+-------------+-------------+-------------+-------------+-------------+-------------+-------------+-------------+-------------+-------------+-------------+-------------+-------------+-------------+-------------+-------------+-------------+
|  Runtime (RDTSC) [s] |     1.3740 |     1.3740 |     1.3740 |     1.3740 |     1.3741 |     1.3741 |     1.3740 |     1.3741 |     1.3741 |     1.3741 |      1.3742 |      1.3742 |      1.3742 |      1.3741 |      1.3741 |      1.3741 |      1.3741 |      1.3740 |      1.3741 |      1.3741 |      1.3741 |      1.3741 |      1.3741 |      1.3741 |      1.3741 |      1.3741 |      1.3741 |      1.3741 |      1.3740 |      1.3740 |      1.3741 |      1.3740 |      1.3740 |      1.3741 |      1.3741 |      1.3740 |      1.3740 |      1.3740 |      1.3740 |      1.3740 |      1.3741 |      1.3741 |      1.3741 |      1.3741 |      1.3741 |      1.3740 |      1.3741 |      1.3741 |      1.3741 |      1.3740 |      1.3741 |      1.3741 |      1.3740 |      1.3741 |      1.3740 |      1.3740 |      1.3740 |      1.3740 |      1.3740 |      1.3741 |      1.3741 |      1.3740 |      1.3740 |      1.3741 |      1.3741 |      1.3741 |      1.3741 |      1.3741 |      1.3741 |      1.3740 |      1.3741 |      1.3741 |      1.3740 |      1.3740 |      1.3740 |      1.3741 |      1.3741 |      1.3740 |      1.3741 |      1.3741 |      1.3741 |      1.3741 |      1.3740 |      1.3740 |      1.3740 |      1.3740 |      1.3740 |      1.3740 |      1.3741 |      1.3740 |      1.3741 |      1.3740 |      1.3740 |      1.3741 |      1.3740 |      1.3740 |
| Runtime unhalted [s] |     1.6942 |     1.6941 |     1.6941 |     1.6941 |     1.6942 |     1.6940 |     1.6941 |     1.6942 |     1.6945 |     1.6945 |      1.6945 |      1.6945 |      1.6945 |      1.6946 |      1.6946 |      1.6945 |      1.6947 |      1.6946 |      1.6947 |      1.6947 |      1.6947 |      1.6945 |      1.6947 |      1.6947 |      1.6947 |      1.6947 |      1.6945 |      1.6945 |      1.6947 |      1.6947 |      1.6947 |      1.6945 |      1.6943 |      1.6944 |      1.6943 |      1.6943 |      1.6943 |      1.6943 |      1.6943 |      1.6944 |      1.6947 |      1.6947 |      1.6947 |      1.6947 |      1.6947 |      1.6947 |      1.6948 |      1.6947 |      1.6944 |      1.6943 |      1.6944 |      1.6943 |      1.6943 |      1.6944 |      1.6944 |      1.6944 |      1.6944 |      1.6946 |      1.6945 |      1.6943 |      1.6944 |      1.6943 |      1.6944 |      1.6943 |      1.6949 |      1.6949 |      1.6949 |      1.6949 |      1.6949 |      1.6949 |      1.6949 |      1.6949 |      1.6948 |      1.6948 |      1.6946 |      1.6945 |      1.6945 |      1.6946 |      1.6945 |      1.6945 |      1.6947 |      1.6947 |      1.6946 |      1.6946 |      1.6947 |      1.6946 |      1.6948 |      1.6947 |      1.6946 |      1.6944 |      1.6946 |      1.6946 |      1.6944 |      1.6946 |      1.6947 |      1.6946 |
|      Clock [MHz]     |  2953.5358 |  2953.7497 |  2953.7491 |  2953.7490 |  2953.5159 |  2953.7773 |  2953.7527 |  2953.3979 |  2954.2386 |  2954.4052 |   2954.1389 |   2954.1290 |   2954.1306 |   2954.1542 |   2954.0476 |   2954.0502 |   2954.2411 |   2954.2371 |   2954.2845 |   2954.1332 |   2954.3196 |   2954.0333 |   2954.2761 |   2954.3279 |   2954.0490 |   2954.0499 |   2953.7877 |   2953.7879 |   2954.0610 |   2954.0437 |   2953.9653 |   2953.8045 |   2953.5724 |   2953.5901 |   2953.5401 |   2953.6459 |   2953.5477 |   2953.5749 |   2953.6510 |   2953.6652 |   2954.2939 |   2954.2143 |   2954.4658 |   2954.1242 |   2954.2910 |   2954.2217 |   2954.2959 |   2954.3151 |   2953.6372 |   2953.4828 |   2953.6394 |   2953.4912 |   2953.5055 |   2953.4429 |   2953.6487 |   2953.6411 |   2953.7500 |   2953.9467 |   2953.7536 |   2953.5516 |   2953.6727 |   2953.6697 |   2953.5057 |   2953.5471 |   2954.3369 |   2954.5035 |   2954.5191 |   2954.4498 |   2954.3288 |   2954.4687 |   2954.4757 |   2954.5505 |   2954.2362 |   2954.2339 |   2954.0737 |   2953.8719 |   2953.8629 |   2954.0748 |   2953.8815 |   2953.7891 |   2954.1887 |   2954.2346 |   2954.0031 |   2954.0923 |   2954.1936 |   2954.0664 |   2954.1227 |   2953.9801 |   2953.9902 |   2954.0745 |   2953.9733 |   2953.9952 |   2953.9212 |   2953.9733 |   2954.1546 |   2954.1008 |
|          CPI         |     0.7905 |     0.7908 |     0.7906 |     0.7908 |     0.7908 |     0.7908 |     0.7907 |     0.7908 |     0.7911 |     0.7911 |      0.7911 |      0.7911 |      0.7911 |      0.7911 |      0.7910 |      0.7911 |      0.7910 |      0.7910 |      0.7911 |      0.7911 |      0.7910 |      0.7911 |      0.7910 |      0.7911 |      0.7910 |      0.7909 |      0.7909 |      0.7909 |      0.7909 |      0.7909 |      0.7909 |      0.7909 |      0.7907 |      0.7908 |      0.7908 |      0.7907 |      0.7907 |      0.7907 |      0.7907 |      0.7907 |      0.7909 |      0.7909 |      0.7908 |      0.7909 |      0.7909 |      0.7908 |      0.7908 |      0.7908 |      0.7909 |      0.7909 |      0.7909 |      0.7909 |      0.7908 |      0.7909 |      0.7909 |      0.7909 |      0.7907 |      0.7908 |      0.7908 |      0.7908 |      0.7908 |      0.7908 |      0.7908 |      0.7908 |      0.7911 |      0.7911 |      0.7910 |      0.7911 |      0.7911 |      0.7908 |      0.7910 |      0.7911 |      0.7911 |      0.7904 |      0.7911 |      0.7911 |      0.7912 |      0.7912 |      0.7912 |      0.7912 |      0.7909 |      0.7909 |      0.7909 |      0.7909 |      0.7909 |      0.7910 |      0.7909 |      0.7908 |      0.7909 |      0.7908 |      0.7910 |      0.7908 |      0.7908 |      0.7911 |      0.7906 |      0.7908 |
|     SP [MFLOP/s]     | 93775.8823 | 93775.8140 | 93779.1584 | 93775.7458 | 93770.4908 | 93772.1969 | 93775.4728 | 93770.5591 | 93769.6720 | 93771.1050 |  93764.2812 |  93764.2130 |  93764.2812 |  93767.4883 |  93770.3544 |  93767.8295 |  93769.6720 |  93779.0901 |  93771.9240 |  93769.7402 |  93768.9896 |  93773.0159 |  93767.6930 |  93770.4226 |  93771.2415 |  93771.3780 |  93771.2415 |  93771.0368 |  93778.9536 |  93778.9536 |  93772.9476 |  93779.0219 |  93777.9981 |  93771.1050 |  93771.1050 |  93777.9981 |  93778.8854 |  93778.7489 |  93778.7489 |  93778.8854 |  93770.4226 |  93769.5355 |  93770.4226 |  93771.0368 |  93769.6720 |  93779.0219 |  93772.1287 |  93771.0368 |  93772.1287 |  93779.5679 |  93772.1287 |  93772.0604 |  93779.5679 |  93771.1050 |  93775.8823 |  93777.1108 |  93779.1584 |  93777.3838 |  93775.4045 |  93773.0841 |  93773.0841 |  93777.8616 |  93774.3126 |  93771.1733 |  93770.2861 |  93766.8059 |  93772.0604 |  93767.2836 |  93770.3544 |  93777.7933 |  93771.3780 |  93766.8059 |  93774.2443 |  93774.3126 |  93778.7489 |  93769.1260 |  93768.1707 |  93774.1078 |  93768.1707 |  93768.1707 |  93771.5827 |  93767.8977 |  93779.2266 |  93778.9536 |  93773.1524 |  93776.9060 |  93777.3838 |  93774.1761 |  93768.3072 |  93779.2949 |  93771.4462 |  93778.9536 |  93778.9536 |  93768.3072 |  93774.2443 |  93779.2949 |
+----------------------+------------+------------+------------+------------+------------+------------+------------+------------+------------+------------+-------------+-------------+-------------+-------------+-------------+-------------+-------------+-------------+-------------+-------------+-------------+-------------+-------------+-------------+-------------+-------------+-------------+-------------+-------------+-------------+-------------+-------------+-------------+-------------+-------------+-------------+-------------+-------------+-------------+-------------+-------------+-------------+-------------+-------------+-------------+-------------+-------------+-------------+-------------+-------------+-------------+-------------+-------------+-------------+-------------+-------------+-------------+-------------+-------------+-------------+-------------+-------------+-------------+-------------+-------------+-------------+-------------+-------------+-------------+-------------+-------------+-------------+-------------+-------------+-------------+-------------+-------------+-------------+-------------+-------------+-------------+-------------+-------------+-------------+-------------+-------------+-------------+-------------+-------------+-------------+-------------+-------------+-------------+-------------+-------------+-------------+
+---------------------------+--------------+------------+------------+------------+
|           Metric          |      Sum     |     Min    |     Max    |     Avg    |
+---------------------------+--------------+------------+------------+------------+
|  Runtime (RDTSC) [s] STAT |     131.9098 |     1.3740 |     1.3742 |     1.3741 |
| Runtime unhalted [s] STAT |     162.6758 |     1.6940 |     1.6949 |     1.6945 |
|      Clock [MHz] STAT     |  283581.5402 |  2953.3979 |  2954.5505 |  2953.9744 |
|          CPI STAT         |      75.9270 |     0.7904 |     0.7912 |     0.7909 |
|     SP [MFLOP/s] STAT     | 9.002224e+06 | 93764.2130 | 93779.5679 | 93773.1618 |
+---------------------------+--------------+------------+------------+------------+
