--------------------------------------------------------------------------------
CPU name:	AMD EPYC 9654 96-Core Processor                
CPU type:	AMD K19 (Zen4) architecture
CPU clock:	2.40 GHz
--------------------------------------------------------------------------------
Region bench, Group 1: FLOPS_SP
+-------------------+------------+------------+------------+------------+------------+------------+------------+------------+------------+------------+-------------+-------------+-------------+-------------+-------------+-------------+-------------+-------------+-------------+-------------+-------------+-------------+-------------+-------------+-------------+-------------+-------------+-------------+-------------+-------------+-------------+-------------+-------------+-------------+-------------+-------------+-------------+-------------+-------------+-------------+-------------+-------------+-------------+-------------+-------------+-------------+-------------+-------------+-------------+-------------+-------------+-------------+-------------+-------------+-------------+-------------+-------------+-------------+-------------+-------------+-------------+-------------+-------------+-------------+-------------+-------------+-------------+-------------+-------------+-------------+-------------+-------------+-------------+-------------+-------------+-------------+-------------+-------------+-------------+-------------+-------------+-------------+-------------+-------------+-------------+-------------+-------------+-------------+-------------+-------------+-------------+-------------+-------------+-------------+-------------+-------------+-------------+-------------+-------------+-------------+--------------+--------------+--------------+--------------+--------------+--------------+--------------+--------------+--------------+--------------+--------------+--------------+--------------+--------------+--------------+--------------+--------------+--------------+--------------+--------------+--------------+--------------+--------------+--------------+--------------+--------------+--------------+--------------+--------------+--------------+--------------+--------------+--------------+--------------+--------------+--------------+--------------+--------------+--------------+--------------+--------------+--------------+--------------+--------------+--------------+--------------+--------------+--------------+--------------+--------------+--------------+--------------+--------------+--------------+--------------+--------------+--------------+--------------+--------------+--------------+--------------+--------------+--------------+--------------+--------------+--------------+--------------+--------------+--------------+--------------+--------------+--------------+--------------+--------------+--------------+--------------+--------------+--------------+--------------+--------------+--------------+--------------+--------------+--------------+--------------+--------------+--------------+--------------+--------------+--------------+--------------+--------------+
|    Region Info    | HWThread 0 | HWThread 1 | HWThread 2 | HWThread 3 | HWThread 4 | HWThread 5 | HWThread 6 | HWThread 7 | HWThread 8 | HWThread 9 | HWThread 10 | HWThread 11 | HWThread 12 | HWThread 13 | HWThread 14 | HWThread 15 | HWThread 16 | HWThread 17 | HWThread 18 | HWThread 19 | HWThread 20 | HWThread 21 | HWThread 22 | HWThread 23 | HWThread 24 | HWThread 25 | HWThread 26 | HWThread 27 | HWThread 28 | HWThread 29 | HWThread 30 | HWThread 31 | HWThread 32 | HWThread 33 | HWThread 34 | HWThread 35 | HWThread 36 | HWThread 37 | HWThread 38 | HWThread 39 | HWThread 40 | HWThread 41 | HWThread 42 | HWThread 43 | HWThread 44 | HWThread 45 | HWThread 46 | HWThread 47 | HWThread 48 | HWThread 49 | HWThread 50 | HWThread 51 | HWThread 52 | HWThread 53 | HWThread 54 | HWThread 55 | HWThread 56 | HWThread 57 | HWThread 58 | HWThread 59 | HWThread 60 | HWThread 61 | HWThread 62 | HWThread 63 | HWThread 64 | HWThread 65 | HWThread 66 | HWThread 67 | HWThread 68 | HWThread 69 | HWThread 70 | HWThread 71 | HWThread 72 | HWThread 73 | HWThread 74 | HWThread 75 | HWThread 76 | HWThread 77 | HWThread 78 | HWThread 79 | HWThread 80 | HWThread 81 | HWThread 82 | HWThread 83 | HWThread 84 | HWThread 85 | HWThread 86 | HWThread 87 | HWThread 88 | HWThread 89 | HWThread 90 | HWThread 91 | HWThread 92 | HWThread 93 | HWThread 94 | HWThread 95 | HWThread 96 | HWThread 97 | HWThread 98 | HWThread 99 | HWThread 100 | HWThread 101 | HWThread 102 | HWThread 103 | HWThread 104 | HWThread 105 | HWThread 106 | HWThread 107 | HWThread 108 | HWThread 109 | HWThread 110 | HWThread 111 | HWThread 112 | HWThread 113 | HWThread 114 | HWThread 115 | HWThread 116 | HWThread 117 | HWThread 118 | HWThread 119 | HWThread 120 | HWThread 121 | HWThread 122 | HWThread 123 | HWThread 124 | HWThread 125 | HWThread 126 | HWThread 127 | HWThread 128 | HWThread 129 | HWThread 130 | HWThread 131 | HWThread 132 | HWThread 133 | HWThread 134 | HWThread 135 | HWThread 136 | HWThread 137 | HWThread 138 | HWThread 139 | HWThread 140 | HWThread 141 | HWThread 142 | HWThread 143 | HWThread 144 | HWThread 145 | HWThread 146 | HWThread 147 | HWThread 148 | HWThread 149 | HWThread 150 | HWThread 151 | HWThread 152 | HWThread 153 | HWThread 154 | HWThread 155 | HWThread 156 | HWThread 157 | HWThread 158 | HWThread 159 | HWThread 160 | HWThread 161 | HWThread 162 | HWThread 163 | HWThread 164 | HWThread 165 | HWThread 166 | HWThread 167 | HWThread 168 | HWThread 169 | HWThread 170 | HWThread 171 | HWThread 172 | HWThread 173 | HWThread 174 | HWThread 175 | HWThread 176 | HWThread 177 | HWThread 178 | HWThread 179 | HWThread 180 | HWThread 181 | HWThread 182 | HWThread 183 | HWThread 184 | HWThread 185 | HWThread 186 | HWThread 187 | HWThread 188 | HWThread 189 | HWThread 190 | HWThread 191 |
+-------------------+------------+------------+------------+------------+------------+------------+------------+------------+------------+------------+-------------+-------------+-------------+-------------+-------------+-------------+-------------+-------------+-------------+-------------+-------------+-------------+-------------+-------------+-------------+-------------+-------------+-------------+-------------+-------------+-------------+-------------+-------------+-------------+-------------+-------------+-------------+-------------+-------------+-------------+-------------+-------------+-------------+-------------+-------------+-------------+-------------+-------------+-------------+-------------+-------------+-------------+-------------+-------------+-------------+-------------+-------------+-------------+-------------+-------------+-------------+-------------+-------------+-------------+-------------+-------------+-------------+-------------+-------------+-------------+-------------+-------------+-------------+-------------+-------------+-------------+-------------+-------------+-------------+-------------+-------------+-------------+-------------+-------------+-------------+-------------+-------------+-------------+-------------+-------------+-------------+-------------+-------------+-------------+-------------+-------------+-------------+-------------+-------------+-------------+--------------+--------------+--------------+--------------+--------------+--------------+--------------+--------------+--------------+--------------+--------------+--------------+--------------+--------------+--------------+--------------+--------------+--------------+--------------+--------------+--------------+--------------+--------------+--------------+--------------+--------------+--------------+--------------+--------------+--------------+--------------+--------------+--------------+--------------+--------------+--------------+--------------+--------------+--------------+--------------+--------------+--------------+--------------+--------------+--------------+--------------+--------------+--------------+--------------+--------------+--------------+--------------+--------------+--------------+--------------+--------------+--------------+--------------+--------------+--------------+--------------+--------------+--------------+--------------+--------------+--------------+--------------+--------------+--------------+--------------+--------------+--------------+--------------+--------------+--------------+--------------+--------------+--------------+--------------+--------------+--------------+--------------+--------------+--------------+--------------+--------------+--------------+--------------+--------------+--------------+--------------+--------------+
| RDTSC Runtime [s] |   2.024576 |   2.024572 |   2.024575 |   2.024607 |   2.024609 |   2.024612 |   2.024614 |   2.024611 |   2.024637 |   2.024681 |    2.024700 |    2.024647 |    2.024679 |    2.024578 |    2.024681 |    2.024777 |    2.024573 |    2.025218 |    2.025232 |    2.024859 |    2.024750 |    2.025081 |    2.024573 |    2.024784 |    2.024870 |    2.024842 |    2.024769 |    2.024844 |    2.024828 |    2.025212 |    2.024841 |    2.024780 |    2.025152 |    2.025120 |    2.025043 |    2.024643 |    2.024606 |    2.024787 |    2.024767 |    2.024795 |    2.024845 |    2.026470 |    2.025062 |    2.025101 |    2.026469 |    2.024752 |    2.025061 |    2.026470 |    2.024680 |    2.024843 |    2.024908 |    2.024705 |    2.024843 |    2.024843 |    2.024908 |    2.024612 |    2.024872 |    2.024777 |    2.024777 |    2.025216 |    2.024756 |    2.024619 |    2.024577 |    2.024756 |    2.024871 |    2.024851 |    2.025037 |    2.024823 |    2.025043 |    2.024874 |    2.024660 |    2.024777 |    2.024779 |    2.024794 |    2.024757 |    2.024871 |    2.024909 |    2.024756 |    2.024794 |    2.024757 |    2.024858 |    2.024794 |    2.024778 |    2.024879 |    2.024827 |    2.024620 |    2.024827 |    2.024825 |    2.024578 |    2.024792 |    2.024855 |    2.024793 |    2.024579 |    2.024799 |    2.024797 |    2.024797 |    2.024574 |    2.024870 |    2.024773 |    2.025039 |     2.024821 |     2.024662 |     2.024770 |     2.025039 |     2.026469 |     2.024752 |     2.024752 |     2.024774 |     2.025142 |     2.024889 |     2.024772 |     2.024865 |     2.024754 |     2.024614 |     2.024765 |     2.024614 |     2.024645 |     2.024706 |     2.024703 |     2.024663 |     2.025705 |     2.024687 |     2.025034 |     2.024906 |     2.024799 |     2.024648 |     2.025034 |     2.025050 |     2.024721 |     2.024573 |     2.024647 |     2.024573 |     2.024574 |     2.024573 |     2.024573 |     2.024618 |     2.024842 |     2.024823 |     2.024823 |     2.024823 |     2.024844 |     2.024613 |     2.024770 |     2.024796 |     2.024896 |     2.024619 |     2.024896 |     2.024582 |     2.024582 |     2.024581 |     2.024619 |     2.024676 |     2.024771 |     2.025036 |     2.024824 |     2.024866 |     2.024580 |     2.024757 |     2.024654 |     2.024894 |     2.024779 |     2.024620 |     2.024874 |     2.024776 |     2.024711 |     2.024789 |     2.024581 |     2.024760 |     2.025488 |     2.024772 |     2.025456 |     2.024768 |     2.024775 |     2.024868 |     2.025489 |     2.024708 |     2.024800 |     2.024867 |     2.024665 |     2.024621 |     2.024788 |     2.024579 |     2.025036 |     2.024848 |     2.024581 |     2.024871 |     2.024789 |     2.024793 |     2.024727 |     2.024580 |     2.024654 |     2.024873 |
|     call count    |          1 |          1 |          1 |          1 |          1 |          1 |          1 |          1 |          1 |          1 |           1 |           1 |           1 |           1 |           1 |           1 |           1 |           1 |           1 |           1 |           1 |           1 |           1 |           1 |           1 |           1 |           1 |           1 |           1 |           1 |           1 |           1 |           1 |           1 |           1 |           1 |           1 |           1 |           1 |           1 |           1 |           1 |           1 |           1 |           1 |           1 |           1 |           1 |           1 |           1 |           1 |           1 |           1 |           1 |           1 |           1 |           1 |           1 |           1 |           1 |           1 |           1 |           1 |           1 |           1 |           1 |           1 |           1 |           1 |           1 |           1 |           1 |           1 |           1 |           1 |           1 |           1 |           1 |           1 |           1 |           1 |           1 |           1 |           1 |           1 |           1 |           1 |           1 |           1 |           1 |           1 |           1 |           1 |           1 |           1 |           1 |           1 |           1 |           1 |           1 |            1 |            1 |            1 |            1 |            1 |            1 |            1 |            1 |            1 |            1 |            1 |            1 |            1 |            1 |            1 |            1 |            1 |            1 |            1 |            1 |            1 |            1 |            1 |            1 |            1 |            1 |            1 |            1 |            1 |            1 |            1 |            1 |            1 |            1 |            1 |            1 |            1 |            1 |            1 |            1 |            1 |            1 |            1 |            1 |            1 |            1 |            1 |            1 |            1 |            1 |            1 |            1 |            1 |            1 |            1 |            1 |            1 |            1 |            1 |            1 |            1 |            1 |            1 |            1 |            1 |            1 |            1 |            1 |            1 |            1 |            1 |            1 |            1 |            1 |            1 |            1 |            1 |            1 |            1 |            1 |            1 |            1 |            1 |            1 |            1 |            1 |            1 |            1 |            1 |            1 |            1 |            1 |
+-------------------+------------+------------+------------+------------+------------+------------+------------+------------+------------+------------+-------------+-------------+-------------+-------------+-------------+-------------+-------------+-------------+-------------+-------------+-------------+-------------+-------------+-------------+-------------+-------------+-------------+-------------+-------------+-------------+-------------+-------------+-------------+-------------+-------------+-------------+-------------+-------------+-------------+-------------+-------------+-------------+-------------+-------------+-------------+-------------+-------------+-------------+-------------+-------------+-------------+-------------+-------------+-------------+-------------+-------------+-------------+-------------+-------------+-------------+-------------+-------------+-------------+-------------+-------------+-------------+-------------+-------------+-------------+-------------+-------------+-------------+-------------+-------------+-------------+-------------+-------------+-------------+-------------+-------------+-------------+-------------+-------------+-------------+-------------+-------------+-------------+-------------+-------------+-------------+-------------+-------------+-------------+-------------+-------------+-------------+-------------+-------------+-------------+-------------+--------------+--------------+--------------+--------------+--------------+--------------+--------------+--------------+--------------+--------------+--------------+--------------+--------------+--------------+--------------+--------------+--------------+--------------+--------------+--------------+--------------+--------------+--------------+--------------+--------------+--------------+--------------+--------------+--------------+--------------+--------------+--------------+--------------+--------------+--------------+--------------+--------------+--------------+--------------+--------------+--------------+--------------+--------------+--------------+--------------+--------------+--------------+--------------+--------------+--------------+--------------+--------------+--------------+--------------+--------------+--------------+--------------+--------------+--------------+--------------+--------------+--------------+--------------+--------------+--------------+--------------+--------------+--------------+--------------+--------------+--------------+--------------+--------------+--------------+--------------+--------------+--------------+--------------+--------------+--------------+--------------+--------------+--------------+--------------+--------------+--------------+--------------+--------------+--------------+--------------+--------------+--------------+
+---------------------------+---------+-------------+-------------+-------------+-------------+-------------+-------------+-------------+-------------+-------------+-------------+-------------+-------------+-------------+-------------+-------------+-------------+-------------+-------------+-------------+-------------+-------------+-------------+-------------+-------------+-------------+-------------+-------------+-------------+-------------+-------------+-------------+-------------+-------------+-------------+-------------+-------------+-------------+-------------+-------------+-------------+-------------+-------------+-------------+-------------+-------------+-------------+-------------+-------------+-------------+-------------+-------------+-------------+-------------+-------------+-------------+-------------+-------------+-------------+-------------+-------------+-------------+-------------+-------------+-------------+-------------+-------------+-------------+-------------+-------------+-------------+-------------+-------------+-------------+-------------+-------------+-------------+-------------+-------------+-------------+-------------+-------------+-------------+-------------+-------------+-------------+-------------+-------------+-------------+-------------+-------------+-------------+-------------+-------------+-------------+-------------+-------------+-------------+-------------+-------------+-------------+--------------+--------------+--------------+--------------+--------------+--------------+--------------+--------------+--------------+--------------+--------------+--------------+--------------+--------------+--------------+--------------+--------------+--------------+--------------+--------------+--------------+--------------+--------------+--------------+--------------+--------------+--------------+--------------+--------------+--------------+--------------+--------------+--------------+--------------+--------------+--------------+--------------+--------------+--------------+--------------+--------------+--------------+--------------+--------------+--------------+--------------+--------------+--------------+--------------+--------------+--------------+--------------+--------------+--------------+--------------+--------------+--------------+--------------+--------------+--------------+--------------+--------------+--------------+--------------+--------------+--------------+--------------+--------------+--------------+--------------+--------------+--------------+--------------+--------------+--------------+--------------+--------------+--------------+--------------+--------------+--------------+--------------+--------------+--------------+--------------+--------------+--------------+--------------+--------------+--------------+--------------+--------------+
|           Event           | Counter |  HWThread 0 |  HWThread 1 |  HWThread 2 |  HWThread 3 |  HWThread 4 |  HWThread 5 |  HWThread 6 |  HWThread 7 |  HWThread 8 |  HWThread 9 | HWThread 10 | HWThread 11 | HWThread 12 | HWThread 13 | HWThread 14 | HWThread 15 | HWThread 16 | HWThread 17 | HWThread 18 | HWThread 19 | HWThread 20 | HWThread 21 | HWThread 22 | HWThread 23 | HWThread 24 | HWThread 25 | HWThread 26 | HWThread 27 | HWThread 28 | HWThread 29 | HWThread 30 | HWThread 31 | HWThread 32 | HWThread 33 | HWThread 34 | HWThread 35 | HWThread 36 | HWThread 37 | HWThread 38 | HWThread 39 | HWThread 40 | HWThread 41 | HWThread 42 | HWThread 43 | HWThread 44 | HWThread 45 | HWThread 46 | HWThread 47 | HWThread 48 | HWThread 49 | HWThread 50 | HWThread 51 | HWThread 52 | HWThread 53 | HWThread 54 | HWThread 55 | HWThread 56 | HWThread 57 | HWThread 58 | HWThread 59 | HWThread 60 | HWThread 61 | HWThread 62 | HWThread 63 | HWThread 64 | HWThread 65 | HWThread 66 | HWThread 67 | HWThread 68 | HWThread 69 | HWThread 70 | HWThread 71 | HWThread 72 | HWThread 73 | HWThread 74 | HWThread 75 | HWThread 76 | HWThread 77 | HWThread 78 | HWThread 79 | HWThread 80 | HWThread 81 | HWThread 82 | HWThread 83 | HWThread 84 | HWThread 85 | HWThread 86 | HWThread 87 | HWThread 88 | HWThread 89 | HWThread 90 | HWThread 91 | HWThread 92 | HWThread 93 | HWThread 94 | HWThread 95 | HWThread 96 | HWThread 97 | HWThread 98 | HWThread 99 | HWThread 100 | HWThread 101 | HWThread 102 | HWThread 103 | HWThread 104 | HWThread 105 | HWThread 106 | HWThread 107 | HWThread 108 | HWThread 109 | HWThread 110 | HWThread 111 | HWThread 112 | HWThread 113 | HWThread 114 | HWThread 115 | HWThread 116 | HWThread 117 | HWThread 118 | HWThread 119 | HWThread 120 | HWThread 121 | HWThread 122 | HWThread 123 | HWThread 124 | HWThread 125 | HWThread 126 | HWThread 127 | HWThread 128 | HWThread 129 | HWThread 130 | HWThread 131 | HWThread 132 | HWThread 133 | HWThread 134 | HWThread 135 | HWThread 136 | HWThread 137 | HWThread 138 | HWThread 139 | HWThread 140 | HWThread 141 | HWThread 142 | HWThread 143 | HWThread 144 | HWThread 145 | HWThread 146 | HWThread 147 | HWThread 148 | HWThread 149 | HWThread 150 | HWThread 151 | HWThread 152 | HWThread 153 | HWThread 154 | HWThread 155 | HWThread 156 | HWThread 157 | HWThread 158 | HWThread 159 | HWThread 160 | HWThread 161 | HWThread 162 | HWThread 163 | HWThread 164 | HWThread 165 | HWThread 166 | HWThread 167 | HWThread 168 | HWThread 169 | HWThread 170 | HWThread 171 | HWThread 172 | HWThread 173 | HWThread 174 | HWThread 175 | HWThread 176 | HWThread 177 | HWThread 178 | HWThread 179 | HWThread 180 | HWThread 181 | HWThread 182 | HWThread 183 | HWThread 184 | HWThread 185 | HWThread 186 | HWThread 187 | HWThread 188 | HWThread 189 | HWThread 190 | HWThread 191 |
+---------------------------+---------+-------------+-------------+-------------+-------------+-------------+-------------+-------------+-------------+-------------+-------------+-------------+-------------+-------------+-------------+-------------+-------------+-------------+-------------+-------------+-------------+-------------+-------------+-------------+-------------+-------------+-------------+-------------+-------------+-------------+-------------+-------------+-------------+-------------+-------------+-------------+-------------+-------------+-------------+-------------+-------------+-------------+-------------+-------------+-------------+-------------+-------------+-------------+-------------+-------------+-------------+-------------+-------------+-------------+-------------+-------------+-------------+-------------+-------------+-------------+-------------+-------------+-------------+-------------+-------------+-------------+-------------+-------------+-------------+-------------+-------------+-------------+-------------+-------------+-------------+-------------+-------------+-------------+-------------+-------------+-------------+-------------+-------------+-------------+-------------+-------------+-------------+-------------+-------------+-------------+-------------+-------------+-------------+-------------+-------------+-------------+-------------+-------------+-------------+-------------+-------------+--------------+--------------+--------------+--------------+--------------+--------------+--------------+--------------+--------------+--------------+--------------+--------------+--------------+--------------+--------------+--------------+--------------+--------------+--------------+--------------+--------------+--------------+--------------+--------------+--------------+--------------+--------------+--------------+--------------+--------------+--------------+--------------+--------------+--------------+--------------+--------------+--------------+--------------+--------------+--------------+--------------+--------------+--------------+--------------+--------------+--------------+--------------+--------------+--------------+--------------+--------------+--------------+--------------+--------------+--------------+--------------+--------------+--------------+--------------+--------------+--------------+--------------+--------------+--------------+--------------+--------------+--------------+--------------+--------------+--------------+--------------+--------------+--------------+--------------+--------------+--------------+--------------+--------------+--------------+--------------+--------------+--------------+--------------+--------------+--------------+--------------+--------------+--------------+--------------+--------------+--------------+--------------+
|      ACTUAL_CPU_CLOCK     |  FIXC1  |  6541322000 |  6541834000 |  6542367000 |  6541337000 |  6543083000 |  6541781000 |  6541859000 |  6541836000 |  6542088000 |  6541765000 |  6541830000 |  6541438000 |  6541798000 |  6541406000 |  6541822000 |  6541828000 |  6541230000 |  6543495000 |  6543498000 |  6543666000 |  6545083000 |  6545215000 |  6541939000 |  6543512000 |  6543165000 |  6543955000 |  6542863000 |  6544517000 |  6544067000 |  6543209000 |  6543163000 |  6543666000 |  6544141000 |  6544187000 |  6543458000 |  6542094000 |  6542003000 |  6543344000 |  6543039000 |  6544609000 |  6544634000 |  6544940000 |  6544827000 |  6544745000 |  6544937000 |  6544579000 |  6544570000 |  6544938000 |  6542248000 |  6542810000 |  6543226000 |  6543172000 |  6543374000 |  6543369000 |  6542664000 |  6542406000 |  6544273000 |  6543897000 |  6543976000 |  6544980000 |  6544386000 |  6542560000 |  6543421000 |  6544987000 |  6544603000 |  6544553000 |  6544619000 |  6544784000 |  6544606000 |  6544602000 |  6543229000 |  6544318000 |  6544648000 |  6544471000 |  6544413000 |  6545494000 |  6544401000 |  6544625000 |  6544469000 |  6545081000 |  6544469000 |  6544995000 |  6544636000 |  6544224000 |  6544879000 |  6543565000 |  6544972000 |  6544864000 |  6543472000 |  6545081000 |  6545279000 |  6544716000 |  6543529000 |  6544778000 |  6545162000 |  6545209000 |  6594468000 |  6596397000 |  6596363000 |  6596348000 |   6596343000 |   6595145000 |   6596322000 |   6596343000 |   6598294000 |   6598303000 |   6598002000 |   6597754000 |   6597803000 |   6597721000 |   6597637000 |   6598248000 |   6596144000 |   6594936000 |   6596144000 |   6595467000 |   6594975000 |   6595150000 |   6595127000 |   6595858000 |   6599879000 |   6595677000 |   6597199000 |   6597285000 |   6597484000 |   6597423000 |   6597549000 |   6597008000 |   6595484000 |   6595702000 |   6595034000 |   6594865000 |   6594894000 |   6594860000 |   6595417000 |   6595574000 |   6597524000 |   6597686000 |   6597065000 |   6597040000 |   6597175000 |   6595039000 |   6596819000 |   6597544000 |   6595547000 |   6595534000 |   6596864000 |   6593917000 |   6594885000 |   6596141000 |   6596134000 |   6595517000 |   6597864000 |   6597036000 |   6597681000 |   6597721000 |   6595654000 |   6596860000 |   6596326000 |   6597004000 |   6597228000 |   6595177000 |   6596216000 |   6597050000 |   6596014000 |   6596532000 |   6595106000 |   6596783000 |   6598333000 |   6596797000 |   6597594000 |   6596646000 |   6595994000 |   6596427000 |   6597612000 |   6595126000 |   6597368000 |   6596339000 |   6594594000 |   6596090000 |   6596541000 |   6595532000 |   6596308000 |   6596471000 |   6595563000 |   6597374000 |   6597541000 |   6597787000 |   6596283000 |   6595809000 |   6595937000 |   6596699000 |
|       MAX_CPU_CLOCK       |  FIXC2  |  4854744000 |  4855196000 |  4856001000 |  4854758000 |  4856873000 |  4855369000 |  4855422000 |  4855194000 |  4855910000 |  4855066000 |  4855234000 |  4854841000 |  4855310000 |  4854804000 |  4855207000 |  4855179000 |  4854676000 |  4856200000 |  4856189000 |  4855897000 |  4857522000 |  4858465000 |  4855433000 |  4856711000 |  4856567000 |  4856295000 |  4855697000 |  4856661000 |  4856508000 |  4856142000 |  4856567000 |  4856418000 |  4856826000 |  4857120000 |  4856761000 |  4855912000 |  4855850000 |  4856331000 |  4856115000 |  4857917000 |  4857479000 |  4858333000 |  4857997000 |  4857669000 |  4858334000 |  4856760000 |  4857879000 |  4858333000 |  4856090000 |  4855667000 |  4856642000 |  4856561000 |  4856704000 |  4856706000 |  4855594000 |  4856041000 |  4857144000 |  4857086000 |  4856979000 |  4857786000 |  4857777000 |  4856089000 |  4856784000 |  4857789000 |  4857916000 |  4857869000 |  4857428000 |  4857441000 |  4857874000 |  4857899000 |  4857022000 |  4857636000 |  4857705000 |  4857296000 |  4857815000 |  4857993000 |  4857805000 |  4857509000 |  4857296000 |  4857790000 |  4857718000 |  4857431000 |  4857377000 |  4857562000 |  4857342000 |  4856817000 |  4857373000 |  4857340000 |  4856853000 |  4857191000 |  4857174000 |  4857223000 |  4856906000 |  4857268000 |  4857141000 |  4857173000 |  4854493000 |  4856847000 |  4856787000 |  4856836000 |   4856793000 |   4856099000 |   4856776000 |   4856857000 |   4858870000 |   4857444000 |   4857195000 |   4857503000 |   4858164000 |   4857466000 |   4857666000 |   4857349000 |   4856698000 |   4855971000 |   4856698000 |   4856680000 |   4856010000 |   4856209000 |   4856176000 |   4856580000 |   4859616000 |   4856914000 |   4857342000 |   4857423000 |   4857618000 |   4857497000 |   4857578000 |   4857670000 |   4856714000 |   4856865000 |   4856072000 |   4855909000 |   4855923000 |   4855914000 |   4856628000 |   4856780000 |   4857287000 |   4856970000 |   4856607000 |   4856582000 |   4856628000 |   4856031000 |   4857539000 |   4857325000 |   4855848000 |   4856755000 |   4857568000 |   4854939000 |   4855926000 |   4856740000 |   4856746000 |   4856723000 |   4857552000 |   4857609000 |   4857383000 |   4857425000 |   4856795000 |   4857578000 |   4856864000 |   4857225000 |   4857341000 |   4856074000 |   4856731000 |   4857248000 |   4856727000 |   4856863000 |   4856006000 |   4857506000 |   4858692000 |   4857505000 |   4858172000 |   4857379000 |   4855520000 |   4856978000 |   4858199000 |   4856193000 |   4857468000 |   4856817000 |   4855392000 |   4856731000 |   4857064000 |   4856751000 |   4856782000 |   4856959000 |   4856752000 |   4857536000 |   4857080000 |   4857273000 |   4856966000 |   4856484000 |   4856599000 |   4857442000 |
|    RETIRED_INSTRUCTIONS   |   PMC0  | 21479720000 | 21481910000 | 21481440000 | 21481840000 | 21481480000 | 21481550000 | 21481800000 | 21481620000 | 21481010000 | 21481450000 | 21481330000 | 21481650000 | 21481390000 | 21481080000 | 21481620000 | 21481500000 | 21480580000 | 21481540000 | 21481540000 | 21480960000 | 21480990000 | 21480920000 | 21481010000 | 21481110000 | 21480910000 | 21481290000 | 21481350000 | 21481390000 | 21481350000 | 21481380000 | 21481410000 | 21481520000 | 21478690000 | 21481070000 | 21481470000 | 21481280000 | 21481230000 | 21480930000 | 21481300000 | 21481170000 | 21480850000 | 21482090000 | 21481180000 | 21481340000 | 21482320000 | 21481280000 | 21481340000 | 21482390000 | 21480780000 | 21481370000 | 21481350000 | 21481310000 | 21481290000 | 21480910000 | 21481370000 | 21481310000 | 21480920000 | 21481000000 | 21481170000 | 21481100000 | 21480970000 | 21480710000 | 21480730000 | 21480840000 | 21481030000 | 21481250000 | 21481320000 | 21481480000 | 21481090000 | 21481320000 | 21481410000 | 21481490000 | 21480080000 | 21480740000 | 21480740000 | 21480990000 | 21480850000 | 21480340000 | 21480770000 | 21480430000 | 21481110000 | 21480810000 | 21481290000 | 21481250000 | 21481120000 | 21481100000 | 21479890000 | 21481580000 | 21479290000 | 21480970000 | 21481040000 | 21480890000 | 21481180000 | 21475240000 | 21481360000 | 21481340000 | 21491910000 | 21492660000 | 21491900000 | 21492720000 |  21492380000 |  21492040000 |  21492430000 |  21491070000 |  21492780000 |  21492610000 |  21492270000 |  21492550000 |  21492390000 |  21491990000 |  21492350000 |  21492190000 |  21492830000 |  21491900000 |  21492690000 |  21492300000 |  21492790000 |  21492440000 |  21492630000 |  21492630000 |  21492080000 |  21491880000 |  21492130000 |  21492060000 |  21491940000 |  21491590000 |  21492400000 |  21492160000 |  21491670000 |  21492120000 |  21491920000 |  21491940000 |  21491780000 |  21491630000 |  21491950000 |  21491940000 |  21491540000 |  21492140000 |  21492150000 |  21492120000 |  21492190000 |  21492130000 |  21487880000 |  21492440000 |  21491230000 |  21491570000 |  21491850000 |  21491750000 |  21491470000 |  21491380000 |  21491770000 |  21491590000 |  21492300000 |  21492750000 |  21492660000 |  21492630000 |  21492660000 |  21490950000 |  21492740000 |  21490710000 |  21491480000 |  21491800000 |  21491810000 |  21491910000 |  21492180000 |  21492240000 |  21491990000 |  21492270000 |  21491520000 |  21491730000 |  21492150000 |  21491720000 |  21491690000 |  21490100000 |  21492110000 |  21491840000 |  21491490000 |  21490730000 |  21491830000 |  21491780000 |  21491820000 |  21491400000 |  21491980000 |  21491840000 |  21491240000 |  21492200000 |  21491930000 |  21492150000 |  21492250000 |  21492160000 |  21492020000 |  21492190000 |
|    CPU_CLOCKS_UNHALTED    |   PMC1  |  6481601000 |  6487751000 |  6487469000 |  6487542000 |  6487474000 |  6487383000 |  6487873000 |  6487332000 |  6484931000 |  6485324000 |  6485265000 |  6485325000 |  6484993000 |  6485137000 |  6485496000 |  6485352000 |  6482255000 |  6484483000 |  6484391000 |  6482584000 |  6482951000 |  6484017000 |  6482081000 |  6483180000 |  6485001000 |  6485031000 |  6484824000 |  6485057000 |  6484879000 |  6486231000 |  6485115000 |  6484708000 |  6485446000 |  6484444000 |  6484763000 |  6483422000 |  6483263000 |  6484143000 |  6483734000 |  6483685000 |  6482898000 |  6488733000 |  6483873000 |  6483752000 |  6487834000 |  6482050000 |  6483494000 |  6488096000 |  6483802000 |  6484701000 |  6484882000 |  6484635000 |  6484605000 |  6484429000 |  6485048000 |  6483753000 |  6482472000 |  6482115000 |  6482345000 |  6483582000 |  6481964000 |  6482146000 |  6481285000 |  6482040000 |  6484409000 |  6484212000 |  6484062000 |  6484340000 |  6483768000 |  6482815000 |  6482580000 |  6483382000 |  6480698000 |  6481835000 |  6481633000 |  6482110000 |  6482279000 |  6481354000 |  6481882000 |  6482028000 |  6484737000 |  6484058000 |  6484819000 |  6485136000 |  6484516000 |  6484203000 |  6484322000 |  6485392000 |  6482397000 |  6482785000 |  6483255000 |  6482987000 |  6481948000 |  6482287000 |  6482601000 |  6482559000 |  6545639000 |  6547016000 |  6546168000 |  6547409000 |   6546715000 |   6546329000 |   6546537000 |   6547412000 |   6552398000 |   6546674000 |   6546317000 |   6546299000 |   6547017000 |   6546855000 |   6546338000 |   6545610000 |   6547768000 |   6546987000 |   6547651000 |   6546763000 |   6546345000 |   6546968000 |   6546699000 |   6545931000 |   6547465000 |   6544308000 |   6545286000 |   6544775000 |   6544432000 |   6544040000 |   6545264000 |   6545301000 |   6544726000 |   6543954000 |   6544113000 |   6543980000 |   6543478000 |   6544198000 |   6544020000 |   6544249000 |   6544523000 |   6545099000 |   6545446000 |   6545128000 |   6544652000 |   6544047000 |   6544339000 |   6544458000 |   6542743000 |   6542583000 |   6543553000 |   6542595000 |   6542227000 |   6542757000 |   6542276000 |   6542511000 |   6548481000 |   6549119000 |   6548530000 |   6548270000 |   6547573000 |   6548357000 |   6547548000 |   6538252000 |   6543570000 |   6543196000 |   6543517000 |   6543806000 |   6542726000 |   6543624000 |   6541846000 |   6543226000 |   6544762000 |   6542982000 |   6545383000 |   6542931000 |   6542737000 |   6543251000 |   6545208000 |   6542879000 |   6542751000 |   6543772000 |   6543361000 |   6543187000 |   6543685000 |   6543058000 |   6544361000 |   6543967000 |   6543754000 |   6544443000 |   6544573000 |   6544475000 |   6543910000 |   6542767000 |   6542193000 |   6543195000 |
| RETIRED_SSE_AVX_FLOPS_ALL |   PMC2  | 17179870000 | 17179870000 | 17179870000 | 17179870000 | 17179870000 | 17179870000 | 17179870000 | 17179870000 | 17179870000 | 17179870000 | 17179870000 | 17179870000 | 17179870000 | 17179870000 | 17179870000 | 17179870000 | 17179870000 | 17179870000 | 17179870000 | 17179870000 | 17179870000 | 17179870000 | 17179870000 | 17179870000 | 17179870000 | 17179870000 | 17179870000 | 17179870000 | 17179870000 | 17179870000 | 17179870000 | 17179870000 | 17179870000 | 17179870000 | 17179870000 | 17179870000 | 17179870000 | 17179870000 | 17179870000 | 17179870000 | 17179870000 | 17179870000 | 17179870000 | 17179870000 | 17179870000 | 17179870000 | 17179870000 | 17179870000 | 17179870000 | 17179870000 | 17179870000 | 17179870000 | 17179870000 | 17179870000 | 17179870000 | 17179870000 | 17179870000 | 17179870000 | 17179870000 | 17179870000 | 17179870000 | 17179870000 | 17179870000 | 17179870000 | 17179870000 | 17179870000 | 17179870000 | 17179870000 | 17179870000 | 17179870000 | 17179870000 | 17179870000 | 17179870000 | 17179870000 | 17179870000 | 17179870000 | 17179870000 | 17179870000 | 17179870000 | 17179870000 | 17179870000 | 17179870000 | 17179870000 | 17179870000 | 17179870000 | 17179870000 | 17179870000 | 17179870000 | 17179870000 | 17179870000 | 17179870000 | 17179870000 | 17179870000 | 17179870000 | 17179870000 | 17179870000 | 17179870000 | 17179870000 | 17179870000 | 17179870000 |  17179870000 |  17179870000 |  17179870000 |  17179870000 |  17179870000 |  17179870000 |  17179870000 |  17179870000 |  17179870000 |  17179870000 |  17179870000 |  17179870000 |  17179870000 |  17179870000 |  17179870000 |  17179870000 |  17179870000 |  17179870000 |  17179870000 |  17179870000 |  17179870000 |  17179870000 |  17179870000 |  17179870000 |  17179870000 |  17179870000 |  17179870000 |  17179870000 |  17179870000 |  17179870000 |  17179870000 |  17179870000 |  17179870000 |  17179870000 |  17179870000 |  17179870000 |  17179870000 |  17179870000 |  17179870000 |  17179870000 |  17179870000 |  17179870000 |  17179870000 |  17179870000 |  17179870000 |  17179870000 |  17179870000 |  17179870000 |  17179870000 |  17179870000 |  17179870000 |  17179870000 |  17179870000 |  17179870000 |  17179870000 |  17179870000 |  17179870000 |  17179870000 |  17179870000 |  17179870000 |  17179870000 |  17179870000 |  17179870000 |  17179870000 |  17179870000 |  17179870000 |  17179870000 |  17179870000 |  17179870000 |  17179870000 |  17179870000 |  17179870000 |  17179870000 |  17179870000 |  17179870000 |  17179870000 |  17179870000 |  17179870000 |  17179870000 |  17179870000 |  17179870000 |  17179870000 |  17179870000 |  17179870000 |  17179870000 |  17179870000 |  17179870000 |  17179870000 |  17179870000 |  17179870000 |  17179870000 |  17179870000 |
|           MERGE           |   PMC3  |           0 |           0 |           0 |           0 |           0 |           0 |           0 |           0 |           0 |           0 |           0 |           0 |           0 |           0 |           0 |           0 |           0 |           0 |           0 |           0 |           0 |           0 |           0 |           0 |           0 |           0 |           0 |           0 |           0 |           0 |           0 |           0 |           0 |           0 |           0 |           0 |           0 |           0 |           0 |           0 |           0 |           0 |           0 |           0 |           0 |           0 |           0 |           0 |           0 |           0 |           0 |           0 |           0 |           0 |           0 |           0 |           0 |           0 |           0 |           0 |           0 |           0 |           0 |           0 |           0 |           0 |           0 |           0 |           0 |           0 |           0 |           0 |           0 |           0 |           0 |           0 |           0 |           0 |           0 |           0 |           0 |           0 |           0 |           0 |           0 |           0 |           0 |           0 |           0 |           0 |           0 |           0 |           0 |           0 |           0 |           0 |           0 |           0 |           0 |           0 |            0 |            0 |            0 |            0 |            0 |            0 |            0 |            0 |            0 |            0 |            0 |            0 |            0 |            0 |            0 |            0 |            0 |            0 |            0 |            0 |            0 |            0 |            0 |            0 |            0 |            0 |            0 |            0 |            0 |            0 |            0 |            0 |            0 |            0 |            0 |            0 |            0 |            0 |            0 |            0 |            0 |            0 |            0 |            0 |            0 |            0 |            0 |            0 |            0 |            0 |            0 |            0 |            0 |            0 |            0 |            0 |            0 |            0 |            0 |            0 |            0 |            0 |            0 |            0 |            0 |            0 |            0 |            0 |            0 |            0 |            0 |            0 |            0 |            0 |            0 |            0 |            0 |            0 |            0 |            0 |            0 |            0 |            0 |            0 |            0 |            0 |            0 |            0 |            0 |            0 |            0 |            0 |
+---------------------------+---------+-------------+-------------+-------------+-------------+-------------+-------------+-------------+-------------+-------------+-------------+-------------+-------------+-------------+-------------+-------------+-------------+-------------+-------------+-------------+-------------+-------------+-------------+-------------+-------------+-------------+-------------+-------------+-------------+-------------+-------------+-------------+-------------+-------------+-------------+-------------+-------------+-------------+-------------+-------------+-------------+-------------+-------------+-------------+-------------+-------------+-------------+-------------+-------------+-------------+-------------+-------------+-------------+-------------+-------------+-------------+-------------+-------------+-------------+-------------+-------------+-------------+-------------+-------------+-------------+-------------+-------------+-------------+-------------+-------------+-------------+-------------+-------------+-------------+-------------+-------------+-------------+-------------+-------------+-------------+-------------+-------------+-------------+-------------+-------------+-------------+-------------+-------------+-------------+-------------+-------------+-------------+-------------+-------------+-------------+-------------+-------------+-------------+-------------+-------------+-------------+--------------+--------------+--------------+--------------+--------------+--------------+--------------+--------------+--------------+--------------+--------------+--------------+--------------+--------------+--------------+--------------+--------------+--------------+--------------+--------------+--------------+--------------+--------------+--------------+--------------+--------------+--------------+--------------+--------------+--------------+--------------+--------------+--------------+--------------+--------------+--------------+--------------+--------------+--------------+--------------+--------------+--------------+--------------+--------------+--------------+--------------+--------------+--------------+--------------+--------------+--------------+--------------+--------------+--------------+--------------+--------------+--------------+--------------+--------------+--------------+--------------+--------------+--------------+--------------+--------------+--------------+--------------+--------------+--------------+--------------+--------------+--------------+--------------+--------------+--------------+--------------+--------------+--------------+--------------+--------------+--------------+--------------+--------------+--------------+--------------+--------------+--------------+--------------+--------------+--------------+--------------+--------------+
+--------------------------------+---------+---------------+-------------+-------------+--------------+
|              Event             | Counter |      Sum      |     Min     |     Max     |      Avg     |
+--------------------------------+---------+---------------+-------------+-------------+--------------+
|      ACTUAL_CPU_CLOCK STAT     |  FIXC1  | 1261453251000 |  6541230000 |  6599879000 | 6.570069e+09 |
|       MAX_CPU_CLOCK STAT       |  FIXC2  |  932512799000 |  4854493000 |  4859616000 | 4.856837e+09 |
|    RETIRED_INSTRUCTIONS STAT   |   PMC0  | 4125411280000 | 21475240000 | 21492830000 | 2.148652e+10 |
|    CPU_CLOCKS_UNHALTED STAT    |   PMC1  | 1250779456000 |  6480698000 |  6552398000 | 6.514476e+09 |
| RETIRED_SSE_AVX_FLOPS_ALL STAT |   PMC2  | 3298535040000 | 17179870000 | 17179870000 |  17179870000 |
|           MERGE STAT           |   PMC3  |             0 |           0 |           0 |            0 |
+--------------------------------+---------+---------------+-------------+-------------+--------------+
+----------------------+------------+------------+------------+------------+------------+------------+------------+------------+------------+------------+-------------+-------------+-------------+-------------+-------------+-------------+-------------+-------------+-------------+-------------+-------------+-------------+-------------+-------------+-------------+-------------+-------------+-------------+-------------+-------------+-------------+-------------+-------------+-------------+-------------+-------------+-------------+-------------+-------------+-------------+-------------+-------------+-------------+-------------+-------------+-------------+-------------+-------------+-------------+-------------+-------------+-------------+-------------+-------------+-------------+-------------+-------------+-------------+-------------+-------------+-------------+-------------+-------------+-------------+-------------+-------------+-------------+-------------+-------------+-------------+-------------+-------------+-------------+-------------+-------------+-------------+-------------+-------------+-------------+-------------+-------------+-------------+-------------+-------------+-------------+-------------+-------------+-------------+-------------+-------------+-------------+-------------+-------------+-------------+-------------+-------------+-------------+-------------+-------------+-------------+--------------+--------------+--------------+--------------+--------------+--------------+--------------+--------------+--------------+--------------+--------------+--------------+--------------+--------------+--------------+--------------+--------------+--------------+--------------+--------------+--------------+--------------+--------------+--------------+--------------+--------------+--------------+--------------+--------------+--------------+--------------+--------------+--------------+--------------+--------------+--------------+--------------+--------------+--------------+--------------+--------------+--------------+--------------+--------------+--------------+--------------+--------------+--------------+--------------+--------------+--------------+--------------+--------------+--------------+--------------+--------------+--------------+--------------+--------------+--------------+--------------+--------------+--------------+--------------+--------------+--------------+--------------+--------------+--------------+--------------+--------------+--------------+--------------+--------------+--------------+--------------+--------------+--------------+--------------+--------------+--------------+--------------+--------------+--------------+--------------+--------------+--------------+--------------+--------------+--------------+--------------+--------------+
|        Metric        | HWThread 0 | HWThread 1 | HWThread 2 | HWThread 3 | HWThread 4 | HWThread 5 | HWThread 6 | HWThread 7 | HWThread 8 | HWThread 9 | HWThread 10 | HWThread 11 | HWThread 12 | HWThread 13 | HWThread 14 | HWThread 15 | HWThread 16 | HWThread 17 | HWThread 18 | HWThread 19 | HWThread 20 | HWThread 21 | HWThread 22 | HWThread 23 | HWThread 24 | HWThread 25 | HWThread 26 | HWThread 27 | HWThread 28 | HWThread 29 | HWThread 30 | HWThread 31 | HWThread 32 | HWThread 33 | HWThread 34 | HWThread 35 | HWThread 36 | HWThread 37 | HWThread 38 | HWThread 39 | HWThread 40 | HWThread 41 | HWThread 42 | HWThread 43 | HWThread 44 | HWThread 45 | HWThread 46 | HWThread 47 | HWThread 48 | HWThread 49 | HWThread 50 | HWThread 51 | HWThread 52 | HWThread 53 | HWThread 54 | HWThread 55 | HWThread 56 | HWThread 57 | HWThread 58 | HWThread 59 | HWThread 60 | HWThread 61 | HWThread 62 | HWThread 63 | HWThread 64 | HWThread 65 | HWThread 66 | HWThread 67 | HWThread 68 | HWThread 69 | HWThread 70 | HWThread 71 | HWThread 72 | HWThread 73 | HWThread 74 | HWThread 75 | HWThread 76 | HWThread 77 | HWThread 78 | HWThread 79 | HWThread 80 | HWThread 81 | HWThread 82 | HWThread 83 | HWThread 84 | HWThread 85 | HWThread 86 | HWThread 87 | HWThread 88 | HWThread 89 | HWThread 90 | HWThread 91 | HWThread 92 | HWThread 93 | HWThread 94 | HWThread 95 | HWThread 96 | HWThread 97 | HWThread 98 | HWThread 99 | HWThread 100 | HWThread 101 | HWThread 102 | HWThread 103 | HWThread 104 | HWThread 105 | HWThread 106 | HWThread 107 | HWThread 108 | HWThread 109 | HWThread 110 | HWThread 111 | HWThread 112 | HWThread 113 | HWThread 114 | HWThread 115 | HWThread 116 | HWThread 117 | HWThread 118 | HWThread 119 | HWThread 120 | HWThread 121 | HWThread 122 | HWThread 123 | HWThread 124 | HWThread 125 | HWThread 126 | HWThread 127 | HWThread 128 | HWThread 129 | HWThread 130 | HWThread 131 | HWThread 132 | HWThread 133 | HWThread 134 | HWThread 135 | HWThread 136 | HWThread 137 | HWThread 138 | HWThread 139 | HWThread 140 | HWThread 141 | HWThread 142 | HWThread 143 | HWThread 144 | HWThread 145 | HWThread 146 | HWThread 147 | HWThread 148 | HWThread 149 | HWThread 150 | HWThread 151 | HWThread 152 | HWThread 153 | HWThread 154 | HWThread 155 | HWThread 156 | HWThread 157 | HWThread 158 | HWThread 159 | HWThread 160 | HWThread 161 | HWThread 162 | HWThread 163 | HWThread 164 | HWThread 165 | HWThread 166 | HWThread 167 | HWThread 168 | HWThread 169 | HWThread 170 | HWThread 171 | HWThread 172 | HWThread 173 | HWThread 174 | HWThread 175 | HWThread 176 | HWThread 177 | HWThread 178 | HWThread 179 | HWThread 180 | HWThread 181 | HWThread 182 | HWThread 183 | HWThread 184 | HWThread 185 | HWThread 186 | HWThread 187 | HWThread 188 | HWThread 189 | HWThread 190 | HWThread 191 |
+----------------------+------------+------------+------------+------------+------------+------------+------------+------------+------------+------------+-------------+-------------+-------------+-------------+-------------+-------------+-------------+-------------+-------------+-------------+-------------+-------------+-------------+-------------+-------------+-------------+-------------+-------------+-------------+-------------+-------------+-------------+-------------+-------------+-------------+-------------+-------------+-------------+-------------+-------------+-------------+-------------+-------------+-------------+-------------+-------------+-------------+-------------+-------------+-------------+-------------+-------------+-------------+-------------+-------------+-------------+-------------+-------------+-------------+-------------+-------------+-------------+-------------+-------------+-------------+-------------+-------------+-------------+-------------+-------------+-------------+-------------+-------------+-------------+-------------+-------------+-------------+-------------+-------------+-------------+-------------+-------------+-------------+-------------+-------------+-------------+-------------+-------------+-------------+-------------+-------------+-------------+-------------+-------------+-------------+-------------+-------------+-------------+-------------+-------------+--------------+--------------+--------------+--------------+--------------+--------------+--------------+--------------+--------------+--------------+--------------+--------------+--------------+--------------+--------------+--------------+--------------+--------------+--------------+--------------+--------------+--------------+--------------+--------------+--------------+--------------+--------------+--------------+--------------+--------------+--------------+--------------+--------------+--------------+--------------+--------------+--------------+--------------+--------------+--------------+--------------+--------------+--------------+--------------+--------------+--------------+--------------+--------------+--------------+--------------+--------------+--------------+--------------+--------------+--------------+--------------+--------------+--------------+--------------+--------------+--------------+--------------+--------------+--------------+--------------+--------------+--------------+--------------+--------------+--------------+--------------+--------------+--------------+--------------+--------------+--------------+--------------+--------------+--------------+--------------+--------------+--------------+--------------+--------------+--------------+--------------+--------------+--------------+--------------+--------------+--------------+--------------+
|  Runtime (RDTSC) [s] |     2.0246 |     2.0246 |     2.0246 |     2.0246 |     2.0246 |     2.0246 |     2.0246 |     2.0246 |     2.0246 |     2.0247 |      2.0247 |      2.0246 |      2.0247 |      2.0246 |      2.0247 |      2.0248 |      2.0246 |      2.0252 |      2.0252 |      2.0249 |      2.0248 |      2.0251 |      2.0246 |      2.0248 |      2.0249 |      2.0248 |      2.0248 |      2.0248 |      2.0248 |      2.0252 |      2.0248 |      2.0248 |      2.0252 |      2.0251 |      2.0250 |      2.0246 |      2.0246 |      2.0248 |      2.0248 |      2.0248 |      2.0248 |      2.0265 |      2.0251 |      2.0251 |      2.0265 |      2.0248 |      2.0251 |      2.0265 |      2.0247 |      2.0248 |      2.0249 |      2.0247 |      2.0248 |      2.0248 |      2.0249 |      2.0246 |      2.0249 |      2.0248 |      2.0248 |      2.0252 |      2.0248 |      2.0246 |      2.0246 |      2.0248 |      2.0249 |      2.0249 |      2.0250 |      2.0248 |      2.0250 |      2.0249 |      2.0247 |      2.0248 |      2.0248 |      2.0248 |      2.0248 |      2.0249 |      2.0249 |      2.0248 |      2.0248 |      2.0248 |      2.0249 |      2.0248 |      2.0248 |      2.0249 |      2.0248 |      2.0246 |      2.0248 |      2.0248 |      2.0246 |      2.0248 |      2.0249 |      2.0248 |      2.0246 |      2.0248 |      2.0248 |      2.0248 |      2.0246 |      2.0249 |      2.0248 |      2.0250 |       2.0248 |       2.0247 |       2.0248 |       2.0250 |       2.0265 |       2.0248 |       2.0248 |       2.0248 |       2.0251 |       2.0249 |       2.0248 |       2.0249 |       2.0248 |       2.0246 |       2.0248 |       2.0246 |       2.0246 |       2.0247 |       2.0247 |       2.0247 |       2.0257 |       2.0247 |       2.0250 |       2.0249 |       2.0248 |       2.0246 |       2.0250 |       2.0250 |       2.0247 |       2.0246 |       2.0246 |       2.0246 |       2.0246 |       2.0246 |       2.0246 |       2.0246 |       2.0248 |       2.0248 |       2.0248 |       2.0248 |       2.0248 |       2.0246 |       2.0248 |       2.0248 |       2.0249 |       2.0246 |       2.0249 |       2.0246 |       2.0246 |       2.0246 |       2.0246 |       2.0247 |       2.0248 |       2.0250 |       2.0248 |       2.0249 |       2.0246 |       2.0248 |       2.0247 |       2.0249 |       2.0248 |       2.0246 |       2.0249 |       2.0248 |       2.0247 |       2.0248 |       2.0246 |       2.0248 |       2.0255 |       2.0248 |       2.0255 |       2.0248 |       2.0248 |       2.0249 |       2.0255 |       2.0247 |       2.0248 |       2.0249 |       2.0247 |       2.0246 |       2.0248 |       2.0246 |       2.0250 |       2.0248 |       2.0246 |       2.0249 |       2.0248 |       2.0248 |       2.0247 |       2.0246 |       2.0247 |       2.0249 |
| Runtime unhalted [s] |     2.7302 |     2.7304 |     2.7307 |     2.7302 |     2.7310 |     2.7304 |     2.7305 |     2.7304 |     2.7305 |     2.7304 |      2.7304 |      2.7303 |      2.7304 |      2.7303 |      2.7304 |      2.7304 |      2.7302 |      2.7311 |      2.7311 |      2.7312 |      2.7318 |      2.7319 |      2.7305 |      2.7311 |      2.7310 |      2.7313 |      2.7309 |      2.7316 |      2.7314 |      2.7310 |      2.7310 |      2.7312 |      2.7314 |      2.7314 |      2.7311 |      2.7305 |      2.7305 |      2.7311 |      2.7309 |      2.7316 |      2.7316 |      2.7317 |      2.7317 |      2.7317 |      2.7317 |      2.7316 |      2.7316 |      2.7317 |      2.7306 |      2.7308 |      2.7310 |      2.7310 |      2.7311 |      2.7311 |      2.7308 |      2.7307 |      2.7315 |      2.7313 |      2.7313 |      2.7318 |      2.7315 |      2.7307 |      2.7311 |      2.7318 |      2.7316 |      2.7316 |      2.7316 |      2.7317 |      2.7316 |      2.7316 |      2.7310 |      2.7315 |      2.7316 |      2.7315 |      2.7315 |      2.7320 |      2.7315 |      2.7316 |      2.7315 |      2.7318 |      2.7315 |      2.7318 |      2.7316 |      2.7314 |      2.7317 |      2.7312 |      2.7317 |      2.7317 |      2.7311 |      2.7318 |      2.7319 |      2.7316 |      2.7311 |      2.7317 |      2.7318 |      2.7318 |      2.7524 |      2.7532 |      2.7532 |      2.7532 |       2.7532 |       2.7527 |       2.7532 |       2.7532 |       2.7540 |       2.7540 |       2.7539 |       2.7538 |       2.7538 |       2.7538 |       2.7537 |       2.7540 |       2.7531 |       2.7526 |       2.7531 |       2.7528 |       2.7526 |       2.7527 |       2.7527 |       2.7530 |       2.7547 |       2.7529 |       2.7535 |       2.7536 |       2.7537 |       2.7536 |       2.7537 |       2.7535 |       2.7528 |       2.7529 |       2.7526 |       2.7526 |       2.7526 |       2.7526 |       2.7528 |       2.7529 |       2.7537 |       2.7538 |       2.7535 |       2.7535 |       2.7535 |       2.7526 |       2.7534 |       2.7537 |       2.7529 |       2.7529 |       2.7534 |       2.7522 |       2.7526 |       2.7531 |       2.7531 |       2.7528 |       2.7538 |       2.7535 |       2.7537 |       2.7538 |       2.7529 |       2.7534 |       2.7532 |       2.7535 |       2.7536 |       2.7527 |       2.7531 |       2.7535 |       2.7531 |       2.7533 |       2.7527 |       2.7534 |       2.7540 |       2.7534 |       2.7537 |       2.7533 |       2.7530 |       2.7532 |       2.7537 |       2.7527 |       2.7536 |       2.7532 |       2.7525 |       2.7531 |       2.7533 |       2.7529 |       2.7532 |       2.7532 |       2.7529 |       2.7536 |       2.7537 |       2.7538 |       2.7532 |       2.7530 |       2.7530 |       2.7533 |
|      Clock [MHz]     |  3228.2417 |  3228.1938 |  3227.9217 |  3228.2398 |  3227.6953 |  3228.0527 |  3228.0559 |  3228.1961 |  3227.8445 |  3228.2462 |   3228.1666 |   3228.2345 |   3228.1003 |   3228.2433 |   3228.1806 |   3228.2022 |   3228.2415 |   3228.3459 |   3228.3547 |   3228.6317 |   3228.2505 |   3227.6890 |   3228.0881 |   3228.0146 |   3227.9391 |   3228.5097 |   3228.3685 |   3228.5436 |   3228.4233 |   3228.2433 |   3227.9381 |   3228.2853 |   3228.2485 |   3228.0758 |   3227.9547 |   3227.8461 |   3227.8424 |   3228.1843 |   3228.1774 |   3227.7543 |   3228.0577 |   3227.6411 |   3227.8086 |   3227.9861 |   3227.6390 |   3228.5084 |   3227.7603 |   3227.6401 |   3227.8038 |   3228.3623 |   3227.9194 |   3227.9466 |   3227.9512 |   3227.9474 |   3228.3388 |   3227.9143 |   3228.1022 |   3227.9553 |   3228.0654 |   3228.0243 |   3227.7373 |   3227.9584 |   3227.9212 |   3228.0258 |   3227.7520 |   3227.7585 |   3228.0841 |   3228.1569 |   3227.7814 |   3227.7628 |   3227.6683 |   3227.7975 |   3227.9144 |   3228.0989 |   3227.7254 |   3228.1402 |   3227.7261 |   3228.0333 |   3228.0979 |   3228.0715 |   3227.8175 |   3228.2676 |   3228.1264 |   3227.8003 |   3228.2695 |   3227.9703 |   3228.2948 |   3228.2635 |   3227.9005 |   3228.4695 |   3228.5785 |   3228.2682 |   3227.8934 |   3228.2689 |   3228.5427 |   3228.5446 |   3254.6383 |   3254.0125 |   3254.0359 |   3253.9957 |    3254.0220 |    3253.8960 |    3254.0230 |    3253.9791 |    3253.5931 |    3254.5527 |    3254.5710 |    3254.2423 |    3253.8237 |    3254.2508 |    3254.0754 |    3254.5892 |    3253.9875 |    3253.8786 |    3253.9875 |    3253.6656 |    3253.8717 |    3253.8247 |    3253.8355 |    3253.9255 |    3253.8750 |    3253.6124 |    3254.0764 |    3254.0646 |    3254.0321 |    3254.0831 |    3254.0910 |    3253.7625 |    3253.6512 |    3253.6576 |    3253.8593 |    3253.8852 |    3253.8901 |    3253.8793 |    3253.6757 |    3253.6514 |    3254.2736 |    3254.5659 |    3254.5028 |    3254.5072 |    3254.5430 |    3253.8893 |    3253.7570 |    3254.2580 |    3254.2625 |    3253.6484 |    3253.7598 |    3254.0674 |    3253.8836 |    3253.9579 |    3253.9504 |    3253.6614 |    3254.2638 |    3253.8172 |    3254.2867 |    3254.2783 |    3253.6808 |    3253.7511 |    3253.9661 |    3254.0586 |    3254.0914 |    3253.9285 |    3254.0009 |    3254.0659 |    3253.9039 |    3254.0683 |    3253.9391 |    3253.7614 |    3253.7315 |    3253.7690 |    3253.7153 |    3253.7789 |    3254.7029 |    3253.9395 |    3253.7061 |    3253.8236 |    3254.0754 |    3254.0040 |    3254.0979 |    3253.9387 |    3253.9381 |    3253.6501 |    3254.0121 |    3253.9739 |    3253.6647 |    3254.0328 |    3254.4207 |    3254.4127 |    3253.8765 |    3253.9656 |    3253.9517 |    3253.7628 |
|          CPI         |     0.3018 |     0.3020 |     0.3020 |     0.3020 |     0.3020 |     0.3020 |     0.3020 |     0.3020 |     0.3019 |     0.3019 |      0.3019 |      0.3019 |      0.3019 |      0.3019 |      0.3019 |      0.3019 |      0.3018 |      0.3019 |      0.3019 |      0.3018 |      0.3018 |      0.3019 |      0.3018 |      0.3018 |      0.3019 |      0.3019 |      0.3019 |      0.3019 |      0.3019 |      0.3019 |      0.3019 |      0.3019 |      0.3019 |      0.3019 |      0.3019 |      0.3018 |      0.3018 |      0.3019 |      0.3018 |      0.3018 |      0.3018 |      0.3021 |      0.3018 |      0.3018 |      0.3020 |      0.3018 |      0.3018 |      0.3020 |      0.3018 |      0.3019 |      0.3019 |      0.3019 |      0.3019 |      0.3019 |      0.3019 |      0.3018 |      0.3018 |      0.3018 |      0.3018 |      0.3018 |      0.3018 |      0.3018 |      0.3017 |      0.3018 |      0.3019 |      0.3019 |      0.3018 |      0.3019 |      0.3018 |      0.3018 |      0.3018 |      0.3018 |      0.3017 |      0.3018 |      0.3017 |      0.3018 |      0.3018 |      0.3017 |      0.3018 |      0.3018 |      0.3019 |      0.3019 |      0.3019 |      0.3019 |      0.3019 |      0.3019 |      0.3019 |      0.3019 |      0.3018 |      0.3018 |      0.3018 |      0.3018 |      0.3018 |      0.3018 |      0.3018 |      0.3018 |      0.3046 |      0.3046 |      0.3046 |      0.3046 |       0.3046 |       0.3046 |       0.3046 |       0.3047 |       0.3049 |       0.3046 |       0.3046 |       0.3046 |       0.3046 |       0.3046 |       0.3046 |       0.3046 |       0.3046 |       0.3046 |       0.3046 |       0.3046 |       0.3046 |       0.3046 |       0.3046 |       0.3046 |       0.3046 |       0.3045 |       0.3045 |       0.3045 |       0.3045 |       0.3045 |       0.3045 |       0.3045 |       0.3045 |       0.3045 |       0.3045 |       0.3045 |       0.3045 |       0.3045 |       0.3045 |       0.3045 |       0.3045 |       0.3045 |       0.3046 |       0.3045 |       0.3045 |       0.3045 |       0.3046 |       0.3045 |       0.3044 |       0.3044 |       0.3045 |       0.3044 |       0.3044 |       0.3044 |       0.3044 |       0.3044 |       0.3047 |       0.3047 |       0.3047 |       0.3047 |       0.3046 |       0.3047 |       0.3046 |       0.3042 |       0.3045 |       0.3045 |       0.3045 |       0.3045 |       0.3044 |       0.3045 |       0.3044 |       0.3044 |       0.3045 |       0.3044 |       0.3045 |       0.3044 |       0.3044 |       0.3045 |       0.3045 |       0.3044 |       0.3044 |       0.3045 |       0.3045 |       0.3045 |       0.3045 |       0.3045 |       0.3045 |       0.3045 |       0.3045 |       0.3045 |       0.3045 |       0.3045 |       0.3045 |       0.3044 |       0.3044 |       0.3044 |
|     SP [MFLOP/s]     |  8485.6632 |  8485.6799 |  8485.6674 |  8485.5332 |  8485.5249 |  8485.5123 |  8485.5039 |  8485.5165 |  8485.4075 |  8485.2231 |   8485.1435 |   8485.3656 |   8485.2315 |   8485.6548 |   8485.2231 |   8484.8208 |   8485.6757 |   8482.9732 |   8482.9146 |   8484.4772 |   8484.9339 |   8483.5471 |   8485.6757 |   8484.7915 |   8484.4311 |   8484.5484 |   8484.8543 |   8484.5400 |   8484.6071 |   8482.9983 |   8484.5526 |   8484.8082 |   8483.2497 |   8483.3837 |   8483.7063 |   8485.3824 |   8485.5374 |   8484.7789 |   8484.8627 |   8484.7454 |   8484.5359 |   8477.7322 |   8483.6267 |   8483.4633 |   8477.7364 |   8484.9256 |   8483.6309 |   8477.7322 |   8485.2273 |   8484.5442 |   8484.2719 |   8485.1225 |   8484.5442 |   8484.5442 |   8484.2719 |   8485.5123 |   8484.4227 |   8484.8208 |   8484.8208 |   8482.9816 |   8484.9088 |   8485.4829 |   8485.6590 |   8484.9088 |   8484.4269 |   8484.5107 |   8483.7314 |   8484.6280 |   8483.7063 |   8484.4143 |   8485.3111 |   8484.8208 |   8484.8124 |   8484.7496 |   8484.9046 |   8484.4269 |   8484.2677 |   8484.9088 |   8484.7496 |   8484.9046 |   8484.4814 |   8484.7496 |   8484.8166 |   8484.3934 |   8484.6113 |   8485.4788 |   8484.6113 |   8484.6197 |   8485.6548 |   8484.7579 |   8484.4940 |   8484.7538 |   8485.6506 |   8484.7286 |   8484.7370 |   8484.7370 |   8485.6716 |   8484.4311 |   8484.8376 |   8483.7230 |    8484.6364 |    8485.3027 |    8484.8501 |    8483.7230 |    8477.7364 |    8484.9256 |    8484.9256 |    8484.8334 |    8483.2915 |    8484.3515 |    8484.8418 |    8484.4520 |    8484.9172 |    8485.5039 |    8484.8711 |    8485.5039 |    8485.3740 |    8485.1183 |    8485.1309 |    8485.2985 |    8480.9338 |    8485.1980 |    8483.7440 |    8484.2803 |    8484.7286 |    8485.3614 |    8483.7440 |    8483.6769 |    8485.0555 |    8485.6757 |    8485.3656 |    8485.6757 |    8485.6716 |    8485.6757 |    8485.6757 |    8485.4871 |    8484.5484 |    8484.6280 |    8484.6280 |    8484.6280 |    8484.5400 |    8485.5081 |    8484.8501 |    8484.7412 |    8484.3222 |    8485.4829 |    8484.3222 |    8485.6380 |    8485.6380 |    8485.6422 |    8485.4829 |    8485.2441 |    8484.8459 |    8483.7356 |    8484.6238 |    8484.4479 |    8485.6464 |    8484.9046 |    8485.3363 |    8484.3305 |    8484.8124 |    8485.4788 |    8484.4143 |    8484.8250 |    8485.0974 |    8484.7705 |    8485.6422 |    8484.8920 |    8481.8424 |    8484.8418 |    8481.9764 |    8484.8585 |    8484.8292 |    8484.4395 |    8481.8382 |    8485.1100 |    8484.7244 |    8484.4437 |    8485.2902 |    8485.4746 |    8484.7747 |    8485.6506 |    8483.7356 |    8484.5233 |    8485.6422 |    8484.4269 |    8484.7705 |    8484.7538 |    8485.0303 |    8485.6464 |    8485.3363 |    8484.4185 |
+----------------------+------------+------------+------------+------------+------------+------------+------------+------------+------------+------------+-------------+-------------+-------------+-------------+-------------+-------------+-------------+-------------+-------------+-------------+-------------+-------------+-------------+-------------+-------------+-------------+-------------+-------------+-------------+-------------+-------------+-------------+-------------+-------------+-------------+-------------+-------------+-------------+-------------+-------------+-------------+-------------+-------------+-------------+-------------+-------------+-------------+-------------+-------------+-------------+-------------+-------------+-------------+-------------+-------------+-------------+-------------+-------------+-------------+-------------+-------------+-------------+-------------+-------------+-------------+-------------+-------------+-------------+-------------+-------------+-------------+-------------+-------------+-------------+-------------+-------------+-------------+-------------+-------------+-------------+-------------+-------------+-------------+-------------+-------------+-------------+-------------+-------------+-------------+-------------+-------------+-------------+-------------+-------------+-------------+-------------+-------------+-------------+-------------+-------------+--------------+--------------+--------------+--------------+--------------+--------------+--------------+--------------+--------------+--------------+--------------+--------------+--------------+--------------+--------------+--------------+--------------+--------------+--------------+--------------+--------------+--------------+--------------+--------------+--------------+--------------+--------------+--------------+--------------+--------------+--------------+--------------+--------------+--------------+--------------+--------------+--------------+--------------+--------------+--------------+--------------+--------------+--------------+--------------+--------------+--------------+--------------+--------------+--------------+--------------+--------------+--------------+--------------+--------------+--------------+--------------+--------------+--------------+--------------+--------------+--------------+--------------+--------------+--------------+--------------+--------------+--------------+--------------+--------------+--------------+--------------+--------------+--------------+--------------+--------------+--------------+--------------+--------------+--------------+--------------+--------------+--------------+--------------+--------------+--------------+--------------+--------------+--------------+--------------+--------------+--------------+--------------+
+---------------------------+--------------+-----------+-----------+-----------+
|           Metric          |      Sum     |    Min    |    Max    |    Avg    |
+---------------------------+--------------+-----------+-----------+-----------+
|  Runtime (RDTSC) [s] STAT |     388.7686 |    2.0246 |    2.0265 |    2.0248 |
| Runtime unhalted [s] STAT |     526.5070 |    2.7302 |    2.7547 |    2.7422 |
|      Clock [MHz] STAT     |  622277.9449 | 3227.6390 | 3254.7029 | 3241.0310 |
|          CPI STAT         |      58.2127 |    0.3017 |    0.3049 |    0.3032 |
|     SP [MFLOP/s] STAT     | 1.629043e+06 | 8477.7322 | 8485.6799 | 8484.5982 |
+---------------------------+--------------+-----------+-----------+-----------+
