--------------------------------------------------------------------------------
CPU name:	AMD EPYC 9654 96-Core Processor                
CPU type:	AMD K19 (Zen4) architecture
CPU clock:	2.40 GHz
--------------------------------------------------------------------------------
Region bench, Group 1: FLOPS_SP
+-------------------+------------+------------+------------+------------+------------+------------+------------+------------+------------+------------+-------------+-------------+-------------+-------------+-------------+-------------+-------------+-------------+-------------+-------------+-------------+-------------+-------------+-------------+-------------+-------------+-------------+-------------+-------------+-------------+-------------+-------------+-------------+-------------+-------------+-------------+-------------+-------------+-------------+-------------+-------------+-------------+-------------+-------------+-------------+-------------+-------------+-------------+-------------+-------------+-------------+-------------+-------------+-------------+-------------+-------------+-------------+-------------+-------------+-------------+-------------+-------------+-------------+-------------+-------------+-------------+-------------+-------------+-------------+-------------+-------------+-------------+-------------+-------------+-------------+-------------+-------------+-------------+-------------+-------------+-------------+-------------+-------------+-------------+-------------+-------------+-------------+-------------+-------------+-------------+-------------+-------------+-------------+-------------+-------------+-------------+-------------+-------------+-------------+-------------+--------------+--------------+--------------+--------------+--------------+--------------+--------------+--------------+--------------+--------------+--------------+--------------+--------------+--------------+--------------+--------------+--------------+--------------+--------------+--------------+--------------+--------------+--------------+--------------+--------------+--------------+--------------+--------------+--------------+--------------+--------------+--------------+--------------+--------------+--------------+--------------+--------------+--------------+--------------+--------------+--------------+--------------+--------------+--------------+--------------+--------------+--------------+--------------+--------------+--------------+--------------+--------------+--------------+--------------+--------------+--------------+--------------+--------------+--------------+--------------+--------------+--------------+--------------+--------------+--------------+--------------+--------------+--------------+--------------+--------------+--------------+--------------+--------------+--------------+--------------+--------------+--------------+--------------+--------------+--------------+--------------+--------------+--------------+--------------+--------------+--------------+--------------+--------------+--------------+--------------+--------------+--------------+
|    Region Info    | HWThread 0 | HWThread 1 | HWThread 2 | HWThread 3 | HWThread 4 | HWThread 5 | HWThread 6 | HWThread 7 | HWThread 8 | HWThread 9 | HWThread 10 | HWThread 11 | HWThread 12 | HWThread 13 | HWThread 14 | HWThread 15 | HWThread 16 | HWThread 17 | HWThread 18 | HWThread 19 | HWThread 20 | HWThread 21 | HWThread 22 | HWThread 23 | HWThread 24 | HWThread 25 | HWThread 26 | HWThread 27 | HWThread 28 | HWThread 29 | HWThread 30 | HWThread 31 | HWThread 32 | HWThread 33 | HWThread 34 | HWThread 35 | HWThread 36 | HWThread 37 | HWThread 38 | HWThread 39 | HWThread 40 | HWThread 41 | HWThread 42 | HWThread 43 | HWThread 44 | HWThread 45 | HWThread 46 | HWThread 47 | HWThread 48 | HWThread 49 | HWThread 50 | HWThread 51 | HWThread 52 | HWThread 53 | HWThread 54 | HWThread 55 | HWThread 56 | HWThread 57 | HWThread 58 | HWThread 59 | HWThread 60 | HWThread 61 | HWThread 62 | HWThread 63 | HWThread 64 | HWThread 65 | HWThread 66 | HWThread 67 | HWThread 68 | HWThread 69 | HWThread 70 | HWThread 71 | HWThread 72 | HWThread 73 | HWThread 74 | HWThread 75 | HWThread 76 | HWThread 77 | HWThread 78 | HWThread 79 | HWThread 80 | HWThread 81 | HWThread 82 | HWThread 83 | HWThread 84 | HWThread 85 | HWThread 86 | HWThread 87 | HWThread 88 | HWThread 89 | HWThread 90 | HWThread 91 | HWThread 92 | HWThread 93 | HWThread 94 | HWThread 95 | HWThread 96 | HWThread 97 | HWThread 98 | HWThread 99 | HWThread 100 | HWThread 101 | HWThread 102 | HWThread 103 | HWThread 104 | HWThread 105 | HWThread 106 | HWThread 107 | HWThread 108 | HWThread 109 | HWThread 110 | HWThread 111 | HWThread 112 | HWThread 113 | HWThread 114 | HWThread 115 | HWThread 116 | HWThread 117 | HWThread 118 | HWThread 119 | HWThread 120 | HWThread 121 | HWThread 122 | HWThread 123 | HWThread 124 | HWThread 125 | HWThread 126 | HWThread 127 | HWThread 128 | HWThread 129 | HWThread 130 | HWThread 131 | HWThread 132 | HWThread 133 | HWThread 134 | HWThread 135 | HWThread 136 | HWThread 137 | HWThread 138 | HWThread 139 | HWThread 140 | HWThread 141 | HWThread 142 | HWThread 143 | HWThread 144 | HWThread 145 | HWThread 146 | HWThread 147 | HWThread 148 | HWThread 149 | HWThread 150 | HWThread 151 | HWThread 152 | HWThread 153 | HWThread 154 | HWThread 155 | HWThread 156 | HWThread 157 | HWThread 158 | HWThread 159 | HWThread 160 | HWThread 161 | HWThread 162 | HWThread 163 | HWThread 164 | HWThread 165 | HWThread 166 | HWThread 167 | HWThread 168 | HWThread 169 | HWThread 170 | HWThread 171 | HWThread 172 | HWThread 173 | HWThread 174 | HWThread 175 | HWThread 176 | HWThread 177 | HWThread 178 | HWThread 179 | HWThread 180 | HWThread 181 | HWThread 182 | HWThread 183 | HWThread 184 | HWThread 185 | HWThread 186 | HWThread 187 | HWThread 188 | HWThread 189 | HWThread 190 | HWThread 191 |
+-------------------+------------+------------+------------+------------+------------+------------+------------+------------+------------+------------+-------------+-------------+-------------+-------------+-------------+-------------+-------------+-------------+-------------+-------------+-------------+-------------+-------------+-------------+-------------+-------------+-------------+-------------+-------------+-------------+-------------+-------------+-------------+-------------+-------------+-------------+-------------+-------------+-------------+-------------+-------------+-------------+-------------+-------------+-------------+-------------+-------------+-------------+-------------+-------------+-------------+-------------+-------------+-------------+-------------+-------------+-------------+-------------+-------------+-------------+-------------+-------------+-------------+-------------+-------------+-------------+-------------+-------------+-------------+-------------+-------------+-------------+-------------+-------------+-------------+-------------+-------------+-------------+-------------+-------------+-------------+-------------+-------------+-------------+-------------+-------------+-------------+-------------+-------------+-------------+-------------+-------------+-------------+-------------+-------------+-------------+-------------+-------------+-------------+-------------+--------------+--------------+--------------+--------------+--------------+--------------+--------------+--------------+--------------+--------------+--------------+--------------+--------------+--------------+--------------+--------------+--------------+--------------+--------------+--------------+--------------+--------------+--------------+--------------+--------------+--------------+--------------+--------------+--------------+--------------+--------------+--------------+--------------+--------------+--------------+--------------+--------------+--------------+--------------+--------------+--------------+--------------+--------------+--------------+--------------+--------------+--------------+--------------+--------------+--------------+--------------+--------------+--------------+--------------+--------------+--------------+--------------+--------------+--------------+--------------+--------------+--------------+--------------+--------------+--------------+--------------+--------------+--------------+--------------+--------------+--------------+--------------+--------------+--------------+--------------+--------------+--------------+--------------+--------------+--------------+--------------+--------------+--------------+--------------+--------------+--------------+--------------+--------------+--------------+--------------+--------------+--------------+
| RDTSC Runtime [s] |   2.020454 |   2.019411 |   2.019848 |   2.019498 |   2.019860 |   2.019848 |   2.019843 |   2.021114 |   2.019930 |   2.019361 |    2.019410 |    2.019562 |    2.019471 |    2.019466 |    2.019558 |    2.019567 |    2.019530 |    2.019382 |    2.019541 |    2.019407 |    2.019478 |    2.019514 |    2.019508 |    2.020389 |    2.019463 |    2.019414 |    2.019409 |    2.019412 |    2.019410 |    2.019435 |    2.019406 |    2.019458 |    2.019533 |    2.019595 |    2.019577 |    2.019413 |    2.019342 |    2.019412 |    2.019408 |    2.019409 |    2.019347 |    2.019381 |    2.019511 |    2.019497 |    2.019509 |    2.019410 |    2.019498 |    2.019498 |    2.019407 |    2.019526 |    2.019515 |    2.019407 |    2.019407 |    2.019514 |    2.019407 |    2.019409 |    2.019414 |    2.019413 |    2.019414 |    2.019407 |    2.019411 |    2.019414 |    2.019413 |    2.019359 |    2.019406 |    2.019791 |    2.019553 |    2.019554 |    2.019553 |    2.019799 |    2.019406 |    2.019342 |    2.019376 |    2.019462 |    2.019461 |    2.019632 |    2.019403 |    2.019466 |    2.019469 |    2.019406 |    2.019601 |    2.019560 |    2.019410 |    2.019595 |    2.019399 |    2.019602 |    2.019586 |    2.019584 |    2.019610 |    2.019408 |    2.019455 |    2.019464 |    2.019578 |    2.019555 |    2.019415 |    2.019462 |    2.019633 |    2.019839 |    2.019620 |    2.020177 |     2.019629 |     2.019629 |     2.020192 |     2.019599 |     2.019407 |     2.019628 |     2.019576 |     2.019790 |     2.019626 |     2.019625 |     2.019521 |     2.019615 |     2.019356 |     2.019411 |     2.019409 |     2.019409 |     2.019405 |     2.019342 |     2.019345 |     2.019377 |     2.019339 |     2.019403 |     2.019341 |     2.019506 |     2.019376 |     2.019350 |     2.019522 |     2.019403 |     2.019782 |     2.019348 |     2.019629 |     2.019546 |     2.019780 |     2.019406 |     2.019407 |     2.019411 |     2.020768 |     2.019614 |     2.019463 |     2.019403 |     2.019788 |     2.019375 |     2.021010 |     2.020985 |     2.019353 |     2.019586 |     2.019402 |     2.019585 |     2.019552 |     2.019341 |     2.019342 |     2.019407 |     2.019411 |     2.019542 |     2.019631 |     2.019359 |     2.019360 |     2.019602 |     2.019418 |     2.019498 |     2.019507 |     2.019493 |     2.019409 |     2.019523 |     2.019538 |     2.019478 |     2.019342 |     2.019613 |     2.019413 |     2.019620 |     2.019413 |     2.019410 |     2.019405 |     2.019565 |     2.019413 |     2.019403 |     2.019589 |     2.019590 |     2.019590 |     2.019589 |     2.019361 |     2.019355 |     2.019349 |     2.019590 |     2.019531 |     2.019410 |     2.019409 |     2.019409 |     2.019344 |     2.019345 |     2.019345 |     2.019467 |
|     call count    |          1 |          1 |          1 |          1 |          1 |          1 |          1 |          1 |          1 |          1 |           1 |           1 |           1 |           1 |           1 |           1 |           1 |           1 |           1 |           1 |           1 |           1 |           1 |           1 |           1 |           1 |           1 |           1 |           1 |           1 |           1 |           1 |           1 |           1 |           1 |           1 |           1 |           1 |           1 |           1 |           1 |           1 |           1 |           1 |           1 |           1 |           1 |           1 |           1 |           1 |           1 |           1 |           1 |           1 |           1 |           1 |           1 |           1 |           1 |           1 |           1 |           1 |           1 |           1 |           1 |           1 |           1 |           1 |           1 |           1 |           1 |           1 |           1 |           1 |           1 |           1 |           1 |           1 |           1 |           1 |           1 |           1 |           1 |           1 |           1 |           1 |           1 |           1 |           1 |           1 |           1 |           1 |           1 |           1 |           1 |           1 |           1 |           1 |           1 |           1 |            1 |            1 |            1 |            1 |            1 |            1 |            1 |            1 |            1 |            1 |            1 |            1 |            1 |            1 |            1 |            1 |            1 |            1 |            1 |            1 |            1 |            1 |            1 |            1 |            1 |            1 |            1 |            1 |            1 |            1 |            1 |            1 |            1 |            1 |            1 |            1 |            1 |            1 |            1 |            1 |            1 |            1 |            1 |            1 |            1 |            1 |            1 |            1 |            1 |            1 |            1 |            1 |            1 |            1 |            1 |            1 |            1 |            1 |            1 |            1 |            1 |            1 |            1 |            1 |            1 |            1 |            1 |            1 |            1 |            1 |            1 |            1 |            1 |            1 |            1 |            1 |            1 |            1 |            1 |            1 |            1 |            1 |            1 |            1 |            1 |            1 |            1 |            1 |            1 |            1 |            1 |            1 |
+-------------------+------------+------------+------------+------------+------------+------------+------------+------------+------------+------------+-------------+-------------+-------------+-------------+-------------+-------------+-------------+-------------+-------------+-------------+-------------+-------------+-------------+-------------+-------------+-------------+-------------+-------------+-------------+-------------+-------------+-------------+-------------+-------------+-------------+-------------+-------------+-------------+-------------+-------------+-------------+-------------+-------------+-------------+-------------+-------------+-------------+-------------+-------------+-------------+-------------+-------------+-------------+-------------+-------------+-------------+-------------+-------------+-------------+-------------+-------------+-------------+-------------+-------------+-------------+-------------+-------------+-------------+-------------+-------------+-------------+-------------+-------------+-------------+-------------+-------------+-------------+-------------+-------------+-------------+-------------+-------------+-------------+-------------+-------------+-------------+-------------+-------------+-------------+-------------+-------------+-------------+-------------+-------------+-------------+-------------+-------------+-------------+-------------+-------------+--------------+--------------+--------------+--------------+--------------+--------------+--------------+--------------+--------------+--------------+--------------+--------------+--------------+--------------+--------------+--------------+--------------+--------------+--------------+--------------+--------------+--------------+--------------+--------------+--------------+--------------+--------------+--------------+--------------+--------------+--------------+--------------+--------------+--------------+--------------+--------------+--------------+--------------+--------------+--------------+--------------+--------------+--------------+--------------+--------------+--------------+--------------+--------------+--------------+--------------+--------------+--------------+--------------+--------------+--------------+--------------+--------------+--------------+--------------+--------------+--------------+--------------+--------------+--------------+--------------+--------------+--------------+--------------+--------------+--------------+--------------+--------------+--------------+--------------+--------------+--------------+--------------+--------------+--------------+--------------+--------------+--------------+--------------+--------------+--------------+--------------+--------------+--------------+--------------+--------------+--------------+--------------+
+---------------------------+---------+-------------+-------------+-------------+-------------+-------------+-------------+-------------+-------------+-------------+-------------+-------------+-------------+-------------+-------------+-------------+-------------+-------------+-------------+-------------+-------------+-------------+-------------+-------------+-------------+-------------+-------------+-------------+-------------+-------------+-------------+-------------+-------------+-------------+-------------+-------------+-------------+-------------+-------------+-------------+-------------+-------------+-------------+-------------+-------------+-------------+-------------+-------------+-------------+-------------+-------------+-------------+-------------+-------------+-------------+-------------+-------------+-------------+-------------+-------------+-------------+-------------+-------------+-------------+-------------+-------------+-------------+-------------+-------------+-------------+-------------+-------------+-------------+-------------+-------------+-------------+-------------+-------------+-------------+-------------+-------------+-------------+-------------+-------------+-------------+-------------+-------------+-------------+-------------+-------------+-------------+-------------+-------------+-------------+-------------+-------------+-------------+-------------+-------------+-------------+-------------+--------------+--------------+--------------+--------------+--------------+--------------+--------------+--------------+--------------+--------------+--------------+--------------+--------------+--------------+--------------+--------------+--------------+--------------+--------------+--------------+--------------+--------------+--------------+--------------+--------------+--------------+--------------+--------------+--------------+--------------+--------------+--------------+--------------+--------------+--------------+--------------+--------------+--------------+--------------+--------------+--------------+--------------+--------------+--------------+--------------+--------------+--------------+--------------+--------------+--------------+--------------+--------------+--------------+--------------+--------------+--------------+--------------+--------------+--------------+--------------+--------------+--------------+--------------+--------------+--------------+--------------+--------------+--------------+--------------+--------------+--------------+--------------+--------------+--------------+--------------+--------------+--------------+--------------+--------------+--------------+--------------+--------------+--------------+--------------+--------------+--------------+--------------+--------------+--------------+--------------+--------------+--------------+
|           Event           | Counter |  HWThread 0 |  HWThread 1 |  HWThread 2 |  HWThread 3 |  HWThread 4 |  HWThread 5 |  HWThread 6 |  HWThread 7 |  HWThread 8 |  HWThread 9 | HWThread 10 | HWThread 11 | HWThread 12 | HWThread 13 | HWThread 14 | HWThread 15 | HWThread 16 | HWThread 17 | HWThread 18 | HWThread 19 | HWThread 20 | HWThread 21 | HWThread 22 | HWThread 23 | HWThread 24 | HWThread 25 | HWThread 26 | HWThread 27 | HWThread 28 | HWThread 29 | HWThread 30 | HWThread 31 | HWThread 32 | HWThread 33 | HWThread 34 | HWThread 35 | HWThread 36 | HWThread 37 | HWThread 38 | HWThread 39 | HWThread 40 | HWThread 41 | HWThread 42 | HWThread 43 | HWThread 44 | HWThread 45 | HWThread 46 | HWThread 47 | HWThread 48 | HWThread 49 | HWThread 50 | HWThread 51 | HWThread 52 | HWThread 53 | HWThread 54 | HWThread 55 | HWThread 56 | HWThread 57 | HWThread 58 | HWThread 59 | HWThread 60 | HWThread 61 | HWThread 62 | HWThread 63 | HWThread 64 | HWThread 65 | HWThread 66 | HWThread 67 | HWThread 68 | HWThread 69 | HWThread 70 | HWThread 71 | HWThread 72 | HWThread 73 | HWThread 74 | HWThread 75 | HWThread 76 | HWThread 77 | HWThread 78 | HWThread 79 | HWThread 80 | HWThread 81 | HWThread 82 | HWThread 83 | HWThread 84 | HWThread 85 | HWThread 86 | HWThread 87 | HWThread 88 | HWThread 89 | HWThread 90 | HWThread 91 | HWThread 92 | HWThread 93 | HWThread 94 | HWThread 95 | HWThread 96 | HWThread 97 | HWThread 98 | HWThread 99 | HWThread 100 | HWThread 101 | HWThread 102 | HWThread 103 | HWThread 104 | HWThread 105 | HWThread 106 | HWThread 107 | HWThread 108 | HWThread 109 | HWThread 110 | HWThread 111 | HWThread 112 | HWThread 113 | HWThread 114 | HWThread 115 | HWThread 116 | HWThread 117 | HWThread 118 | HWThread 119 | HWThread 120 | HWThread 121 | HWThread 122 | HWThread 123 | HWThread 124 | HWThread 125 | HWThread 126 | HWThread 127 | HWThread 128 | HWThread 129 | HWThread 130 | HWThread 131 | HWThread 132 | HWThread 133 | HWThread 134 | HWThread 135 | HWThread 136 | HWThread 137 | HWThread 138 | HWThread 139 | HWThread 140 | HWThread 141 | HWThread 142 | HWThread 143 | HWThread 144 | HWThread 145 | HWThread 146 | HWThread 147 | HWThread 148 | HWThread 149 | HWThread 150 | HWThread 151 | HWThread 152 | HWThread 153 | HWThread 154 | HWThread 155 | HWThread 156 | HWThread 157 | HWThread 158 | HWThread 159 | HWThread 160 | HWThread 161 | HWThread 162 | HWThread 163 | HWThread 164 | HWThread 165 | HWThread 166 | HWThread 167 | HWThread 168 | HWThread 169 | HWThread 170 | HWThread 171 | HWThread 172 | HWThread 173 | HWThread 174 | HWThread 175 | HWThread 176 | HWThread 177 | HWThread 178 | HWThread 179 | HWThread 180 | HWThread 181 | HWThread 182 | HWThread 183 | HWThread 184 | HWThread 185 | HWThread 186 | HWThread 187 | HWThread 188 | HWThread 189 | HWThread 190 | HWThread 191 |
+---------------------------+---------+-------------+-------------+-------------+-------------+-------------+-------------+-------------+-------------+-------------+-------------+-------------+-------------+-------------+-------------+-------------+-------------+-------------+-------------+-------------+-------------+-------------+-------------+-------------+-------------+-------------+-------------+-------------+-------------+-------------+-------------+-------------+-------------+-------------+-------------+-------------+-------------+-------------+-------------+-------------+-------------+-------------+-------------+-------------+-------------+-------------+-------------+-------------+-------------+-------------+-------------+-------------+-------------+-------------+-------------+-------------+-------------+-------------+-------------+-------------+-------------+-------------+-------------+-------------+-------------+-------------+-------------+-------------+-------------+-------------+-------------+-------------+-------------+-------------+-------------+-------------+-------------+-------------+-------------+-------------+-------------+-------------+-------------+-------------+-------------+-------------+-------------+-------------+-------------+-------------+-------------+-------------+-------------+-------------+-------------+-------------+-------------+-------------+-------------+-------------+-------------+--------------+--------------+--------------+--------------+--------------+--------------+--------------+--------------+--------------+--------------+--------------+--------------+--------------+--------------+--------------+--------------+--------------+--------------+--------------+--------------+--------------+--------------+--------------+--------------+--------------+--------------+--------------+--------------+--------------+--------------+--------------+--------------+--------------+--------------+--------------+--------------+--------------+--------------+--------------+--------------+--------------+--------------+--------------+--------------+--------------+--------------+--------------+--------------+--------------+--------------+--------------+--------------+--------------+--------------+--------------+--------------+--------------+--------------+--------------+--------------+--------------+--------------+--------------+--------------+--------------+--------------+--------------+--------------+--------------+--------------+--------------+--------------+--------------+--------------+--------------+--------------+--------------+--------------+--------------+--------------+--------------+--------------+--------------+--------------+--------------+--------------+--------------+--------------+--------------+--------------+--------------+--------------+
|      ACTUAL_CPU_CLOCK     |  FIXC1  |  6522939000 |  6521495000 |  6522686000 |  6522526000 |  6522903000 |  6522896000 |  6522695000 |  6523264000 |  6521654000 |  6520722000 |  6522606000 |  6521948000 |  6521565000 |  6521608000 |  6522001000 |  6521999000 |  6520033000 |  6520805000 |  6520039000 |  6520143000 |  6519744000 |  6520207000 |  6520171000 |  6521391000 |  6521657000 |  6520317000 |  6519787000 |  6520404000 |  6520861000 |  6520343000 |  6519562000 |  6520313000 |  6520183000 |  6520904000 |  6520501000 |  6519913000 |  6519109000 |  6519934000 |  6519924000 |  6519924000 |  6520769000 |  6520817000 |  6521625000 |  6521599000 |  6521616000 |  6521592000 |  6521642000 |  6521615000 |  6519381000 |  6520451000 |  6520167000 |  6519278000 |  6518657000 |  6521599000 |  6519349000 |  6519391000 |  6521394000 |  6521398000 |  6521585000 |  6520562000 |  6521437000 |  6521475000 |  6521466000 |  6520562000 |  6520493000 |  6521364000 |  6521847000 |  6520551000 |  6520594000 |  6521359000 |  6520068000 |  6519296000 |  6520661000 |  6521376000 |  6521538000 |  6521540000 |  6520724000 |  6521622000 |  6521543000 |  6521486000 |  6522235000 |  6522172000 |  6521530000 |  6522168000 |  6520751000 |  6522193000 |  6522141000 |  6522171000 |  6521747000 |  6522466000 |  6521469000 |  6521846000 |  6521874000 |  6521762000 |  6521436000 |  6521467000 |  6584764000 |  6586292000 |  6584557000 |  6585140000 |   6583810000 |   6584565000 |   6584227000 |   6585169000 |   6583897000 |   6584632000 |   6584725000 |   6583870000 |   6584329000 |   6584728000 |   6583264000 |   6584890000 |   6581998000 |   6584899000 |   6584723000 |   6582831000 |   6582078000 |   6582028000 |   6582680000 |   6582025000 |   6581824000 |   6583309000 |   6582577000 |   6582832000 |   6581348000 |   6581285000 |   6582394000 |   6581254000 |   6584662000 |   6582651000 |   6585818000 |   6585373000 |   6584638000 |   6584420000 |   6584426000 |   6583502000 |   6584734000 |   6583612000 |   6585031000 |   6584885000 |   6583903000 |   6582455000 |   6584317000 |   6584906000 |   6583986000 |   6585469000 |   6583695000 |   6583378000 |   6585176000 |   6582385000 |   6581900000 |   6582716000 |   6584548000 |   6583938000 |   6585857000 |   6582682000 |   6582645000 |   6584452000 |   6584785000 |   6584599000 |   6584898000 |   6582479000 |   6583695000 |   6582583000 |   6583562000 |   6582986000 |   6582457000 |   6583979000 |   6582942000 |   6583813000 |   6585989000 |   6584490000 |   6582205000 |   6583916000 |   6584730000 |   6585672000 |   6585599000 |   6585397000 |   6585422000 |   6584055000 |   6582599000 |   6582409000 |   6581738000 |   6585567000 |   6585069000 |   6582925000 |   6584188000 |   6583707000 |   6582507000 |   6582531000 |   6582490000 |   6583473000 |
|       MAX_CPU_CLOCK       |  FIXC2  |  4846567000 |  4845158000 |  4846233000 |  4845146000 |  4846353000 |  4846215000 |  4845807000 |  4846753000 |  4845284000 |  4844624000 |  4845188000 |  4844995000 |  4845199000 |  4845224000 |  4845042000 |  4845036000 |  4844344000 |  4844231000 |  4844340000 |  4844779000 |  4844585000 |  4844179000 |  4844128000 |  4846072000 |  4845295000 |  4844337000 |  4844628000 |  4844391000 |  4845212000 |  4844357000 |  4843323000 |  4844311000 |  4844824000 |  4844622000 |  4844578000 |  4844686000 |  4844079000 |  4844700000 |  4844704000 |  4844690000 |  4844593000 |  4844652000 |  4845210000 |  4845203000 |  4845241000 |  4845192000 |  4845279000 |  4845219000 |  4843598000 |  4844430000 |  4844176000 |  4844177000 |  4842995000 |  4845276000 |  4843586000 |  4843628000 |  4845065000 |  4845072000 |  4845213000 |  4844429000 |  4845094000 |  4845142000 |  4845105000 |  4844428000 |  4844371000 |  4844784000 |  4844943000 |  4843961000 |  4843985000 |  4844804000 |  4844102000 |  4843498000 |  4844485000 |  4845117000 |  4845174000 |  4845204000 |  4844602000 |  4845224000 |  4845180000 |  4845144000 |  4845181000 |  4845148000 |  4845228000 |  4845156000 |  4844604000 |  4845125000 |  4845098000 |  4845125000 |  4845320000 |  4845096000 |  4845139000 |  4844769000 |  4844949000 |  4845352000 |  4845144000 |  4845121000 |  4844326000 |  4846310000 |  4844199000 |  4845711000 |   4843517000 |   4844152000 |   4845696000 |   4844781000 |   4843719000 |   4844237000 |   4844327000 |   4844170000 |   4844666000 |   4844322000 |   4844780000 |   4845074000 |   4842914000 |   4845140000 |   4845015000 |   4843590000 |   4843019000 |   4842960000 |   4843520000 |   4842930000 |   4842453000 |   4844440000 |   4843388000 |   4843206000 |   4842087000 |   4842059000 |   4842902000 |   4842011000 |   4844693000 |   4843475000 |   4845095000 |   4845006000 |   4845329000 |   4844063000 |   4844690000 |   4844146000 |   4846147000 |   4843080000 |   4845218000 |   4845146000 |   4843797000 |   4844197000 |   4844734000 |   4845528000 |   4844411000 |   4845000000 |   4844221000 |   4843642000 |   4844898000 |   4843099000 |   4843081000 |   4843451000 |   4844184000 |   4844018000 |   4845059000 |   4843525000 |   4843470000 |   4844107000 |   4845041000 |   4844183000 |   4845100000 |   4842982000 |   4844306000 |   4843022000 |   4844463000 |   4843858000 |   4844072000 |   4844612000 |   4843704000 |   4843603000 |   4845160000 |   4844116000 |   4842812000 |   4844449000 |   4844336000 |   4844891000 |   4845111000 |   4844986000 |   4845012000 |   4844004000 |   4844135000 |   4844005000 |   4842400000 |   4845079000 |   4845248000 |   4843956000 |   4844446000 |   4844184000 |   4844029000 |   4844030000 |   4843976000 |   4844804000 |
|    RETIRED_INSTRUCTIONS   |   PMC0  | 21475870000 | 21477570000 | 21477760000 | 21477700000 | 21477720000 | 21477520000 | 21477950000 | 21478610000 | 21477240000 | 21476790000 | 21476830000 | 21477040000 | 21476810000 | 21476150000 | 21477080000 | 21476910000 | 21476090000 | 21476160000 | 21476490000 | 21476420000 | 21476330000 | 21476050000 | 21476560000 | 21476920000 | 21476240000 | 21476930000 | 21476520000 | 21476730000 | 21475470000 | 21476430000 | 21476670000 | 21476750000 | 21476010000 | 21476160000 | 21476720000 | 21476390000 | 21476460000 | 21476000000 | 21476320000 | 21476670000 | 21476170000 | 21476510000 | 21476620000 | 21476570000 | 21476330000 | 21476990000 | 21476890000 | 21476330000 | 21476070000 | 21476750000 | 21476660000 | 21476730000 | 21476670000 | 21476390000 | 21476680000 | 21476870000 | 21477430000 | 21477520000 | 21477510000 | 21477220000 | 21477350000 | 21475380000 | 21477360000 | 21477490000 | 21475980000 | 21476730000 | 21476410000 | 21476810000 | 21476780000 | 21476730000 | 21476280000 | 21476740000 | 21475850000 | 21476280000 | 21476250000 | 21476400000 | 21476150000 | 21475920000 | 21476260000 | 21476280000 | 21476950000 | 21476360000 | 21476950000 | 21477160000 | 21477260000 | 21476740000 | 21477150000 | 21477000000 | 21476070000 | 21476250000 | 21476340000 | 21476170000 | 21476680000 | 21476750000 | 21476320000 | 21475240000 | 21489640000 | 21490110000 | 21489640000 | 21490160000 |  21489550000 |  21489210000 |  21490080000 |  21489830000 |  21489340000 |  21489670000 |  21489600000 |  21489940000 |  21489570000 |  21487910000 |  21488430000 |  21489910000 |  21489000000 |  21489590000 |  21489830000 |  21489780000 |  21490060000 |  21489770000 |  21489940000 |  21489660000 |  21488830000 |  21489160000 |  21489370000 |  21489390000 |  21489130000 |  21488910000 |  21489250000 |  21487850000 |  21488820000 |  21489110000 |  21489420000 |  21489210000 |  21489310000 |  21488790000 |  21489050000 |  21489110000 |  21490230000 |  21489470000 |  21489410000 |  21489560000 |  21489950000 |  21489620000 |  21490630000 |  21490630000 |  21487790000 |  21488960000 |  21488790000 |  21488940000 |  21488830000 |  21488490000 |  21488690000 |  21488820000 |  21488760000 |  21489120000 |  21489350000 |  21489030000 |  21488980000 |  21488800000 |  21489260000 |  21489150000 |  21489030000 |  21489340000 |  21489560000 |  21489210000 |  21489550000 |  21489320000 |  21489320000 |  21489540000 |  21488630000 |  21488960000 |  21488890000 |  21488930000 |  21488810000 |  21488670000 |  21488860000 |  21488790000 |  21488970000 |  21489360000 |  21489150000 |  21489480000 |  21489040000 |  21488820000 |  21489040000 |  21489140000 |  21488860000 |  21489190000 |  21489300000 |  21489240000 |  21489500000 |  21488500000 |  21489330000 |  21489100000 |
|    CPU_CLOCKS_UNHALTED    |   PMC1  |  6460399000 |  6464194000 |  6465229000 |  6463858000 |  6464395000 |  6465061000 |  6464919000 |  6469728000 |  6461360000 |  6459512000 |  6459637000 |  6460142000 |  6459656000 |  6459376000 |  6459724000 |  6459809000 |  6457215000 |  6456566000 |  6456972000 |  6456620000 |  6457084000 |  6457337000 |  6457347000 |  6460652000 |  6459042000 |  6458873000 |  6458725000 |  6459146000 |  6458726000 |  6458914000 |  6458727000 |  6459186000 |  6457892000 |  6457757000 |  6458558000 |  6457427000 |  6457719000 |  6457940000 |  6457646000 |  6458023000 |  6457155000 |  6457743000 |  6458365000 |  6458384000 |  6457567000 |  6458105000 |  6457308000 |  6456476000 |  6458825000 |  6459294000 |  6459358000 |  6458910000 |  6458839000 |  6459033000 |  6458820000 |  6459017000 |  6463095000 |  6462906000 |  6462902000 |  6463079000 |  6463299000 |  6456558000 |  6463210000 |  6463192000 |  6456856000 |  6459033000 |  6458133000 |  6458134000 |  6456691000 |  6457500000 |  6456486000 |  6456905000 |  6456032000 |  6456858000 |  6456511000 |  6457397000 |  6456185000 |  6456637000 |  6456861000 |  6456778000 |  6462264000 |  6460931000 |  6461033000 |  6461804000 |  6461448000 |  6461958000 |  6461935000 |  6461050000 |  6457602000 |  6457018000 |  6456661000 |  6456198000 |  6456426000 |  6456745000 |  6455898000 |  6455986000 |  6532488000 |  6533138000 |  6531400000 |  6533313000 |   6531399000 |   6531779000 |   6533573000 |   6531624000 |   6531713000 |   6531668000 |   6531569000 |   6532780000 |   6531524000 |   6531947000 |   6532178000 |   6532002000 |   6531240000 |   6531193000 |   6531602000 |   6531901000 |   6531187000 |   6529377000 |   6530739000 |   6529253000 |   6529137000 |   6529318000 |   6529141000 |   6529498000 |   6529083000 |   6529269000 |   6529461000 |   6529232000 |   6529723000 |   6528457000 |   6529250000 |   6529130000 |   6529848000 |   6528792000 |   6528485000 |   6528596000 |   6534160000 |   6530074000 |   6530197000 |   6530229000 |   6530694000 |   6529177000 |   6534852000 |   6534562000 |   6526835000 |   6527533000 |   6526634000 |   6527254000 |   6527440000 |   6526632000 |   6526448000 |   6526879000 |   6528216000 |   6528576000 |   6529021000 |   6527868000 |   6528079000 |   6528676000 |   6527844000 |   6527959000 |   6529371000 |   6529719000 |   6529053000 |   6529023000 |   6527970000 |   6527248000 |   6527230000 |   6528916000 |   6527076000 |   6527664000 |   6527079000 |   6526981000 |   6527059000 |   6527378000 |   6527318000 |   6526351000 |   6528906000 |   6529215000 |   6528794000 |   6528901000 |   6528254000 |   6528796000 |   6528754000 |   6528755000 |   6528839000 |   6528768000 |   6528870000 |   6528607000 |   6528395000 |   6526553000 |   6527163000 |   6526153000 |
| RETIRED_SSE_AVX_FLOPS_ALL |   PMC2  | 17179870000 | 17179870000 | 17179870000 | 17179870000 | 17179870000 | 17179870000 | 17179870000 | 17179870000 | 17179870000 | 17179870000 | 17179870000 | 17179870000 | 17179870000 | 17179870000 | 17179870000 | 17179870000 | 17179870000 | 17179870000 | 17179870000 | 17179870000 | 17179870000 | 17179870000 | 17179870000 | 17179870000 | 17179870000 | 17179870000 | 17179870000 | 17179870000 | 17179870000 | 17179870000 | 17179870000 | 17179870000 | 17179870000 | 17179870000 | 17179870000 | 17179870000 | 17179870000 | 17179870000 | 17179870000 | 17179870000 | 17179870000 | 17179870000 | 17179870000 | 17179870000 | 17179870000 | 17179870000 | 17179870000 | 17179870000 | 17179870000 | 17179870000 | 17179870000 | 17179870000 | 17179870000 | 17179870000 | 17179870000 | 17179870000 | 17179870000 | 17179870000 | 17179870000 | 17179870000 | 17179870000 | 17179870000 | 17179870000 | 17179870000 | 17179870000 | 17179870000 | 17179870000 | 17179870000 | 17179870000 | 17179870000 | 17179870000 | 17179870000 | 17179870000 | 17179870000 | 17179870000 | 17179870000 | 17179870000 | 17179870000 | 17179870000 | 17179870000 | 17179870000 | 17179870000 | 17179870000 | 17179870000 | 17179870000 | 17179870000 | 17179870000 | 17179870000 | 17179870000 | 17179870000 | 17179870000 | 17179870000 | 17179870000 | 17179870000 | 17179870000 | 17179870000 | 17179870000 | 17179870000 | 17179870000 | 17179870000 |  17179870000 |  17179870000 |  17179870000 |  17179870000 |  17179870000 |  17179870000 |  17179870000 |  17179870000 |  17179870000 |  17179870000 |  17179870000 |  17179870000 |  17179870000 |  17179870000 |  17179870000 |  17179870000 |  17179870000 |  17179870000 |  17179870000 |  17179870000 |  17179870000 |  17179870000 |  17179870000 |  17179870000 |  17179870000 |  17179870000 |  17179870000 |  17179870000 |  17179870000 |  17179870000 |  17179870000 |  17179870000 |  17179870000 |  17179870000 |  17179870000 |  17179870000 |  17179870000 |  17179870000 |  17179870000 |  17179870000 |  17179870000 |  17179870000 |  17179870000 |  17179870000 |  17179870000 |  17179870000 |  17179870000 |  17179870000 |  17179870000 |  17179870000 |  17179870000 |  17179870000 |  17179870000 |  17179870000 |  17179870000 |  17179870000 |  17179870000 |  17179870000 |  17179870000 |  17179870000 |  17179870000 |  17179870000 |  17179870000 |  17179870000 |  17179870000 |  17179870000 |  17179870000 |  17179870000 |  17179870000 |  17179870000 |  17179870000 |  17179870000 |  17179870000 |  17179870000 |  17179870000 |  17179870000 |  17179870000 |  17179870000 |  17179870000 |  17179870000 |  17179870000 |  17179870000 |  17179870000 |  17179870000 |  17179870000 |  17179870000 |  17179870000 |  17179870000 |  17179870000 |  17179870000 |  17179870000 |  17179870000 |
|           MERGE           |   PMC3  |           0 |           0 |           0 |           0 |           0 |           0 |           0 |           0 |           0 |           0 |           0 |           0 |           0 |           0 |           0 |           0 |           0 |           0 |           0 |           0 |           0 |           0 |           0 |           0 |           0 |           0 |           0 |           0 |           0 |           0 |           0 |           0 |           0 |           0 |           0 |           0 |           0 |           0 |           0 |           0 |           0 |           0 |           0 |           0 |           0 |           0 |           0 |           0 |           0 |           0 |           0 |           0 |           0 |           0 |           0 |           0 |           0 |           0 |           0 |           0 |           0 |           0 |           0 |           0 |           0 |           0 |           0 |           0 |           0 |           0 |           0 |           0 |           0 |           0 |           0 |           0 |           0 |           0 |           0 |           0 |           0 |           0 |           0 |           0 |           0 |           0 |           0 |           0 |           0 |           0 |           0 |           0 |           0 |           0 |           0 |           0 |           0 |           0 |           0 |           0 |            0 |            0 |            0 |            0 |            0 |            0 |            0 |            0 |            0 |            0 |            0 |            0 |            0 |            0 |            0 |            0 |            0 |            0 |            0 |            0 |            0 |            0 |            0 |            0 |            0 |            0 |            0 |            0 |            0 |            0 |            0 |            0 |            0 |            0 |            0 |            0 |            0 |            0 |            0 |            0 |            0 |            0 |            0 |            0 |            0 |            0 |            0 |            0 |            0 |            0 |            0 |            0 |            0 |            0 |            0 |            0 |            0 |            0 |            0 |            0 |            0 |            0 |            0 |            0 |            0 |            0 |            0 |            0 |            0 |            0 |            0 |            0 |            0 |            0 |            0 |            0 |            0 |            0 |            0 |            0 |            0 |            0 |            0 |            0 |            0 |            0 |            0 |            0 |            0 |            0 |            0 |            0 |
+---------------------------+---------+-------------+-------------+-------------+-------------+-------------+-------------+-------------+-------------+-------------+-------------+-------------+-------------+-------------+-------------+-------------+-------------+-------------+-------------+-------------+-------------+-------------+-------------+-------------+-------------+-------------+-------------+-------------+-------------+-------------+-------------+-------------+-------------+-------------+-------------+-------------+-------------+-------------+-------------+-------------+-------------+-------------+-------------+-------------+-------------+-------------+-------------+-------------+-------------+-------------+-------------+-------------+-------------+-------------+-------------+-------------+-------------+-------------+-------------+-------------+-------------+-------------+-------------+-------------+-------------+-------------+-------------+-------------+-------------+-------------+-------------+-------------+-------------+-------------+-------------+-------------+-------------+-------------+-------------+-------------+-------------+-------------+-------------+-------------+-------------+-------------+-------------+-------------+-------------+-------------+-------------+-------------+-------------+-------------+-------------+-------------+-------------+-------------+-------------+-------------+-------------+--------------+--------------+--------------+--------------+--------------+--------------+--------------+--------------+--------------+--------------+--------------+--------------+--------------+--------------+--------------+--------------+--------------+--------------+--------------+--------------+--------------+--------------+--------------+--------------+--------------+--------------+--------------+--------------+--------------+--------------+--------------+--------------+--------------+--------------+--------------+--------------+--------------+--------------+--------------+--------------+--------------+--------------+--------------+--------------+--------------+--------------+--------------+--------------+--------------+--------------+--------------+--------------+--------------+--------------+--------------+--------------+--------------+--------------+--------------+--------------+--------------+--------------+--------------+--------------+--------------+--------------+--------------+--------------+--------------+--------------+--------------+--------------+--------------+--------------+--------------+--------------+--------------+--------------+--------------+--------------+--------------+--------------+--------------+--------------+--------------+--------------+--------------+--------------+--------------+--------------+--------------+--------------+
+--------------------------------+---------+---------------+-------------+-------------+--------------+
|              Event             | Counter |      Sum      |     Min     |     Max     |      Avg     |
+--------------------------------+---------+---------------+-------------+-------------+--------------+
|      ACTUAL_CPU_CLOCK STAT     |  FIXC1  | 1258071153000 |  6518657000 |  6586292000 | 6.552454e+09 |
|       MAX_CPU_CLOCK STAT       |  FIXC2  |  930146601000 |  4842011000 |  4846753000 | 4.844514e+09 |
|    RETIRED_INSTRUCTIONS STAT   |   PMC0  | 4124726390000 | 21475240000 | 21490630000 | 2.148295e+10 |
|    CPU_CLOCKS_UNHALTED STAT    |   PMC1  | 1246902492000 |  6455898000 |  6534852000 | 6.494284e+09 |
| RETIRED_SSE_AVX_FLOPS_ALL STAT |   PMC2  | 3298535040000 | 17179870000 | 17179870000 |  17179870000 |
|           MERGE STAT           |   PMC3  |             0 |           0 |           0 |            0 |
+--------------------------------+---------+---------------+-------------+-------------+--------------+
+----------------------+------------+------------+------------+------------+------------+------------+------------+------------+------------+------------+-------------+-------------+-------------+-------------+-------------+-------------+-------------+-------------+-------------+-------------+-------------+-------------+-------------+-------------+-------------+-------------+-------------+-------------+-------------+-------------+-------------+-------------+-------------+-------------+-------------+-------------+-------------+-------------+-------------+-------------+-------------+-------------+-------------+-------------+-------------+-------------+-------------+-------------+-------------+-------------+-------------+-------------+-------------+-------------+-------------+-------------+-------------+-------------+-------------+-------------+-------------+-------------+-------------+-------------+-------------+-------------+-------------+-------------+-------------+-------------+-------------+-------------+-------------+-------------+-------------+-------------+-------------+-------------+-------------+-------------+-------------+-------------+-------------+-------------+-------------+-------------+-------------+-------------+-------------+-------------+-------------+-------------+-------------+-------------+-------------+-------------+-------------+-------------+-------------+-------------+--------------+--------------+--------------+--------------+--------------+--------------+--------------+--------------+--------------+--------------+--------------+--------------+--------------+--------------+--------------+--------------+--------------+--------------+--------------+--------------+--------------+--------------+--------------+--------------+--------------+--------------+--------------+--------------+--------------+--------------+--------------+--------------+--------------+--------------+--------------+--------------+--------------+--------------+--------------+--------------+--------------+--------------+--------------+--------------+--------------+--------------+--------------+--------------+--------------+--------------+--------------+--------------+--------------+--------------+--------------+--------------+--------------+--------------+--------------+--------------+--------------+--------------+--------------+--------------+--------------+--------------+--------------+--------------+--------------+--------------+--------------+--------------+--------------+--------------+--------------+--------------+--------------+--------------+--------------+--------------+--------------+--------------+--------------+--------------+--------------+--------------+--------------+--------------+--------------+--------------+--------------+--------------+
|        Metric        | HWThread 0 | HWThread 1 | HWThread 2 | HWThread 3 | HWThread 4 | HWThread 5 | HWThread 6 | HWThread 7 | HWThread 8 | HWThread 9 | HWThread 10 | HWThread 11 | HWThread 12 | HWThread 13 | HWThread 14 | HWThread 15 | HWThread 16 | HWThread 17 | HWThread 18 | HWThread 19 | HWThread 20 | HWThread 21 | HWThread 22 | HWThread 23 | HWThread 24 | HWThread 25 | HWThread 26 | HWThread 27 | HWThread 28 | HWThread 29 | HWThread 30 | HWThread 31 | HWThread 32 | HWThread 33 | HWThread 34 | HWThread 35 | HWThread 36 | HWThread 37 | HWThread 38 | HWThread 39 | HWThread 40 | HWThread 41 | HWThread 42 | HWThread 43 | HWThread 44 | HWThread 45 | HWThread 46 | HWThread 47 | HWThread 48 | HWThread 49 | HWThread 50 | HWThread 51 | HWThread 52 | HWThread 53 | HWThread 54 | HWThread 55 | HWThread 56 | HWThread 57 | HWThread 58 | HWThread 59 | HWThread 60 | HWThread 61 | HWThread 62 | HWThread 63 | HWThread 64 | HWThread 65 | HWThread 66 | HWThread 67 | HWThread 68 | HWThread 69 | HWThread 70 | HWThread 71 | HWThread 72 | HWThread 73 | HWThread 74 | HWThread 75 | HWThread 76 | HWThread 77 | HWThread 78 | HWThread 79 | HWThread 80 | HWThread 81 | HWThread 82 | HWThread 83 | HWThread 84 | HWThread 85 | HWThread 86 | HWThread 87 | HWThread 88 | HWThread 89 | HWThread 90 | HWThread 91 | HWThread 92 | HWThread 93 | HWThread 94 | HWThread 95 | HWThread 96 | HWThread 97 | HWThread 98 | HWThread 99 | HWThread 100 | HWThread 101 | HWThread 102 | HWThread 103 | HWThread 104 | HWThread 105 | HWThread 106 | HWThread 107 | HWThread 108 | HWThread 109 | HWThread 110 | HWThread 111 | HWThread 112 | HWThread 113 | HWThread 114 | HWThread 115 | HWThread 116 | HWThread 117 | HWThread 118 | HWThread 119 | HWThread 120 | HWThread 121 | HWThread 122 | HWThread 123 | HWThread 124 | HWThread 125 | HWThread 126 | HWThread 127 | HWThread 128 | HWThread 129 | HWThread 130 | HWThread 131 | HWThread 132 | HWThread 133 | HWThread 134 | HWThread 135 | HWThread 136 | HWThread 137 | HWThread 138 | HWThread 139 | HWThread 140 | HWThread 141 | HWThread 142 | HWThread 143 | HWThread 144 | HWThread 145 | HWThread 146 | HWThread 147 | HWThread 148 | HWThread 149 | HWThread 150 | HWThread 151 | HWThread 152 | HWThread 153 | HWThread 154 | HWThread 155 | HWThread 156 | HWThread 157 | HWThread 158 | HWThread 159 | HWThread 160 | HWThread 161 | HWThread 162 | HWThread 163 | HWThread 164 | HWThread 165 | HWThread 166 | HWThread 167 | HWThread 168 | HWThread 169 | HWThread 170 | HWThread 171 | HWThread 172 | HWThread 173 | HWThread 174 | HWThread 175 | HWThread 176 | HWThread 177 | HWThread 178 | HWThread 179 | HWThread 180 | HWThread 181 | HWThread 182 | HWThread 183 | HWThread 184 | HWThread 185 | HWThread 186 | HWThread 187 | HWThread 188 | HWThread 189 | HWThread 190 | HWThread 191 |
+----------------------+------------+------------+------------+------------+------------+------------+------------+------------+------------+------------+-------------+-------------+-------------+-------------+-------------+-------------+-------------+-------------+-------------+-------------+-------------+-------------+-------------+-------------+-------------+-------------+-------------+-------------+-------------+-------------+-------------+-------------+-------------+-------------+-------------+-------------+-------------+-------------+-------------+-------------+-------------+-------------+-------------+-------------+-------------+-------------+-------------+-------------+-------------+-------------+-------------+-------------+-------------+-------------+-------------+-------------+-------------+-------------+-------------+-------------+-------------+-------------+-------------+-------------+-------------+-------------+-------------+-------------+-------------+-------------+-------------+-------------+-------------+-------------+-------------+-------------+-------------+-------------+-------------+-------------+-------------+-------------+-------------+-------------+-------------+-------------+-------------+-------------+-------------+-------------+-------------+-------------+-------------+-------------+-------------+-------------+-------------+-------------+-------------+-------------+--------------+--------------+--------------+--------------+--------------+--------------+--------------+--------------+--------------+--------------+--------------+--------------+--------------+--------------+--------------+--------------+--------------+--------------+--------------+--------------+--------------+--------------+--------------+--------------+--------------+--------------+--------------+--------------+--------------+--------------+--------------+--------------+--------------+--------------+--------------+--------------+--------------+--------------+--------------+--------------+--------------+--------------+--------------+--------------+--------------+--------------+--------------+--------------+--------------+--------------+--------------+--------------+--------------+--------------+--------------+--------------+--------------+--------------+--------------+--------------+--------------+--------------+--------------+--------------+--------------+--------------+--------------+--------------+--------------+--------------+--------------+--------------+--------------+--------------+--------------+--------------+--------------+--------------+--------------+--------------+--------------+--------------+--------------+--------------+--------------+--------------+--------------+--------------+--------------+--------------+--------------+--------------+
|  Runtime (RDTSC) [s] |     2.0205 |     2.0194 |     2.0198 |     2.0195 |     2.0199 |     2.0198 |     2.0198 |     2.0211 |     2.0199 |     2.0194 |      2.0194 |      2.0196 |      2.0195 |      2.0195 |      2.0196 |      2.0196 |      2.0195 |      2.0194 |      2.0195 |      2.0194 |      2.0195 |      2.0195 |      2.0195 |      2.0204 |      2.0195 |      2.0194 |      2.0194 |      2.0194 |      2.0194 |      2.0194 |      2.0194 |      2.0195 |      2.0195 |      2.0196 |      2.0196 |      2.0194 |      2.0193 |      2.0194 |      2.0194 |      2.0194 |      2.0193 |      2.0194 |      2.0195 |      2.0195 |      2.0195 |      2.0194 |      2.0195 |      2.0195 |      2.0194 |      2.0195 |      2.0195 |      2.0194 |      2.0194 |      2.0195 |      2.0194 |      2.0194 |      2.0194 |      2.0194 |      2.0194 |      2.0194 |      2.0194 |      2.0194 |      2.0194 |      2.0194 |      2.0194 |      2.0198 |      2.0196 |      2.0196 |      2.0196 |      2.0198 |      2.0194 |      2.0193 |      2.0194 |      2.0195 |      2.0195 |      2.0196 |      2.0194 |      2.0195 |      2.0195 |      2.0194 |      2.0196 |      2.0196 |      2.0194 |      2.0196 |      2.0194 |      2.0196 |      2.0196 |      2.0196 |      2.0196 |      2.0194 |      2.0195 |      2.0195 |      2.0196 |      2.0196 |      2.0194 |      2.0195 |      2.0196 |      2.0198 |      2.0196 |      2.0202 |       2.0196 |       2.0196 |       2.0202 |       2.0196 |       2.0194 |       2.0196 |       2.0196 |       2.0198 |       2.0196 |       2.0196 |       2.0195 |       2.0196 |       2.0194 |       2.0194 |       2.0194 |       2.0194 |       2.0194 |       2.0193 |       2.0193 |       2.0194 |       2.0193 |       2.0194 |       2.0193 |       2.0195 |       2.0194 |       2.0194 |       2.0195 |       2.0194 |       2.0198 |       2.0193 |       2.0196 |       2.0195 |       2.0198 |       2.0194 |       2.0194 |       2.0194 |       2.0208 |       2.0196 |       2.0195 |       2.0194 |       2.0198 |       2.0194 |       2.0210 |       2.0210 |       2.0194 |       2.0196 |       2.0194 |       2.0196 |       2.0196 |       2.0193 |       2.0193 |       2.0194 |       2.0194 |       2.0195 |       2.0196 |       2.0194 |       2.0194 |       2.0196 |       2.0194 |       2.0195 |       2.0195 |       2.0195 |       2.0194 |       2.0195 |       2.0195 |       2.0195 |       2.0193 |       2.0196 |       2.0194 |       2.0196 |       2.0194 |       2.0194 |       2.0194 |       2.0196 |       2.0194 |       2.0194 |       2.0196 |       2.0196 |       2.0196 |       2.0196 |       2.0194 |       2.0194 |       2.0193 |       2.0196 |       2.0195 |       2.0194 |       2.0194 |       2.0194 |       2.0193 |       2.0193 |       2.0193 |       2.0195 |
| Runtime unhalted [s] |     2.7220 |     2.7214 |     2.7219 |     2.7218 |     2.7220 |     2.7220 |     2.7219 |     2.7221 |     2.7215 |     2.7211 |      2.7219 |      2.7216 |      2.7214 |      2.7214 |      2.7216 |      2.7216 |      2.7208 |      2.7211 |      2.7208 |      2.7208 |      2.7207 |      2.7209 |      2.7208 |      2.7213 |      2.7215 |      2.7209 |      2.7207 |      2.7209 |      2.7211 |      2.7209 |      2.7206 |      2.7209 |      2.7208 |      2.7211 |      2.7210 |      2.7207 |      2.7204 |      2.7207 |      2.7207 |      2.7207 |      2.7211 |      2.7211 |      2.7214 |      2.7214 |      2.7214 |      2.7214 |      2.7215 |      2.7214 |      2.7205 |      2.7210 |      2.7208 |      2.7205 |      2.7202 |      2.7214 |      2.7205 |      2.7205 |      2.7213 |      2.7214 |      2.7214 |      2.7210 |      2.7214 |      2.7214 |      2.7214 |      2.7210 |      2.7210 |      2.7213 |      2.7215 |      2.7210 |      2.7210 |      2.7213 |      2.7208 |      2.7205 |      2.7210 |      2.7213 |      2.7214 |      2.7214 |      2.7211 |      2.7214 |      2.7214 |      2.7214 |      2.7217 |      2.7217 |      2.7214 |      2.7217 |      2.7211 |      2.7217 |      2.7217 |      2.7217 |      2.7215 |      2.7218 |      2.7214 |      2.7215 |      2.7215 |      2.7215 |      2.7214 |      2.7214 |      2.7478 |      2.7484 |      2.7477 |      2.7480 |       2.7474 |       2.7477 |       2.7476 |       2.7480 |       2.7474 |       2.7477 |       2.7478 |       2.7474 |       2.7476 |       2.7478 |       2.7472 |       2.7478 |       2.7466 |       2.7478 |       2.7478 |       2.7470 |       2.7467 |       2.7467 |       2.7469 |       2.7467 |       2.7466 |       2.7472 |       2.7469 |       2.7470 |       2.7464 |       2.7463 |       2.7468 |       2.7463 |       2.7478 |       2.7469 |       2.7482 |       2.7480 |       2.7477 |       2.7476 |       2.7477 |       2.7473 |       2.7478 |       2.7473 |       2.7479 |       2.7478 |       2.7474 |       2.7468 |       2.7476 |       2.7479 |       2.7475 |       2.7481 |       2.7473 |       2.7472 |       2.7480 |       2.7468 |       2.7466 |       2.7469 |       2.7477 |       2.7474 |       2.7482 |       2.7469 |       2.7469 |       2.7477 |       2.7478 |       2.7477 |       2.7478 |       2.7468 |       2.7473 |       2.7469 |       2.7473 |       2.7471 |       2.7468 |       2.7475 |       2.7470 |       2.7474 |       2.7483 |       2.7477 |       2.7467 |       2.7474 |       2.7478 |       2.7482 |       2.7481 |       2.7481 |       2.7481 |       2.7475 |       2.7469 |       2.7468 |       2.7465 |       2.7481 |       2.7479 |       2.7470 |       2.7476 |       2.7474 |       2.7469 |       2.7469 |       2.7468 |       2.7473 |
|      Clock [MHz]     |  3225.2640 |  3225.4877 |  3225.3612 |  3226.0056 |  3225.3886 |  3225.4770 |  3225.6492 |  3225.3009 |  3225.4825 |  3225.4609 |   3226.0172 |   3225.8203 |   3225.4950 |   3225.4997 |   3225.8152 |   3225.8182 |   3225.3065 |   3225.7636 |   3225.3121 |   3225.0713 |   3225.0031 |   3225.5024 |   3225.5186 |   3224.8279 |   3225.4766 |   3225.4516 |   3224.9957 |   3225.4587 |   3225.1382 |   3225.4512 |   3225.7534 |   3225.4670 |   3225.0611 |   3225.5522 |   3225.3822 |   3225.0194 |   3225.0258 |   3225.0205 |   3225.0129 |   3225.0222 |   3225.5048 |   3225.4892 |   3225.5174 |   3225.5092 |   3225.4923 |   3225.5131 |   3225.4799 |   3225.5065 |   3225.4807 |   3225.4560 |   3225.4846 |   3225.0442 |   3225.5240 |   3225.4606 |   3225.4728 |   3225.4656 |   3225.4997 |   3225.4970 |   3225.4956 |   3225.5116 |   3225.5016 |   3225.4885 |   3225.5087 |   3225.5122 |   3225.5161 |   3225.6719 |   3225.8050 |   3225.8178 |   3225.8230 |   3225.6561 |   3225.4849 |   3225.5052 |   3225.5233 |   3225.4562 |   3225.4983 |   3225.4793 |   3225.4765 |   3225.5066 |   3225.4968 |   3225.4926 |   3225.8384 |   3225.8292 |   3225.4584 |   3225.8219 |   3225.4885 |   3225.8549 |   3225.8472 |   3225.8440 |   3225.5045 |   3226.0092 |   3225.4875 |   3225.9203 |   3225.8143 |   3225.4906 |   3225.4679 |   3225.4985 |   3257.3395 |   3256.7615 |   3257.3225 |   3256.5944 |    3257.4115 |    3257.3580 |    3256.1530 |    3257.2339 |    3257.3187 |    3257.3340 |    3257.3195 |    3257.0021 |    3256.8957 |    3257.3244 |    3256.2923 |    3256.8989 |    3256.9205 |    3256.8590 |    3256.8560 |    3256.8781 |    3256.8895 |    3256.9044 |    3256.8504 |    3256.9231 |    3257.1445 |    3256.5431 |    3256.8882 |    3257.1368 |    3257.1551 |    3257.1427 |    3257.1245 |    3257.1597 |    3257.0423 |    3256.8664 |    3257.3438 |    3257.1835 |    3256.6029 |    3257.3462 |    3256.9276 |    3256.8362 |    3256.1007 |    3257.6075 |    3256.8719 |    3256.8481 |    3257.2693 |    3256.2840 |    3256.8441 |    3256.6017 |    3256.8975 |    3257.2350 |    3256.8813 |    3257.1137 |    3257.1587 |    3256.9876 |    3256.7597 |    3256.9147 |    3257.3281 |    3257.1380 |    3257.3873 |    3256.8481 |    3256.8668 |    3257.3324 |    3256.8692 |    3257.3540 |    3256.8854 |    3257.1128 |    3256.8241 |    3257.1373 |    3256.6528 |    3256.7746 |    3256.3690 |    3256.7589 |    3256.8564 |    3257.3552 |    3257.3847 |    3257.3451 |    3257.0915 |    3256.8373 |    3257.3159 |    3257.4087 |    3257.2247 |    3257.2088 |    3257.2037 |    3257.2053 |    3256.3969 |    3256.3903 |    3257.1376 |    3257.2304 |    3256.8705 |    3256.6785 |    3256.9739 |    3256.9121 |    3256.4226 |    3256.4338 |    3256.4499 |    3256.3795 |
|          CPI         |     0.3008 |     0.3010 |     0.3010 |     0.3010 |     0.3010 |     0.3010 |     0.3010 |     0.3012 |     0.3008 |     0.3008 |      0.3008 |      0.3008 |      0.3008 |      0.3008 |      0.3008 |      0.3008 |      0.3007 |      0.3006 |      0.3007 |      0.3006 |      0.3007 |      0.3007 |      0.3007 |      0.3008 |      0.3008 |      0.3007 |      0.3007 |      0.3008 |      0.3007 |      0.3007 |      0.3007 |      0.3008 |      0.3007 |      0.3007 |      0.3007 |      0.3007 |      0.3007 |      0.3007 |      0.3007 |      0.3007 |      0.3007 |      0.3007 |      0.3007 |      0.3007 |      0.3007 |      0.3007 |      0.3007 |      0.3006 |      0.3007 |      0.3008 |      0.3008 |      0.3007 |      0.3007 |      0.3008 |      0.3007 |      0.3007 |      0.3009 |      0.3009 |      0.3009 |      0.3009 |      0.3009 |      0.3006 |      0.3009 |      0.3009 |      0.3007 |      0.3007 |      0.3007 |      0.3007 |      0.3006 |      0.3007 |      0.3006 |      0.3006 |      0.3006 |      0.3007 |      0.3006 |      0.3007 |      0.3006 |      0.3006 |      0.3007 |      0.3006 |      0.3009 |      0.3008 |      0.3008 |      0.3009 |      0.3009 |      0.3009 |      0.3009 |      0.3008 |      0.3007 |      0.3007 |      0.3006 |      0.3006 |      0.3006 |      0.3006 |      0.3006 |      0.3006 |      0.3040 |      0.3040 |      0.3039 |      0.3040 |       0.3039 |       0.3040 |       0.3040 |       0.3039 |       0.3040 |       0.3039 |       0.3039 |       0.3040 |       0.3039 |       0.3040 |       0.3040 |       0.3040 |       0.3039 |       0.3039 |       0.3039 |       0.3040 |       0.3039 |       0.3038 |       0.3039 |       0.3038 |       0.3038 |       0.3038 |       0.3038 |       0.3038 |       0.3038 |       0.3038 |       0.3038 |       0.3039 |       0.3039 |       0.3038 |       0.3038 |       0.3038 |       0.3039 |       0.3038 |       0.3038 |       0.3038 |       0.3041 |       0.3039 |       0.3039 |       0.3039 |       0.3039 |       0.3038 |       0.3041 |       0.3041 |       0.3037 |       0.3038 |       0.3037 |       0.3037 |       0.3038 |       0.3037 |       0.3037 |       0.3037 |       0.3038 |       0.3038 |       0.3038 |       0.3038 |       0.3038 |       0.3038 |       0.3038 |       0.3038 |       0.3038 |       0.3039 |       0.3038 |       0.3038 |       0.3038 |       0.3037 |       0.3037 |       0.3038 |       0.3037 |       0.3038 |       0.3037 |       0.3037 |       0.3037 |       0.3038 |       0.3038 |       0.3037 |       0.3038 |       0.3038 |       0.3038 |       0.3038 |       0.3038 |       0.3038 |       0.3038 |       0.3038 |       0.3038 |       0.3038 |       0.3038 |       0.3038 |       0.3038 |       0.3037 |       0.3037 |       0.3037 |
|     SP [MFLOP/s]     |  8502.9751 |  8507.3668 |  8505.5262 |  8507.0003 |  8505.4756 |  8505.5262 |  8505.5472 |  8500.1984 |  8505.1809 |  8507.5774 |   8507.3710 |   8506.7307 |   8507.1140 |   8507.1351 |   8506.7475 |   8506.7096 |   8506.8655 |   8507.4889 |   8506.8191 |   8507.3836 |   8507.0845 |   8506.9329 |   8506.9581 |   8503.2486 |   8507.1477 |   8507.3541 |   8507.3752 |   8507.3625 |   8507.3710 |   8507.2656 |   8507.3878 |   8507.1688 |   8506.8528 |   8506.5917 |   8506.6675 |   8507.3583 |   8507.6574 |   8507.3625 |   8507.3794 |   8507.3752 |   8507.6364 |   8507.4931 |   8506.9455 |   8507.0045 |   8506.9539 |   8507.3710 |   8507.0003 |   8507.0003 |   8507.3836 |   8506.8823 |   8506.9286 |   8507.3836 |   8507.3836 |   8506.9329 |   8507.3836 |   8507.3752 |   8507.3541 |   8507.3583 |   8507.3541 |   8507.3836 |   8507.3668 |   8507.3541 |   8507.3583 |   8507.5858 |   8507.3878 |   8505.7662 |   8506.7686 |   8506.7644 |   8506.7686 |   8505.7325 |   8507.3878 |   8507.6574 |   8507.5142 |   8507.1519 |   8507.1561 |   8506.4358 |   8507.4005 |   8507.1351 |   8507.1224 |   8507.3878 |   8506.5664 |   8506.7391 |   8507.3710 |   8506.5917 |   8507.4173 |   8506.5622 |   8506.6296 |   8506.6380 |   8506.5285 |   8507.3794 |   8507.1814 |   8507.1435 |   8506.6633 |   8506.7602 |   8507.3499 |   8507.1519 |   8506.4316 |   8505.5641 |   8506.4864 |   8504.1410 |    8506.4485 |    8506.4485 |    8504.0778 |    8506.5748 |    8507.3836 |    8506.4527 |    8506.6717 |    8505.7704 |    8506.4611 |    8506.4653 |    8506.9034 |    8506.5074 |    8507.5985 |    8507.3668 |    8507.3752 |    8507.3752 |    8507.3920 |    8507.6574 |    8507.6448 |    8507.5100 |    8507.6701 |    8507.4005 |    8507.6617 |    8506.9666 |    8507.5142 |    8507.6237 |    8506.8992 |    8507.4005 |    8505.8041 |    8507.6322 |    8506.4485 |    8506.7981 |    8505.8125 |    8507.3878 |    8507.3836 |    8507.3668 |    8501.6538 |    8506.5116 |    8507.1477 |    8507.4005 |    8505.7788 |    8507.5184 |    8500.6358 |    8500.7410 |    8507.6111 |    8506.6296 |    8507.4047 |    8506.6338 |    8506.7728 |    8507.6617 |    8507.6574 |    8507.3836 |    8507.3668 |    8506.8149 |    8506.4400 |    8507.5858 |    8507.5816 |    8506.5622 |    8507.3373 |    8507.0003 |    8506.9623 |    8507.0213 |    8507.3752 |    8506.8949 |    8506.8318 |    8507.0845 |    8507.6574 |    8506.5159 |    8507.3583 |    8506.4864 |    8507.3583 |    8507.3710 |    8507.3920 |    8506.7180 |    8507.3583 |    8507.4005 |    8506.6169 |    8506.6127 |    8506.6127 |    8506.6169 |    8507.5774 |    8507.6027 |    8507.6280 |    8506.6127 |    8506.8612 |    8507.3710 |    8507.3752 |    8507.3752 |    8507.6490 |    8507.6448 |    8507.6448 |    8507.1308 |
+----------------------+------------+------------+------------+------------+------------+------------+------------+------------+------------+------------+-------------+-------------+-------------+-------------+-------------+-------------+-------------+-------------+-------------+-------------+-------------+-------------+-------------+-------------+-------------+-------------+-------------+-------------+-------------+-------------+-------------+-------------+-------------+-------------+-------------+-------------+-------------+-------------+-------------+-------------+-------------+-------------+-------------+-------------+-------------+-------------+-------------+-------------+-------------+-------------+-------------+-------------+-------------+-------------+-------------+-------------+-------------+-------------+-------------+-------------+-------------+-------------+-------------+-------------+-------------+-------------+-------------+-------------+-------------+-------------+-------------+-------------+-------------+-------------+-------------+-------------+-------------+-------------+-------------+-------------+-------------+-------------+-------------+-------------+-------------+-------------+-------------+-------------+-------------+-------------+-------------+-------------+-------------+-------------+-------------+-------------+-------------+-------------+-------------+-------------+--------------+--------------+--------------+--------------+--------------+--------------+--------------+--------------+--------------+--------------+--------------+--------------+--------------+--------------+--------------+--------------+--------------+--------------+--------------+--------------+--------------+--------------+--------------+--------------+--------------+--------------+--------------+--------------+--------------+--------------+--------------+--------------+--------------+--------------+--------------+--------------+--------------+--------------+--------------+--------------+--------------+--------------+--------------+--------------+--------------+--------------+--------------+--------------+--------------+--------------+--------------+--------------+--------------+--------------+--------------+--------------+--------------+--------------+--------------+--------------+--------------+--------------+--------------+--------------+--------------+--------------+--------------+--------------+--------------+--------------+--------------+--------------+--------------+--------------+--------------+--------------+--------------+--------------+--------------+--------------+--------------+--------------+--------------+--------------+--------------+--------------+--------------+--------------+--------------+--------------+--------------+--------------+
+---------------------------+--------------+-----------+-----------+-----------+
|           Metric          |      Sum     |    Min    |    Max    |    Avg    |
+---------------------------+--------------+-----------+-----------+-----------+
|  Runtime (RDTSC) [s] STAT |     387.7509 |    2.0193 |    2.0211 |    2.0195 |
| Runtime unhalted [s] STAT |     524.9872 |    2.7202 |    2.7484 |    2.7343 |
|      Clock [MHz] STAT     |  622316.5501 | 3224.8279 | 3257.6075 | 3241.2320 |
|          CPI STAT         |      58.0402 |    0.3006 |    0.3041 |    0.3023 |
|     SP [MFLOP/s] STAT     | 1.633312e+06 | 8500.1984 | 8507.6701 | 8506.8336 |
+---------------------------+--------------+-----------+-----------+-----------+
